-0.0889184	0.0997919
-0.0889184	0.0997919
-0.0889184	0.0997919
-0.0889184	0.0997919
-0.0889184	0.0997919
-0.0889184	0.0997919
-0.0889184	0.0997919
-0.0889184	0.0997919
-0.0889184	0.0997919
-0.0889184	0.0997919
-0.0889184	0.0997919
-0.0889184	0.0997919
-0.0889184	0.0997919
-0.0889184	0.0997919
-0.0889184	0.0997919
-0.0889184	0.0997919
-0.0889184	0.0997919
-0.0889184	0.0997919
-0.0889184	0.0997919
-0.0889184	0.0997919
-0.0889184	0.0997919
-0.0889184	0.0997919
-0.0889184	0.0997919
-0.0889184	0.0997919
-0.0889184	0.0997919
-0.0889184	0.0997919
-0.0889184	0.0997919
-0.0889184	0.0997919
-0.0889184	0.0997919
-0.0889184	0.0997919
-0.0889184	0.0997919
-0.0889184	0.0997919
-0.0889184	0.0997919
-0.0889184	0.0997919
-0.0889184	0.0997919
-0.0889184	0.0997919
-0.0889184	0.0997919
-0.0889184	0.0997919
-0.0889184	0.0997919
-0.0889184	0.0997919
-0.0889184	0.0997919
-0.0889184	0.0997919
-0.0889184	0.0997919
-0.0889184	0.0997919
-0.0889184	0.0997919
-0.0889184	0.0997919
-0.0889184	0.0997919
-0.0889184	0.0997919
-0.0889184	0.0997919
-0.0889184	0.0997919
-0.0889184	0.0997919
-0.0889184	0.0997919
-0.0889184	0.0997919
-0.0889184	0.0997919
-0.0889184	0.0997919
-0.0889184	0.0997919
-0.0889184	0.0997919
-0.0889184	0.0997919
-0.0889184	0.0997919
-0.0889184	0.0997919
-0.0889184	0.0997919
-0.0889184	0.0997919
-0.0889184	0.0997919
-0.0889184	0.0997919
-0.0889184	0.0997919
-0.0889184	0.0997919
-0.0889184	0.0997919
-0.0889184	0.0997919
-0.183273	0.171119
-0.231798	0.196471
-0.245091	0.206022
-0.261631	0.177419
-0.265492	0.17944
-0.273605	0.186661
-0.270923	0.186028
-0.277121	0.206406
-0.277059	0.186207
-0.277144	0.166877
-0.304278	0.171156
-0.312036	0.122913
-0.313441	0.120192
-0.288285	0.0872739
-0.325499	0.0979249
-0.319496	0.102037
-0.300751	0.136541
-0.308231	0.183058
-0.284431	0.179888
-0.264891	0.162333
-0.277787	0.169985
-0.233719	0.193912
-0.256858	0.185232
-0.272393	0.193572
-0.27282	0.174132
-0.276974	0.177093
-0.259252	0.183695
-0.282319	0.19285
-0.271812	0.191734
-0.265611	0.196523
-0.30288	0.161729
-0.29414	0.15412
-0.297094	0.16385
-0.292249	0.169932
-0.288699	0.184797
-0.284571	0.185898
-0.27834	0.183473
-0.256131	0.198055
-0.287295	0.220498
-0.274889	0.195494
-0.257404	0.190245
-0.26858	0.189513
-0.268475	0.170602
-0.25707	0.178999
-0.261446	0.183195
-0.29033	0.182113
-0.28435	0.177195
-0.258911	0.162646
-0.283464	0.150399
-0.276993	0.137132
-0.311844	0.157388
-0.335448	0.183562
-0.311922	0.173126
-0.295633	0.174258
-0.31478	0.200186
-0.300383	0.165737
-0.283261	0.186595
-0.257556	0.159575
-0.237169	0.18019
-0.26256	0.183418
-0.252734	0.191444
-0.257763	0.189721
-0.256794	0.190876
-0.255545	0.195331
-0.30339	0.156108
-0.330847	0.160261
-0.320639	0.144306
-0.286286	0.162548
-0.302368	0.128137
-0.308578	0.140141
-0.312852	0.138231
-0.30263	0.143378
-0.292421	0.156008
-0.294399	0.165799
-0.351431	0.156183
-0.320387	0.157945
-0.314798	0.117332
-0.302872	0.147295
-0.304329	0.142304
-0.317183	0.141652
-0.289464	0.121714
-0.2923	0.12016
-0.282411	0.103584
-0.222163	0.128983
-0.243713	0.155478
-0.250894	0.179877
-0.271741	0.199752
-0.270237	0.204266
-0.281572	0.207409
-0.253744	0.228865
-0.261669	0.247887
-0.23514	0.244057
-0.250511	0.26297
-0.17346	0.258638
-0.182027	0.270345
-0.197467	0.260365
-0.198775	0.252271
-0.243211	0.228274
-0.242554	0.222306
-0.204787	0.220851
-0.202448	0.238085
-0.210474	0.256688
-0.209026	0.255105
-0.206576	0.255607
-0.251543	0.234981
-0.245415	0.226163
-0.267729	0.255049
-0.275882	0.240433
-0.273618	0.232999
-0.287607	0.21823
-0.285002	0.232931
-0.273554	0.219948
-0.234909	0.203201
-0.214942	0.221144
-0.223537	0.199788
-0.232795	0.195747
-0.241889	0.203561
-0.251628	0.261364
-0.224725	0.287356
-0.236528	0.270748
-0.244632	0.232353
-0.235706	0.242902
-0.237182	0.232707
-0.236863	0.225094
-0.229021	0.228944
-0.21938	0.238072
-0.218823	0.246481
-0.181335	0.232368
-0.158731	0.224635
-0.177103	0.244701
-0.174133	0.255908
-0.178403	0.264323
-0.199197	0.227535
-0.208365	0.187445
-0.219498	0.193533
-0.234396	0.211237
-0.194333	0.252116
-0.196586	0.253185
-0.18322	0.237586
-0.197017	0.266651
-0.203551	0.268469
-0.195387	0.27739
-0.194092	0.255396
-0.157896	0.237274
-0.169175	0.274569
-0.173524	0.280951
-0.183379	0.29019
-0.175013	0.283236
-0.174568	0.270514
-0.191489	0.291531
-0.188291	0.266963
-0.156547	0.258328
-0.144844	0.263983
-0.209069	0.245695
-0.194866	0.282516
-0.201393	0.295904
-0.194352	0.282108
-0.177585	0.267614
-0.196436	0.258638
-0.184949	0.259343
-0.158113	0.243019
-0.180491	0.26255
-0.216021	0.275238
-0.198068	0.271441
-0.189773	0.290602
-0.153345	0.303747
-0.176468	0.297346
-0.199759	0.270503
-0.169866	0.293829
-0.162404	0.294541
-0.176104	0.290626
-0.174397	0.283251
-0.153445	0.276456
-0.10271	0.29085
-0.112581	0.296067
-0.153211	0.307367
-0.117158	0.309844
-0.0722246	0.309029
-0.0826535	0.322477
-0.088088	0.343455
-0.0869145	0.304539
-0.0410374	0.276501
-0.0697962	0.311858
-0.0560901	0.347275
-0.0534839	0.334662
-0.0529144	0.329272
-0.0873402	0.37161
-0.0924454	0.362235
-0.0939171	0.324021
-0.107405	0.313028
-0.103754	0.317004
-0.0952634	0.310774
-0.0964091	0.311371
-0.0963897	0.33249
-0.0929235	0.323633
-0.0830194	0.310281
-0.0842217	0.315721
-0.0637739	0.30804
-0.0750213	0.324422
-0.0504295	0.322271
-0.0436309	0.351439
-0.0447393	0.339317
-0.0419843	0.326995
-0.0416061	0.325758
-0.0498077	0.325953
-0.0542112	0.315366
-0.0565622	0.260725
-0.0523356	0.305192
-0.0557478	0.316818
-0.00357927	0.264721
0.00937618	0.28205
0.0253795	0.322627
0.0424177	0.300187
0.0542423	0.32606
0.0633193	0.322955
0.0516136	0.313958
0.0538915	0.321453
0.0587434	0.326124
0.0625971	0.358867
0.0528166	0.339203
0.0513238	0.315097
0.0533728	0.333419
0.0552367	0.325416
0.0300279	0.332934
-0.00510891	0.332077
-0.0600808	0.364502
-0.0585563	0.348761
-0.0305168	0.316883
-0.048588	0.314509
-0.0510824	0.32182
-0.0593324	0.335739
-0.0448239	0.353005
-0.0414388	0.300162
-0.0419996	0.298706
-0.0218351	0.329582
0.000522455	0.321169
0.00236154	0.340123
0.00515909	0.337039
0.0252396	0.311072
0.00807406	0.297
-0.0165181	0.320121
-0.0261572	0.326773
-0.0350852	0.333889
-0.0208945	0.312181
-0.0225277	0.319699
-0.0572716	0.312886
-0.0582515	0.317319
-0.0912356	0.305997
-0.097942	0.350862
-0.0777217	0.328067
-0.0839205	0.30831
-0.0805788	0.285801
-0.0815668	0.273847
-0.0813896	0.309024
-0.0831611	0.336195
-0.0977271	0.378368
-0.0511899	0.367876
-0.101172	0.345033
-0.0976966	0.331803
-0.0851306	0.33543
-0.0791876	0.306917
-0.091419	0.307677
-0.110069	0.316287
-0.130677	0.295113
-0.13403	0.3007
-0.128673	0.292404
-0.112459	0.307425
-0.100856	0.284707
-0.0763707	0.277286
-0.108311	0.289898
-0.124559	0.28973
-0.12836	0.267771
-0.129077	0.255159
-0.127713	0.281959
-0.12393	0.272467
-0.108976	0.316686
-0.112284	0.27798
-0.136981	0.318013
-0.13525	0.3308
-0.107646	0.310085
-0.117203	0.339033
-0.119636	0.32826
-0.109595	0.31048
-0.123723	0.326196
-0.119876	0.316029
-0.138019	0.289924
-0.144762	0.297602
-0.137666	0.239236
-0.150287	0.261702
-0.135755	0.255936
-0.126599	0.282895
-0.18393	0.313028
-0.19737	0.314241
-0.224131	0.313081
-0.201387	0.276868
-0.174275	0.255116
-0.176801	0.261628
-0.179943	0.266277
-0.18196	0.266389
-0.220075	0.231938
-0.227926	0.248338
-0.222749	0.240334
-0.242107	0.254986
-0.243998	0.22982
-0.263617	0.212553
-0.272221	0.165671
-0.277652	0.204398
-0.262172	0.201395
-0.240458	0.205758
-0.243812	0.211443
-0.240039	0.211509
-0.230911	0.19585
-0.285611	0.219534
-0.279582	0.212358
-0.252615	0.218171
-0.244655	0.183146
-0.253691	0.148547
-0.269947	0.154487
-0.28798	0.170117
-0.265484	0.184368
-0.290671	0.230184
-0.277593	0.228
-0.246589	0.205057
-0.231926	0.212787
-0.244771	0.217
-0.246032	0.2172
-0.252249	0.209407
-0.227541	0.195711
-0.191811	0.23306
-0.210521	0.238121
-0.190172	0.25745
-0.213051	0.245476
-0.210199	0.256518
-0.203083	0.258238
-0.212995	0.250735
-0.209245	0.24881
-0.210404	0.270915
-0.205495	0.266047
-0.254096	0.272004
-0.244709	0.263202
-0.232694	0.288662
-0.21794	0.268941
-0.188562	0.19796
-0.237298	0.228931
-0.235654	0.213828
-0.236313	0.200844
-0.23922	0.195943
-0.231503	0.180084
-0.24451	0.191092
-0.247764	0.203981
-0.240864	0.223007
-0.253807	0.212645
-0.251888	0.27318
-0.270545	0.242467
-0.267737	0.238101
-0.257688	0.229431
-0.260836	0.242749
-0.264687	0.252755
-0.258163	0.23441
-0.256992	0.208055
-0.246075	0.210136
-0.26556	0.227311
-0.257511	0.270004
-0.242219	0.25296
-0.232674	0.251376
-0.234127	0.189752
-0.216828	0.205147
-0.238954	0.188847
-0.24679	0.193081
-0.248109	0.202447
-0.250243	0.203417
-0.245898	0.216346
-0.269008	0.257784
-0.251255	0.230494
-0.267126	0.221475
-0.26185	0.216093
-0.23821	0.196564
-0.225129	0.177015
-0.243846	0.189382
-0.231406	0.21671
-0.245935	0.190429
-0.26427	0.199949
-0.295976	0.182616
-0.283964	0.189575
-0.273606	0.175571
-0.277393	0.177617
-0.274759	0.186012
-0.257199	0.187028
-0.254773	0.193339
-0.250412	0.196046
-0.254339	0.189518
-0.27313	0.192215
-0.274715	0.206944
-0.262505	0.191315
-0.250005	0.194154
-0.258959	0.201879
-0.263552	0.194028
-0.318014	0.165033
-0.294017	0.146682
-0.28868	0.135475
-0.3124	0.0968815
-0.332974	0.1015
-0.332164	0.0729961
-0.359217	0.0843415
-0.392309	0.0969374
-0.35371	0.0878209
-0.367593	0.111168
-0.345449	0.126634
-0.337655	0.118124
-0.323104	0.116359
-0.321249	0.133124
-0.264307	0.139511
-0.281125	0.193975
-0.286587	0.187056
-0.271569	0.188928
-0.267259	0.188549
-0.272491	0.195838
-0.287417	0.213466
-0.266851	0.192085
-0.262064	0.192196
-0.252739	0.194206
-0.24788	0.216757
-0.224209	0.198421
-0.245082	0.200551
-0.227186	0.220318
-0.235976	0.216052
-0.175436	0.201074
-0.211714	0.2476
-0.167728	0.216567
-0.204783	0.212446
-0.228435	0.23078
-0.248958	0.188449
-0.251512	0.185926
-0.252963	0.23926
-0.265233	0.219102
-0.258547	0.213717
-0.264984	0.230128
-0.251288	0.201109
-0.248735	0.208435
-0.266086	0.200389
-0.281675	0.214679
-0.273297	0.227983
-0.273138	0.228044
-0.265924	0.222211
-0.294843	0.255224
-0.275803	0.253883
-0.240916	0.26795
-0.230845	0.264769
-0.220086	0.251877
-0.215976	0.262912
-0.193519	0.248109
-0.194751	0.247597
-0.222074	0.219712
-0.274081	0.266742
-0.273009	0.265686
-0.261044	0.225136
-0.267594	0.192076
-0.28587	0.177043
-0.282746	0.175741
-0.290921	0.165999
-0.274012	0.175101
-0.292341	0.161707
-0.282657	0.175882
-0.304337	0.181629
-0.328261	0.167478
-0.288172	0.165492
-0.315348	0.173291
-0.301548	0.141541
-0.324041	0.163237
-0.311204	0.12706
-0.303852	0.122344
-0.266423	0.0856477
-0.276193	0.0825179
-0.294535	0.0905315
-0.311815	0.109122
-0.340888	0.124546
-0.326808	0.120014
-0.323886	0.114076
-0.322351	0.109583
-0.332195	0.111931
-0.310632	0.117202
-0.304043	0.0734699
-0.342812	0.0476957
-0.330942	0.0531099
-0.331923	0.0535873
-0.320996	0.0488941
-0.324603	0.0488429
-0.329157	0.0400554
-0.3254	0.0485979
-0.331735	0.0842779
-0.302426	0.0820844
-0.279548	0.0961186
-0.287065	0.0833592
-0.297613	0.0772888
-0.328143	0.0896618
-0.317986	0.102519
-0.336612	0.105276
-0.310533	0.104716
-0.349151	0.11374
-0.328887	0.104031
-0.316104	0.111816
-0.327971	0.129642
-0.326452	0.130105
-0.340803	0.11723
-0.320955	0.104435
-0.298699	0.104268
-0.291627	0.109913
-0.315621	0.122842
-0.306606	0.122215
-0.262954	0.130441
-0.303429	0.113647
-0.304095	0.106901
-0.295956	0.0976899
-0.299816	0.0794102
-0.345069	0.0916373
-0.322817	0.101101
-0.335751	0.103362
-0.316388	0.0942211
-0.273221	0.0518804
-0.290715	0.0700523
-0.277938	0.0571276
-0.300214	0.058933
-0.321816	0.0794459
-0.323922	0.0826259
-0.307804	0.0792115
-0.315479	0.10059
-0.341071	0.0990656
-0.331982	0.100016
-0.322559	0.0971909
-0.31469	0.0984524
-0.311361	0.108063
-0.339027	0.101492
-0.303235	0.104574
-0.317259	0.120232
-0.298444	0.122226
-0.30095	0.123083
-0.33227	0.139845
-0.323107	0.0764434
-0.328252	0.109207
-0.344602	0.13194
-0.288102	0.119306
-0.280498	0.126244
-0.295655	0.158465
-0.292711	0.171204
-0.307923	0.167855
-0.308683	0.158388
-0.329159	0.142695
-0.328163	0.124847
-0.316807	0.120917
-0.343901	0.116643
-0.35345	0.114782
-0.337439	0.129708
-0.301229	0.128408
-0.302014	0.126417
-0.301286	0.127355
-0.345229	0.134651
-0.326289	0.12353
-0.309122	0.162499
-0.254196	0.157544
-0.267161	0.163095
-0.289056	0.136906
-0.288844	0.137272
-0.277445	0.137546
-0.269653	0.158412
-0.277038	0.182128
-0.282652	0.168793
-0.252935	0.154098
-0.259934	0.147044
-0.268405	0.158002
-0.275508	0.158066
-0.265691	0.143328
-0.270388	0.159401
-0.277317	0.165065
-0.26964	0.162308
-0.265169	0.210387
-0.260902	0.207633
-0.304725	0.194043
-0.264832	0.128334
-0.303704	0.123804
-0.312533	0.121263
-0.358155	0.114616
-0.342186	0.0911193
-0.376203	0.0912596
-0.353419	0.0814966
-0.335101	0.0739043
-0.328244	0.0739443
-0.319598	0.0665841
-0.324352	0.064515
-0.318977	0.0708335
-0.321109	0.0801339
-0.327214	0.0752456
-0.332118	0.101992
-0.326122	0.10331
-0.306778	0.091156
-0.313659	0.0996791
-0.322613	0.0810335
-0.305991	0.0792848
-0.311772	0.0716048
-0.32723	0.0677839
-0.321414	0.0675528
-0.32678	0.0548672
-0.300927	0.033202
-0.30548	0.039469
-0.303611	0.0473589
-0.292854	0.0528986
-0.337224	0.0657958
-0.345012	0.0977435
-0.328935	0.0914752
-0.297581	0.0801499
-0.350674	0.0720302
-0.333027	0.0722844
-0.302564	0.0883157
-0.303529	0.0548504
-0.259672	0.127669
-0.24671	0.124672
-0.26278	0.115984
-0.258413	0.105196
-0.291748	0.109571
-0.313751	0.114313
-0.307028	0.113768
-0.324918	0.134624
-0.32971	0.148749
-0.34695	0.115534
-0.333988	0.114792
-0.333072	0.119235
-0.322253	0.116895
-0.323032	0.0787514
-0.316921	0.0781658
-0.31856	0.0809396
-0.327894	0.0764016
-0.364561	0.0500776
-0.341164	0.0652881
-0.325407	0.0633572
-0.328326	0.0562917
-0.330215	0.0570864
-0.330682	0.0497041
-0.33687	0.0395746
-0.292745	0.0305877
-0.304839	0.0672157
-0.288905	0.0738417
-0.331599	0.0868443
-0.327629	0.106211
-0.34332	0.0976105
-0.351283	0.0989202
-0.309376	0.10942
-0.308703	0.109266
-0.295826	0.0962409
-0.301615	0.121229
-0.296087	0.155322
-0.288369	0.166532
-0.285831	0.165495
-0.290169	0.175393
-0.237044	0.185912
-0.24787	0.193582
-0.249425	0.205898
-0.251806	0.220593
-0.280435	0.176061
-0.276277	0.175784
-0.282185	0.172151
-0.271907	0.171639
-0.296179	0.198453
-0.270348	0.175063
-0.305124	0.188456
-0.304113	0.184112
-0.292825	0.203164
-0.281421	0.19565
-0.266699	0.185349
-0.26998	0.188997
-0.269685	0.186952
-0.276424	0.188121
-0.278812	0.145963
-0.287565	0.157605
-0.279449	0.149918
-0.3086	0.164644
-0.328577	0.172642
-0.350239	0.13998
-0.318814	0.150759
-0.297296	0.134917
-0.289001	0.159019
-0.27205	0.163141
-0.275512	0.155569
-0.281329	0.158096
-0.298184	0.171075
-0.308141	0.185631
-0.294419	0.191787
-0.283882	0.183014
-0.281755	0.189556
-0.258293	0.164869
-0.263717	0.15842
-0.268475	0.170805
-0.273331	0.175172
-0.317855	0.21153
-0.281245	0.221232
-0.270726	0.203787
-0.225511	0.219124
-0.236126	0.218032
-0.215479	0.239504
-0.173389	0.206546
-0.206658	0.211675
-0.231169	0.272301
-0.217691	0.260437
-0.245746	0.23929
-0.259119	0.254115
-0.227743	0.228747
-0.239991	0.236622
-0.200411	0.238927
-0.208638	0.246842
-0.173579	0.253293
-0.180752	0.264668
-0.211318	0.287598
-0.183576	0.288782
-0.158471	0.325009
-0.140262	0.295844
-0.124808	0.283783
-0.0985263	0.311504
-0.108239	0.308106
-0.108083	0.32479
-0.10565	0.317536
-0.0983184	0.299521
-0.094705	0.316943
-0.0845413	0.312511
-0.0972946	0.328781
-0.116597	0.294258
-0.110807	0.316562
-0.0935523	0.309097
-0.100961	0.309424
-0.0898187	0.304582
-0.0927601	0.309344
-0.121565	0.318095
-0.114102	0.312241
-0.0974833	0.277914
-0.0850659	0.316806
-0.102717	0.324001
-0.087678	0.301203
-0.0464691	0.310268
-0.0383014	0.328328
-0.0366647	0.290847
-0.064103	0.331729
-0.0597116	0.327316
-0.0610633	0.335179
-0.0717448	0.319899
-0.0613115	0.301845
-0.0878601	0.298053
-0.12112	0.20586
-0.133512	0.274904
-0.115712	0.271288
-0.125466	0.28359
-0.13264	0.294842
-0.131949	0.295452
-0.15304	0.294665
-0.127578	0.32639
-0.109254	0.36132
-0.118557	0.325319
-0.161121	0.309278
-0.143096	0.33327
-0.158954	0.306224
-0.138158	0.280806
-0.140052	0.274424
-0.135267	0.298444
-0.135792	0.297149
-0.159149	0.307167
-0.150474	0.299057
-0.152317	0.285617
-0.145449	0.296775
-0.139627	0.253609
-0.154117	0.261054
-0.143081	0.264718
-0.147691	0.275593
-0.142868	0.258967
-0.14715	0.290979
-0.153705	0.273398
-0.18502	0.291882
-0.162932	0.281527
-0.182586	0.28837
-0.181241	0.283487
-0.164807	0.268603
-0.106454	0.316234
-0.152545	0.300326
-0.157721	0.276279
-0.159855	0.279049
-0.13235	0.269805
-0.109536	0.298201
-0.129974	0.290382
-0.116719	0.315458
-0.114115	0.318206
-0.062724	0.366389
-0.0586849	0.343945
-0.0736707	0.338887
-0.0522426	0.325468
-0.0160551	0.303926
-0.0225489	0.284362
-0.00906319	0.296236
-0.00926495	0.31167
-0.0161976	0.321651
-0.00553226	0.315919
-0.0221207	0.30164
-0.0117587	0.304026
-0.0259301	0.34095
-0.0307909	0.318736
-0.026097	0.314592
-0.00696097	0.320232
0.000411486	0.340968
0.0253851	0.341823
0.0325761	0.336219
0.0407826	0.320116
0.046733	0.327949
0.0867487	0.384671
0.0673566	0.373886
0.102726	0.353478
0.0917713	0.332085
0.0831377	0.338994
0.078175	0.306631
0.0236834	0.306007
0.0554352	0.293657
0.0676058	0.294232
0.0752928	0.304811
0.0690426	0.325852
0.0598002	0.328421
0.052853	0.322861
-0.00201683	0.317686
0.00612023	0.32828
0.00641831	0.305332
0.0271124	0.303315
0.0272819	0.314347
0.0251201	0.326029
0.0281504	0.325361
0.0323365	0.346006
0.0155565	0.347444
0.000243396	0.348566
-0.0348466	0.34349
-0.046488	0.302683
-0.0625803	0.311226
-0.0194438	0.312796
-0.0231584	0.314774
-0.02356	0.321221
-0.0236343	0.317433
-0.0320384	0.337259
-0.0434765	0.365226
-0.0487887	0.337388
-0.0322313	0.331678
-0.0448708	0.337473
-0.0276415	0.357808
-0.0463639	0.315748
-0.0244517	0.329541
-0.0271951	0.324337
-0.035142	0.34222
-0.0162355	0.362692
-0.0334132	0.373455
-0.0312234	0.350485
-0.0239321	0.340023
-0.0297516	0.317724
-0.00666907	0.306151
-0.00187037	0.312813
-0.0137632	0.313895
-0.0313549	0.337629
-0.0285812	0.335381
-0.0775959	0.352639
-0.0721359	0.334882
-0.0646665	0.324404
-0.0718625	0.3359
-0.0612936	0.332941
-0.0368988	0.324645
-0.0368057	0.324562
-0.03704	0.321451
-0.0323188	0.324503
-0.0408964	0.34253
-0.0493171	0.348023
-0.0350132	0.337952
-0.00799954	0.329449
-0.00985621	0.336114
0.00911315	0.281029
0.00312364	0.264804
0.035372	0.300216
0.0402739	0.309446
0.040459	0.314621
0.0420158	0.320424
0.0421696	0.317958
0.0284309	0.305915
0.0283487	0.33634
0.0290485	0.330731
0.0809219	0.346915
0.0709628	0.329315
0.0504078	0.296229
0.0539231	0.339569
0.0673817	0.369105
0.0555104	0.326713
0.0523445	0.323831
0.0917776	0.343059
0.113418	0.333797
0.116563	0.306683
0.110771	0.331834
0.0971232	0.3241
0.0878555	0.338437
0.0788792	0.330254
0.0964986	0.301497
0.099262	0.305755
0.0983092	0.307565
0.0959692	0.317057
0.0940728	0.313622
0.123966	0.268767
0.103166	0.300621
0.140341	0.332905
0.124262	0.312041
0.115796	0.298421
0.128318	0.298389
0.128787	0.290427
0.126445	0.287725
0.128477	0.287332
0.162996	0.276479
0.166334	0.278713
0.189001	0.279039
0.191804	0.254428
0.205967	0.254992
0.215923	0.267698
0.244998	0.267578
0.208727	0.238906
0.203852	0.246476
0.202588	0.232979
0.24476	0.234427
0.241766	0.229504
0.245296	0.223028
0.241372	0.220124
0.241372	0.220522
0.258044	0.214099
0.258422	0.214345
0.28759	0.236933
0.244691	0.230037
0.237098	0.241711
0.227858	0.247036
0.223289	0.261798
0.198297	0.256727
0.169353	0.244912
0.117179	0.263638
0.109762	0.320281
0.0988801	0.320293
0.0976856	0.306664
0.119854	0.327626
0.11868	0.317879
0.0944422	0.356394
0.0865913	0.341239
0.0941994	0.338557
0.0988465	0.319012
0.108412	0.286332
0.102377	0.29377
0.104773	0.301155
0.104544	0.311662
0.105681	0.310185
0.106414	0.307657
0.0815764	0.332738
0.0621941	0.333526
0.0274643	0.356679
0.0492847	0.348544
0.0476279	0.336409
0.0519098	0.322863
0.0407951	0.30471
0.0289001	0.311342
0.0299401	0.320697
0.0398432	0.316058
0.0403487	0.320194
0.00969493	0.335201
-0.00697893	0.339088
-0.0102386	0.331568
-0.00365896	0.333418
-0.00946353	0.320543
-0.0127841	0.337482
0.00222717	0.332826
-0.0225035	0.306986
-0.0451502	0.32569
-0.0445665	0.323482
-0.0274145	0.340647
-0.0440872	0.334517
-0.0205456	0.300338
-0.0215696	0.308785
-0.0100059	0.346943
-0.0341697	0.333217
-0.0325513	0.33137
-0.00960232	0.308301
-0.0175736	0.32529
-0.0463879	0.340388
-0.0296813	0.309244
-0.0347955	0.308319
-0.0310038	0.313095
-0.0262009	0.291257
-0.0207142	0.304522
-0.0292968	0.300581
-0.0308984	0.299181
0.00153182	0.292522
0.0161667	0.281628
0.0252431	0.269005
0.0527325	0.308952
0.0570148	0.314748
0.0872011	0.308008
0.0928208	0.279181
0.0593499	0.275853
0.0494236	0.302342
0.0534804	0.308688
0.0844405	0.301272
0.0964382	0.348629
0.092254	0.321661
0.0876055	0.316328
0.137485	0.280478
0.151816	0.282342
0.133871	0.301005
0.131667	0.293663
0.131638	0.297389
0.131878	0.29787
0.143836	0.286516
0.142681	0.282816
0.132541	0.274369
0.14868	0.289379
0.143001	0.276719
0.141314	0.282323
0.167712	0.305755
0.178825	0.303691
0.186555	0.294609
0.18511	0.293516
0.181714	0.2838
0.19697	0.310214
0.228407	0.288177
0.224523	0.274898
0.206054	0.238397
0.262564	0.259429
0.212198	0.25683
0.22364	0.264569
0.207902	0.277762
0.207392	0.28522
0.203262	0.271856
0.197744	0.266976
0.173466	0.284591
0.166775	0.254677
0.147235	0.260715
0.127932	0.255378
0.133035	0.296293
0.101174	0.303687
0.112992	0.28536
0.116769	0.312545
0.116153	0.307334
0.104317	0.320074
0.0891765	0.309193
0.0879824	0.310012
0.0489272	0.297994
0.0270826	0.334543
0.0295347	0.315887
0.0420307	0.329723
0.0150418	0.355776
0.0334917	0.326524
0.0339333	0.323709
0.0323321	0.327399
0.0302472	0.371307
0.0279914	0.348035
0.0600416	0.321954
0.0452743	0.360548
0.0433631	0.342964
0.0600615	0.357874
0.111037	0.364265
0.0795733	0.316167
0.06367	0.330455
0.0767315	0.317472
0.0765784	0.338793
0.107687	0.326577
0.106546	0.319451
0.125831	0.278127
0.132479	0.284521
0.137852	0.288865
0.138971	0.291956
0.132794	0.296513
0.132494	0.298394
0.158966	0.304266
0.143617	0.303728
0.132491	0.269219
0.115573	0.308047
0.114317	0.305805
0.0656851	0.319551
0.0776366	0.31585
0.0844897	0.313665
0.0561682	0.334842
0.0357893	0.326969
0.0650119	0.357258
0.0768877	0.323617
0.0833307	0.285089
0.0949755	0.284258
0.125436	0.320215
0.168238	0.30242
0.156474	0.295374
0.185667	0.262998
0.201163	0.252375
0.199928	0.249556
0.201372	0.251761
0.202971	0.243401
0.202173	0.199282
0.214257	0.214628
0.181815	0.202643
0.205058	0.191757
0.22507	0.205442
0.232838	0.223662
0.246139	0.231609
0.259958	0.213393
0.237267	0.204219
0.221626	0.200913
0.231163	0.198545
0.222819	0.220477
0.208884	0.22029
0.200006	0.253394
0.2014	0.255039
0.214173	0.277604
0.231634	0.270699
0.183122	0.260875
0.209123	0.240158
0.193524	0.258265
0.19893	0.243667
0.189376	0.242542
0.195547	0.256407
0.149879	0.26393
0.169273	0.261516
0.135359	0.26434
0.129821	0.270673
0.136439	0.28465
0.161197	0.287024
0.170903	0.274747
0.182714	0.285
0.180995	0.293147
0.179731	0.295181
0.182611	0.249151
0.17878	0.252293
0.179101	0.263112
0.167114	0.259316
0.163897	0.276254
0.156223	0.302911
0.141617	0.280972
0.168071	0.283378
0.190751	0.302556
0.182169	0.289586
0.141236	0.303556
0.135149	0.301444
0.133639	0.299334
0.12931	0.289042
0.129547	0.27528
0.161672	0.287134
0.138011	0.285513
0.157295	0.275671
0.180847	0.268516
0.183986	0.268825
0.116553	0.232153
0.141518	0.28364
0.143331	0.288235
0.113402	0.326706
0.0963365	0.30405
0.0886086	0.289242
0.0897235	0.305395
0.0775805	0.296023
0.0883412	0.353975
0.0600889	0.357258
0.0529097	0.339249
0.0722647	0.369906
0.0362767	0.382984
0.000380794	0.30865
-0.0010665	0.335739
-0.0019372	0.331549
-0.00418354	0.333228
0.015731	0.33902
-0.0027564	0.361745
-0.00292031	0.341778
-0.060057	0.307228
-0.0290988	0.330065
0.0107722	0.358337
0.0164276	0.33833
0.0326619	0.353093
0.0550016	0.329935
0.0585072	0.348395
0.0835046	0.326415
0.0975846	0.328778
0.120458	0.296036
0.0998599	0.291388
0.106929	0.296214
0.117819	0.284486
0.0995525	0.249017
0.0966783	0.279381
0.0923426	0.256165
0.103949	0.282566
0.094451	0.286396
0.107544	0.293447
0.119855	0.291476
0.156048	0.276015
0.14093	0.25396
0.12449	0.290977
0.159563	0.333537
0.123885	0.309445
0.141625	0.314685
0.10435	0.306817
0.0948235	0.290192
0.106275	0.283003
0.123882	0.322455
0.0851744	0.316875
0.08573	0.313444
0.0730316	0.322059
0.0705894	0.309628
0.0706968	0.310384
0.0695378	0.306494
0.0695491	0.311498
0.0346005	0.320612
0.0314992	0.323975
0.038028	0.326462
0.0381661	0.318444
0.0505271	0.320817
0.0358614	0.296076
0.0404309	0.303214
0.0643339	0.297167
0.092776	0.320893
0.0971605	0.318726
0.0843046	0.329717
0.0175858	0.353693
0.00146705	0.346428
-0.000534629	0.388989
0.015136	0.350961
0.00395559	0.344513
-0.00426162	0.321118
-0.0297911	0.288612
-0.0494153	0.341779
-0.0247834	0.319123
-0.0222907	0.328751
-0.0307895	0.366596
-0.0395178	0.33995
-0.0959101	0.321269
-0.0700445	0.299707
-0.0660994	0.314352
-0.0651569	0.307507
-0.0641875	0.295005
-0.0919501	0.299981
-0.0872743	0.306872
-0.0810837	0.295156
-0.0853144	0.304412
-0.0690159	0.283337
-0.0700684	0.306996
-0.0580779	0.320187
-0.0545569	0.325938
-0.0498808	0.359392
-0.0427714	0.34617
-0.0464488	0.338027
-0.0419853	0.341303
-0.0371832	0.33361
-0.00370454	0.382056
0.0070843	0.35317
0.0260981	0.349846
0.0159907	0.314056
0.00870371	0.317048
0.00240643	0.310826
-0.00828936	0.306603
-0.0166128	0.323367
-0.0185736	0.325427
0.00167706	0.325401
-0.0326003	0.340437
-0.0324022	0.337578
-0.0279365	0.328817
-0.0501076	0.297514
-0.0478791	0.313593
-0.0474688	0.319506
-0.0288242	0.325248
-0.0478927	0.291652
-0.0822146	0.337875
-0.034186	0.361588
-0.0266248	0.342639
-0.0262275	0.333959
-0.0235408	0.33015
0.0097929	0.339154
0.00786718	0.307111
0.000479302	0.322451
-0.00778399	0.321306
0.0429471	0.301849
0.0350633	0.334786
0.0172713	0.349448
-0.00160103	0.339651
0.0623262	0.29421
0.0631781	0.303737
0.0641527	0.311408
0.118293	0.309957
0.127205	0.301585
0.118533	0.302899
0.08939	0.316967
0.0782246	0.314756
0.073085	0.312935
0.0404418	0.297229
0.0491998	0.315297
0.0896962	0.33541
0.0846594	0.327277
0.0637648	0.341171
0.0619984	0.335165
0.125798	0.340329
0.0633805	0.331712
0.0927185	0.326953
0.0911559	0.321421
0.0812255	0.313366
0.11931	0.314257
0.124341	0.284151
0.112746	0.266317
0.105121	0.261821
0.125483	0.307749
0.125822	0.3057
0.11099	0.263942
0.113057	0.282678
0.0991557	0.294456
0.112584	0.289053
0.101153	0.276798
0.106588	0.291914
0.128306	0.271702
0.120682	0.285761
0.0986975	0.287961
0.0914262	0.310417
0.0980794	0.308004
0.0996673	0.31021
0.113545	0.285368
0.103299	0.289622
0.105899	0.299135
0.0871988	0.30118
0.0733102	0.296324
0.0768115	0.345519
0.0871931	0.317654
0.102123	0.280245
0.107265	0.2744
0.121812	0.296108
0.122631	0.291599
0.129893	0.28813
0.152111	0.326775
0.190773	0.329038
0.175174	0.299321
0.180375	0.270277
0.193073	0.254419
0.217783	0.31118
0.224702	0.318259
0.223588	0.28608
0.220621	0.266589
0.21292	0.258594
0.202359	0.24067
0.193882	0.240399
0.195658	0.249093
0.188032	0.26513
0.192667	0.284314
0.156507	0.293552
0.157705	0.297863
0.155404	0.292371
0.154296	0.290123
0.164321	0.300267
0.173934	0.323825
0.164192	0.306183
0.168335	0.298488
0.16791	0.294759
0.15862	0.295557
0.177764	0.269612
0.160491	0.267064
0.154233	0.265438
0.131536	0.291537
0.159051	0.282747
0.176927	0.291313
0.208351	0.298451
0.208121	0.276308
0.208296	0.266804
0.171603	0.270275
0.183795	0.300421
0.17149	0.27437
0.174098	0.288936
0.161315	0.288102
0.153862	0.291126
0.145249	0.301816
0.145058	0.285587
0.147307	0.299078
0.136087	0.297225
0.143102	0.287174
0.161149	0.269819
0.170497	0.289156
0.121797	0.297237
0.114863	0.29663
0.116236	0.300791
0.137064	0.271106
0.153084	0.291664
0.133953	0.285095
0.158663	0.301909
0.177671	0.289288
0.179479	0.28262
0.161442	0.258588
0.154522	0.286131
0.176476	0.296757
0.195692	0.302513
0.1764	0.317233
0.126763	0.288942
0.12787	0.295962
0.137508	0.298309
0.127385	0.289121
0.131764	0.27534
0.134076	0.280579
0.131422	0.294265
0.131017	0.279726
0.1708	0.227303
0.170252	0.22634
0.176947	0.24822
0.182735	0.25941
0.18534	0.264088
0.183569	0.26772
0.196824	0.321926
0.139786	0.313464
0.147128	0.316048
0.138613	0.301753
0.120037	0.294995
0.108896	0.294847
0.0858584	0.270477
0.0918057	0.28848
0.0868419	0.272165
0.101399	0.280071
0.0457224	0.300088
0.0591486	0.311869
0.0637493	0.315988
0.0883473	0.307269
0.0556076	0.291954
0.0652721	0.304841
0.0439035	0.310277
0.0466897	0.296378
0.0338503	0.338522
0.0326486	0.330314
0.0215156	0.309472
0.0296159	0.324318
0.0482204	0.307745
0.0683822	0.346626
0.0767825	0.354349
0.0789094	0.338728
0.0739336	0.328218
0.0832151	0.329577
0.066045	0.373605
0.0437977	0.373434
0.0379032	0.337009
0.0441003	0.340425
0.0403802	0.32306
0.0561112	0.304906
0.0370105	0.331824
0.0201518	0.3265
0.00910723	0.330936
0.0233001	0.337582
0.00562287	0.304796
0.00724929	0.321915
-0.0460979	0.360213
-0.061392	0.318776
-0.0535965	0.322353
-0.0588014	0.331612
-0.0388674	0.311596
-0.0204418	0.301152
-0.0260653	0.329856
-0.0233124	0.333748
-0.0225092	0.329835
-0.050306	0.33582
-0.0487003	0.327425
-0.0385445	0.329841
-0.0370676	0.322574
-0.0211997	0.351841
-0.00566427	0.346577
0.00436393	0.309071
0.0238733	0.317309
0.0236504	0.31997
0.0164747	0.33211
-0.00459853	0.314243
-0.0213136	0.260362
-0.0238696	0.293488
-0.0210381	0.309515
-0.0363636	0.318814
-0.0266914	0.316678
-0.0556934	0.313135
-0.0565141	0.351247
-0.052924	0.337642
-0.0345116	0.336718
-0.0411236	0.334783
-0.0548571	0.331742
-0.0408716	0.368953
-0.0604247	0.304528
-0.0812031	0.302664
-0.103051	0.322297
-0.0862593	0.289458
-0.0672628	0.31526
-0.0606871	0.312436
-0.0629926	0.32452
-0.0444789	0.338607
-0.0505357	0.313878
-0.0523854	0.317528
-0.0588444	0.316769
-0.0307357	0.322262
-0.0404009	0.337163
-0.0398774	0.328632
-0.04226	0.312216
-0.0411442	0.311514
-0.0352554	0.322285
-0.0190788	0.334673
-0.0135437	0.339067
-0.0287218	0.307313
-0.0285691	0.317981
-0.0219309	0.334574
-0.0213334	0.343262
-0.00661651	0.321868
0.000655425	0.304271
0.022325	0.321027
0.0205877	0.344903
0.0323962	0.33718
0.0422147	0.327067
0.0644232	0.305172
0.0571776	0.271429
0.0805512	0.23911
0.054242	0.271936
0.058815	0.296955
0.0370455	0.321333
0.00656167	0.335362
0.00577691	0.330892
0.00385244	0.343229
-0.0593138	0.334734
-0.0470323	0.34091
-0.0459124	0.332305
-0.0473171	0.33144
-0.0714843	0.337786
-0.0417744	0.345171
-0.0311932	0.335019
-0.029728	0.341122
-0.0497555	0.346584
-0.0429928	0.343531
-0.0501608	0.319286
-0.0324281	0.324182
-0.0364725	0.332777
-0.0113698	0.339229
-0.0128128	0.330063
-0.0422037	0.288879
-0.0129239	0.305449
0.0108874	0.329538
0.0166252	0.313808
0.0314879	0.318752
0.0254489	0.325052
0.0275897	0.331287
0.0582502	0.299952
0.0604123	0.299247
0.0618113	0.311011
0.0670634	0.316732
0.0724912	0.316496
0.0709747	0.30292
0.0672643	0.300646
0.0693529	0.296374
0.0539562	0.313906
0.0846824	0.293076
0.0794645	0.303966
0.0634048	0.299005
0.0919646	0.307708
0.0885681	0.32539
0.101084	0.373253
0.0727931	0.348444
0.0434155	0.386897
0.0417374	0.354531
0.0765029	0.297446
0.0869994	0.290866
0.0964469	0.320346
0.06391	0.301872
0.0863297	0.313028
0.076575	0.296451
0.0888698	0.321481
0.103234	0.33146
0.125428	0.344196
0.119787	0.326241
0.116636	0.317934
0.0933962	0.353051
0.0837192	0.327729
0.0798837	0.281831
0.083278	0.287658
0.0557109	0.300487
0.0456819	0.315836
0.049435	0.318586
0.0623402	0.295274
0.0639027	0.306103
0.0771154	0.311392
0.0913298	0.310377
0.0505177	0.307515
0.0635873	0.292256
0.0930106	0.304063
0.0984481	0.280638
0.126617	0.293504
0.165376	0.309848
0.174874	0.280927
0.164243	0.268016
0.135586	0.236873
0.142407	0.2299
0.156288	0.252977
0.150815	0.267565
0.156663	0.271342
0.137152	0.292582
0.174837	0.273553
0.196707	0.300215
0.1956	0.288262
0.201743	0.280388
0.20482	0.279985
0.205976	0.279649
0.167969	0.215147
0.148328	0.19443
0.159116	0.235782
0.16622	0.272876
0.186878	0.261105
0.157732	0.291151
0.148921	0.305788
0.166435	0.316992
0.15489	0.302209
0.144645	0.301307
0.166266	0.310458
0.159499	0.301494
0.153035	0.300781
0.197672	0.315569
0.180746	0.299406
0.178889	0.279642
0.180611	0.274553
0.160799	0.252192
0.143988	0.279781
0.136777	0.299567
0.127159	0.26173
0.138134	0.266643
0.157902	0.253913
0.167399	0.25723
0.213054	0.268264
0.178157	0.263537
0.214474	0.303787
0.19037	0.28092
0.187443	0.276017
0.156291	0.257119
0.190637	0.245875
0.186032	0.248302
0.14847	0.269515
0.125748	0.311334
0.118422	0.290713
0.123982	0.296622
0.139659	0.297259
0.116083	0.295964
0.123546	0.318461
0.12359	0.321772
0.130562	0.310052
0.140703	0.335388
0.13647	0.371155
0.123068	0.357941
0.114529	0.333754
0.101469	0.297621
0.106274	0.26787
0.11858	0.296051
0.151512	0.309314
0.111979	0.322345
0.0867658	0.340356
0.0554451	0.309172
0.0533942	0.313019
0.0619507	0.302877
0.0652218	0.311496
0.0381528	0.31981
0.0407157	0.330432
0.0327999	0.316247
0.0484441	0.332787
0.033907	0.334057
-0.0399694	0.337703
-0.0261946	0.3429
-0.067358	0.354452
-0.0585152	0.348335
-0.0497485	0.35406
-0.0549911	0.333238
-0.0290867	0.300545
-0.0317464	0.313027
-0.0309623	0.321402
-0.0288859	0.325158
-0.0297891	0.31904
-0.0238129	0.328884
-0.0390507	0.350104
-0.0526742	0.342118
-0.05026	0.327433
-0.0399542	0.318841
-0.0338074	0.323955
-0.0364463	0.340003
-0.0461338	0.319504
-0.0295494	0.298259
-0.0393382	0.320517
-0.0543507	0.33858
-0.0523925	0.323214
-0.051591	0.321815
-0.0547953	0.318991
-0.0629385	0.313997
-0.0625385	0.314813
-0.0526438	0.288392
-0.0579935	0.303421
-0.0671153	0.297276
-0.0894745	0.300758
-0.0994971	0.29944
-0.0942598	0.285007
-0.0874773	0.272052
-0.101222	0.286341
-0.11007	0.303629
-0.0982032	0.290366
-0.119303	0.301898
-0.123489	0.311625
-0.114999	0.274819
-0.121354	0.29294
-0.124694	0.320396
-0.100613	0.313762
-0.103401	0.313803
-0.13684	0.304967
-0.141057	0.291885
-0.133709	0.302713
-0.130761	0.272421
-0.151157	0.302558
-0.154567	0.294531
-0.153443	0.289392
-0.140419	0.27679
-0.142832	0.280912
-0.117752	0.270787
-0.137774	0.279185
-0.137592	0.297786
-0.100675	0.302073
-0.101997	0.306198
-0.114054	0.332533
-0.11009	0.322412
-0.115251	0.332593
-0.104543	0.350864
-0.0676647	0.319392
-0.0752123	0.316053
-0.0650725	0.324147
-0.0651551	0.319107
-0.087471	0.302084
-0.107908	0.262065
-0.110253	0.243242
-0.111922	0.275564
-0.0940122	0.287176
-0.0974158	0.298054
-0.10728	0.270467
-0.102397	0.284994
-0.0960914	0.289799
-0.0929735	0.303747
-0.0673682	0.299989
-0.07083	0.316002
-0.0664407	0.318601
-0.0700038	0.317868
-0.0938773	0.326451
-0.085585	0.262191
-0.0789546	0.289127
-0.0879154	0.306551
-0.0929111	0.281945
-0.105298	0.305928
-0.0991227	0.293172
-0.147085	0.27918
-0.147703	0.265583
-0.152843	0.275521
-0.150977	0.306343
-0.11769	0.283949
-0.142897	0.306539
-0.133842	0.296313
-0.106371	0.273355
-0.113979	0.278499
-0.134043	0.276727
-0.139314	0.285668
-0.159934	0.27867
-0.160834	0.286721
-0.146734	0.284983
-0.16359	0.244722
-0.170662	0.26035
-0.166904	0.320362
-0.180878	0.311035
-0.18143	0.287269
-0.170499	0.298594
-0.197803	0.282556
-0.17479	0.328132
-0.150428	0.281265
-0.149852	0.335211
-0.145119	0.326009
-0.147758	0.307923
-0.183838	0.29892
-0.190664	0.256103
-0.20126	0.28808
-0.164725	0.27115
-0.179668	0.257059
-0.158427	0.252929
-0.168449	0.285018
-0.133498	0.281708
-0.134072	0.291293
-0.162513	0.303742
-0.158188	0.29336
-0.155576	0.288866
-0.1615	0.306342
-0.142786	0.282548
-0.151729	0.271158
-0.132083	0.265342
-0.133546	0.246069
-0.154952	0.255898
-0.167094	0.233678
-0.200044	0.262388
-0.199992	0.305495
-0.200757	0.28747
-0.193706	0.278213
-0.224855	0.24947
-0.220276	0.238311
-0.226915	0.229674
-0.278756	0.245853
-0.261032	0.231321
-0.246511	0.209402
-0.246767	0.209128
-0.235348	0.197344
-0.246181	0.220996
-0.241754	0.227053
-0.250789	0.216102
-0.259595	0.21678
-0.231709	0.207335
-0.237445	0.21321
-0.236738	0.209675
-0.258002	0.15284
-0.266499	0.176385
-0.248522	0.187603
-0.207754	0.169805
-0.222933	0.177945
-0.252817	0.223162
-0.268383	0.2348
-0.262933	0.237845
-0.229251	0.215239
-0.261242	0.218755
-0.253723	0.224377
-0.242917	0.208256
-0.24656	0.19729
-0.253045	0.205808
-0.260906	0.297825
-0.241473	0.272587
-0.23917	0.265348
-0.231122	0.258308
-0.227512	0.243068
-0.213131	0.270728
-0.207986	0.263521
-0.227693	0.262666
-0.219325	0.255144
-0.223633	0.234105
-0.247497	0.233124
-0.252994	0.227171
-0.276367	0.235778
-0.280998	0.181129
-0.275293	0.179629
-0.275351	0.169141
-0.278192	0.159761
-0.295001	0.157853
-0.28356	0.149426
-0.261467	0.133143
-0.280558	0.131552
-0.298505	0.121869
-0.322147	0.137463
-0.311557	0.132801
-0.309716	0.116846
-0.302756	0.119176
-0.305588	0.126379
-0.293041	0.140678
-0.326173	0.0939235
-0.317665	0.0934332
-0.309703	0.0908899
-0.325844	0.0725876
-0.329516	0.0632389
-0.332688	0.0607007
-0.292765	0.0377114
-0.32051	0.0491035
-0.312981	0.0486224
-0.320101	0.0465939
-0.322523	0.0444775
-0.322227	0.052299
-0.310549	0.0575145
-0.30847	0.0637863
-0.317341	0.0814329
-0.320363	0.0873627
-0.32115	0.0927742
-0.312807	0.113157
-0.315414	0.08149
-0.306005	0.0858422
-0.341572	0.124353
-0.365612	0.135143
-0.333193	0.130866
-0.286712	0.149204
-0.28238	0.128259
-0.302482	0.164072
-0.305965	0.162714
-0.299829	0.185097
-0.285708	0.156465
-0.287967	0.160125
-0.282562	0.173248
-0.272129	0.15804
-0.286918	0.131703
-0.271171	0.142192
-0.303279	0.157261
-0.312467	0.140813
-0.334592	0.0997585
-0.336094	0.0992458
-0.321469	0.0830969
-0.331462	0.0779489
-0.297609	0.0966104
-0.302451	0.0982303
-0.306575	0.0924962
-0.267218	0.136264
-0.276488	0.164878
-0.262844	0.132381
-0.281254	0.138703
-0.266229	0.140367
-0.277837	0.146989
-0.292173	0.152868
-0.285733	0.148295
-0.230747	0.136212
-0.270917	0.172631
-0.277226	0.179197
-0.241055	0.188325
-0.247745	0.211774
-0.259083	0.205684
-0.249481	0.227771
-0.245227	0.212607
-0.255242	0.212543
-0.262705	0.194781
-0.302616	0.165923
-0.279942	0.161411
-0.292	0.16346
-0.290327	0.132352
-0.291204	0.143894
-0.288114	0.151499
-0.303634	0.134605
-0.315126	0.122575
-0.303868	0.126599
-0.29227	0.126492
-0.296394	0.127752
-0.27613	0.120581
-0.28661	0.130458
-0.27898	0.120307
-0.293154	0.120637
-0.269679	0.139087
-0.284489	0.121353
-0.279997	0.120439
-0.287755	0.165348
-0.316775	0.132357
-0.28375	0.151803
-0.286278	0.153074
-0.267801	0.138308
-0.295369	0.139144
-0.295722	0.131094
-0.29648	0.107224
-0.316725	0.134122
-0.297492	0.112161
-0.339673	0.0823721
-0.326908	0.0728917
