0.0894429	-0.0884505
0.0894429	-0.0884505
0.0894429	-0.0884505
0.0894429	-0.0884505
0.0894429	-0.0884505
0.0894429	-0.0884505
0.0894429	-0.0884505
0.0894429	-0.0884505
0.0894429	-0.0884505
0.0894429	-0.0884505
0.0894429	-0.0884505
0.0894429	-0.0884505
0.0894429	-0.0884505
0.0894429	-0.0884505
0.0894429	-0.0884505
0.0894429	-0.0884505
0.0894429	-0.0884505
0.0894429	-0.0884505
0.0894429	-0.0884505
0.0894429	-0.0884505
0.0894429	-0.0884505
0.0894429	-0.0884505
0.0894429	-0.0884505
0.0894429	-0.0884505
0.0894429	-0.0884505
0.0894429	-0.0884505
0.0894429	-0.0884505
0.0894429	-0.0884505
0.0894429	-0.0884505
0.0894429	-0.0884505
0.0894429	-0.0884505
0.0894429	-0.0884505
0.0894429	-0.0884505
0.0894429	-0.0884505
0.163558	-0.185126
0.175197	-0.235981
0.223531	-0.246905
0.224255	-0.194997
0.240542	-0.203544
0.249784	-0.220711
0.213396	-0.19908
0.222592	-0.231701
0.223715	-0.234869
0.214514	-0.223096
0.201628	-0.216703
0.211678	-0.251169
0.202518	-0.278856
0.192652	-0.276363
0.194503	-0.283275
0.200417	-0.273908
0.208175	-0.284014
0.200902	-0.274015
0.192696	-0.271275
0.192414	-0.294091
0.139932	-0.295832
0.153089	-0.280489
0.133794	-0.295507
0.135037	-0.307477
0.123224	-0.298451
0.127833	-0.296996
0.138422	-0.297182
0.141459	-0.298615
0.139649	-0.294908
0.150179	-0.285222
0.146001	-0.310714
0.144261	-0.299431
0.138628	-0.30265
0.17541	-0.308356
0.175084	-0.28986
0.166053	-0.28981
0.149904	-0.242514
0.151707	-0.257829
0.16362	-0.286866
0.156866	-0.266396
0.192821	-0.261854
0.20421	-0.254634
0.201382	-0.255428
0.207058	-0.242664
0.206579	-0.251568
0.206677	-0.249064
0.185179	-0.25767
0.189501	-0.258677
0.180776	-0.273897
0.172259	-0.282148
0.193956	-0.311539
0.19013	-0.302205
0.182346	-0.289489
0.167729	-0.288715
0.167063	-0.271618
0.168116	-0.26059
0.169952	-0.262956
0.165955	-0.256597
0.176635	-0.277744
0.168549	-0.249857
0.174844	-0.255825
0.193974	-0.255346
0.202326	-0.243533
0.229915	-0.242632
0.185907	-0.224851
0.181243	-0.212356
0.195387	-0.240024
0.20348	-0.263772
0.170755	-0.259504
0.158975	-0.254967
0.192765	-0.26478
0.209153	-0.254174
0.203802	-0.257644
0.196139	-0.236164
0.203496	-0.243543
0.205721	-0.267104
0.206298	-0.280355
0.231082	-0.25878
0.230801	-0.251607
0.221567	-0.251086
0.192891	-0.231556
0.193918	-0.229156
0.211136	-0.209338
0.214375	-0.220571
0.203727	-0.195601
0.209918	-0.223035
0.208005	-0.209798
0.214591	-0.249719
0.232599	-0.206971
0.25146	-0.217406
0.268389	-0.218181
0.260068	-0.162882
0.253986	-0.151769
0.251526	-0.12104
0.273135	-0.130379
0.322383	-0.107435
0.317882	-0.109592
0.315317	-0.0904162
0.299199	-0.0948571
0.308237	-0.0971711
0.332166	-0.114245
0.313283	-0.110889
0.309075	-0.108458
0.300964	-0.0976668
0.361036	-0.108288
0.336532	-0.0938096
0.322205	-0.0989729
0.315955	-0.115991
0.324584	-0.0949147
0.314083	-0.0838545
0.309577	-0.0944764
0.315532	-0.104899
0.317361	-0.117597
0.281613	-0.113979
0.269141	-0.113118
0.278056	-0.121968
0.25284	-0.113972
0.259617	-0.102741
0.272144	-0.153181
0.278501	-0.156786
0.317977	-0.169926
0.299453	-0.161867
0.272111	-0.18682
0.278865	-0.197144
0.26878	-0.162085
0.254558	-0.153947
0.266011	-0.163411
0.254504	-0.170042
0.278	-0.169066
0.280446	-0.169921
0.278234	-0.200481
0.23782	-0.168615
0.248059	-0.203798
0.253686	-0.189127
0.277601	-0.184461
0.27144	-0.184201
0.265801	-0.184509
0.290237	-0.182754
0.283725	-0.184433
0.298299	-0.159215
0.286018	-0.144006
0.325738	-0.15565
0.259202	-0.161319
0.281514	-0.200406
0.25328	-0.213113
0.25648	-0.211674
0.262604	-0.207406
0.260716	-0.210613
0.257035	-0.215958
0.250939	-0.227142
0.246632	-0.223268
0.241151	-0.224347
0.194585	-0.2032
0.25093	-0.171928
0.253066	-0.182179
0.283435	-0.178189
0.279709	-0.175931
0.255049	-0.205446
0.272381	-0.198979
0.267244	-0.199852
0.270366	-0.195597
0.257208	-0.181054
0.278083	-0.159208
0.250154	-0.141797
0.25819	-0.145491
0.263574	-0.166002
0.270032	-0.172295
0.273305	-0.173264
0.286452	-0.175328
0.289772	-0.169901
0.328335	-0.172249
0.311625	-0.142337
0.292262	-0.131979
0.283136	-0.135018
0.328114	-0.142751
0.327074	-0.136509
0.279266	-0.132274
0.288974	-0.144219
0.2899	-0.136792
0.298084	-0.132668
0.291536	-0.116878
0.29298	-0.11736
0.29141	-0.120819
0.328696	-0.105597
0.294508	-0.0771836
0.274368	-0.0709742
0.294728	-0.0772744
0.304616	-0.0786026
0.310237	-0.0761794
0.305824	-0.0817959
0.315933	-0.0781854
0.362124	-0.127597
0.307619	-0.140561
0.292042	-0.146367
0.267361	-0.121713
0.237955	-0.150043
0.257406	-0.162078
0.275055	-0.177178
0.269489	-0.181429
0.280857	-0.183827
0.238934	-0.166197
0.269924	-0.151962
0.295349	-0.166081
0.269661	-0.161896
0.276014	-0.179019
0.278597	-0.176117
0.266828	-0.188597
0.260406	-0.186834
0.304698	-0.213387
0.29244	-0.202774
0.289896	-0.202163
0.279543	-0.202429
0.300174	-0.206442
0.28552	-0.194973
0.275865	-0.195327
0.270591	-0.196106
0.285207	-0.202737
0.272093	-0.189645
0.245013	-0.201922
0.249283	-0.190633
0.292105	-0.208773
0.279478	-0.198669
0.28983	-0.194443
0.277924	-0.192096
0.273182	-0.19032
0.253616	-0.181544
0.281041	-0.195694
0.267856	-0.19018
0.258608	-0.203644
0.25373	-0.197874
0.263176	-0.192995
0.272257	-0.168891
0.274551	-0.171043
0.276452	-0.171351
0.280137	-0.168273
0.303046	-0.13832
0.293665	-0.115029
0.289158	-0.119576
0.294032	-0.114333
0.318745	-0.112713
0.264455	-0.0891952
0.30169	-0.111991
0.299668	-0.11868
0.29023	-0.124212
0.289529	-0.127944
0.276541	-0.11527
0.278063	-0.112151
0.288889	-0.115991
0.258505	-0.130716
0.273162	-0.153934
0.277665	-0.162352
0.283625	-0.154063
0.273027	-0.162055
0.280084	-0.166882
0.264097	-0.160894
0.271992	-0.163741
0.303654	-0.162605
0.296624	-0.156823
0.294744	-0.162295
0.285195	-0.151512
0.297248	-0.147575
0.297129	-0.116693
0.264546	-0.117849
0.245298	-0.114302
0.259875	-0.113474
0.249253	-0.093977
0.275767	-0.119496
0.302346	-0.123714
0.31364	-0.0925018
0.291172	-0.103117
0.326101	-0.0856775
0.308907	-0.0877719
0.309358	-0.0900221
0.302943	-0.0730706
0.305409	-0.0881476
0.319894	-0.0902495
0.325648	-0.109791
0.347668	-0.0877201
0.339109	-0.0813569
0.319786	-0.0833109
0.337167	-0.0544213
0.328273	-0.0536307
0.325529	-0.0532162
0.318832	-0.084267
0.288541	-0.0813233
0.305147	-0.0906753
0.308055	-0.0881735
0.389569	-0.0926862
0.354762	-0.105867
0.314326	-0.117568
0.28425	-0.130425
0.286734	-0.138008
0.265988	-0.0951818
0.281076	-0.112573
0.308888	-0.108175
0.30511	-0.119905
0.257244	-0.126955
0.252525	-0.149096
0.281705	-0.162716
0.319743	-0.184197
0.294642	-0.171883
0.275459	-0.199674
0.242913	-0.227713
0.237623	-0.207511
0.262604	-0.204912
0.256169	-0.196005
0.250252	-0.204232
0.254044	-0.206665
0.261423	-0.197945
0.244233	-0.189564
0.252764	-0.198246
0.267885	-0.195088
0.281801	-0.196196
0.286319	-0.199345
0.268182	-0.17391
0.281152	-0.171048
0.243039	-0.133606
0.254373	-0.172849
0.244751	-0.206663
0.244157	-0.238802
0.238137	-0.245342
0.202869	-0.24914
0.206325	-0.25197
0.216032	-0.278471
0.229997	-0.279844
0.211454	-0.270286
0.212443	-0.261616
0.21833	-0.260455
0.215456	-0.264093
0.212179	-0.226757
0.223137	-0.221984
0.223482	-0.225124
0.20723	-0.213952
0.230246	-0.244207
0.241933	-0.235553
0.276215	-0.217319
0.278177	-0.22928
0.293981	-0.233424
0.270097	-0.22382
0.262233	-0.206873
0.256276	-0.220847
0.226365	-0.197793
0.210809	-0.218797
0.290368	-0.238853
0.246072	-0.210675
0.236062	-0.218374
0.250627	-0.251435
0.217569	-0.245829
0.217131	-0.246068
0.218872	-0.239183
0.1853	-0.233349
0.201124	-0.24058
0.197044	-0.240272
0.204874	-0.240641
0.259879	-0.260075
0.23328	-0.239083
0.226817	-0.254822
0.223971	-0.251097
0.223138	-0.26452
0.187191	-0.287628
0.184767	-0.278849
0.204694	-0.259169
0.218649	-0.276343
0.210751	-0.265025
0.210517	-0.276195
0.198432	-0.260022
0.202353	-0.261859
0.197132	-0.228314
0.206801	-0.243019
0.204409	-0.252337
0.204363	-0.236004
0.210502	-0.248163
0.207809	-0.25238
0.209366	-0.259614
0.206588	-0.26517
0.205261	-0.26164
0.206324	-0.253455
0.201145	-0.25494
0.203337	-0.257653
0.230935	-0.245152
0.217019	-0.253488
0.223124	-0.267775
0.220926	-0.260918
0.216317	-0.253562
0.191924	-0.257534
0.20918	-0.325316
0.194306	-0.299374
0.197404	-0.250136
0.177149	-0.267871
0.155067	-0.244466
0.168581	-0.26786
0.171016	-0.281344
0.186974	-0.275328
0.232471	-0.311551
0.215371	-0.316603
0.188669	-0.321488
0.17479	-0.303687
0.175607	-0.287074
0.163743	-0.331465
0.141704	-0.299224
0.136482	-0.321101
0.112821	-0.340863
0.0932551	-0.373488
0.0855668	-0.349945
0.120035	-0.342469
0.068224	-0.326188
0.0913805	-0.325357
0.0902712	-0.316108
0.0934668	-0.299845
0.0764631	-0.305686
0.0710141	-0.294711
0.0914797	-0.308071
0.106415	-0.329304
0.101836	-0.317594
0.0988406	-0.319216
0.0914728	-0.312989
0.0979294	-0.336636
0.0894497	-0.328705
0.0822681	-0.320333
0.0710419	-0.331244
0.0654571	-0.326182
0.0656387	-0.325415
0.0849959	-0.319946
0.0901503	-0.285397
0.0656423	-0.324786
0.0702958	-0.304997
0.0709409	-0.337543
0.0808338	-0.326872
0.0723657	-0.327406
0.0599603	-0.321473
0.0665428	-0.328831
0.0663772	-0.328325
0.0646296	-0.307453
0.0565653	-0.29605
0.0582519	-0.30944
0.077844	-0.245763
0.0877422	-0.278791
0.0927751	-0.29446
0.0864664	-0.269598
0.097332	-0.298376
0.0976499	-0.305716
0.0953737	-0.309489
0.0686914	-0.341469
0.0664043	-0.331256
0.0670851	-0.287231
0.0708296	-0.301266
0.081083	-0.307972
0.0670653	-0.34072
0.0743553	-0.303572
0.077716	-0.309302
0.0729435	-0.374651
0.0242448	-0.377132
0.0273652	-0.349918
0.0236557	-0.338176
0.00459327	-0.329432
0.0215376	-0.302708
0.0223448	-0.316622
0.0355534	-0.280265
0.0447296	-0.304258
0.0397249	-0.334654
0.061313	-0.302112
0.076979	-0.321756
0.0642523	-0.320481
0.0745762	-0.305197
0.0996982	-0.308559
0.0832711	-0.276708
0.0963328	-0.282973
0.111304	-0.256978
0.123834	-0.277327
0.121608	-0.299153
0.12957	-0.336145
0.0874059	-0.334896
0.0863459	-0.324135
0.123594	-0.319205
0.104941	-0.330239
0.0934152	-0.332652
0.0915342	-0.333795
0.101903	-0.335486
0.0980028	-0.318633
0.0931936	-0.292387
0.117927	-0.321065
0.157978	-0.333245
0.183601	-0.319346
0.186113	-0.324549
0.158694	-0.281477
0.159072	-0.285537
0.159168	-0.285947
0.150709	-0.284233
0.156667	-0.255002
0.164982	-0.264382
0.168046	-0.299237
0.15	-0.316877
0.127852	-0.296137
0.124417	-0.301729
0.109194	-0.287573
0.0970052	-0.275601
0.109487	-0.307053
0.0890212	-0.320993
0.0914523	-0.318031
0.0790897	-0.327229
0.0701978	-0.322377
0.0642656	-0.31692
0.0548878	-0.32375
0.0677141	-0.328213
0.0407912	-0.364668
0.0666069	-0.370945
0.105674	-0.340893
0.0709116	-0.336801
0.042625	-0.327646
0.0680442	-0.344257
0.0609339	-0.357176
0.00652951	-0.367928
-0.0388225	-0.329297
-0.0422986	-0.345376
-0.0349289	-0.337405
-0.00746093	-0.309051
-0.00566055	-0.329534
0.00124944	-0.322323
0.00840651	-0.318036
0.0237662	-0.328357
0.0543532	-0.329889
0.0490684	-0.31849
0.0358379	-0.311306
0.0314087	-0.29665
0.0421158	-0.291274
0.070728	-0.325694
0.0460738	-0.274746
0.0441284	-0.335065
0.0274795	-0.322274
0.0214064	-0.323845
-0.00117277	-0.344794
0.0124824	-0.31227
0.0356968	-0.305545
0.0660936	-0.342623
0.0644655	-0.337602
0.0715128	-0.356048
0.080826	-0.337312
0.0835118	-0.29436
0.0810645	-0.308175
0.0919487	-0.318652
0.0661715	-0.326748
0.0465671	-0.344993
0.0795699	-0.310075
0.0730403	-0.318027
0.0681995	-0.335716
0.0355469	-0.347065
0.0365987	-0.33673
0.0283358	-0.334601
0.0285177	-0.334521
0.0392326	-0.350398
0.0464963	-0.358736
0.0459009	-0.341158
0.0547166	-0.363367
0.0564381	-0.320746
0.0524553	-0.311496
0.053079	-0.316931
0.0456072	-0.33027
0.0558452	-0.27971
0.0628988	-0.343098
0.0631621	-0.327458
0.0331192	-0.324818
0.0406362	-0.327199
0.0405251	-0.327163
0.034385	-0.320067
0.0223802	-0.321479
0.0295552	-0.321928
0.00781451	-0.317876
0.033062	-0.310061
0.0262518	-0.294567
0.00710797	-0.340758
0.0473925	-0.297063
0.0457083	-0.316157
0.0558327	-0.333363
0.0303765	-0.334834
0.00775944	-0.319099
0.000853771	-0.283974
-0.011391	-0.289571
0.0199348	-0.31778
0.0197247	-0.317817
0.0286735	-0.312874
0.0189292	-0.3263
0.0257185	-0.338655
0.0246539	-0.331053
0.0106859	-0.339609
0.0133319	-0.34762
0.00636541	-0.335569
-0.00291577	-0.320386
-0.00785595	-0.328984
-0.00279966	-0.330719
0.0125379	-0.356727
0.0224113	-0.363499
-0.00689899	-0.329463
-0.00654194	-0.328244
-0.00785348	-0.321892
0.00372836	-0.353027
-0.0167715	-0.322868
-0.0280407	-0.311556
-0.022094	-0.314035
-0.0188714	-0.318301
-0.020922	-0.34565
-0.0221327	-0.334166
-0.0194723	-0.334311
-0.0208664	-0.325519
-0.028676	-0.324959
-0.0300438	-0.364699
-0.0311825	-0.351109
-0.0501567	-0.35917
-0.0503939	-0.342339
-0.0533848	-0.340928
-0.0496187	-0.345159
-0.0719282	-0.322556
-0.0585011	-0.335017
-0.0375067	-0.321041
-0.0531633	-0.351861
-0.0591024	-0.313588
-0.0703948	-0.314126
-0.0709582	-0.336169
-0.08124	-0.333626
-0.056599	-0.299031
-0.060008	-0.313339
-0.0454971	-0.316034
-0.0421224	-0.305637
-0.0280913	-0.319898
-0.0319341	-0.336684
-0.0606731	-0.291129
-0.0771761	-0.312024
-0.0640983	-0.30273
-0.0656549	-0.330265
-0.0557982	-0.325049
-0.0405323	-0.315261
-0.0361913	-0.328074
-0.0402054	-0.313935
-0.0973871	-0.311995
-0.101752	-0.30896
-0.070019	-0.295667
-0.0491193	-0.309563
-0.102389	-0.262869
-0.119844	-0.265701
-0.110857	-0.286547
-0.11567	-0.283498
-0.0802636	-0.325614
-0.104781	-0.316541
-0.0907583	-0.320693
-0.0983393	-0.313698
-0.125472	-0.305207
-0.103541	-0.267455
-0.114695	-0.279169
-0.122212	-0.290703
-0.128323	-0.323252
-0.121347	-0.332152
-0.131486	-0.336718
-0.157576	-0.351453
-0.117078	-0.332686
-0.125436	-0.323712
-0.111545	-0.329417
-0.108321	-0.322406
-0.0892995	-0.325365
-0.0880553	-0.316977
-0.0628525	-0.348015
-0.0877243	-0.332977
-0.0809776	-0.345928
-0.0745378	-0.326957
-0.0753167	-0.324662
-0.0927273	-0.349845
-0.0573552	-0.323515
-0.0631834	-0.305129
-0.069828	-0.30664
-0.0653798	-0.285184
-0.074303	-0.317814
-0.0695172	-0.319769
-0.0589545	-0.318083
-0.0911023	-0.288559
-0.0914996	-0.283264
-0.124905	-0.289385
-0.107885	-0.291391
-0.12835	-0.283244
-0.118011	-0.313742
-0.141553	-0.327718
-0.140416	-0.313271
-0.110378	-0.319135
-0.0962215	-0.344362
-0.0917707	-0.309083
-0.0541813	-0.306941
-0.0643892	-0.323052
-0.0825106	-0.312888
-0.0678209	-0.316098
-0.00256407	-0.271796
-0.00168407	-0.265207
0.00806269	-0.306443
-0.000564967	-0.33542
0.00101921	-0.33333
4.38397e-05	-0.332112
0.00704473	-0.341578
0.0134653	-0.325649
0.014973	-0.332095
-0.0139326	-0.313622
-0.00986092	-0.344922
0.036637	-0.326012
0.0348404	-0.325838
0.0401155	-0.328307
0.0462641	-0.326403
0.0608034	-0.342551
0.0405735	-0.269954
0.0494636	-0.281488
0.0525738	-0.300373
0.0669804	-0.314589
0.0395502	-0.343027
0.0525338	-0.275901
0.0569093	-0.304242
0.0201466	-0.327608
0.0140152	-0.297697
0.0561386	-0.323493
0.0508851	-0.343223
0.0700265	-0.373126
0.0540752	-0.354303
0.0503994	-0.329355
0.0265906	-0.346384
0.0608424	-0.29654
0.0423096	-0.318493
0.0678448	-0.318549
0.0700552	-0.320493
0.0599909	-0.332311
0.061605	-0.328557
0.0478582	-0.319352
0.00776498	-0.330326
-0.0158718	-0.356721
0.0374053	-0.32161
0.0459891	-0.328304
0.0878184	-0.282266
0.082241	-0.30071
0.117237	-0.2903
0.125937	-0.299895
0.11748	-0.323541
0.114366	-0.315252
0.122299	-0.304516
0.115547	-0.288881
0.122164	-0.274779
0.171942	-0.263565
0.20615	-0.257102
0.194397	-0.26121
0.193243	-0.25879
0.168641	-0.279838
0.160774	-0.297519
0.156349	-0.289217
0.148746	-0.290935
0.176783	-0.345581
0.177011	-0.328409
0.191711	-0.258401
0.188313	-0.263507
0.208263	-0.322556
0.184296	-0.302124
0.184094	-0.340083
0.162879	-0.312376
0.170966	-0.296566
0.187132	-0.258953
0.20382	-0.20904
0.189561	-0.237594
0.196704	-0.241684
0.193092	-0.245821
0.197394	-0.252412
0.195385	-0.249172
0.195784	-0.232737
0.232316	-0.243082
0.274265	-0.23564
0.253605	-0.198079
0.241594	-0.210044
0.27072	-0.199414
0.267332	-0.196929
0.249204	-0.202137
0.252749	-0.228822
0.291225	-0.209206
0.259183	-0.164776
0.280179	-0.120556
0.31295	-0.132226
0.298406	-0.122041
0.273276	-0.11667
0.263112	-0.112565
0.273915	-0.125303
0.277996	-0.116823
0.258546	-0.132692
0.262398	-0.135991
0.276031	-0.135312
0.295052	-0.139859
0.276722	-0.166253
0.263126	-0.182222
0.26398	-0.188351
0.266346	-0.183252
0.293927	-0.144209
0.258962	-0.140761
0.309147	-0.177093
0.300705	-0.20523
0.29005	-0.190335
0.288962	-0.202353
0.273499	-0.220072
0.247231	-0.210069
0.233633	-0.197522
0.239018	-0.204776
0.241443	-0.2105
0.248777	-0.209836
0.207736	-0.171284
0.23513	-0.188341
0.24231	-0.200105
0.25183	-0.20793
0.255301	-0.214684
0.237513	-0.217
0.238179	-0.218619
0.226823	-0.221189
0.229516	-0.275528
0.180861	-0.260878
0.182064	-0.264643
0.184234	-0.245855
0.169844	-0.263697
0.150479	-0.269933
0.16368	-0.285319
0.161979	-0.299356
0.159875	-0.272594
0.198481	-0.279521
0.193587	-0.272846
0.188542	-0.268345
0.192186	-0.267065
0.193551	-0.274045
0.190549	-0.263673
0.200908	-0.285744
0.171337	-0.313405
0.170933	-0.329474
0.161561	-0.278625
0.151276	-0.283984
0.131281	-0.280269
0.115835	-0.277146
0.0863102	-0.31735
0.0568521	-0.302267
0.0430902	-0.307985
0.0142236	-0.31402
0.0138579	-0.311611
-0.00478295	-0.327922
-0.00482336	-0.328283
-0.029138	-0.334152
-0.018635	-0.321286
0.00154254	-0.336521
0.00434316	-0.337666
0.037513	-0.346738
0.0518512	-0.324964
0.0528683	-0.320468
0.0438624	-0.315582
0.026146	-0.31531
0.00715388	-0.311837
0.0251447	-0.339477
0.0207425	-0.319706
0.0307992	-0.323534
0.0529252	-0.312508
0.0688798	-0.309375
0.0500022	-0.325581
0.0626393	-0.314856
0.0335879	-0.336656
0.05705	-0.318667
0.0681141	-0.331187
0.074476	-0.327537
0.0509718	-0.330427
0.049937	-0.328953
0.0487149	-0.329885
0.0598105	-0.314961
0.0694086	-0.287363
0.0614069	-0.281816
0.0704257	-0.300368
0.0500686	-0.293667
0.0501946	-0.309049
0.0847529	-0.294263
0.0936423	-0.299337
0.0745649	-0.28027
0.0792116	-0.299103
0.0798911	-0.296426
0.0448297	-0.288958
0.0211839	-0.301606
0.0527697	-0.331308
0.0442499	-0.295872
0.068057	-0.316972
0.0837206	-0.325126
0.0934049	-0.310758
0.0973424	-0.341266
0.0966892	-0.334755
0.0946897	-0.322204
0.0941096	-0.293522
0.0867059	-0.291273
0.0512235	-0.286046
0.0120306	-0.274929
0.00707442	-0.290867
0.0121871	-0.302453
0.0394719	-0.29299
0.0301068	-0.292814
0.0631042	-0.321894
0.0430813	-0.343476
0.0394557	-0.331823
0.00298963	-0.316305
-0.0108438	-0.323414
-0.0147958	-0.3179
-0.024875	-0.315405
-0.0563681	-0.344346
-0.0579537	-0.338378
-0.0485303	-0.337931
-0.0552763	-0.333869
-0.0547595	-0.326879
-0.0684228	-0.325059
-0.0754464	-0.336945
-0.0516589	-0.311104
-0.0585904	-0.297217
-0.0535579	-0.317378
-0.0474407	-0.328995
-0.0633278	-0.314919
-0.000728801	-0.336957
-5.68906e-06	-0.332549
0.00764788	-0.375865
0.00570004	-0.350567
-0.0127409	-0.302879
-0.00709561	-0.282006
-0.0443193	-0.258167
-0.044505	-0.320343
-0.0400024	-0.322558
-0.0305419	-0.330218
-0.0105957	-0.31768
-0.0178409	-0.341413
-0.0520131	-0.330639
-0.0490892	-0.325591
-0.0674917	-0.347156
-0.083418	-0.314151
-0.079633	-0.318925
-0.0884667	-0.32825
-0.0872236	-0.321437
-0.0564071	-0.350041
-0.0350495	-0.343663
-0.0342048	-0.342241
-0.0324204	-0.33468
-0.0325291	-0.302606
-0.038178	-0.292333
-0.0160525	-0.270043
-0.0185617	-0.308496
-0.0016167	-0.294173
-0.011525	-0.312016
-0.0360098	-0.323389
-0.0398623	-0.311451
-0.0321517	-0.31217
-0.0316286	-0.318641
-0.0498659	-0.298686
-0.0244257	-0.316769
-0.0163254	-0.300077
-0.0208102	-0.308715
-0.0214245	-0.317487
-0.0381041	-0.305457
-0.0405246	-0.323785
-0.0346827	-0.298328
-0.0394309	-0.312594
-0.0406566	-0.311541
-0.0262484	-0.341383
-0.0020912	-0.328153
0.0167977	-0.31521
0.039551	-0.330037
0.0545331	-0.382785
0.0553272	-0.332654
0.0598927	-0.314836
0.000109061	-0.310528
0.00234825	-0.321379
0.00368439	-0.325895
0.0311536	-0.320942
0.023645	-0.321812
0.0266771	-0.314917
0.0257205	-0.330114
0.0130025	-0.334519
0.00910522	-0.346181
0.00500485	-0.351175
0.024282	-0.301724
0.0265122	-0.31415
0.000727481	-0.347048
0.00618566	-0.340497
0.00583269	-0.349985
-0.0394253	-0.35847
-0.0363914	-0.339711
-0.0218104	-0.349612
-0.0281433	-0.32797
-0.0360898	-0.325354
-0.00219016	-0.34688
-0.0408965	-0.347925
-0.0572639	-0.29701
-0.0469458	-0.2916
-0.0290725	-0.311327
0.0137946	-0.294146
0.0210639	-0.293261
0.0354543	-0.293445
0.03732	-0.308682
0.0652353	-0.325325
0.0759596	-0.319517
0.0868318	-0.326736
0.077191	-0.32297
0.0660308	-0.310556
0.0615372	-0.280903
0.0536923	-0.258724
0.0643565	-0.276937
0.0617908	-0.285389
0.0495398	-0.327188
0.0488633	-0.328253
0.0440897	-0.313022
0.0948279	-0.285854
0.0748569	-0.281055
0.0874241	-0.293903
0.0761779	-0.267951
0.09822	-0.278589
0.10809	-0.305862
0.109056	-0.301827
0.110314	-0.305037
0.101719	-0.312587
0.0941074	-0.309343
0.100459	-0.315216
0.122456	-0.307191
0.138617	-0.299838
0.098995	-0.308529
0.0870325	-0.305049
0.0865621	-0.292448
0.0896186	-0.301383
0.102893	-0.324684
0.0641129	-0.250898
0.0715906	-0.282695
0.0583584	-0.282215
0.0908078	-0.256508
0.0769669	-0.30028
0.081528	-0.321093
0.0826404	-0.317473
0.0791793	-0.317961
0.0626093	-0.318508
0.0722208	-0.308643
0.0690616	-0.311013
0.0911539	-0.32849
0.120089	-0.306517
0.143585	-0.313822
0.138444	-0.302943
0.137794	-0.300095
0.163801	-0.277442
0.141852	-0.277081
0.136703	-0.268311
0.112749	-0.29087
0.150022	-0.306344
0.15918	-0.308637
0.185564	-0.276351
0.181154	-0.27042
0.160893	-0.271609
0.169098	-0.246854
0.131597	-0.264446
0.1319	-0.255236
0.137028	-0.279231
0.151063	-0.291097
0.176894	-0.257211
0.157439	-0.286736
0.14213	-0.270472
0.121344	-0.275545
0.119364	-0.290516
0.124953	-0.289124
0.110501	-0.280428
0.11563	-0.295474
0.119249	-0.283369
0.125814	-0.281027
0.16164	-0.263406
0.170099	-0.268183
0.181318	-0.261258
0.15069	-0.28571
0.119064	-0.295939
0.109016	-0.292355
0.103241	-0.298934
0.108663	-0.293198
0.127042	-0.277006
0.132365	-0.290228
0.132618	-0.307394
0.126301	-0.276122
0.103818	-0.293102
0.0986586	-0.277781
0.102822	-0.336758
0.139511	-0.323007
0.166521	-0.339234
0.169093	-0.307283
0.163084	-0.301078
0.140743	-0.292382
0.154522	-0.275662
0.161432	-0.303382
0.157485	-0.306919
0.162317	-0.307476
0.140505	-0.290322
0.139522	-0.291732
0.157408	-0.29402
0.145497	-0.25377
0.158886	-0.296283
0.165303	-0.296542
0.180938	-0.262467
0.177394	-0.271334
0.147066	-0.274822
0.148783	-0.255827
0.138861	-0.269945
0.174066	-0.263274
0.19808	-0.258635
0.204503	-0.251086
0.19679	-0.255414
0.198491	-0.263972
0.181527	-0.260348
0.168047	-0.26254
0.185194	-0.279359
0.182894	-0.274594
0.183173	-0.280035
0.169812	-0.279072
0.160414	-0.309565
0.146687	-0.294562
0.142433	-0.279773
0.150744	-0.278103
0.162673	-0.266707
0.15557	-0.271225
0.176433	-0.2211
0.200207	-0.270561
0.194015	-0.283841
0.151606	-0.303295
0.131179	-0.286804
0.123625	-0.292996
0.118171	-0.280607
0.125342	-0.27948
0.13809	-0.298929
0.138762	-0.314511
0.142048	-0.292096
0.161037	-0.306567
0.12471	-0.344012
0.113896	-0.321024
0.149821	-0.334804
0.0934178	-0.306524
0.126899	-0.323251
0.114594	-0.311766
0.137579	-0.330649
0.183037	-0.292139
0.17139	-0.278523
0.179981	-0.312433
0.18293	-0.302641
0.172708	-0.296748
0.154655	-0.292056
0.158658	-0.280111
0.130356	-0.259948
0.156191	-0.2698
0.149845	-0.242506
0.161753	-0.267253
0.179069	-0.265088
0.166272	-0.279897
0.189589	-0.280906
0.257336	-0.288288
0.23044	-0.289894
0.241191	-0.229432
0.234091	-0.216477
0.273574	-0.209167
0.246407	-0.251464
0.22635	-0.265599
0.167613	-0.269067
0.161689	-0.278269
0.176119	-0.251224
0.181988	-0.257324
0.18814	-0.233849
0.189684	-0.22898
0.20606	-0.215552
0.232108	-0.192795
0.249687	-0.196131
0.295838	-0.175633
0.27599	-0.168528
0.280228	-0.171752
0.276645	-0.170854
0.286348	-0.170353
0.288347	-0.163825
0.289638	-0.152947
0.301355	-0.151486
0.301723	-0.142644
0.284166	-0.160305
0.311886	-0.160675
0.326204	-0.156791
0.309896	-0.160349
0.330513	-0.164401
0.294757	-0.157569
0.295954	-0.157796
0.303211	-0.15025
0.286153	-0.149839
0.28021	-0.146235
0.270207	-0.125078
0.282098	-0.129703
0.283944	-0.132103
0.296818	-0.152481
0.283595	-0.151554
0.301371	-0.177013
0.291805	-0.171405
0.305511	-0.145843
0.290821	-0.148544
0.32591	-0.135718
0.315017	-0.130892
0.336296	-0.106248
0.32328	-0.0736824
0.322327	-0.0753655
0.333352	-0.0667895
0.326158	-0.0278991
0.355105	-0.031438
0.326695	-0.0133215
0.321694	-0.011358
0.320939	-0.0611045
0.316731	-0.0398581
0.306851	-0.0231626
0.334106	-0.0105183
0.37897	-0.0476295
0.32927	-0.0423202
0.332153	-0.0399059
0.305853	-0.02532
0.324744	-0.00841437
0.307849	-0.0398818
0.319372	-0.048439
0.328436	-0.0601274
0.32687	-0.0634448
0.329986	-0.0722618
0.313355	-0.0967266
0.31486	-0.143711
0.342709	-0.135918
0.323513	-0.14889
0.308948	-0.145271
0.331285	-0.100896
0.313418	-0.106734
0.323525	-0.096104
0.292744	-0.0759826
0.304635	-0.0764016
0.30956	-0.0804548
0.293183	-0.0855093
0.302767	-0.0975925
0.295726	-0.12986
0.309147	-0.119769
0.347254	-0.101004
0.330864	-0.0966043
0.342061	-0.0859785
0.335449	-0.0763772
0.32417	-0.0769661
0.325609	-0.0484595
0.331438	-0.076603
0.345075	-0.109576
0.348012	-0.118478
0.333039	-0.111151
0.308414	-0.0939314
0.308318	-0.0953773
0.320226	-0.107543
0.271144	-0.114212
0.282566	-0.0508991
0.28899	-0.0737555
0.300508	-0.0821303
0.338755	-0.067247
0.328232	-0.0646111
0.355001	-0.0629768
0.322328	-0.02745
0.329125	-0.0407115
0.3281	-0.00495676
0.315211	-0.00448659
0.346154	0.0365325
0.289576	0.00588601
0.315763	0.00507586
0.306359	0.00539177
0.327256	0.0529262
0.328596	0.0762553
0.345523	0.0955648
0.319666	0.0881772
0.318849	0.0789136
0.321235	0.0953535
0.307058	0.0908839
0.324548	0.116471
0.328992	0.125654
0.320033	0.13029
0.290284	0.126844
0.296779	0.135591
0.287524	0.147729
0.284162	0.158824
0.261082	0.133595
0.291553	0.136463
0.268673	0.147501
0.25347	0.159137
0.313621	0.172013
0.314513	0.142915
0.313825	0.121218
0.282018	0.128505
0.264278	0.0862857
0.337168	0.0600033
0.343999	0.0677736
0.332377	0.0654939
0.380298	0.0371914
0.387497	0.0487142
0.36465	0.0417323
0.35969	0.0173455
0.352931	0.0382217
0.341076	0.0330742
0.33661	0.03868
0.347939	0.0405123
0.347292	0.052985
0.32833	0.0480804
0.357457	0.00452907
0.335997	0.0166791
0.347759	0.0141707
0.350417	0.0482138
0.344254	0.051772
0.315462	0.0769237
0.291427	0.0960607
0.296215	0.146677
0.309394	0.105727
0.270362	0.0969218
0.29147	0.10823
0.288522	0.0977331
0.31996	0.0503148
0.360529	0.0510488
0.339624	0.0468465
0.35298	0.0532505
0.365374	0.0367401
0.350204	0.0306456
0.333279	0.0317892
0.328742	0.0286406
0.332524	0.0305137
0.35494	0.0139511
0.355528	0.00188656
0.322188	0.0141792
0.318839	-0.00764566
0.302972	-0.00992254
0.289951	-0.0276968
0.282344	-0.00211712
0.306658	0.0115184
0.314524	0.0108743
0.362107	0.0212533
0.340356	0.0225966
0.333155	0.00821036
0.325378	0.0269425
0.326285	0.0643406
0.330934	0.0840389
0.360758	0.0949939
0.361529	0.0851425
0.348068	0.0802784
0.337332	0.0312146
0.305231	0.0211295
0.355805	0.0513225
0.356566	0.0541372
0.366196	0.0247803
0.353878	0.0012769
0.34024	0.00195985
0.343074	0.00120237
0.3099	-0.0198137
0.307276	-0.0211751
0.318725	-0.0162246
0.323374	-0.0165527
0.354669	-0.0281318
0.348175	-0.0278644
0.359632	-0.0398484
0.337367	-0.0378263
0.316361	-0.0469854
0.31415	-0.044941
0.31103	-0.037119
0.325441	-0.0358393
0.326014	-0.0320067
0.312012	-0.0730125
0.323411	-0.0779681
0.319633	-0.0804723
0.329663	-0.08488
0.331296	-0.0951751
0.321304	-0.111187
0.31354	-0.148663
0.298023	-0.162657
0.288941	-0.150494
0.285361	-0.146894
0.266638	-0.132126
0.283261	-0.126402
0.283694	-0.130463
0.289859	-0.133584
0.292137	-0.109704
0.310012	-0.112127
0.318759	-0.12878
0.316731	-0.0790424
0.34943	-0.0772639
0.337822	-0.0808047
0.301564	-0.0677733
0.290441	-0.0340274
0.333251	0.00940831
0.32958	0.0102884
0.32799	0.0222881
0.323851	0.0353766
0.349982	0.0331085
0.350526	0.0419522
0.339391	0.0308111
0.327372	0.0334001
0.323396	0.0195183
0.339663	0.0249246
0.317921	0.0373705
0.327873	0.0439003
0.341589	0.0507039
0.334495	0.0535257
0.337776	0.0811057
0.327661	0.0938376
0.341005	0.0743138
0.317352	0.0707089
0.32634	0.0860081
0.333643	0.0804536
0.355649	0.108419
0.343591	0.112589
0.301956	0.0883876
0.317476	0.100926
0.310992	0.0961281
0.310842	0.0857353
0.318331	0.102651
0.317153	0.0773229
0.321576	0.0856406
0.295404	0.0838352
0.30377	0.088946
0.28382	0.114502
0.34101	0.125542
0.334036	0.123227
0.316029	0.119712
0.311734	0.128058
0.310352	0.156108
0.297799	0.132539
0.303126	0.117481
0.26799	0.107944
0.329049	0.134454
0.325894	0.108866
0.303509	0.120983
0.298491	0.113252
0.277262	0.129571
0.277287	0.122098
0.276279	0.137265
0.290724	0.138601
0.303998	0.148917
0.309444	0.154852
0.305721	0.152335
0.333719	0.13003
0.288715	0.11772
0.279196	0.102748
0.295046	0.1043
0.31808	0.125937
0.298372	0.0959783
0.302695	0.115316
0.321073	0.127289
0.310719	0.122361
0.318119	0.134135
0.313373	0.140021
0.319724	0.103741
0.331575	0.135669
0.267238	0.179417
0.28075	0.191241
0.244218	0.218573
0.242752	0.225402
0.25141	0.231821
0.229973	0.226768
0.22773	0.236841
0.207005	0.22274
0.214155	0.230153
0.217765	0.254974
0.235078	0.212181
0.24349	0.208453
0.258209	0.210389
0.248582	0.197385
0.267483	0.202467
0.278501	0.167832
0.243807	0.174162
0.247073	0.16602
0.285076	0.160262
0.282716	0.143385
0.264042	0.15241
0.285809	0.172546
0.256126	0.158108
0.26241	0.152359
0.27753	0.153231
0.245778	0.168966
0.26302	0.18223
0.258732	0.190568
0.276916	0.177648
0.27484	0.202696
0.238569	0.171388
0.244829	0.191344
0.289607	0.162253
0.264654	0.116603
0.287401	0.126326
0.284263	0.162182
0.294449	0.169823
0.288809	0.166557
0.284139	0.167545
0.28857	0.166563
0.256268	0.16643
0.325765	0.189746
0.325892	0.164544
0.291363	0.202919
0.276709	0.171604
0.313737	0.183989
0.284255	0.170288
0.291817	0.156342
0.292285	0.170355
0.293539	0.178363
0.293934	0.184507
0.287506	0.17634
0.276911	0.180231
0.314342	0.169483
0.32588	0.139841
0.313489	0.141772
0.315364	0.133732
0.313475	0.10166
0.31044	0.0989902
0.30497	0.0975648
0.306947	0.121652
0.305342	0.120248
0.302061	0.149647
0.317913	0.158872
0.33358	0.165387
0.281319	0.154609
0.295961	0.190423
0.298615	0.184105
0.299891	0.180304
0.298927	0.172149
0.241589	0.189877
0.246268	0.182625
0.255113	0.206412
0.233308	0.166754
0.233803	0.17697
0.257119	0.187699
0.325036	0.186412
0.304186	0.184713
0.302235	0.149542
0.276677	0.130288
0.260097	0.141329
0.279084	0.141518
0.283079	0.159692
0.268704	0.169772
0.234975	0.163553
0.281465	0.167519
0.281168	0.167392
0.263522	0.168591
0.265476	0.172344
0.310039	0.153332
0.300982	0.149195
0.304768	0.123716
0.282414	0.124427
0.283957	0.129343
0.321108	0.134297
0.313765	0.143263
0.303756	0.164477
0.286785	0.152013
0.299621	0.169355
0.291384	0.186346
0.276011	0.160572
0.248507	0.144296
0.264736	0.15384
0.273586	0.160031
0.264554	0.163453
0.268299	0.176593
0.272233	0.177087
0.254306	0.146474
0.278097	0.152583
0.285508	0.14333
0.296249	0.147724
0.293022	0.146772
0.300704	0.165674
0.306807	0.171833
0.296828	0.164689
0.270592	0.143583
0.287122	0.135573
0.297761	0.143149
0.305832	0.13723
0.303243	0.13798
0.303641	0.136599
0.295731	0.0984598
0.289671	0.095558
0.300171	0.0990541
0.303539	0.133517
0.309158	0.14546
0.330101	0.136104
0.343013	0.170186
0.321493	0.157145
0.315587	0.166009
0.288533	0.165418
0.243953	0.159463
0.256852	0.170885
0.274256	0.213859
0.239933	0.21989
0.279464	0.231761
0.264734	0.21362
0.264761	0.219283
0.27686	0.189456
0.272335	0.196812
0.293681	0.238702
0.279652	0.22383
0.278229	0.218155
0.275819	0.190032
0.337713	0.191791
0.284382	0.203806
0.270825	0.208729
0.277765	0.217146
0.268003	0.209447
0.23309	0.237468
0.225654	0.256779
0.211798	0.268409
0.216765	0.270089
0.220751	0.255286
0.222568	0.246751
0.221237	0.264459
0.216694	0.257216
0.196258	0.282149
0.161292	0.295785
0.156459	0.288023
0.16076	0.292849
0.197121	0.29626
0.215871	0.275866
0.200233	0.251174
0.192347	0.245367
0.189533	0.280583
0.171871	0.216229
0.172502	0.225911
0.203204	0.237095
0.197747	0.231866
0.221202	0.21133
0.22903	0.217022
0.238033	0.207594
0.261023	0.238029
0.269674	0.252697
0.279385	0.239198
0.272475	0.220929
0.298049	0.210391
0.286347	0.198462
0.278596	0.192241
0.249006	0.159204
0.277127	0.160439
0.286411	0.178214
0.301053	0.166813
0.262819	0.148078
0.274565	0.154567
0.287595	0.161577
0.269993	0.135467
0.239102	0.143755
0.230457	0.173597
0.24568	0.186825
0.228653	0.161616
0.284041	0.221945
0.291104	0.214551
0.281131	0.222492
0.269462	0.222723
0.258622	0.220634
0.247519	0.203233
0.221986	0.229172
0.239884	0.244172
0.23675	0.241972
0.233391	0.253662
0.214625	0.255836
0.199559	0.277721
0.193702	0.20772
0.208668	0.223548
0.20691	0.231836
0.221187	0.247858
0.194531	0.220924
0.250007	0.210168
0.224076	0.190811
0.223552	0.194565
0.230903	0.208906
0.234952	0.212123
0.21419	0.184593
0.261846	0.180895
0.286155	0.177392
0.281344	0.174582
0.306205	0.183962
0.294808	0.177178
0.286187	0.171434
0.296918	0.138736
0.285489	0.136383
0.304871	0.125182
0.29686	0.108727
0.289897	0.113931
0.297561	0.116893
0.299112	0.117238
0.313534	0.138093
0.326621	0.100154
0.3084	0.0943066
0.310738	0.0948751
0.283995	0.101789
0.265607	0.114812
0.293185	0.0842503
0.302097	0.0864274
0.347244	0.0532995
0.325831	0.04094
0.335952	0.0196663
0.397987	-0.0118361
0.356358	0.0159309
0.320488	0.0406661
0.341786	0.0113483
0.330199	0.0110871
0.357596	0.00648048
0.340343	0.00791325
0.347564	-0.0122344
0.331416	-0.010185
0.285707	0.0307181
0.338602	0.026814
0.306618	0.00711591
0.314574	0.0509586
0.346467	0.022897
0.342503	0.025301
0.300513	0.0620371
0.309141	0.0742819
0.322578	0.0672138
0.335081	0.0774815
0.344492	0.0660721
0.328398	0.0887631
0.326551	0.06223
0.3225	0.0552485
0.320993	0.0542328
0.334626	0.0770059
0.324013	0.0784229
0.325601	0.0791936
0.319919	0.0816548
0.313802	0.0904964
0.31792	0.0512074
0.34037	0.0657804
0.342593	0.0868093
0.330947	0.0801227
0.319702	0.0714017
0.3183	0.0729581
0.316601	0.0754613
0.317884	0.07565
0.329454	0.0755182
0.314921	0.063346
0.31334	0.0486407
0.307791	0.0966436
0.312003	0.1065
0.311636	0.102852
0.337602	0.126642
0.326332	0.109558
0.297142	0.110396
0.279846	0.0975642
0.26969	0.110408
0.300172	0.0953307
0.313121	0.10808
0.311222	0.107465
0.302794	0.0970656
0.31182	0.110942
0.312671	0.116477
0.324932	0.108032
0.297414	0.0806631
0.29178	0.081571
0.312659	0.0821903
0.315906	0.0792487
0.294135	0.0822085
0.277044	0.0861952
0.270766	0.0949308
0.28576	0.105101
0.288233	0.109685
0.300653	0.0806541
0.317374	0.077934
0.311948	0.0724989
0.323038	0.100269
0.290369	0.105948
0.317308	0.114714
0.331218	0.0915147
0.314251	0.0959717
0.273968	0.10221
0.302683	0.10188
0.31739	0.105614
0.314853	0.117169
0.298883	0.136504
0.29492	0.145219
0.295685	0.145787
0.296017	0.152354
0.293178	0.129605
0.298138	0.121846
0.297341	0.124886
0.303437	0.127665
0.361574	0.122998
0.355234	0.07696
0.351126	0.0901177
0.345461	0.0713098
0.326681	0.0609443
0.315118	0.0636522
0.326299	0.10609
0.325947	0.124828
0.325953	0.10763
0.348483	0.144463
0.368754	0.160236
0.319703	0.131673
0.32831	0.118632
0.275417	0.121239
0.308139	0.129981
0.301185	0.115885
0.326622	0.0898614
0.29564	0.108644
0.286291	0.107915
0.269999	0.109441
0.286219	0.112117
0.281604	0.147911
0.312086	0.162047
0.288715	0.185191
0.271517	0.159497
0.278701	0.169975
0.260922	0.148456
0.271128	0.176304
0.272207	0.177091
0.219288	0.172169
0.23838	0.185879
0.222348	0.158658
0.244105	0.169856
0.257236	0.178975
0.238806	0.129101
0.288262	0.155735
0.28743	0.155889
0.293008	0.147917
0.294364	0.148094
0.292428	0.148333
0.290126	0.148504
0.297879	0.168463
0.314845	0.1774
0.300363	0.176895
0.289104	0.171058
0.284	0.168365
0.290032	0.172957
0.292218	0.170439
0.31362	0.176408
0.351433	0.144393
0.316666	0.132201
0.309111	0.134552
0.279944	0.140923
0.273499	0.0891532
0.312624	0.10257
0.29805	0.110572
0.306512	0.106665
0.308672	0.0965747
0.308841	0.0955327
0.330913	0.0749836
0.335843	0.0728373
0.325397	0.087206
0.305173	0.112954
0.311937	0.124497
0.315637	0.106915
0.312804	0.115159
0.309426	0.117498
0.293805	0.105723
0.316594	0.0966339
0.329713	0.0702209
0.326634	0.0770029
0.302354	0.0760151
0.290949	0.0942188
0.316964	0.0764993
0.275065	0.0542964
0.262519	0.0744465
0.319953	0.0937275
0.286226	0.0843955
0.26917	0.10828
0.261504	0.130789
0.27163	0.112526
0.313828	0.135844
0.307499	0.126765
0.320879	0.119354
0.319351	0.0820098
0.345988	0.0964525
0.324041	0.115585
0.284587	0.0796876
0.301758	0.0734593
0.308934	0.0785795
0.327197	0.0878377
0.336307	0.104328
0.318149	0.079547
0.298418	0.0622071
0.295236	0.0724387
0.276181	0.112598
0.280319	0.0790021
0.318833	0.131019
0.343383	0.125825
0.325205	0.11934
0.303094	0.13018
0.273677	0.131374
0.298052	0.137391
0.295362	0.134369
0.330402	0.139226
0.27711	0.165499
0.247708	0.19269
0.233553	0.210411
0.248979	0.214383
0.248402	0.21389
0.263411	0.208406
0.250322	0.199215
0.261602	0.17159
0.268339	0.177359
0.282052	0.183406
0.288497	0.164782
0.291488	0.16249
0.275287	0.165418
0.304072	0.183882
0.293688	0.177132
0.308182	0.18755
0.31126	0.22401
0.270414	0.172272
0.279039	0.206943
0.267224	0.206027
0.254359	0.209079
0.259023	0.202384
0.260068	0.190643
0.297554	0.212555
0.279344	0.218759
0.249054	0.187615
0.284404	0.22199
0.252605	0.222639
0.249795	0.221468
0.237165	0.227585
0.238149	0.212783
0.251381	0.200704
0.244759	0.217281
0.214978	0.165209
0.235376	0.181557
0.270728	0.198956
0.248896	0.149142
0.259827	0.165948
0.263808	0.199841
0.256542	0.192771
0.276838	0.213537
0.274315	0.20591
0.281437	0.19077
0.289662	0.162742
0.333839	0.135999
0.336422	0.133481
0.342115	0.122184
0.344235	0.141355
0.323518	0.133232
0.301484	0.134387
0.30096	0.132883
0.301807	0.128508
0.301957	0.127665
0.300643	0.153685
0.295314	0.162622
0.298862	0.179377
0.310673	0.176701
0.264922	0.164356
0.25811	0.160176
0.259707	0.160168
0.284294	0.172363
0.250003	0.190089
0.258729	0.202907
0.266546	0.206009
0.232876	0.185955
0.27585	0.134072
0.29662	0.151342
0.274055	0.164942
0.276104	0.167959
0.291712	0.180027
0.284689	0.175683
0.287417	0.175736
0.280083	0.179921
0.257403	0.169797
0.2784	0.199041
0.263588	0.160431
0.268423	0.192647
0.267391	0.193145
0.259828	0.146263
0.264852	0.16542
0.25055	0.169614
0.251171	0.178922
0.21757	0.187433
0.233059	0.17762
0.274196	0.203192
0.261994	0.206808
0.274824	0.212088
0.268539	0.199512
0.267783	0.172345
0.280796	0.16829
0.299331	0.18305
0.26918	0.177744
0.280087	0.18662
0.26538	0.180433
0.266877	0.186969
0.245743	0.229185
0.243667	0.231037
0.216141	0.231322
0.208099	0.260109
0.206038	0.256519
0.209969	0.272178
0.206913	0.264466
0.203802	0.25474
