#1 AntPos X	#2 AntPos Y	#3 Distance form nest	#4 Total Distance	#5 Total Y Distance
-0.0120273	-0.0444302	0.0460293	0.0460293	-0.0444302
-0.0291122	-0.111126	0.114876	0.114876	-0.111126
-0.0359299	-0.188786	0.192174	0.192174	-0.188786
-0.0418432	-0.280878	0.283978	0.283978	-0.280878
-0.0486015	-0.382336	0.385413	0.385413	-0.382336
-0.0394785	-0.480763	0.482381	0.482381	-0.480763
-0.0337929	-0.574849	0.575841	0.575841	-0.574849
-0.0279987	-0.672779	0.673361	0.673361	-0.672779
-0.0101482	-0.76493	0.764997	0.764997	-0.76493
-0.000536199	-0.865493	0.865493	0.865493	-0.865493
0.00763022	-0.966284	0.966315	0.966315	-0.966284
0.0291978	-1.05793	1.05833	1.05833	-1.05793
0.0493311	-1.16083	1.16188	1.16188	-1.16083
0.0447077	-1.25707	1.25786	1.25786	-1.25707
0.0432598	-1.35736	1.35804	1.35804	-1.35736
0.0329476	-1.46316	1.46353	1.46353	-1.46316
0.0279127	-1.56049	1.56074	1.56074	-1.56049
0.017583	-1.66466	1.66476	1.66476	-1.66466
0.018746	-1.76669	1.76679	1.76679	-1.76669
0.0169528	-1.87411	1.87419	1.87419	-1.87411
0.014708	-1.97898	1.97904	1.97904	-1.97898
0.0214983	-2.07907	2.07918	2.07918	-2.07907
0.0139335	-2.177	2.17705	2.17705	-2.177
0.00622112	-2.27152	2.27153	2.27153	-2.27152
0.00121066	-2.36551	2.36551	2.36551	-2.36551
-0.00303317	-2.47038	2.47038	2.47038	-2.47038
-0.0149681	-2.57294	2.57298	2.57298	-2.57294
-0.0220222	-2.67868	2.67877	2.67877	-2.67868
-0.0275005	-2.78317	2.78331	2.78331	-2.78317
-0.0392105	-2.88157	2.88184	2.88184	-2.88157
-0.0439754	-2.9908	2.99112	2.99112	-2.9908
-0.0426459	-3.09063	3.09092	3.09092	-3.09063
-0.0403798	-3.18898	3.18923	3.18923	-3.18898
-0.0376947	-3.29701	3.29723	3.29723	-3.29701
-0.0335586	-3.4011	3.40127	3.40127	-3.4011
-0.0120701	-3.51518	3.51521	3.51521	-3.51518
0.0067598	-3.61143	3.61144	3.61144	-3.61143
0.0218939	-3.70793	3.70799	3.70799	-3.70793
0.0398195	-3.80846	3.80867	3.80867	-3.80846
0.0537667	-3.90689	3.90726	3.90726	-3.90689
0.060973	-4.00613	4.0066	4.0066	-4.00613
0.069033	-4.10742	4.108	4.108	-4.10742
0.0583909	-4.21275	4.21315	4.21315	-4.21275
0.0569039	-4.31238	4.31276	4.31276	-4.31238
0.0517571	-4.39661	4.39692	4.39692	-4.39661
0.0486996	-4.48725	4.48751	4.48751	-4.48725
0.0432603	-4.58804	4.58824	4.58824	-4.58804
0.0465081	-4.68337	4.6836	4.6836	-4.68337
0.0483167	-4.78058	4.78082	4.78082	-4.78058
0.042502	-4.86981	4.86999	4.86999	-4.86981
0.0408237	-4.96245	4.96262	4.96262	-4.96245
0.0376087	-5.04445	5.04459	5.04459	-5.04445
0.0271657	-5.14005	5.14012	5.14012	-5.14005
0.0159161	-5.23645	5.23647	5.23647	-5.23645
0.0188967	-5.32386	5.32389	5.32389	-5.32386
0.0184347	-5.42153	5.42156	5.42156	-5.42153
0.0175986	-5.52038	5.52041	5.52041	-5.52038
0.0174597	-5.62636	5.62639	5.62639	-5.62636
0.0160005	-5.72943	5.72946	5.72946	-5.72943
0.0184397	-5.83737	5.8374	5.8374	-5.83737
0.0234813	-5.93642	5.93647	5.93647	-5.93642
0.0230604	-6.03188	6.03192	6.03192	-6.03188
0.030658	-6.13076	6.13084	6.13084	-6.13076
0.0362741	-6.23234	6.23244	6.23244	-6.23234
0.0414727	-6.33525	6.33539	6.33539	-6.33525
0.0447831	-6.43589	6.43604	6.43604	-6.43589
0.0441603	-6.52882	6.52897	6.52897	-6.52882
0.0399045	-6.62363	6.62375	6.62375	-6.62363
0.0330415	-6.71753	6.71761	6.71761	-6.71753
0.0265586	-6.82081	6.82086	6.82086	-6.82081
0.0259602	-6.93139	6.93144	6.93144	-6.93139
0.0161876	-7.03508	7.0351	7.0351	-7.03508
0.00985563	-7.13141	7.13141	7.13141	-7.13141
0.00173368	-7.23234	7.23234	7.23234	-7.23234
-0.00107305	-7.33439	7.33439	7.33439	-7.33439
-0.00465879	-7.44093	7.44093	7.44093	-7.44093
-0.0110816	-7.53663	7.53663	7.53663	-7.53663
-0.0170031	-7.63408	7.6341	7.6341	-7.63408
-0.0152233	-7.73931	7.73932	7.73932	-7.73931
-0.0178603	-7.85258	7.8526	7.8526	-7.85258
-0.0155094	-7.96202	7.96204	7.96204	-7.96202
-0.0176207	-8.05388	8.0539	8.0539	-8.05388
-0.0197196	-8.14785	8.14788	8.14788	-8.14785
-0.0320793	-8.25316	8.25322	8.25322	-8.25316
-0.0342644	-8.35335	8.35342	8.35342	-8.35335
-0.0350007	-8.45327	8.45334	8.45334	-8.45327
-0.033808	-8.55201	8.55207	8.55207	-8.55201
-0.0181054	-8.64492	8.64494	8.64494	-8.64492
-0.00973463	-8.7434	8.7434	8.7434	-8.7434
-0.00231947	-8.8316	8.8316	8.8316	-8.8316
0.00409411	-8.92594	8.92594	8.92594	-8.92594
0.0086609	-9.02562	9.02563	9.02563	-9.02562
-0.00348022	-9.11651	9.11651	9.11651	-9.11651
-0.0152933	-9.21631	9.21632	9.21632	-9.21631
-0.0148721	-9.32592	9.32593	9.32593	-9.32592
-0.0099732	-9.42853	9.42853	9.42853	-9.42853
-0.0143014	-9.54171	9.54172	9.54172	-9.54171
-0.0262572	-9.64313	9.64316	9.64316	-9.64313
-0.0344834	-9.74799	9.74805	9.74805	-9.74799
-0.0375015	-9.85086	9.85093	9.85093	-9.85086
-0.0391548	-9.9534	9.95348	9.95348	-9.9534
-0.0299194	-10.0627	10.0628	10.0628	-10.0627
-0.0249791	-10.1691	10.1692	10.1692	-10.1691
-0.0181603	-10.2763	10.2763	10.2763	-10.2763
-0.0131737	-10.3871	10.3871	10.3871	-10.3871
-0.0169697	-10.4884	10.4885	10.4885	-10.4884
-0.0198607	-10.5891	10.5891	10.5891	-10.5891
-0.0174694	-10.6901	10.6901	10.6901	-10.6901
-0.0223124	-10.7954	10.7954	10.7954	-10.7954
-0.0313076	-10.8905	10.8906	10.8906	-10.8905
-0.0357075	-10.9813	10.9814	10.9814	-10.9813
-0.0399457	-11.0745	11.0746	11.0746	-11.0745
-0.0407518	-11.176	11.1761	11.1761	-11.176
-0.0330353	-11.2675	11.2675	11.2675	-11.2675
-0.0242545	-11.3696	11.3696	11.3696	-11.3696
-0.0208629	-11.4719	11.4719	11.4719	-11.4719
-0.0276798	-11.5686	11.5686	11.5686	-11.5686
-0.0330746	-11.6669	11.6669	11.6669	-11.6669
-0.0413669	-11.7652	11.7653	11.7653	-11.7652
-0.0448669	-11.8608	11.8609	11.8609	-11.8608
-0.0447365	-11.9578	11.9579	11.9579	-11.9578
-0.0459514	-12.068	12.0681	12.0681	-12.068
-0.0466924	-12.1801	12.1802	12.1802	-12.1801
-0.0468566	-12.281	12.281	12.281	-12.281
-0.0405971	-12.3793	12.3794	12.3794	-12.3793
-0.0354422	-12.48	12.4801	12.4801	-12.48
-0.0393741	-12.5855	12.5856	12.5856	-12.5855
-0.0290559	-12.6885	12.6885	12.6885	-12.6885
-0.0205311	-12.7887	12.7887	12.7887	-12.7887
-0.019261	-12.8875	12.8875	12.8875	-12.8875
-0.0144431	-12.9913	12.9913	12.9913	-12.9913
-0.00585082	-13.0916	13.0916	13.0916	-13.0916
0.0126984	-13.1945	13.1945	13.1945	-13.1945
0.027847	-13.2957	13.2957	13.2957	-13.2957
0.0438778	-13.3975	13.3976	13.3976	-13.3975
0.0590485	-13.5013	13.5014	13.5014	-13.5013
0.0700899	-13.61	13.6102	13.6102	-13.61
0.0781624	-13.7184	13.7187	13.7187	-13.7184
0.0848254	-13.8228	13.8231	13.8231	-13.8228
0.0931302	-13.9215	13.9218	13.9218	-13.9215
0.0992153	-14.0306	14.0309	14.0309	-14.0306
0.106066	-14.1329	14.1333	14.1333	-14.1329
0.109412	-14.2375	14.2379	14.2379	-14.2375
0.109552	-14.3402	14.3406	14.3406	-14.3402
0.107743	-14.4406	14.441	14.441	-14.4406
0.107383	-14.5356	14.536	14.536	-14.5356
0.101816	-14.6333	14.6336	14.6336	-14.6333
0.0879337	-14.7189	14.7191	14.7191	-14.7189
0.0716097	-14.8218	14.822	14.822	-14.8218
0.0533016	-14.93	14.9301	14.9301	-14.93
0.0554852	-15.0336	15.0337	15.0337	-15.0336
0.0474344	-15.1225	15.1226	15.1226	-15.1225
0.0405322	-15.2135	15.2135	15.2135	-15.2135
0.0311838	-15.3083	15.3083	15.3083	-15.3083
0.03263	-15.4098	15.4099	15.4099	-15.4098
0.0315761	-15.5105	15.5106	15.5106	-15.5105
0.0241256	-15.6114	15.6114	15.6114	-15.6114
0.00461615	-15.7253	15.7253	15.7253	-15.7253
-0.0110163	-15.8312	15.8312	15.8312	-15.8312
-0.0280562	-15.9355	15.9355	15.9355	-15.9355
-0.0466477	-16.0367	16.0368	16.0368	-16.0367
-0.059774	-16.1359	16.136	16.136	-16.1359
-0.0746316	-16.2268	16.227	16.227	-16.2268
-0.0738295	-16.327	16.3272	16.3272	-16.327
-0.075443	-16.4276	16.4278	16.4278	-16.4276
-0.0731036	-16.5163	16.5164	16.5164	-16.5163
-0.066744	-16.6109	16.6111	16.6111	-16.6109
-0.0625687	-16.7036	16.7037	16.7037	-16.7036
-0.0597604	-16.7986	16.7987	16.7987	-16.7986
-0.0628909	-16.9045	16.9047	16.9047	-16.9045
-0.0581413	-17.0075	17.0076	17.0076	-17.0075
-0.0580354	-17.106	17.1061	17.1061	-17.106
-0.0563923	-17.2036	17.2037	17.2037	-17.2036
-0.0607469	-17.3119	17.312	17.312	-17.3119
-0.0640264	-17.418	17.4181	17.4181	-17.418
-0.06391	-17.5251	17.5252	17.5252	-17.5251
-0.0629979	-17.6298	17.6299	17.6299	-17.6298
-0.0656288	-17.7414	17.7415	17.7415	-17.7414
-0.0512413	-17.8434	17.8435	17.8435	-17.8434
-0.0330792	-17.948	17.948	17.948	-17.948
-0.0201233	-18.0485	18.0485	18.0485	-18.0485
0.0062135	-18.1477	18.1477	18.1477	-18.1477
0.0319747	-18.2507	18.2508	18.2508	-18.2507
0.0582745	-18.3613	18.3614	18.3614	-18.3613
0.0783865	-18.4675	18.4677	18.4677	-18.4675
0.0932587	-18.5705	18.5708	18.5708	-18.5705
0.104834	-18.6698	18.6701	18.6701	-18.6698
0.110882	-18.779	18.7793	18.7793	-18.779
0.11346	-18.8879	18.8883	18.8883	-18.8879
0.102162	-18.9966	18.9968	18.9968	-18.9966
0.0901736	-19.1003	19.1005	19.1005	-19.1003
0.0781709	-19.2019	19.2021	19.2021	-19.2019
0.06978	-19.2969	19.2971	19.2971	-19.2969
0.0546364	-19.4096	19.4096	19.4096	-19.4096
0.0409273	-19.5152	19.5152	19.5152	-19.5152
0.0279569	-19.6183	19.6183	19.6183	-19.6183
0.0229138	-19.7182	19.7182	19.7182	-19.7182
0.0132578	-19.8297	19.8297	19.8297	-19.8297
0.00448109	-19.935	19.935	19.935	-19.935
-0.00111224	-20.0393	20.0393	20.0393	-20.0393
