#1 AntPos X	#2 AntVel X	#3 AntPos Y	#4 AntVel Y	#5 AntAngle	
-0.0110445	-0.220891	0.0525051	1.0501	1.77813	
-0.0195794	-0.170697	0.138717	1.72424	1.66947	
-0.0254258	-0.116928	0.229205	1.80975	1.63532	
-0.0250059	0.00839751	0.340966	2.23522	1.56704	
-0.0242989	0.0141407	0.447151	2.1237	1.56414	
-0.0270666	-0.0553546	0.55204	2.09778	1.59718	
-0.0193686	0.153959	0.650292	1.96504	1.49261	
-0.0136218	0.114937	0.751507	2.02429	1.51408	
-0.0111825	0.0487857	0.854358	2.05704	1.54708	
-0.00718464	0.0799573	0.958505	2.08292	1.53243	
-0.00340993	0.0754944	1.0606	2.042	1.53384	
-0.00385465	-0.00889446	1.15493	1.88648	1.57551	
0.00779606	0.233014	1.264	2.18135	1.46438	
0.017189	0.187859	1.36836	2.08731	1.48104	
0.025918	0.17458	1.46886	2.0099	1.48415	
0.032682	0.135279	1.57934	2.20968	1.50965	
0.0226765	-0.200109	1.68566	2.12646	1.66462	
0.0146571	-0.160387	1.78884	2.06359	1.64836	
0.00781789	-0.136785	1.89013	2.02568	1.63822	
-0.000954983	-0.175457	1.99416	2.08056	1.65493	
-0.00379196	-0.0567395	2.09668	2.05039	1.59846	
-0.0068038	-0.0602368	2.19815	2.02943	1.60047	
-0.010352	-0.0709649	2.29863	2.00966	1.60609	
-0.0159146	-0.111251	2.4016	2.05944	1.62476	
-0.0201359	-0.084427	2.50345	2.03691	1.61222	
-0.0231725	-0.0607305	2.60467	2.02445	1.60079	
-0.0223982	0.0154855	2.71203	2.14714	1.56358	
-0.0201205	0.0455543	2.8158	2.07543	1.54885	
-0.0120051	0.162308	2.91996	2.08333	1.49305	
-0.000187378	0.236354	3.02506	2.10199	1.45882	
0.0121912	0.247572	3.12527	2.0041	1.44789	
0.0163767	0.0837092	3.22392	1.97295	1.52839	
0.0200224	0.0729147	3.32347	1.99112	1.53419	
0.0237499	0.0745489	3.42635	2.0576	1.53458	
0.0231213	-0.0125711	3.52368	1.94661	1.57725	
0.0244277	0.0261272	3.61866	1.89948	1.55704	
0.0130132	-0.228289	3.71553	1.9374	1.68809	
-0.00591783	-0.378621	3.82525	2.19442	1.74165	
-0.0196162	-0.273967	3.93084	2.11175	1.69981	
-0.0271986	-0.151648	4.02436	1.87049	1.65169	
-0.0339435	-0.134899	4.1294	2.10075	1.63492	
-0.0374619	-0.0703667	4.2344	2.10004	1.60429	
-0.0256575	0.236087	4.32663	1.84458	1.4435	
-0.0196164	0.120822	4.41251	1.71769	1.50057	
-0.0215357	-0.0383852	4.50635	1.87668	1.59125	
-0.02221	-0.0134874	4.61603	2.19375	1.57694	
-0.0135761	0.172679	4.7127	1.93321	1.48171	
-0.00543604	0.162801	4.81405	2.02707	1.49065	
-0.00863098	-0.0638986	4.91753	2.0697	1.60166	
-0.01223	-0.0719807	5.01957	2.04077	1.60605	
-0.0106102	0.0323959	5.12563	2.12109	1.55552	
-0.012429	-0.0363755	5.23037	2.09478	1.58816	
-0.0123811	0.000958439	5.33011	1.99482	1.57032	
-0.0161104	-0.0745856	5.43146	2.02697	1.60758	
-0.0200684	-0.0791605	5.52942	1.95938	1.61118	
-0.0165266	0.0708352	5.63502	2.11197	1.53727	
-0.0138803	0.0529253	5.74659	2.23141	1.54708	
-0.0121284	0.0350382	5.85883	2.24482	1.55519	
0.000571407	0.253997	5.95802	1.9837	1.44345	
-0.0074658	-0.160744	6.06271	2.09384	1.64742	
-0.0108014	-0.0667128	6.15637	1.87321	1.6064	
-0.022571	-0.235392	6.26033	2.07922	1.68353	
-0.031154	-0.171659	6.36837	2.16072	1.65008	
-0.0376539	-0.129999	6.47226	2.07792	1.63328	
-0.047335	-0.193621	6.57074	1.96959	1.66879	
-0.0436803	0.0730925	6.66893	1.96368	1.53359	
-0.0358054	0.157499	6.78194	2.2602	1.50123	
-0.0279235	0.157638	6.89018	2.16489	1.49811	
-0.0187955	0.18256	6.99632	2.12284	1.48501	
-0.0164925	0.0460595	7.10689	2.21126	1.54997	
-0.0202633	-0.0754141	7.21472	2.15656	1.60575	
-0.0222992	-0.0407196	7.30951	1.89588	1.59227	
-0.0223186	-0.000387846	7.40677	1.94524	1.571	
-0.0282625	-0.118877	7.49695	1.80364	1.63661	
-0.0402252	-0.239253	7.59375	1.93595	1.69376	
-0.0458162	-0.111821	7.69492	2.02337	1.626	
-0.036144	0.193443	7.80424	2.18647	1.48255	
-0.0285133	0.152616	7.91619	2.23886	1.50273	
-0.0199785	0.170696	8.0182	2.0403	1.48733	
-0.016974	0.0600904	8.11754	1.98668	1.54056	
-0.013873	0.0620193	8.21715	1.99227	1.53968	
-0.0111774	0.0539113	8.31706	1.99819	1.54382	
-0.00853871	0.0527743	8.41697	1.99818	1.54439	
-0.00844975	0.00177918	8.51307	1.92212	1.56987	
-0.00382164	0.0925622	8.62403	2.21914	1.52911	
-0.00651074	-0.053782	8.72721	2.06366	1.59685	
-0.00674533	-0.00469184	8.83296	2.11497	1.57301	
-0.011336	-0.0918142	8.93015	1.94384	1.61799	
-0.00937727	0.0391753	9.0263	1.923	1.55043	
-0.011282	-0.0380949	9.12288	1.93153	1.59052	
-0.00207389	0.184163	9.23441	2.23052	1.48842	
0.0157449	0.356375	9.34334	2.17863	1.40865	
0.0308864	0.302831	9.44868	2.10679	1.42803	
0.0237659	-0.142411	9.55084	2.04328	1.64038	
0.0106214	-0.26289	9.65149	2.01303	1.70066	
-0.0140561	-0.49355	9.73952	1.7605	1.84413	
-0.036214	-0.443158	9.83587	1.92708	1.79683	
-0.0480565	-0.23685	9.93042	1.89102	1.6954	
-0.0576693	-0.192257	10.0286	1.96327	1.66841	
-0.0681222	-0.209058	10.1278	1.98501	1.67573	
-0.0756758	-0.151071	10.2282	2.008	1.64589	
-0.0792055	-0.0705933	10.327	1.97448	1.60653	
-0.0791367	0.00137576	10.4259	1.9792	1.5701	
-0.0779703	0.0233268	10.5229	1.94046	1.55878	
-0.0712418	0.13457	10.613	1.80023	1.49618	
-0.0631817	0.161202	10.7073	1.88661	1.48556	
-0.0500698	0.262239	10.8002	1.85897	1.43065	
-0.0329982	0.341432	10.8925	1.84581	1.38789	
-0.0184535	0.290894	10.9877	1.90304	1.41911	
-0.00357257	0.297619	11.0829	1.90442	1.41577	
0.00881779	0.247807	11.1736	1.81344	1.43499	
0.0214482	0.252609	11.2679	1.88597	1.43765	
0.0257453	0.0859412	11.3597	1.83735	1.52406	
0.0312773	0.11064	11.4746	2.29627	1.52265	
0.0370037	0.114528	11.559	1.68854	1.50307	
0.0429638	0.119203	11.6559	1.93935	1.50941	
0.0477295	0.0953139	11.7545	1.97185	1.5225	
0.0457516	-0.0395578	11.8403	1.71604	1.59384	
0.0400922	-0.113189	11.937	1.93228	1.62931	
0.034673	-0.108384	12.0348	1.95711	1.62612	
0.0261432	-0.170596	12.1335	1.97406	1.657	
0.0147737	-0.227389	12.236	2.04911	1.68131	
0.00272036	-0.241068	12.3352	1.98425	1.69169	
-0.00784145	-0.211236	12.4348	1.99143	1.67647	
-0.0226957	-0.297085	12.5399	2.10396	1.71107	
-0.0362832	-0.27175	12.6361	1.9222	1.71124	
-0.0460673	-0.195684	12.7276	1.83167	1.67723	
-0.0541109	-0.160872	12.8187	1.82125	1.6589	
-0.0509607	0.063005	12.9274	2.17381	1.54182	
-0.044785	0.123514	13.0313	2.07792	1.51142	
-0.0342188	0.211324	13.121	1.7951	1.45361	
-0.0237937	0.208501	13.2151	1.88035	1.46036	
-0.00174625	0.44095	13.3154	2.00586	1.35441	
0.0300963	0.636852	13.4291	2.27411	1.29775	
0.0499613	0.397299	13.5289	1.99723	1.37443	
0.0635553	0.271881	13.6262	1.9448	1.4319	
0.0730593	0.19008	13.73	2.07631	1.4795	
0.0749869	0.0385513	13.8301	2.00247	1.55155	
0.0759119	0.0184997	13.9296	1.9899	1.5615	
0.0670003	-0.178231	14.0274	1.95601	1.66167	
0.056051	-0.218987	14.1271	1.9937	1.6802	
0.0571815	0.0226107	14.2027	1.51334	1.55586	
0.0720197	0.296763	14.296	1.86564	1.41305	
0.0756896	0.0733982	14.3974	2.02797	1.53462	
0.0776359	0.0389252	14.4984	2.02011	1.55153	
0.0725581	-0.101555	14.5896	1.82237	1.62647	
0.0558115	-0.334932	14.6901	2.01122	1.73581	
0.0412467	-0.291296	14.7844	1.88513	1.72411	
0.0219812	-0.385311	14.8921	2.15439	1.74777	
0.00970813	-0.245461	15.0112	2.38295	1.67344	
0.000547987	-0.183203	15.1261	2.29691	1.65039	
-0.0221365	-0.453689	15.2392	2.26195	1.76874	
-0.0598983	-0.755236	15.3451	2.11739	1.91341	
-0.0904561	-0.611157	15.4497	2.09387	1.85479	
-0.121257	-0.616015	15.5377	1.75936	1.90759	
-0.146516	-0.505175	15.6342	1.92992	1.82681	
-0.162425	-0.318186	15.7328	1.97234	1.73074	
-0.172389	-0.19929	15.8326	1.99576	1.67032	
-0.162621	0.19536	15.9344	2.03538	1.47511	
-0.147236	0.307717	16.0343	1.99889	1.41805	
-0.130409	0.33654	16.1335	1.98276	1.40267	
-0.118799	0.2322	16.235	2.03168	1.457	
-0.104415	0.28768	16.3298	1.89456	1.4201	
-0.0922414	0.243465	16.4372	2.14889	1.45798	
-0.0793879	0.257069	16.54	2.05466	1.44633	
-0.0752723	0.0823111	16.6561	2.32329	1.53538	
-0.0838623	-0.1718	16.7637	2.1518	1.65047	
-0.094126	-0.205273	16.8722	2.1703	1.6651	
-0.0893843	0.0948345	16.9683	1.92173	1.52149	
-0.0827003	0.13368	17.0642	1.91795	1.50121	
-0.0647691	0.358623	17.1528	1.77091	1.37099	
-0.0476453	0.342475	17.2328	1.60067	1.36002	
-0.0327689	0.29753	17.3239	1.82153	1.40889	
-0.0232604	0.19017	17.4219	1.96034	1.47409	
-0.0141514	0.182179	17.5216	1.99451	1.47971	
0.00140623	0.311153	17.6059	1.68682	1.38839	
0.0205741	0.383358	17.6998	1.87636	1.36926	
0.0421807	0.432132	17.7993	1.99105	1.35707	
0.0591083	0.338551	17.8993	1.99885	1.40302	
0.0548653	-0.0848598	17.9993	1.99986	1.6132	
0.0463217	-0.170872	18.0982	1.97863	1.65694	
0.0369478	-0.187477	18.1993	2.0214	1.66328	
0.0181807	-0.375342	18.2968	1.95145	1.76082	
0.0112185	-0.139245	18.4006	2.07573	1.63778	
0.00525178	-0.119334	18.5065	2.11687	1.62711	
-0.0122933	-0.350902	18.6051	1.97212	1.74688	
-0.0114363	0.0171405	18.7139	2.17714	1.56292	
-0.0160249	-0.0917725	18.8166	2.05422	1.61544	
-0.0156452	0.00759406	18.9203	2.07415	1.56714	
-0.0189046	-0.0651874	19.0209	2.01026	1.60321	
-0.0254399	-0.130706	19.1235	2.05354	1.63436	
-0.0167591	0.173616	19.2145	1.81905	1.47564	
-0.0133731	0.0677203	19.302	1.75028	1.53212	
-0.0092979	0.0815033	19.3882	1.72317	1.52353	
-0.0113858	-0.0417589	19.4914	2.06421	1.59102	
0.00132766	0.25427	19.5971	2.11484	1.45114	
0.0171794	0.317034	19.6935	1.92811	1.40783	
0.0281478	0.219368	19.7836	1.80155	1.44963	
0.036536	0.167765	19.8755	1.83912	1.47983	
0.0394993	0.0592663	19.9673	1.83499	1.53851	
