#1 AntPos X	#2 AntVel X	#3 AntPos Y	#4 AntVel Y	#5 AntAngle	
0.0548491	1.09698	0.0346819	0.693637	0.563842	
0.119732	1.29766	0.0847882	1.00213	0.657594	
0.177928	1.16392	0.153284	1.36992	0.866518	
0.229959	1.04063	0.245985	1.85401	1.05933	
0.272003	0.840864	0.337729	1.8349	1.14109	
0.281559	0.191126	0.430282	1.85106	1.46791	
0.273515	-0.160871	0.523807	1.87049	1.65659	
0.236036	-0.749589	0.606956	1.66299	1.99427	
0.190292	-0.914875	0.696291	1.7867	2.04404	
0.148516	-0.835525	0.777004	1.61426	2.04842	
0.0966906	-1.03651	0.843149	1.3229	2.2354	
0.0462091	-1.00963	0.924182	1.62068	2.12793	
0.00534319	-0.817319	1.01558	1.82799	1.99125	
-0.035504	-0.816944	1.10118	1.71187	2.01606	
-0.069107	-0.67206	1.19174	1.8112	1.92611	
-0.0871936	-0.361732	1.28442	1.85372	1.76351	
-0.102363	-0.303393	1.38071	1.92581	1.72705	
-0.118427	-0.321281	1.47556	1.89697	1.73857	
-0.121239	-0.056233	1.57432	1.9752	1.59926	
-0.120622	0.0123352	1.67407	1.99494	1.56461	
-0.11114	0.189643	1.77667	2.05206	1.47864	
-0.100196	0.218872	1.87846	2.03578	1.4637	
-0.0871203	0.261523	1.97763	1.98335	1.43969	
-0.0830165	0.0820778	2.07719	1.99128	1.5296	
-0.0883975	-0.10762	2.17568	1.96974	1.62538	
-0.091416	-0.0603704	2.27487	1.98383	1.60122	
-0.0858899	0.110521	2.36235	1.74963	1.50771	
-0.0754416	0.208967	2.45845	1.92198	1.4625	
-0.0576413	0.356006	2.56347	2.10031	1.40289	
-0.0531462	0.0899017	2.67812	2.29307	1.53161	
-0.0469432	0.124059	2.7856	2.14956	1.51315	
-0.0403926	0.131012	2.90079	2.30378	1.51399	
-0.0329541	0.148769	3.01037	2.19166	1.50302	
-0.0182264	0.294556	3.11974	2.18741	1.43694	
-0.00936719	0.177183	3.21582	1.92163	1.47885	
-0.0109349	-0.0313547	3.30915	1.86656	1.58759	
-0.0178255	-0.137811	3.40604	1.93775	1.6418	
-0.0300866	-0.245223	3.50195	1.91821	1.69795	
-0.044549	-0.289246	3.59481	1.85721	1.7253	
-0.0554007	-0.217036	3.69076	1.91906	1.68341	
-0.0726607	-0.345199	3.78856	1.9559	1.74549	
-0.077458	-0.0959463	3.8853	1.93488	1.62034	
-0.0799851	-0.0505411	3.97955	1.88507	1.5976	
-0.0810273	-0.0208449	4.0711	1.83097	1.58218	
-0.078521	0.0501257	4.16839	1.94572	1.54504	
-0.0704091	0.162238	4.26667	1.96562	1.48844	
-0.0478906	0.450371	4.36824	2.03149	1.35263	
-0.0213019	0.531773	4.45548	1.7447	1.27495	
0.00219589	0.469956	4.54735	1.83736	1.32039	
0.0218579	0.393241	4.64438	1.94066	1.37087	
0.0398989	0.360819	4.74181	1.94869	1.38771	
0.0538297	0.278616	4.84006	1.965	1.42995	
0.0692479	0.308364	4.93508	1.9004	1.40994	
0.0788231	0.191505	5.029	1.87828	1.46919	
0.0826269	0.0760753	5.11205	1.66104	1.52503	
0.0808334	-0.0358692	5.20321	1.8231	1.59047	
0.0772126	-0.0724168	5.29868	1.90954	1.6087	
0.0726386	-0.0914794	5.39266	1.87959	1.61943	
0.059113	-0.270513	5.48398	1.82637	1.71784	
0.0426999	-0.328262	5.57398	1.80001	1.75118	
0.0230216	-0.393565	5.67389	1.99814	1.76527	
0.00215234	-0.417385	5.77305	1.98325	1.77822	
-0.0182867	-0.40878	5.87595	2.05795	1.76688	
-0.0362276	-0.358819	5.97846	2.0503	1.74405	
-0.0428797	-0.133041	6.07917	2.01421	1.63675	
-0.0463557	-0.069521	6.18401	2.09678	1.60394	
-0.0479172	-0.0312305	6.2882	2.08377	1.58578	
-0.0536144	-0.113943	6.39287	2.09346	1.62517	
-0.0477148	0.117992	6.5046	2.23445	1.51804	
-0.0394774	0.164747	6.60052	1.91844	1.48513	
-0.0250577	0.288394	6.68708	1.73116	1.40572	
-0.0112295	0.276564	6.7798	1.8544	1.42275	
0.0017443	0.259476	6.87875	1.9791	1.44043	
0.011202	0.189155	6.97919	2.00878	1.47691	
0.00244994	-0.175042	7.06572	1.73067	1.67159	
0.00302637	0.0115286	7.14417	1.56887	1.56345	
-0.00153649	-0.0912572	7.23462	1.80898	1.6212	
-0.00507936	-0.0708574	7.31861	1.67985	1.61295	
-0.00830199	-0.0644527	7.40911	1.81011	1.60639	
-0.0102166	-0.0382923	7.50375	1.89279	1.59102	
-0.0135348	-0.0663635	7.59568	1.83852	1.60688	
-0.00741311	0.122433	7.68591	1.80467	1.50306	
-0.00240372	0.100188	7.77662	1.81423	1.51563	
0.000344016	0.0549548	7.86767	1.82098	1.54063	
0.0211749	0.416618	7.9648	1.94251	1.35952	
0.0380093	0.336688	8.0629	1.96195	1.40084	
0.0501682	0.243178	8.15919	1.92582	1.44519	
0.0618436	0.233508	8.25409	1.89799	1.44838	
0.0648838	0.0608037	8.35929	2.104	1.54191	
0.0665895	0.0341139	8.45002	1.8147	1.552	
0.0688959	0.0461271	8.54761	1.9517	1.54717	
0.0683041	-0.011836	8.64581	1.96402	1.57682	
0.0624355	-0.117372	8.74497	1.9832	1.62991	
0.0690143	0.131577	8.84627	2.02605	1.50594	
0.0885037	0.389788	8.95414	2.15748	1.39206	
0.103225	0.294416	9.06019	2.12083	1.43286	
0.104054	0.0165904	9.16778	2.15182	1.56309	
0.111858	0.15607	9.26399	1.92429	1.48987	
0.116313	0.0891132	9.36945	2.10926	1.52857	
0.114943	-0.0273994	9.47267	2.06433	1.58407	
0.114397	-0.0109304	9.57099	1.96635	1.57635	
0.109371	-0.100516	9.65944	1.76898	1.62756	
0.101333	-0.160768	9.75021	1.81555	1.65912	
0.0930833	-0.164984	9.84986	1.99286	1.6534	
0.0894201	-0.0732641	9.93154	1.63373	1.61561	
0.0790254	-0.207894	10.0251	1.87153	1.68143	
0.0644346	-0.291817	10.1227	1.95185	1.71921	
0.0532852	-0.222988	10.2208	1.96124	1.68401	
0.0410215	-0.245273	10.3207	1.99813	1.69294	
0.0262733	-0.294966	10.4185	1.95546	1.72051	
0.0128686	-0.268093	10.5169	1.96816	1.70618	
0.00222712	-0.21283	10.6194	2.05078	1.67421	
0.010712	0.169697	10.7084	1.78032	1.47576	
0.0262632	0.311024	10.8026	1.88353	1.40715	
0.0589586	0.653909	10.8984	1.91519	1.24177	
0.0943384	0.707595	10.9909	1.85079	1.20562	
0.12051	0.523425	11.0873	1.92735	1.30562	
0.138291	0.355632	11.1838	1.93134	1.3887	
0.150458	0.243337	11.2796	1.91632	1.44449	
0.159404	0.178927	11.3784	1.97474	1.48043	
0.174299	0.297891	11.4823	2.07744	1.42837	
0.176018	0.0343853	11.5804	1.96256	1.55328	
0.168241	-0.155554	11.6799	1.99091	1.64877	
0.147555	-0.41371	11.7861	2.12356	1.76321	
0.122482	-0.501455	11.8876	2.03015	1.81295	
0.105115	-0.347345	11.9832	1.91174	1.75053	
0.0995585	-0.111131	12.0966	2.26791	1.61976	
0.0891929	-0.207312	12.2035	2.13759	1.66748	
0.0760373	-0.263111	12.2976	1.88299	1.70963	
0.0648399	-0.223949	12.3917	1.88076	1.68931	
0.0450324	-0.39615	12.4751	1.66834	1.80393	
0.0306542	-0.287564	12.565	1.79792	1.7294	
0.0172737	-0.267609	12.6593	1.88716	1.71166	
0.00729814	-0.199511	12.7585	1.9838	1.67103	
-0.00139646	-0.173892	12.8578	1.985	1.65818	
-0.009017	-0.152411	12.9516	1.87603	1.65186	
-0.0143057	-0.105774	13.0487	1.94336	1.62517	
-0.0182507	-0.0789001	13.1493	2.01152	1.61	
-0.0178577	0.00786099	13.2421	1.8547	1.56656	
-0.0249585	-0.142016	13.3493	2.1455	1.63689	
-0.018404	0.131089	13.4533	2.08013	1.50786	
-0.018283	0.00241982	13.5486	1.90488	1.56953	
-0.0138235	0.0891917	13.6456	1.93959	1.52484	
-0.0174418	-0.0723662	13.7506	2.10161	1.60522	
-0.0210715	-0.072595	13.8521	2.02847	1.60657	
-0.0213501	-0.00557197	13.9367	1.69198	1.57409	
-0.0121176	0.18465	14.023	1.72645	1.46425	
0.00145759	0.271504	14.1126	1.79331	1.42054	
0.0197157	0.365163	14.2077	1.90014	1.38093	
0.034828	0.302245	14.3049	1.94402	1.41656	
0.0435554	0.174548	14.4056	2.01573	1.48442	
0.0530919	0.190731	14.5087	2.06209	1.47856	
0.0595559	0.12928	14.6023	1.87158	1.50183	
0.0648916	0.106714	14.6929	1.81237	1.51198	
0.0691887	0.0859418	14.7813	1.76801	1.52223	
0.0753305	0.122836	14.8794	1.96069	1.50823	
0.0800641	0.094671	14.9802	2.01565	1.52386	
0.0768226	-0.064829	15.0754	1.90419	1.60483	
0.074109	-0.0542715	15.176	2.01344	1.59774	
0.0698127	-0.0859268	15.2763	2.00546	1.61362	
0.0666177	-0.0639004	15.3681	1.83526	1.6056	
0.0628442	-0.0754687	15.4635	1.90805	1.61033	
0.0635624	0.0143635	15.5591	1.91287	1.56329	
0.0656364	0.04148	15.6556	1.92933	1.5493	
0.0637456	-0.0378157	15.7524	1.93532	1.59033	
0.0527319	-0.220274	15.8611	2.17439	1.67176	
0.0480498	-0.0936432	15.9573	1.92345	1.61944	
0.0471208	-0.0185797	16.0533	1.92039	1.58047	
0.0500579	0.0587421	16.1476	1.88667	1.53967	
0.0546334	0.0915097	16.2444	1.9366	1.52358	
0.0509226	-0.0742161	16.3359	1.82951	1.61134	
0.0405336	-0.20778	16.4225	1.73185	1.6902	
0.0377247	-0.0561775	16.5207	1.96312	1.5994	
0.0284158	-0.186178	16.6258	2.10266	1.65911	
0.0179196	-0.209924	16.7313	2.10923	1.67	
0.00926365	-0.173119	16.8311	1.99776	1.65724	
0.00491278	-0.0870172	16.9268	1.91412	1.61623	
-0.000688097	-0.112018	17.032	2.10391	1.62399	
-0.00868125	-0.159863	17.1273	1.90448	1.65454	
-0.0171631	-0.169636	17.2355	2.16526	1.64898	
-0.0232439	-0.121617	17.3403	2.09578	1.62876	
-0.0321747	-0.178616	17.4364	1.92262	1.66343	
-0.0379114	-0.114734	17.5377	2.02403	1.62742	
-0.0461929	-0.16563	17.6388	2.02388	1.65245	
-0.0404619	0.114621	17.7396	2.01579	1.514	
-0.0347429	0.114379	17.8396	1.99898	1.51364	
-0.0287303	0.120252	17.938	1.96918	1.5098	
-0.0250077	0.0744516	18.0387	2.013	1.53383	
-0.0218549	0.0630578	18.139	2.00678	1.53938	
-0.0138636	0.159826	18.2444	2.10647	1.49507	
-0.0113293	0.0506862	18.3513	2.13811	1.54709	
-0.0139196	-0.0518075	18.4615	2.20535	1.59428	
-0.0149866	-0.0213387	18.5643	2.05576	1.58118	
-0.0153054	-0.00637701	18.6664	2.04223	1.57392	
-0.0144585	0.0169387	18.7652	1.97532	1.56222	
-0.0256816	-0.224463	18.8659	2.01418	1.68178	
-0.0355233	-0.196833	18.9665	2.01108	1.66836	
-0.04085	-0.106533	19.067	2.01158	1.62371	
-0.0552808	-0.288617	19.1734	2.12777	1.70562	
-0.0687096	-0.268576	19.2632	1.79473	1.71934	
