-0.0119047	0.0854661
-0.0119047	0.0854661
-0.0119047	0.0854661
-0.0119047	0.0854661
-0.0119047	0.0854661
-0.0119047	0.0854661
-0.0119047	0.0854661
-0.0119047	0.0854661
-0.0119047	0.0854661
-0.0119047	0.0854661
-0.0119047	0.0854661
-0.0119047	0.0854661
-0.0119047	0.0854661
-0.0119047	0.0854661
-0.0119047	0.0854661
-0.0119047	0.0854661
-0.0119047	0.0854661
-0.0119047	0.0854661
-0.0119047	0.0854661
-0.0119047	0.0854661
-0.0119047	0.0854661
-0.0119047	0.0854661
-0.0119047	0.0854661
-0.0119047	0.0854661
-0.0119047	0.0854661
-0.0119047	0.0854661
-0.0119047	0.0854661
-0.0119047	0.0854661
-0.0119047	0.0854661
-0.0119047	0.0854661
-0.0119047	0.0854661
-0.0119047	0.0854661
-0.0119047	0.0854661
-0.0119047	0.0854661
-0.0119047	0.0854661
-0.0119047	0.0854661
-0.0119047	0.0854661
-0.0119047	0.0854661
-0.0119047	0.0854661
-0.0119047	0.0854661
-0.0119047	0.0854661
-0.0119047	0.0854661
-0.0119047	0.0854661
-0.0119047	0.0854661
-0.0119047	0.0854661
-0.0119047	0.0854661
-0.0119047	0.0854661
-0.0119047	0.0854661
-0.0119047	0.0854661
-0.0119047	0.0854661
-0.0119047	0.0854661
-0.0119047	0.0854661
-0.0119047	0.0854661
-0.0119047	0.0854661
-0.0119047	0.0854661
-0.0119047	0.0854661
-0.0119047	0.0854661
-0.0119047	0.0854661
-0.0119047	0.0854661
-0.0119047	0.0854661
-0.0119047	0.0854661
-0.0479744	0.255208
-0.0521261	0.268494
-0.083082	0.248726
-0.0980723	0.306315
-0.125012	0.305461
-0.148841	0.304116
-0.105341	0.330859
-0.102184	0.308385
-0.108956	0.311478
-0.105964	0.304615
-0.105882	0.296107
-0.107015	0.303496
-0.102279	0.277788
-0.104041	0.263866
-0.131972	0.289625
-0.127901	0.310785
-0.13168	0.269411
-0.148463	0.283398
-0.123622	0.27436
-0.128949	0.286253
-0.167477	0.30149
-0.152385	0.278113
-0.17206	0.281012
-0.168493	0.289098
-0.134489	0.275615
-0.127747	0.286988
-0.127177	0.294408
-0.126087	0.304786
-0.126112	0.310753
-0.0945605	0.289339
-0.102302	0.303424
-0.110593	0.302889
-0.0948914	0.306622
-0.10022	0.325721
-0.112254	0.321197
-0.121347	0.304945
-0.106963	0.29503
-0.0908033	0.272123
-0.0498436	0.287845
-0.0489174	0.312946
-0.0710733	0.331423
-0.0733686	0.326899
-0.0518161	0.336709
-0.0510637	0.330904
-0.0474925	0.327462
-0.0471018	0.32559
-0.0736691	0.354592
-0.0484006	0.350724
-0.0637549	0.339204
-0.0731332	0.333419
-0.0580972	0.351823
-0.00990666	0.371273
-0.0161479	0.3339
-0.00844756	0.334701
-0.00115659	0.322474
0.0080263	0.320606
0.0416532	0.317692
0.0683924	0.317228
0.0862672	0.310492
0.0907586	0.319538
0.097584	0.324553
0.110011	0.325931
0.100825	0.318614
0.0750023	0.321514
0.0829727	0.330196
0.0771879	0.311637
0.0661586	0.319025
0.0637544	0.325625
0.0800158	0.301992
0.0858873	0.304182
0.0971234	0.307759
0.0931756	0.316
0.0978579	0.310476
0.102686	0.310739
0.118506	0.322303
0.124947	0.335762
0.145241	0.30947
0.146794	0.306475
0.146615	0.321787
0.160641	0.32961
0.12583	0.315181
0.126681	0.308817
0.120428	0.301138
0.0992212	0.325424
0.082209	0.36282
0.0517439	0.318738
0.0534495	0.356167
0.0542097	0.306848
0.044962	0.294416
0.0399076	0.311719
0.0291644	0.317741
0.0232911	0.334927
0.0374978	0.309588
0.0538149	0.317963
0.0137049	0.349795
-0.00536293	0.343338
-0.00420511	0.343718
0.00640417	0.34249
-0.00854062	0.339376
0.000644773	0.329652
-0.00895667	0.320926
-0.0125341	0.332637
-0.014206	0.328093
-0.0134089	0.331352
0.0125412	0.328582
0.0234142	0.36465
0.0134492	0.341994
0.0229027	0.334191
-0.0096798	0.318887
0.0259348	0.330975
0.0152315	0.326024
0.00211082	0.320589
0.00321524	0.322871
0.0078585	0.318436
0.00992771	0.312608
-0.0219902	0.309815
-0.0296035	0.294247
-0.0188072	0.278297
-0.00958088	0.295862
-0.0106405	0.311275
-0.0317628	0.303994
-0.0382759	0.310098
-0.0249345	0.325329
-0.0435529	0.340472
-0.0676512	0.374107
-0.0602708	0.352415
-0.0533496	0.344757
-0.0501374	0.336326
-0.0402848	0.328358
-0.034822	0.318427
-0.0597027	0.358974
-0.0546522	0.337349
-0.0621962	0.341761
-0.0502686	0.325766
-0.0574411	0.338745
-0.0503111	0.348433
-0.0969691	0.31693
-0.0982327	0.323139
-0.116356	0.369346
-0.111566	0.337523
-0.101929	0.30811
-0.106816	0.286623
-0.127559	0.274796
-0.113737	0.266076
-0.123309	0.336055
-0.106814	0.343462
-0.103103	0.327988
-0.0759191	0.348734
-0.0718378	0.333505
-0.0564661	0.363845
-0.0914847	0.315368
-0.0916659	0.314892
-0.0936574	0.332802
-0.11419	0.313325
-0.0777127	0.304863
-0.0759415	0.301354
-0.0837612	0.317054
-0.0681508	0.327878
-0.0638209	0.320905
-0.0638261	0.32084
-0.0762076	0.321784
-0.0763162	0.320682
-0.0493349	0.313378
-0.0442672	0.320236
-0.0658792	0.301761
-0.055276	0.30407
-0.0701452	0.325286
-0.0667032	0.30842
-0.0641868	0.290606
-0.0804963	0.319697
-0.0593346	0.284754
-0.0611944	0.31151
-0.0475678	0.301653
-0.0492031	0.310938
-0.0395577	0.340802
-0.037639	0.316733
-0.0403858	0.312428
-0.0252616	0.332808
0.00552925	0.325899
0.000857529	0.375117
-0.0282793	0.358058
-0.0243467	0.33322
-0.0336847	0.332633
-0.0297492	0.343398
-0.0337411	0.335237
-0.0411345	0.310098
-0.0499146	0.32017
-0.0459006	0.336202
-0.0503533	0.331771
-0.0693638	0.32769
-0.0315682	0.324522
-0.0345314	0.316913
-0.0281449	0.325585
-0.0272868	0.328982
0.00586647	0.228154
0.0191669	0.282545
0.014701	0.311956
0.0138675	0.31854
0.0262688	0.332834
0.0393369	0.312833
0.044827	0.332278
0.0585838	0.339701
0.0644113	0.347221
0.0629569	0.335052
0.0616612	0.315556
0.0603749	0.320032
0.0452284	0.355041
0.0624207	0.321833
0.0527443	0.325697
0.0661928	0.327636
0.0606828	0.325066
0.0362941	0.373605
0.0144108	0.344765
0.0372219	0.300859
0.0220894	0.282944
0.0239369	0.306033
0.0257613	0.31486
0.00170103	0.291124
0.000775894	0.309501
0.000470321	0.316118
-0.020268	0.297869
-0.0119256	0.287813
-0.0279264	0.276388
-0.0422592	0.331913
0.00321476	0.317208
-0.012228	0.302379
0.0100267	0.299678
-0.00222589	0.32536
-0.0157431	0.340503
-0.00657075	0.37193
-0.00903872	0.349572
0.00539359	0.325652
-0.000838293	0.327042
-0.00260608	0.370471
-0.00443964	0.37157
0.0116255	0.357759
0.00824858	0.322771
0.0279365	0.376411
0.0235865	0.361969
0.0204375	0.332929
0.0320424	0.341648
0.0305434	0.334545
-0.0135291	0.330954
0.0243932	0.340998
0.0341081	0.300707
0.0607189	0.330148
0.0731022	0.322042
0.0603866	0.329842
0.068295	0.325194
0.0802645	0.344359
0.083818	0.308772
0.100624	0.31187
0.106968	0.310425
0.117778	0.309775
0.133621	0.298462
0.155014	0.310731
0.134719	0.298485
0.0843184	0.289913
0.0905606	0.282877
0.0801753	0.278405
0.103462	0.308706
0.136349	0.310834
0.132724	0.30811
0.0978545	0.239413
0.113162	0.282175
0.125986	0.264655
0.153649	0.298558
0.145012	0.277099
0.160947	0.282519
0.130089	0.267769
0.16619	0.253319
0.166365	0.271752
0.180448	0.269284
0.183431	0.272807
0.198859	0.261453
0.199447	0.268563
0.221622	0.222293
0.230131	0.232812
0.229993	0.255032
0.224248	0.238216
0.225757	0.232106
0.209472	0.244841
0.190738	0.237757
0.198644	0.246931
0.181055	0.276463
0.142934	0.264701
0.163336	0.291688
0.19597	0.293141
0.198445	0.263785
0.191044	0.232036
0.205368	0.248964
0.2359	0.222194
0.216788	0.254762
0.227529	0.269425
0.220164	0.258307
0.189083	0.253384
0.172975	0.258693
0.176409	0.25322
0.188937	0.289004
0.181637	0.286266
0.177179	0.272193
0.18039	0.254099
0.180265	0.263546
0.176676	0.26725
0.212706	0.294916
0.208476	0.293327
0.185188	0.274775
0.188466	0.267651
0.184703	0.26472
0.182844	0.260475
0.207421	0.258502
0.178404	0.270403
0.179579	0.270377
0.188877	0.262938
0.176048	0.250975
0.18961	0.24996
0.188102	0.25102
0.201676	0.226528
0.224128	0.253699
0.201696	0.279824
0.195804	0.264945
0.208573	0.25661
0.173502	0.243845
0.164174	0.252503
0.169064	0.273962
0.174959	0.290097
0.173859	0.292681
0.186635	0.252555
0.202912	0.256269
0.203633	0.258254
0.209511	0.270236
0.186757	0.26621
0.187148	0.267789
0.187692	0.261511
0.154453	0.240289
0.166857	0.229154
0.156814	0.205058
0.17925	0.231194
0.188689	0.241796
0.225291	0.267695
0.222225	0.265299
0.206824	0.253721
0.213397	0.235707
0.20717	0.230798
0.217294	0.241578
0.256295	0.205353
0.265011	0.183777
0.277716	0.183073
0.277971	0.190995
0.254168	0.178781
0.259494	0.185523
0.260928	0.233947
0.240326	0.220982
0.243281	0.216168
0.247365	0.23986
0.235702	0.234573
0.248439	0.256357
0.246781	0.24856
0.227747	0.26718
0.241155	0.243473
0.256945	0.225098
0.258272	0.220611
0.232807	0.199419
0.244807	0.208571
0.249189	0.207922
0.253863	0.219224
0.241709	0.243767
0.221647	0.218926
0.215577	0.225486
0.239972	0.221005
0.210699	0.240757
0.212975	0.242996
0.213228	0.248925
0.2061	0.25141
0.167859	0.289279
0.181205	0.263336
0.17138	0.263832
0.165144	0.25952
0.180558	0.256776
0.212074	0.257634
0.209034	0.247448
0.226558	0.25418
0.215169	0.281844
0.226557	0.310538
0.190015	0.287943
0.185558	0.281011
0.179867	0.27611
0.161371	0.307875
0.154643	0.303706
0.149364	0.303378
0.135764	0.275383
0.127157	0.297277
0.0957897	0.292692
0.143552	0.323444
0.147741	0.294646
0.148488	0.264039
0.153048	0.27003
0.194567	0.286592
0.212709	0.288079
0.215309	0.31154
0.205538	0.292193
0.196439	0.277277
0.176859	0.243329
0.137911	0.269896
0.140642	0.27456
0.145749	0.28114
0.139125	0.253756
0.15476	0.279766
0.18772	0.266772
0.17692	0.267415
0.153849	0.2395
0.150827	0.306243
0.138284	0.33996
0.135164	0.292099
0.135447	0.287729
0.137834	0.282814
0.158634	0.321704
0.156537	0.308613
0.122543	0.310096
0.153961	0.30663
0.111455	0.300387
0.123114	0.316598
0.110521	0.310985
0.114153	0.323289
0.111205	0.322063
0.100934	0.332101
0.109223	0.316391
0.110961	0.292316
0.120749	0.278694
0.113526	0.288776
0.0579547	0.309248
0.0604229	0.312304
0.0574912	0.313885
0.0859833	0.344052
0.0654194	0.337148
0.0683247	0.33247
0.0650248	0.331204
0.0671842	0.309769
0.126726	0.30007
0.102913	0.299247
0.108679	0.290565
0.130727	0.305356
0.109403	0.303457
0.107318	0.306539
0.111318	0.322744
0.117416	0.32479
0.113353	0.317799
0.101488	0.307698
0.140069	0.282878
0.129193	0.300459
0.158901	0.307766
0.157334	0.306692
0.13734	0.28296
0.133337	0.285124
0.135931	0.287776
0.116669	0.29234
0.127259	0.296899
0.173101	0.277115
0.166412	0.27094
0.179657	0.272198
0.18179	0.255906
0.189892	0.260795
0.179795	0.258712
0.183451	0.262799
0.168879	0.273755
0.171431	0.276399
0.172261	0.276274
0.172886	0.277083
0.170064	0.278713
0.177211	0.275309
0.17717	0.274725
0.215615	0.29116
0.204546	0.272957
0.199638	0.256444
0.194219	0.254706
0.194489	0.233272
0.212926	0.258292
0.203654	0.267347
0.17957	0.21959
0.186741	0.244474
0.217241	0.265856
0.199304	0.25998
0.259753	0.229341
0.253864	0.207109
0.260791	0.204897
0.233638	0.179255
0.25421	0.173686
0.284589	0.196294
0.25045	0.225918
0.236384	0.287954
0.240142	0.269272
0.226705	0.301563
0.217626	0.279021
0.242095	0.261211
0.222645	0.21838
0.238335	0.223527
0.194591	0.217159
0.185856	0.182211
0.200645	0.270022
0.194084	0.270473
0.168978	0.263157
0.181135	0.288781
0.191824	0.25662
0.205507	0.267089
0.200468	0.264035
0.195411	0.268226
0.183139	0.270388
0.192789	0.28731
0.18691	0.279935
0.182746	0.254839
0.191281	0.241812
0.206223	0.24551
0.206851	0.245773
0.208406	0.248276
0.209958	0.248455
0.210505	0.233923
0.218817	0.253805
0.214066	0.238372
0.214099	0.245187
0.216899	0.245239
0.211623	0.265935
0.218693	0.282461
0.20625	0.249734
0.21361	0.245909
0.232105	0.227494
0.230899	0.227159
0.23169	0.226628
0.23111	0.220781
0.237771	0.219288
0.245906	0.196976
0.264912	0.225297
0.274387	0.265284
0.23235	0.270748
0.211914	0.21076
0.230041	0.224035
0.232954	0.225908
0.251968	0.233499
0.239751	0.220353
0.209556	0.233145
0.20014	0.241382
0.218923	0.266981
0.213293	0.263154
0.211538	0.272903
0.205535	0.266192
0.221568	0.292374
0.170088	0.265484
0.172086	0.26279
0.176431	0.281569
0.1422	0.258315
0.154659	0.259599
0.178511	0.272111
0.167347	0.292018
0.146651	0.282703
0.153645	0.290721
0.152649	0.291195
0.151968	0.293059
0.156419	0.273529
0.165058	0.271673
0.170532	0.25911
0.179319	0.251475
0.174252	0.251263
0.14392	0.277542
0.154315	0.307109
0.151189	0.300249
0.162237	0.295403
0.163558	0.294558
0.135471	0.278975
0.12451	0.287525
0.140904	0.26852
0.162796	0.275808
0.174333	0.277365
0.190587	0.272076
0.190131	0.262475
0.202035	0.264421
0.196682	0.276485
0.200206	0.278424
0.196626	0.277188
0.190555	0.26965
0.175247	0.276633
0.169435	0.259079
0.151367	0.258552
0.188864	0.251908
0.200963	0.257301
0.192675	0.290034
0.191752	0.277388
0.187831	0.272201
0.16819	0.256457
0.153721	0.214868
0.164994	0.236102
0.184986	0.232019
0.176288	0.256311
0.165087	0.257828
0.173911	0.263448
0.157537	0.251676
0.145006	0.280212
0.109574	0.300437
0.102612	0.322722
0.102577	0.318511
0.104734	0.312353
0.0918401	0.312798
0.0767714	0.316939
0.0900015	0.350054
0.0945063	0.320753
0.0628653	0.348764
0.0624193	0.33383
0.0607965	0.324894
0.0629074	0.31426
0.0804964	0.32974
0.0799168	0.322384
0.0886661	0.31908
0.0609076	0.324498
0.065775	0.318224
0.0741738	0.295997
0.0789113	0.304968
0.112399	0.27903
0.103808	0.30319
0.107394	0.308603
0.107499	0.308545
0.134141	0.316033
0.0896117	0.316145
0.0864342	0.343229
0.0758286	0.335333
0.041784	0.280623
0.0434247	0.316987
0.0511452	0.300377
0.0589037	0.309582
0.0827173	0.333359
0.0603642	0.324388
0.0589447	0.336111
0.0618197	0.309803
0.0441024	0.284892
-0.00365561	0.296242
0.00175261	0.265154
0.000667712	0.295604
-0.000302587	0.309907
0.0129077	0.355661
0.0194213	0.346499
0.0114131	0.324186
0.0256972	0.286692
0.0353299	0.290871
-0.011297	0.269182
0.00619205	0.342329
0.0156369	0.336774
0.0120836	0.332986
0.0112029	0.352142
0.0135249	0.345742
0.0539341	0.295125
0.084853	0.300369
0.0914742	0.314494
0.0993099	0.308297
0.0821415	0.304931
0.104585	0.343691
0.0881617	0.366743
0.0813549	0.341075
0.0547364	0.339593
0.0540468	0.334274
0.0499466	0.321933
0.031205	0.31953
0.0291425	0.327128
0.0290446	0.326315
0.0177201	0.338292
0.0269017	0.321729
0.074979	0.290616
0.0866597	0.276202
0.103731	0.288274
0.0863138	0.316459
0.0840183	0.323956
0.0980687	0.32729
0.105615	0.335779
0.118545	0.290941
0.121245	0.299549
0.133142	0.307218
0.134368	0.306384
0.103889	0.303439
0.106436	0.305081
0.0959994	0.301692
0.0947064	0.305398
0.0874084	0.322164
0.0714937	0.32015
0.0921139	0.310293
0.107942	0.326667
0.0615698	0.33156
0.051511	0.326316
0.0739548	0.330713
0.0132916	0.361328
0.00159337	0.34464
-0.00731316	0.357077
-0.00641663	0.344431
0.000879933	0.342931
-0.0179622	0.332653
-0.0170051	0.3241
-0.00149771	0.318746
0.026277	0.322195
0.00901613	0.305761
0.00749942	0.317741
0.00236753	0.335066
0.0129964	0.335471
0.0399937	0.33691
0.062666	0.346117
0.0520084	0.307562
0.0388126	0.335525
0.0376362	0.319652
0.045865	0.311205
0.0479253	0.294642
0.0372436	0.273012
0.0374523	0.300429
0.0590776	0.30451
0.0482332	0.312989
0.0480992	0.319745
0.0354267	0.343505
-0.00678193	0.346332
0.0108958	0.364236
0.0122773	0.345215
0.0126172	0.335324
0.0146419	0.332815
0.0232278	0.311732
0.0317698	0.310102
0.0254402	0.312829
0.0259179	0.319249
0.0482119	0.334114
0.0436329	0.309662
0.033709	0.326739
0.033158	0.326442
0.0055614	0.335162
-0.0194903	0.330807
-0.00562999	0.325695
-0.00324059	0.32521
0.00898493	0.328735
0.0258747	0.308598
0.0238279	0.301763
0.00682715	0.28138
0.0139799	0.29098
-0.00203074	0.329843
-0.0340047	0.331298
-0.0290114	0.335967
-0.0294764	0.321152
-0.0517009	0.325539
-0.0561883	0.294291
-0.058906	0.306375
-0.0636331	0.311173
-0.0700328	0.320273
-0.0624199	0.326781
-0.0697553	0.325175
-0.0435955	0.314973
-0.0508057	0.297565
-0.0592769	0.317462
-0.0808635	0.301794
-0.07513	0.349894
-0.0608331	0.374306
-0.079969	0.369602
-0.0917645	0.342133
-0.0478091	0.310576
-0.0624319	0.287063
-0.0602925	0.304676
-0.0627664	0.311853
-0.0347234	0.269868
-0.0144413	0.324074
-0.0147737	0.323984
-0.0306759	0.321884
-0.0397121	0.332971
-0.0316258	0.320788
-0.0478917	0.332922
-0.0355653	0.355474
-0.0435204	0.326633
-0.0424537	0.326483
-0.051224	0.343915
-0.04991	0.35054
-0.0488686	0.336504
-0.033515	0.322457
-0.0341317	0.298002
-0.0302546	0.315007
-0.0290004	0.319793
-0.0615203	0.270948
-0.0794423	0.289324
-0.0889779	0.30686
-0.0641942	0.303626
-0.0602434	0.310652
-0.0240701	0.328586
-0.0442161	0.331641
-0.0363647	0.328761
-0.0299617	0.329729
-0.0239418	0.327698
-0.018042	0.327369
-0.0384324	0.299755
-0.0547517	0.306246
-0.0568159	0.318443
-0.0699946	0.304972
-0.0803004	0.315388
-0.069464	0.294987
-0.0649413	0.307417
-0.0787603	0.316654
-0.0775216	0.321848
-0.0625143	0.333706
-0.0577614	0.326081
-0.0613101	0.325707
-0.0747738	0.316264
-0.0798417	0.329715
-0.0573423	0.334011
-0.035017	0.304152
-0.036413	0.312987
-0.0505087	0.386375
-0.0429735	0.320053
-0.030095	0.333283
-0.0282929	0.332162
-0.0405277	0.33839
-0.0559107	0.336569
-0.0457274	0.351395
-0.0423398	0.333177
-0.0624411	0.345324
-0.0536593	0.31171
-0.064524	0.299943
-0.0642518	0.287687
-0.0484536	0.31204
-0.0473937	0.316778
-0.0588316	0.319522
-0.0747333	0.321406
-0.07932	0.323242
-0.0871494	0.331742
-0.101943	0.310751
-0.0794851	0.343622
-0.0484003	0.323408
-0.0405615	0.313622
-0.0439169	0.317817
-0.0442752	0.310485
-0.0502692	0.31829
-0.0779191	0.317221
-0.0792436	0.315648
-0.0766516	0.319556
-0.0855029	0.290353
-0.0843917	0.293295
-0.0873396	0.342445
-0.100292	0.261271
-0.0930071	0.304591
-0.0975323	0.314877
-0.123249	0.345586
-0.0950972	0.342742
-0.0914923	0.304052
-0.122101	0.335814
-0.130048	0.336655
-0.118462	0.327897
-0.136969	0.299433
-0.129367	0.269385
-0.120883	0.296015
-0.141776	0.279468
-0.125466	0.282794
-0.16242	0.272375
-0.16305	0.292833
-0.145509	0.28375
-0.136853	0.265383
-0.158322	0.252221
-0.188215	0.286268
-0.16388	0.267539
-0.172505	0.254214
-0.177481	0.212025
-0.192678	0.219631
-0.263045	0.219406
-0.262938	0.221961
-0.225137	0.182187
-0.242772	0.180305
-0.245172	0.196272
-0.246987	0.198513
-0.256118	0.199763
-0.254634	0.221758
-0.248749	0.190893
-0.262335	0.215668
-0.249673	0.211574
-0.260703	0.220974
-0.256247	0.220677
-0.252375	0.218367
-0.262586	0.241586
-0.263882	0.23975
-0.245036	0.250195
-0.243182	0.223791
-0.250085	0.220173
-0.255469	0.212252
-0.291372	0.231879
-0.282059	0.194947
-0.252869	0.199467
-0.265584	0.215351
-0.266658	0.211932
-0.219788	0.231905
-0.224997	0.240866
-0.242077	0.241155
-0.239955	0.219906
-0.247985	0.219983
-0.263154	0.243808
-0.245379	0.233897
-0.231337	0.227834
-0.239722	0.230699
-0.250935	0.276742
-0.210349	0.240064
-0.196803	0.232452
-0.16348	0.238458
-0.148786	0.303199
-0.152351	0.324927
-0.134519	0.299526
-0.120778	0.262195
-0.123	0.276643
-0.146076	0.272274
-0.126738	0.241049
-0.13944	0.266974
-0.137535	0.279177
-0.152801	0.287657
-0.16969	0.31184
-0.134535	0.307965
-0.141903	0.341792
-0.166164	0.325726
-0.124267	0.316868
-0.120712	0.310588
-0.166272	0.290367
-0.164014	0.287398
-0.156387	0.297084
-0.16454	0.287914
-0.172901	0.282463
-0.169271	0.281866
-0.189154	0.273965
-0.161883	0.260475
-0.178911	0.266232
-0.176149	0.281875
-0.18104	0.2826
-0.199293	0.265933
-0.192106	0.262066
-0.171612	0.255212
-0.137312	0.285543
-0.167051	0.290581
-0.180849	0.284167
-0.178357	0.259022
-0.181702	0.265779
-0.159941	0.258882
-0.167187	0.269843
-0.160074	0.25946
-0.149451	0.267923
-0.159454	0.291638
-0.164257	0.328622
-0.149411	0.301289
-0.160391	0.288961
-0.178475	0.263705
-0.202724	0.296246
-0.196637	0.300395
