0.0464862	0.0999295
0.0464862	0.0999295
0.0464862	0.0999295
0.0464862	0.0999295
0.0464862	0.0999295
0.0464862	0.0999295
0.0464862	0.0999295
0.0464862	0.0999295
0.0464862	0.0999295
0.0464862	0.0999295
0.0464862	0.0999295
0.0464862	0.0999295
0.0464862	0.0999295
0.0464862	0.0999295
0.0464862	0.0999295
0.0464862	0.0999295
0.0464862	0.0999295
0.0464862	0.0999295
0.0464862	0.0999295
0.0464862	0.0999295
0.0464862	0.0999295
0.0464862	0.0999295
0.0464862	0.0999295
0.0464862	0.0999295
0.0464862	0.0999295
0.0464862	0.0999295
0.0464862	0.0999295
0.0464862	0.0999295
0.0464862	0.0999295
0.0464862	0.0999295
0.0464862	0.0999295
0.0464862	0.0999295
0.0464862	0.0999295
0.0464862	0.0999295
0.0464862	0.0999295
0.0464862	0.0999295
0.0464862	0.0999295
0.0464862	0.0999295
0.0464862	0.0999295
0.0464862	0.0999295
0.0464862	0.0999295
0.0464862	0.0999295
0.0464862	0.0999295
0.0464862	0.0999295
0.0464862	0.0999295
0.0464862	0.0999295
0.0464862	0.0999295
0.0464862	0.0999295
0.0464862	0.0999295
0.0464862	0.0999295
0.0464862	0.0999295
0.0464862	0.0999295
0.0464862	0.0999295
0.0464862	0.0999295
0.0464862	0.0999295
0.0464862	0.0999295
0.0464862	0.0999295
0.0464862	0.0999295
0.0464862	0.0999295
0.0464862	0.0999295
0.0464862	0.0999295
0.0464862	0.0999295
0.0464862	0.0999295
0.0464862	0.0999295
0.0464862	0.0999295
0.0464862	0.0999295
0.0464862	0.0999295
0.0464862	0.0999295
0.0464862	0.0999295
0.0464862	0.0999295
0.0464862	0.0999295
0.0464862	0.0999295
0.0464862	0.0999295
0.0464862	0.0999295
0.0464862	0.0999295
0.0464862	0.0999295
0.0464862	0.0999295
0.0464862	0.0999295
0.0464862	0.0999295
0.0464862	0.0999295
0.0464862	0.0999295
0.0464862	0.0999295
0.0464862	0.0999295
0.0464862	0.0999295
0.0464862	0.0999295
0.0464862	0.0999295
0.0464862	0.0999295
0.0464862	0.0999295
0.0464862	0.0999295
0.0464862	0.0999295
0.0464862	0.0999295
0.0464862	0.0999295
0.0464862	0.0999295
0.0464862	0.0999295
0.0464862	0.0999295
0.0464862	0.0999295
0.0464862	0.0999295
0.0464862	0.0999295
0.0464862	0.0999295
0.0464862	0.0999295
0.0464862	0.0999295
0.0464862	0.0999295
0.0464862	0.0999295
0.0464862	0.0999295
0.0464862	0.0999295
0.0464862	0.0999295
0.0464862	0.0999295
0.0464862	0.0999295
0.0464862	0.0999295
0.0464862	0.0999295
0.0464862	0.0999295
0.0464862	0.0999295
0.0464862	0.0999295
0.0464862	0.0999295
0.0464862	0.0999295
0.0464862	0.0999295
0.0464862	0.0999295
0.0464862	0.0999295
0.0464862	0.0999295
0.0464862	0.0999295
0.0464862	0.0999295
0.0464862	0.0999295
0.0464862	0.0999295
0.0464862	0.0999295
0.0464862	0.0999295
0.0464862	0.0999295
0.0464862	0.0999295
0.0464862	0.0999295
0.0464862	0.0999295
0.0464862	0.0999295
0.0464862	0.0999295
0.0464862	0.0999295
0.0464862	0.0999295
0.0464862	0.0999295
0.0464862	0.0999295
0.0464862	0.0999295
0.0464862	0.0999295
0.0464862	0.0999295
0.0464862	0.0999295
0.0464862	0.0999295
0.0464862	0.0999295
0.0464862	0.0999295
0.0464862	0.0999295
0.0464862	0.0999295
0.0464862	0.0999295
0.0464862	0.0999295
0.0464862	0.0999295
0.0464862	0.0999295
0.0464862	0.0999295
0.0464862	0.0999295
0.0464862	0.0999295
0.0464862	0.0999295
0.0464862	0.0999295
0.0464862	0.0999295
0.0464862	0.0999295
0.0464862	0.0999295
0.0464862	0.0999295
0.0464862	0.0999295
0.0464862	0.0999295
0.0464862	0.0999295
0.0464862	0.0999295
0.0464862	0.0999295
0.0464862	0.0999295
0.0464862	0.0999295
0.0464862	0.0999295
0.0464862	0.0999295
0.0464862	0.0999295
0.0464862	0.0999295
0.0464862	0.0999295
0.0464862	0.0999295
0.0464862	0.0999295
0.0464862	0.0999295
0.0464862	0.0999295
0.0464862	0.0999295
0.0464862	0.0999295
0.0464862	0.0999295
0.0464862	0.0999295
0.0464862	0.0999295
0.0464862	0.0999295
0.0464862	0.0999295
0.0464862	0.0999295
0.0464862	0.0999295
0.0464862	0.0999295
0.0464862	0.0999295
0.0464862	0.0999295
0.0464862	0.0999295
0.0464862	0.0999295
0.0464862	0.0999295
0.0464862	0.0999295
0.0464862	0.0999295
0.0464862	0.0999295
0.0464862	0.0999295
0.0464862	0.0999295
0.0464862	0.0999295
0.0464862	0.0999295
0.0663412	0.184403
0.0752515	0.284601
0.0781649	0.296155
0.077788	0.282394
0.0888008	0.29735
0.117254	0.28695
0.118821	0.311584
0.107935	0.305403
0.136859	0.268458
0.133946	0.290319
0.176093	0.286827
0.166189	0.290635
0.179294	0.315183
0.149159	0.299636
0.19318	0.32898
0.196269	0.32769
0.14575	0.314682
0.14888	0.302033
0.138559	0.289735
0.105842	0.276232
0.116919	0.286175
0.104996	0.331866
0.0843337	0.339769
0.0978923	0.298182
0.0861718	0.284581
0.0573315	0.31425
0.0563855	0.318335
0.0732609	0.31163
0.0738848	0.314884
0.0678736	0.301598
0.0722994	0.310545
0.0503765	0.305194
0.113545	0.331063
0.131454	0.323594
0.138468	0.312199
0.164769	0.299492
0.161	0.293073
0.128687	0.279889
0.139996	0.314522
0.132539	0.305731
0.132897	0.292412
0.139999	0.295024
0.175994	0.315846
0.185827	0.317714
0.202401	0.277783
0.229931	0.25374
0.202558	0.250813
0.207143	0.248113
0.210222	0.208523
0.199354	0.22634
0.206267	0.236547
0.211955	0.226093
0.20558	0.232876
0.195175	0.260504
0.196174	0.258868
0.197382	0.263615
0.187916	0.230331
0.200617	0.255211
0.170073	0.278255
0.149706	0.270347
0.142284	0.261848
0.14004	0.309292
0.143362	0.311654
0.150626	0.312921
0.169165	0.283681
0.15247	0.278231
0.154778	0.296844
0.112919	0.227182
0.133078	0.26332
0.123335	0.261934
0.125069	0.273153
0.117613	0.296855
0.0808806	0.310971
0.0803179	0.291119
0.124388	0.279692
0.110409	0.276246
0.130331	0.28834
0.134796	0.314538
0.133821	0.315953
0.145591	0.303027
0.140878	0.27402
0.163086	0.25382
0.159881	0.284843
0.16553	0.270158
0.137355	0.26543
0.141742	0.278883
0.152402	0.242489
0.193978	0.260547
0.179583	0.314248
0.170156	0.275167
0.171204	0.27656
0.17	0.278133
0.126203	0.295086
0.127429	0.300715
0.14632	0.330482
0.153581	0.315168
0.15099	0.304713
0.120628	0.312094
0.133882	0.299089
0.134932	0.297504
0.126467	0.304264
0.124481	0.324145
0.120736	0.315485
0.0970091	0.29362
0.101064	0.308522
0.11372	0.32815
0.104907	0.321615
0.135349	0.298019
0.135545	0.298393
0.142672	0.295936
0.158074	0.325182
0.150365	0.31962
0.134889	0.304948
0.127369	0.318824
0.12886	0.30204
0.118481	0.307224
0.0939257	0.318872
0.0767688	0.318292
0.0781804	0.318794
0.0771535	0.332085
0.0628969	0.323568
0.0510976	0.322027
0.0504138	0.320248
0.0425045	0.314303
0.0366087	0.315793
0.0560895	0.329515
0.0403319	0.327422
0.05256	0.320219
0.0617328	0.302246
0.0591217	0.30673
0.0583108	0.311667
0.0610197	0.32455
0.0583042	0.319518
0.0625809	0.299237
0.0467557	0.335299
0.053032	0.318791
0.032901	0.3239
0.028987	0.321903
0.0345779	0.322181
0.0409148	0.324895
0.0315831	0.329865
0.00964782	0.336018
0.0165069	0.334859
0.00950263	0.333377
0.00623343	0.341588
0.028794	0.31114
0.0347538	0.312392
0.0372237	0.319758
0.039603	0.324581
0.0395179	0.324261
0.0403931	0.335526
0.0287355	0.304803
-0.0112977	0.289284
-0.0247212	0.31778
-0.0409434	0.278033
-0.0524224	0.32919
-0.0682865	0.347346
-0.0693275	0.309391
-0.091536	0.311983
-0.0646758	0.356499
-0.0591402	0.338348
-0.0540862	0.347069
-0.0402966	0.339046
-0.0229997	0.339327
-0.0501517	0.317849
-0.0628687	0.284291
-0.0433689	0.337644
-0.0679044	0.335954
-0.0871933	0.32701
-0.0827992	0.333558
-0.096927	0.338839
-0.0958669	0.32741
-0.119266	0.307149
-0.0980125	0.332743
-0.0864786	0.283752
-0.0996061	0.301022
-0.0940577	0.30167
-0.108386	0.3445
-0.0795889	0.320848
-0.0786735	0.322818
-0.0686379	0.307051
-0.0636333	0.31039
-0.0370974	0.321399
-0.0375779	0.317335
-0.0488227	0.339296
-0.0407492	0.332119
-0.0701871	0.319252
-0.0621336	0.360104
-0.0679811	0.335597
-0.0435975	0.371171
-0.015213	0.348798
-0.0169071	0.348619
-0.00923845	0.336695
-0.00799878	0.330963
0.0150088	0.34803
0.0185528	0.337178
0.0757435	0.284789
0.090586	0.294566
0.090864	0.308133
0.0531259	0.339124
0.0525615	0.332186
0.0541871	0.328201
0.0587762	0.301335
0.0588358	0.311133
0.0583702	0.321415
0.0487903	0.328071
0.0576126	0.30696
0.0489511	0.3168
0.0377886	0.317424
0.0296867	0.319172
0.0269308	0.31598
0.0268412	0.345675
0.0339858	0.349896
0.0299342	0.372945
0.0301636	0.362037
0.0541123	0.356367
0.0835469	0.314825
0.0609438	0.354117
0.0893848	0.329513
0.0924835	0.31287
0.0892554	0.32693
0.0609424	0.285129
0.0541851	0.302334
0.0669885	0.328581
0.0830085	0.331338
0.0675255	0.332172
0.0962758	0.358917
0.111344	0.362077
0.110647	0.311335
0.14388	0.321488
0.163297	0.300448
0.160241	0.294743
0.19083	0.291929
0.195842	0.296032
0.149912	0.332507
0.138474	0.307524
0.129587	0.315375
0.121996	0.317454
0.106039	0.258779
0.122953	0.283803
0.0997517	0.286031
0.104641	0.296444
0.166666	0.308192
0.120536	0.321749
0.116282	0.323808
0.106453	0.311441
0.0999753	0.3177
0.101443	0.31505
0.10393	0.315285
0.0986568	0.307301
0.105916	0.332002
0.107324	0.324013
0.0994691	0.352159
0.104889	0.343626
0.0833247	0.33246
0.0530636	0.281992
0.0437563	0.301336
0.0489933	0.330436
0.0482834	0.324782
0.0466724	0.324628
0.0447803	0.349433
0.0410562	0.338164
0.0275822	0.307971
0.025391	0.257476
0.0210381	0.300483
0.0276158	0.304976
0.0373935	0.331891
0.0382415	0.310692
0.0387139	0.296494
0.0459228	0.309799
0.0314652	0.306551
0.0301707	0.315744
0.0420798	0.293185
0.0447186	0.30768
0.0521901	0.31263
0.0260354	0.31732
0.0406641	0.325254
0.0701965	0.327399
0.0901912	0.319594
0.0892522	0.321842
0.1051	0.326587
0.121199	0.26733
0.106663	0.274453
0.102066	0.262687
0.111494	0.284833
0.105454	0.325699
0.100406	0.312395
0.0874221	0.311601
0.112513	0.34927
0.0888886	0.365179
0.0860974	0.341393
0.0816768	0.325605
0.0716237	0.303968
0.114943	0.319126
0.176674	0.298608
0.148523	0.26316
0.150723	0.23371
0.143165	0.242618
0.120511	0.276251
0.124345	0.287562
0.123959	0.298369
0.12424	0.30022
0.142708	0.282004
0.147335	0.276697
0.160947	0.272673
0.145955	0.293542
0.148821	0.295367
0.140741	0.295105
0.137414	0.312937
0.122253	0.317872
0.117025	0.310548
0.118724	0.308452
0.181262	0.302759
0.169358	0.324508
0.137933	0.276852
0.123977	0.271033
0.104046	0.27255
0.1347	0.248101
0.156761	0.27643
0.166111	0.241402
0.159717	0.229028
0.157734	0.238798
0.163402	0.250591
0.178072	0.2795
0.170296	0.299362
0.171951	0.279727
0.150143	0.266836
0.166575	0.271868
0.14736	0.265027
0.146027	0.296385
0.175258	0.294194
0.167735	0.336079
0.162337	0.31675
0.151153	0.292799
0.139496	0.286437
0.116012	0.296089
0.0838278	0.287666
0.0831166	0.301449
0.0645856	0.319492
0.0491498	0.299056
0.0947756	0.334318
0.0886705	0.314959
0.0710253	0.312545
0.0199857	0.30119
-0.0045122	0.30372
-0.0376255	0.349687
-0.047469	0.356337
-0.0297632	0.333678
-0.0381469	0.311942
-0.0422	0.318782
-0.0196972	0.322735
-0.0341446	0.301483
-0.0344157	0.313567
-0.0206058	0.347143
-0.0484489	0.333966
-0.0262328	0.344751
-0.013996	0.326283
-0.0097695	0.31897
0.00338196	0.318391
-0.0188736	0.334325
-0.00632975	0.330283
-0.0172559	0.342181
-0.0297994	0.325459
-0.00694747	0.339894
-0.00626298	0.332299
-0.029502	0.330788
-0.0423157	0.311829
-0.0387092	0.321085
-0.0558744	0.339919
-0.0448708	0.324891
-0.0306571	0.329907
-0.0228139	0.334024
-0.0477572	0.323967
-0.0396885	0.319762
-0.0865668	0.32453
-0.0786926	0.328752
-0.0977979	0.330124
-0.0855432	0.313154
-0.087041	0.310261
-0.0883168	0.311362
-0.125748	0.313634
-0.157077	0.278746
-0.170303	0.267711
-0.184093	0.228144
-0.194531	0.24109
-0.172043	0.241859
-0.180718	0.257107
-0.198737	0.259224
-0.191911	0.250776
-0.19409	0.258057
-0.206591	0.266515
-0.23844	0.232833
-0.237502	0.230146
-0.230498	0.243567
-0.194044	0.225537
-0.217929	0.272453
-0.212951	0.264406
-0.209418	0.25772
-0.211138	0.256966
-0.231518	0.275102
-0.218336	0.286032
-0.208145	0.272485
-0.155237	0.277994
-0.138188	0.288733
-0.14753	0.274518
-0.135844	0.273857
-0.15117	0.296333
-0.142092	0.317768
-0.122829	0.308508
-0.129196	0.307573
-0.12073	0.305355
-0.119353	0.30457
-0.143188	0.296959
-0.145503	0.298554
-0.140271	0.299703
-0.12292	0.297263
-0.11804	0.28661
-0.128272	0.320944
-0.126907	0.278309
-0.141804	0.289053
-0.141155	0.295684
-0.150242	0.325606
-0.125058	0.335681
-0.130623	0.320837
-0.116964	0.294155
-0.1407	0.298841
-0.135066	0.304969
-0.082985	0.295883
-0.0742686	0.331079
-0.0696533	0.328445
-0.0913157	0.333812
-0.0787234	0.345989
-0.0737381	0.32286
-0.0530898	0.341904
-0.0519352	0.332832
-0.0207254	0.344155
0.0109896	0.330859
0.0387396	0.360514
0.0384379	0.342543
0.0547052	0.329844
0.0546037	0.328731
0.0195719	0.339168
0.00362867	0.331552
0.00367233	0.328829
0.0194554	0.335114
0.0196227	0.330279
0.0251458	0.314278
0.0427138	0.271668
0.0513927	0.25409
0.0491557	0.271409
0.0553664	0.298641
0.0932731	0.304236
0.0995015	0.308358
0.117752	0.2951
0.12534	0.293577
0.119565	0.302668
0.12714	0.301421
0.116388	0.302446
0.0759531	0.286442
0.103671	0.297277
0.0961045	0.295933
0.0838997	0.309864
0.105425	0.306178
0.0871419	0.317728
0.0843685	0.317136
0.081115	0.319168
0.0874199	0.331286
0.0857196	0.328834
0.0953775	0.317093
0.0590678	0.296826
0.0680739	0.33756
0.114472	0.322486
0.138888	0.300886
0.12164	0.310081
0.105235	0.294825
0.128298	0.303498
0.113328	0.333982
0.111915	0.320403
0.117824	0.332472
0.112221	0.336665
0.108231	0.321792
0.113008	0.319935
0.116607	0.285992
0.143726	0.307218
0.120683	0.325585
0.129984	0.295031
0.147889	0.322092
0.171581	0.352638
0.130839	0.307967
0.129238	0.30433
0.130533	0.305513
0.105669	0.307438
0.133718	0.283141
0.134777	0.263441
0.152209	0.278734
0.154413	0.282836
0.145083	0.277732
0.115882	0.276941
0.127099	0.313595
0.129665	0.260042
0.13245	0.28812
0.18172	0.272797
0.181117	0.269962
0.186093	0.271795
0.176664	0.260459
0.207622	0.27098
0.206904	0.263221
0.204313	0.206479
0.204045	0.217322
0.202293	0.248169
0.168647	0.241772
0.18235	0.24957
0.19411	0.268376
0.206773	0.268164
0.187562	0.23702
0.21932	0.242342
0.210789	0.25376
0.222568	0.240863
0.217858	0.219411
0.247014	0.230141
0.249225	0.256471
0.249043	0.239587
0.295532	0.229031
0.294295	0.245583
0.269872	0.226745
0.286364	0.210567
0.275546	0.204399
0.269806	0.197568
0.254993	0.195713
0.28781	0.173643
0.311647	0.167166
0.299881	0.168997
0.331389	0.154401
0.303745	0.138136
0.333837	0.119028
0.318599	0.109703
0.312681	0.10741
0.302235	0.106483
0.306491	0.116394
0.296191	0.171372
0.2779	0.180068
0.27177	0.197223
0.264381	0.222073
0.227284	0.227174
0.261694	0.269972
0.242481	0.254757
0.23056	0.25277
0.200805	0.249629
0.188209	0.284982
0.184121	0.279745
0.191156	0.273109
0.189238	0.270855
0.207176	0.267739
0.20182	0.244186
0.239604	0.202815
0.232154	0.244096
0.239665	0.227791
0.267241	0.207991
0.258675	0.235393
0.251395	0.211429
0.259139	0.202686
0.263349	0.183156
0.258928	0.196738
0.266584	0.174801
0.257356	0.179527
0.26672	0.172488
0.261714	0.152938
0.286638	0.154673
0.271295	0.136717
0.281567	0.140609
0.285538	0.152497
0.294438	0.164239
0.280054	0.172291
0.278028	0.173801
0.277544	0.17459
0.276255	0.170932
0.277474	0.178005
0.309198	0.187476
0.286771	0.177071
0.296211	0.160465
0.289968	0.157504
0.287347	0.154335
0.300775	0.181235
0.289591	0.172944
0.29297	0.172289
0.32112	0.146935
0.298583	0.103483
0.306726	0.119889
0.318502	0.13579
0.315754	0.130301
0.350206	0.130109
0.333922	0.150605
0.322081	0.143355
0.326953	0.132655
0.320066	0.173192
0.306164	0.149365
0.307782	0.174499
0.331207	0.15997
0.301225	0.140119
0.278685	0.173826
0.295207	0.158827
0.288081	0.155897
0.289396	0.152297
0.276608	0.157372
0.287519	0.142665
0.292879	0.14635
0.289388	0.1325
0.286997	0.123941
0.324349	0.117108
0.328614	0.112025
0.334761	0.0942333
0.32435	0.0911178
0.309292	0.079618
0.309819	0.0703367
0.312633	0.0782681
0.3132	0.0509289
0.311951	0.0572083
0.346868	0.0853535
0.372302	0.0730198
0.359673	0.0733909
0.351182	0.03759
0.355782	0.0259625
0.340811	0.00211817
0.331914	-0.00113254
0.325937	0.000189603
0.332314	-0.00667514
0.33126	-0.0233587
0.334026	-0.0293562
0.337567	-0.0351671
0.330399	-0.0351966
0.336704	-0.0315416
0.329933	-0.0286007
0.32777	-0.0280374
0.342553	-0.0393156
0.31825	-0.0365493
0.321407	-0.0379775
0.298656	-0.05088
0.310736	-0.0512187
0.325652	-0.0286919
0.330547	-0.0173891
0.31304	-0.0325394
0.314995	-0.032265
0.319434	-0.0225313
0.326254	-0.0183388
0.381218	-0.00781949
0.375268	-0.00834118
0.348218	-0.0120806
0.350581	-0.0183743
0.338001	-0.00778345
0.331274	-0.0085731
0.350373	0.01053
0.337013	0.00740098
0.326541	0.00903048
0.359477	-0.000732461
0.343351	-0.000857048
0.361786	0.00692818
0.338604	0.0115298
0.342115	-0.013786
0.35204	-0.0763868
0.349274	-0.0567511
0.364163	-0.0806452
0.306454	-0.0521917
0.329226	-0.0405471
0.336183	-0.0581392
0.363775	-0.0685919
0.343298	-0.0643789
0.353979	-0.0648518
0.334787	-0.0762112
0.324121	-0.0722186
0.312454	-0.0529487
0.327697	-0.0635147
0.304688	-0.0617534
0.303637	-0.0703049
0.295842	-0.0691811
0.326407	-0.0702412
0.29706	-0.10495
0.30191	-0.0922133
0.29316	-0.112637
0.311499	-0.121905
0.310055	-0.159972
0.29322	-0.151276
0.32197	-0.120507
0.325831	-0.0966868
0.336591	-0.0987719
0.302776	-0.0851394
0.330939	-0.0812401
0.299088	-0.0839716
0.318624	-0.0540247
0.293247	-0.0965181
0.281184	-0.111874
0.283773	-0.11481
0.314083	-0.125819
0.299417	-0.140592
0.28452	-0.139636
0.294776	-0.120621
0.313069	-0.157786
0.303806	-0.152379
0.285659	-0.136665
0.275386	-0.180151
0.246209	-0.15843
0.262843	-0.169837
0.26161	-0.179647
0.237605	-0.148912
0.258674	-0.184302
0.269504	-0.195018
0.269018	-0.199729
0.265326	-0.196856
0.26491	-0.206338
0.260337	-0.198336
0.258406	-0.1912
0.241428	-0.211562
0.240442	-0.214024
0.271411	-0.234247
0.289427	-0.240772
0.260406	-0.199687
0.281954	-0.186979
0.281214	-0.183172
0.271488	-0.195518
0.275154	-0.161814
0.264336	-0.175438
0.271372	-0.156063
0.306667	-0.149528
0.306427	-0.157164
0.299551	-0.187008
0.313073	-0.190002
0.289841	-0.175898
0.252418	-0.183382
0.257361	-0.252651
0.241186	-0.235412
0.248587	-0.242384
0.243419	-0.237515
0.249534	-0.242041
0.241953	-0.235395
0.243485	-0.216297
0.234791	-0.199567
0.253445	-0.217012
0.253742	-0.218614
0.250691	-0.216019
0.261221	-0.20137
0.265824	-0.221244
0.258504	-0.20758
0.239743	-0.213626
0.229358	-0.209843
0.236031	-0.210982
0.235999	-0.207526
0.274063	-0.199356
0.261769	-0.200164
0.258115	-0.221323
0.242342	-0.261689
0.232416	-0.25595
0.217068	-0.248356
0.192934	-0.24155
0.199725	-0.271423
0.225021	-0.272804
0.180869	-0.293273
0.160677	-0.304792
0.147763	-0.314399
0.168426	-0.29573
0.17999	-0.308055
0.162033	-0.268797
0.151884	-0.257896
0.157906	-0.267141
0.168201	-0.259714
0.190426	-0.260402
0.154922	-0.250767
0.138092	-0.219612
0.146141	-0.228288
0.165651	-0.262639
0.131857	-0.248782
0.167342	-0.253664
0.215143	-0.237035
0.214188	-0.237811
0.161008	-0.239124
0.169897	-0.266171
0.186311	-0.269772
0.195822	-0.298172
0.198611	-0.265638
0.197206	-0.276057
0.195377	-0.258664
0.185466	-0.250628
0.148261	-0.26121
0.156163	-0.265003
0.188767	-0.266445
0.15524	-0.222213
0.168857	-0.247993
0.169839	-0.278881
0.178232	-0.263162
0.19691	-0.278819
0.193329	-0.279028
0.189271	-0.270334
0.209507	-0.245426
0.211286	-0.24517
0.194432	-0.2437
0.181515	-0.240477
0.20913	-0.248522
0.208751	-0.240946
0.210564	-0.257287
0.207891	-0.266634
0.220019	-0.248296
0.225238	-0.232578
0.225966	-0.233944
0.235193	-0.219197
0.225745	-0.22425
0.233262	-0.237248
0.232332	-0.235323
