#1 AntVel X	#2 AntVel Y	#3 Speed	#4 Turning Angle Rad		#5 Turning Angle Deg	#6 Detected Phero Left	#7 Detected Phero Right	
0.894379	-0.513532	1.03132	0.0371235	2.12702	1.74159	1.50832
1.13881	-0.83959	1.41485	0.114076	6.53606	1.71882	1.49214
1.31767	-1.07374	1.69976	0.0484564	2.77635	1.74225	1.47767
1.42502	-1.14222	1.82629	-0.00806446	-0.462059	1.70814	1.46229
1.26006	-1.17628	1.72378	0.0753408	4.31671	1.63632	1.44706
1.50725	-1.14028	1.88998	-0.103358	-5.92197	1.63003	1.43917
1.42031	-1.15413	1.8301	0.0347037	1.98838	1.53377	1.42692
1.3874	-1.30592	1.90534	0.0727813	4.17006	1.51278	1.42084
1.40904	-1.34346	1.94687	0.00642516	0.368134	1.50632	1.41685
1.38532	-1.29123	1.89377	-0.0113182	-0.648482	1.48305	1.41283
1.35514	-1.30906	1.88416	0.0178478	1.0226	1.46174	1.40964
1.49138	-1.44193	2.07446	0.000435176	0.0249337	1.45007	1.40749
1.50109	-1.42782	2.0717	-0.00815347	-0.467159	1.43753	1.40557
1.52591	-0.966289	1.80613	-0.195875	-11.2228	1.42732	1.4041
1.52928	-0.944553	1.79747	-0.0112206	-0.642893	1.41162	1.40265
1.58965	-1.04757	1.90378	0.0293789	1.68328	1.40832	1.40194
1.72342	-0.899961	1.94425	-0.101425	-5.81124	1.40657	1.40143
1.85869	-0.89317	2.06215	-0.0332894	-1.90734	1.40356	1.40099
2.13372	-1.08074	2.39181	0.0208827	1.19649	1.40226	1.40068
2.11408	-1.03788	2.35511	-0.012469	-0.714421	1.40155	1.40044
1.97924	-0.837565	2.14917	-0.0560473	-3.21128	1.40099	1.40029
1.95871	-0.799654	2.11565	-0.0127206	-0.728838	1.40058	1.4002
1.93703	-0.691539	2.05677	-0.0446966	-2.56093	1.40038	1.40013
1.78504	-0.87364	1.98736	0.112244	6.43111	1.40023	1.40009
1.81945	-0.896691	2.02841	0.00275071	0.157604	1.40021	1.40006
1.73005	-1.21575	2.1145	0.15465	8.86082	1.40015	1.40004
1.95314	-1.17673	2.28023	-0.0703082	-4.02836	1.40016	1.40003
1.69034	-1.16709	2.05411	0.0620409	3.55468	1.40009	1.40002
1.65533	-1.13114	2.00489	-0.00483253	-0.276884	1.40008	1.40002
1.65437	-1.15051	2.0151	0.00820501	0.470112	1.40005	1.40001
1.51746	-1.27812	1.98401	0.0923356	5.29044	1.40004	1.40001
1.5939	-1.28563	2.04777	-0.0212434	-1.21716	1.40004	1.40001
1.51596	-1.19107	1.92789	-0.0127975	-0.733243	1.40003	1.4
1.83928	-1.18092	2.18575	-0.0951798	-5.4534	1.40002	1.4
1.71719	-1.1116	2.04558	0.00372764	0.213578	1.40001	1.4
1.86842	-1.08489	2.16055	-0.0484318	-2.77494	1.40001	1.4
1.83303	-1.16636	2.17265	0.0406178	2.32723	1.4	1.4
1.66388	-1.31741	2.12228	0.103017	5.90242	1.4	1.4
1.69706	-1.40499	2.20318	0.0218213	1.25027	1.4	1.4
1.67337	-1.21466	2.06775	-0.0636393	-3.64626	1.4	1.4
1.80335	-1.39924	2.28253	0.0319961	1.83324	1.4	1.4
1.60956	-1.41423	2.1426	0.0610099	3.49561	1.4	1.4
1.56064	-1.39035	2.09013	0.00686466	0.393316	1.4	1.4
1.55262	-1.34528	2.05436	-0.0137845	-0.789793	1.4	1.4
1.37062	-1.56022	2.07675	0.136029	7.79391	1.4	1.4
1.33618	-1.6534	2.12581	0.0411121	2.35555	1.4	1.4
1.28637	-1.60413	2.0562	0.00377856	0.216496	1.4	1.4
1.48835	-1.66241	2.23133	-0.0543042	-3.1114	1.4	1.4
1.44848	-1.44253	2.04425	-0.057245	-3.2799	1.4	1.4
1.69144	-1.42123	2.20927	-0.0845367	-4.8436	1.4	1.4
1.64809	-1.32143	2.11243	-0.0229721	-1.31621	1.4	1.4
1.86305	-1.35681	2.30475	-0.0463815	-2.65747	1.4	1.4
1.63999	-1.41383	2.1653	0.082025	4.69968	1.4	1.4
1.57474	-1.597	2.24281	0.0809428	4.63768	1.4	1.4
1.31681	-1.46802	1.97207	0.0472276	2.70594	1.4	1.4
1.43323	-1.5107	2.0824	-0.0279387	-1.60077	1.4	1.4
1.42501	-1.49919	2.06839	-0.000944276	-0.054103	1.4	1.4
1.49154	-1.54644	2.14853	-0.00729534	-0.417992	1.4	1.4
1.35945	-1.47848	2.00849	0.0238492	1.36646	1.4	1.4
1.32977	-1.44637	1.96475	5.68045e-05	0.00325466	1.4	1.4
1.28506	-1.42183	1.9165	0.00850788	0.487466	1.4	1.4
1.30581	-1.52108	2.0047	0.0255218	1.46229	1.4	1.4
1.27225	-1.78677	2.19344	0.0906323	5.19285	1.4	1.4
1.26349	-1.83169	2.22519	0.0149175	0.854712	1.4	1.4
1.18799	-1.72579	2.09515	0.000963705	0.0552162	1.4	1.4
1.25441	-1.71267	2.12292	-0.0292815	-1.67771	1.4	1.4
1.20532	-1.67429	2.06301	0.00820527	0.470127	1.4	1.4
1.0642	-1.29814	1.6786	-0.0627341	-3.5944	1.4	1.4
1.17484	-1.39789	1.82602	-0.0122257	-0.70048	1.4	1.4
1.10292	-1.61418	1.95499	0.0995071	5.70134	1.4	1.4
0.974244	-1.53587	1.8188	0.0341303	1.95552	1.4	1.4
1.01713	-1.60542	1.90051	0.000548802	0.031444	1.4	1.4
1.21088	-1.53996	1.959	-0.101605	-5.82155	1.4	1.4
0.903688	-1.58404	1.82368	0.147891	8.47354	1.4	1.4
1.093	-1.58895	1.92858	-0.0840985	-4.81849	1.4	1.4
1.13064	-1.61036	1.96764	-0.00959774	-0.54991	1.4	1.4
1.23966	-1.67165	2.08115	-0.0259511	-1.48689	1.4	1.4
1.22526	-1.61626	2.02819	-0.0105641	-0.60528	1.4	1.4
1.11382	-1.70003	2.03241	0.0686486	3.93327	1.4	1.4
1.248	-1.55314	1.99243	-0.0968851	-5.55111	1.4	1.4
1.46858	-1.5382	2.12668	-0.0853577	-4.89064	1.4	1.4
1.53928	-1.2281	1.96917	-0.135123	-7.74197	1.4	1.4
1.52084	-1.17227	1.9202	-0.0167373	-0.958979	1.4	1.4
1.59555	-1.46553	2.16647	0.0862624	4.94247	1.4	1.4
1.79747	-1.56393	2.3826	-0.026917	-1.54223	1.4	1.4
1.75398	-1.49609	2.30537	-0.00981714	-0.562481	1.4	1.4
1.39028	-1.25895	1.87559	0.0296487	1.69875	1.4	1.4
1.51045	-1.3833	2.04816	0.00562383	0.322222	1.4	1.4
1.35861	-1.39312	1.94592	0.0564521	3.23447	1.4	1.4
1.5108	-1.44855	2.09304	-0.0335729	-1.92358	1.4	1.4
1.30273	-1.43855	1.94076	0.0705393	4.04161	1.4	1.4
1.58432	-1.28067	2.0372	-0.155102	-8.88669	1.4	1.4
1.6744	-1.19928	2.05959	-0.0582585	-3.33797	1.4	1.4
1.64237	-1.37284	2.14058	0.0747009	4.28005	1.4	1.4
1.4107	-1.25092	1.88544	0.0291939	1.67269	1.4	1.4
1.48236	-1.30438	1.97454	-0.003821	-0.218927	1.4	1.4
1.59198	-1.27358	2.03872	-0.0468809	-2.68608	1.4	1.4
1.63269	-1.34533	2.11555	0.014463	0.828669	1.4	1.4
1.72732	-1.15592	2.07841	-0.0994458	-5.69782	1.4	1.4
1.644	-1.00532	1.92702	-0.0409156	-2.34429	1.4	1.4
1.62391	-1.06137	1.93999	0.0300534	1.72193	1.4	1.4
1.64744	-1.08237	1.97119	0.00238719	0.136776	1.4	1.4
1.61013	-1.14206	1.97404	0.0356591	2.04312	1.4	1.4
1.42855	-1.1332	1.82343	0.0536741	3.0753	1.4	1.4
1.5185	-1.0977	1.87371	-0.0446958	-2.56088	1.4	1.4
1.60275	-1.16306	1.98028	0.00182739	0.104702	1.4	1.4
1.71139	-1.14692	2.06016	-0.03732	-2.13828	1.4	1.4
1.7071	-1.13575	2.0504	-0.00336597	-0.192856	1.4	1.4
1.37456	-1.32147	1.90675	0.178649	10.2358	1.4	1.4
1.50668	-1.24116	1.95207	-0.0766392	-4.3911	1.4	1.4
1.51024	-1.23223	1.94916	-0.0047008	-0.269336	1.4	1.4
1.10381	-1.1337	1.5823	0.114387	6.5539	1.4	1.4
1.25328	-1.28457	1.79467	-0.00102818	-0.0589101	1.4	1.4
1.35288	-1.33153	1.89822	-0.0202823	-1.16209	1.4	1.4
1.55372	-1.52659	2.17819	-0.00085582	-0.0490349	1.4	1.4
1.34886	-1.86546	2.30204	0.168164	9.63508	1.4	1.4
1.25685	-1.78013	2.17911	0.0112707	0.645764	1.4	1.4
1.2619	-1.47785	1.9433	-0.0919674	-5.26935	1.4	1.4
1.28317	-1.6452	2.08643	0.0443446	2.54076	1.4	1.4
1.25273	-1.60596	2.03677	-6.20204e-05	-0.00355351	1.4	1.4
1.17779	-1.56503	1.9587	0.0173146	0.992056	1.4	1.4
1.05437	-1.59295	1.91029	0.0604514	3.46361	1.4	1.4
0.815136	-1.54141	1.74367	0.0982507	5.62935	1.4	1.4
0.884885	-1.66126	1.88224	-0.00299134	-0.171391	1.4	1.4
1.22103	-1.72094	2.11011	-0.127651	-7.31389	1.4	1.4
1.16773	-1.61292	1.99125	-0.00956006	-0.547751	1.4	1.4
1.21057	-1.65441	2.05001	-0.00505847	-0.289829	1.4	1.4
1.27507	-1.72147	2.14226	-0.00581295	-0.333058	1.4	1.4
1.2334	-1.66919	2.07545	0.00114128	0.0653908	1.4	1.4
1.21229	-1.64053	2.03985	-2.60443e-05	-0.00149223	1.4	1.4
1.10399	-1.52561	1.88316	0.00998302	0.571985	1.4	1.4
1.13338	-1.57338	1.93909	0.00216667	0.124141	1.4	1.4
1.12097	-1.75338	2.08109	0.0554187	3.17526	1.4	1.4
1.1229	-1.72799	2.06079	-0.00742299	-0.425306	1.4	1.4
1.18508	-1.6799	2.05584	-0.0381195	-2.18408	1.4	1.4
1.0459	-1.67278	1.97284	0.0555982	3.18554	1.4	1.4
0.964665	-1.95915	2.18377	0.101236	5.80039	1.4	1.4
0.922793	-1.89904	2.11137	0.00521453	0.298771	1.4	1.4
0.840499	-1.90679	2.08381	0.0371538	2.12875	1.4	1.4
0.620528	-1.77179	1.87731	0.0782952	4.48598	1.4	1.4
0.538448	-1.7091	1.79191	0.0316717	1.81465	1.4	1.4
0.614344	-1.81803	1.91902	-0.0206666	-1.18411	1.4	1.4
0.807627	-1.82256	1.99348	-0.091254	-5.22847	1.4	1.4
0.806331	-1.76481	1.94029	-0.0114459	-0.655805	1.4	1.4
0.828106	-1.74535	1.93184	-0.0144406	-0.827386	1.4	1.4
0.740733	-1.66318	1.82067	0.0240135	1.37587	1.4	1.4
0.804444	-1.67043	1.85404	-0.029804	-1.70764	1.4	1.4
0.856135	-1.74937	1.94763	-0.00632621	-0.362465	1.4	1.4
1.19156	-1.64727	2.03305	-0.1711	-9.80328	1.4	1.4
1.33325	-1.70158	2.16169	-0.0383942	-2.19983	1.4	1.4
1.31183	-1.62687	2.08988	-0.0139795	-0.800964	1.4	1.4
1.32708	-1.62753	2.1	-0.00545732	-0.312682	1.4	1.4
1.59441	-1.58702	2.24962	-0.103661	-5.93935	1.4	1.4
1.5446	-1.44093	2.11236	-0.0323892	-1.85577	1.4	1.4
1.52885	-1.65492	2.25303	0.0742869	4.25633	1.4	1.4
1.47187	-1.56801	2.15059	-0.0079626	-0.456223	1.4	1.4
1.42534	-1.52071	2.08426	0.000747998	0.0428571	1.4	1.4
1.59127	-1.61484	2.26713	-0.0250083	-1.43287	1.4	1.4
1.67175	-1.53509	2.26964	-0.049942	-2.86147	1.4	1.4
1.79199	-1.52166	2.35089	-0.0388117	-2.22375	1.4	1.4
1.55856	-1.26088	2.00473	-0.0237922	-1.36319	1.4	1.4
1.72854	-1.24061	2.12767	-0.0576832	-3.30501	1.4	1.4
1.59836	-1.15302	1.97084	0.00240645	0.137879	1.4	1.4
1.76552	-1.1087	2.08478	-0.064193	-3.67799	1.4	1.4
1.87328	-1.14058	2.19319	-0.0138233	-0.792015	1.4	1.4
1.97848	-1.20291	2.31546	-0.000631224	-0.0361665	1.4	1.4
2.06984	-1.03351	2.31352	-0.08318	-4.76586	1.4	1.4
1.95484	-1.08036	2.23352	0.0417829	2.39398	1.4	1.4
1.72145	-0.919517	1.95164	-0.0142894	-0.818723	1.4	1.4
1.87666	-0.74287	2.01835	-0.113674	-6.51304	1.4	1.4
1.83021	-0.540384	1.90832	-0.0898194	-5.14627	1.4	1.4
1.88432	-0.539076	1.95992	-0.00845909	-0.48467	1.4	1.4
1.88937	-0.490723	1.95206	-0.0245283	-1.40537	1.4	1.4
1.76109	-0.236238	1.77687	-0.120767	-6.91944	1.4	1.4
1.91209	-0.251441	1.92855	-0.00259592	-0.148735	1.4	1.4
2.18828	-0.401163	2.22474	0.05056	2.89688	1.4	1.4
2.02888	-0.348928	2.05866	-0.010996	-0.630026	1.4	1.4
2.16895	-0.266476	2.18526	-0.048068	-2.75409	1.4	1.4
2.0972	-0.235016	2.11033	-0.0106505	-0.610231	1.4	1.4
2.08097	-0.371019	2.11379	0.0648412	3.71513	1.4	1.4
2.00264	-0.404056	2.04299	0.0226515	1.29783	1.4	1.4
1.76542	-0.5747	1.85661	0.115624	6.62477	1.4	1.4
1.78002	-0.370203	1.81811	-0.109659	-6.28301	1.4	1.4
1.85596	-0.356941	1.88997	-0.0150523	-0.862434	1.4	1.4
1.65862	-0.48633	1.72845	0.0952178	5.45558	1.4	1.4
1.78887	-0.554099	1.87272	0.0151572	0.868444	1.4	1.4
2.13211	-1.04378	2.3739	0.154878	8.87385	1.4	1.4
1.82968	-1.48435	2.35606	0.226317	12.967	1.4	1.4
1.69395	-1.37187	2.17979	-0.000843201	-0.0483118	1.4	1.4
2.00138	-1.32658	2.40112	-0.0953853	-5.46517	1.4	1.4
1.7972	-1.31966	2.22967	0.0480245	2.7516	1.4	1.4
1.81189	-1.1997	2.17306	-0.0485154	-2.77973	1.4	1.4
1.73949	-1.15253	2.08666	0.000307885	0.0176405	1.4	1.4
1.58864	-1.02387	1.89	-0.0126632	-0.725546	1.4	1.4
1.63264	-1.06555	1.94959	0.00574433	0.329126	1.4	1.4
1.53735	-1.18722	1.9424	0.0793519	4.54653	1.4	1.4
1.57549	-1.20926	1.98607	-0.00295403	-0.169254	1.4	1.4
1.51679	-1.08753	1.86638	-0.0325953	-1.86758	1.4	1.4
1.57452	-1.19407	1.97608	0.026792	1.53507	1.4	1.4
1.51128	-1.10181	1.87028	-0.018873	-1.08135	1.4	1.4
