#1 AntVel X	#2 AntVel Y	#3 Speed	#4 Turning Angle Rad		#5 Turning Angle Deg	#6 Detected Phero Left	#7 Detected Phero Right	
-0.305364	-1.15636	1.196	-0.156309	-8.95587	1.61731	2.71846
-0.386005	-1.1184	1.18314	0.0741595	4.24902	1.68021	2.37596
-0.300627	-1.48562	1.51573	-0.132677	-7.60185	1.62521	2.61229
-0.266804	-1.72931	1.74977	-0.0465863	-2.6692	1.68226	2.34498
-0.206076	-1.87671	1.88799	-0.0437072	-2.50424	1.699	2.28581
-0.132884	-1.96105	1.96555	-0.0417108	-2.38985	1.71882	2.22889
-0.287094	-2.03897	2.05908	0.0722257	4.13823	1.74328	2.17122
-0.140634	-2.06033	2.06512	-0.0717313	-4.1099	1.67681	2.34141
0.0208503	-2.09573	2.09583	-0.0781011	-4.47486	1.71913	2.22208
0.0290765	-2.06085	2.06105	-0.00415943	-0.238318	1.78525	2.09212
0.188795	-2.06927	2.07786	-0.0768776	-4.40476	1.79095	2.08295
0.525515	-2.17243	2.23509	-0.146357	-8.38563	1.88419	1.96257
0.490246	-2.06418	2.1216	0.00416176	0.238451	2.14149	1.78067
0.421686	-2.16897	2.20958	0.0411579	2.35818	2.18958	1.754
0.245811	-2.08262	2.09708	0.0745367	4.27064	2.16455	1.75981
0.0563032	-1.86408	1.86493	0.0872909	5.0014	2.06879	1.80616
0.0543437	-1.90023	1.90101	0.00160445	0.0919281	1.95263	1.88909
0.0424191	-1.99148	1.99193	0.00729355	0.41789	1.95529	1.88665
0.00982239	-1.98725	1.98728	0.0163545	0.937042	1.94978	1.89142
-0.217493	-1.80076	1.81385	0.125139	7.16993	1.93057	1.90919
-0.187179	-1.92877	1.93783	-0.0234531	-1.34376	1.78679	2.09997
-0.151442	-1.96235	1.96819	-0.0197224	-1.13001	1.79522	2.08267
-0.139015	-1.832	1.83727	-0.00128464	-0.0736043	1.80305	2.06803
-0.114789	-1.91252	1.91596	-0.0157881	-0.904592	1.79513	2.08022
-0.0166476	-1.98193	1.982	-0.0515486	-2.95352	1.80198	2.06804
0.126153	-1.99998	2.00396	-0.0713933	-4.09054	1.8513	1.99689
0.380273	-2.05855	2.09338	-0.119676	-6.85692	1.94314	1.89945
0.317881	-2.03873	2.06336	0.0279937	1.60392	2.15824	1.76171
0.259334	-2.01276	2.02939	0.0265368	1.52045	2.1457	1.76456
0.21239	-1.9968	2.00806	0.0221723	1.27038	2.12976	1.77025
0.375016	-2.25145	2.28247	-0.059084	-3.38526	2.11649	1.77561
0.280147	-2.11884	2.13728	0.033596	1.92491	2.26416	1.7092
0.102392	-1.99053	1.99316	0.0800604	4.58712	2.23539	1.71791
0.221987	-2.35024	2.3607	-0.0427792	-2.45107	2.11047	1.77541
-0.0596068	-2.30781	2.30858	0.119996	6.87527	2.20677	1.72773
-0.0687081	-2.1661	2.16718	0.00588663	0.337279	2.0146	1.83795
-0.148546	-2.26101	2.26589	0.0338955	1.94207	2.00039	1.84902
-0.264583	-2.15571	2.17189	0.0565203	3.23837	1.94494	1.89797
-0.228803	-2.09542	2.10788	-0.013364	-0.765703	1.86234	1.99253
-0.229008	-2.06973	2.08236	0.0014374	0.0823568	1.85878	1.99497
-0.477983	-2.01819	2.07402	0.122355	7.0104	1.8408	2.01833
-0.171928	-1.985	1.99243	-0.146155	-8.37406	1.71309	2.27817
0.12033	-1.83188	1.83583	-0.15199	-8.70839	1.81822	2.04652
-0.059922	-1.79328	1.79428	0.0989943	5.67196	2.00158	1.84974
-0.0369481	-1.92029	1.92064	-0.0141637	-0.811521	1.8758	1.96783
-0.0838244	-2.17743	2.17904	0.0192394	1.10234	1.88843	1.95303
-0.068676	-2.09955	2.10067	-0.00577972	-0.331153	1.86137	1.98525
0.179747	-2.28465	2.29171	-0.111212	-6.372	1.86234	1.9838
0.0493442	-2.06226	2.06285	0.0545916	3.12787	2.01301	1.84186
0.301941	-1.81082	1.83583	-0.141299	-8.09586	1.94534	1.89556
0.193791	-1.83257	1.84278	0.0598652	3.43002	2.18712	1.74437
0.0591655	-1.93089	1.9318	0.0747249	4.28142	2.10765	1.78073
0.125995	-1.98337	1.98737	-0.0328083	-1.87978	2.00339	1.84665
0.0922044	-1.9955	1.99763	0.017267	0.989324	2.06214	1.80604
0.256776	-1.99079	2.00728	-0.0821003	-4.704	2.04598	1.81608
0.146328	-1.87181	1.87752	0.0502573	2.87953	2.20624	1.73088
0.131847	-1.96172	1.96614	0.0109072	0.624935	2.13681	1.76199
0.257533	-2.17213	2.18735	-0.0509023	-2.91649	2.13348	1.76316
0.371453	-1.9284	1.96385	-0.07228	-4.14134	2.25218	1.70942
0.275819	-2.1135	2.13142	0.0605213	3.46761	2.45194	1.64652
0.198024	-2.0667	2.07617	0.0342453	1.96211	2.35947	1.66966
0.065794	-2.19433	2.19531	0.0655501	3.75574	2.31673	1.68225
0.0304536	-2.08438	2.08461	0.0153654	0.880373	2.20398	1.72598
0.485781	-2.13715	2.19167	-0.208896	-11.9689	2.18147	1.73647
0.532639	-2.14634	2.21144	-0.0197423	-1.13115	2.7055	1.58999
0.492673	-1.83251	1.89758	-0.0193943	-1.11121	2.7781	1.56519
0.448346	-1.94692	1.99788	0.0363031	2.08002	2.63762	1.54466
0.138866	-2.03987	2.04459	0.158368	9.07379	2.65804	1.54462
0.10874	-1.99921	2.00216	0.0136332	0.781124	2.57719	1.60572
-0.0717988	-2.5091	2.51013	0.0829456	4.75243	2.56221	1.60871
-0.0834559	-2.2168	2.21837	0.0090217	0.516906	2.37266	1.66019
-0.141195	-2.10014	2.10488	0.029501	1.69028	2.34386	1.67004
0.242427	-2.04472	2.05905	-0.185141	-10.6078	2.27156	1.69805
0.150869	-1.99326	1.99896	0.0424656	2.4331	2.71343	1.58025
0.0275325	-1.97326	1.97345	0.0615936	3.52905	2.62957	1.59466
0.0158006	-2.02408	2.02414	0.00614576	0.352126	2.48949	1.62586
-0.30412	-2.26838	2.28867	0.141081	8.08334	2.47844	1.62875
-0.426003	-2.23225	2.27253	0.0552983	3.16836	2.17891	1.74467
-0.368959	-1.86357	1.89974	0.00688479	0.394469	2.05578	1.82511
-0.292676	-1.94608	1.96797	-0.0461839	-2.64615	2.01161	1.859
-0.490568	-1.81615	1.88124	0.114544	6.56289	2.04109	1.82908
-0.581441	-1.74752	1.84171	0.0573828	3.28779	1.87355	2.01358
-0.589333	-1.80864	1.90223	-0.00620639	-0.3556	1.78618	2.16759
-0.715712	-2.13773	2.25436	0.00807544	0.462688	1.75448	2.22494
-0.530244	-2.25404	2.31557	-0.0920289	-5.27287	1.70948	2.33184
-0.437883	-2.10505	2.15011	-0.0259498	-1.48681	1.74068	2.21581
-0.745993	-2.07263	2.2028	0.140399	8.04425	1.73437	2.21984
-0.670961	-2.19664	2.29683	-0.0490419	-2.80989	1.62026	2.6436
-0.60244	-2.08118	2.16662	-0.0146782	-0.840998	1.61613	2.62557
-0.647171	-1.93807	2.04327	0.0405134	2.32125	1.60033	2.68882
-0.646231	-2.1325	2.22827	-0.0280406	-1.60661	1.56383	2.71452
-0.46881	-2.12669	2.17775	-0.0772713	-4.42732	1.55458	2.67914
-0.330433	-2.02564	2.05241	-0.0552699	-3.16673	1.56842	2.81353
-0.246159	-2.15213	2.16616	-0.0478165	-2.73968	1.58034	2.72798
-0.214336	-1.96461	1.97627	-0.00521626	-0.29887	1.59341	2.64414
-0.209905	-2.20933	2.21928	-0.0139447	-0.798972	1.58851	2.66726
0.0759485	-2.26471	2.26598	-0.128247	-7.34801	1.58785	2.66728
0.170138	-2.01458	2.02175	-0.0507303	-2.90663	1.66216	2.36694
0.279608	-2.03807	2.05716	-0.0520883	-2.98444	1.70691	2.25228
0.335202	-1.97625	2.00448	-0.0316743	-1.8148	1.76691	2.13736
0.391726	-1.99972	2.03773	-0.0254246	-1.45672	1.81974	2.05854
0.383025	-2.12556	2.15979	0.0151543	0.868275	1.87622	1.98984
0.209106	-2.1346	2.14482	0.080638	4.62022	1.88764	1.97296
0.175356	-2.08322	2.09059	0.0136711	0.783297	1.8139	2.05423
0.29549	-2.0835	2.10435	-0.0569069	-3.26053	1.81192	2.05545
0.320582	-2.04614	2.07111	-0.0145287	-0.83243	1.89595	1.95639
0.282997	-1.82464	1.84645	0.00154131	0.0883105	1.94019	1.91343
0.369145	-1.64471	1.68563	-0.0669133	-3.83385	1.96249	1.89253
0.285364	-1.83345	1.85553	0.0663809	3.80334	2.09696	1.804
0.138854	-1.91478	1.91981	0.0820135	4.69903	2.023	1.84307
0.155561	-1.90052	1.90688	-0.00927905	-0.53165	1.92534	1.91723
0.202389	-1.94697	1.95746	-0.0219096	-1.25533	1.95007	1.89453
0.608081	-2.18825	2.27116	-0.167467	-9.59516	1.99725	1.8564
0.536003	-2.11875	2.1855	0.0232643	1.33295	2.35809	1.68882
0.510759	-2.0378	2.10083	0.00219885	0.125985	2.38155	1.67656
0.358559	-1.94182	1.97465	0.0629891	3.60901	2.44964	1.65442
0.297856	-1.96033	1.98283	0.0318056	1.82233	2.36154	1.67429
0.190127	-1.95866	1.96786	0.0540217	3.09522	2.33574	1.67988
0.143176	-1.98423	1.98939	0.0247343	1.41717	2.25478	1.70668
-0.0081793	-2.07252	2.07253	0.0759788	4.35327	2.22707	1.7171
0.0663251	-2.29083	2.29179	-0.0328909	-1.88451	2.10077	1.78
0.182935	-2.15884	2.16658	-0.0555914	-3.18515	2.15983	1.74759
0.171034	-2.2229	2.22947	0.00774518	0.443766	2.28	1.69561
0.0778037	-2.0696	2.07106	0.0392147	2.24684	2.28706	1.6924
0.0407189	-2.20733	2.20771	0.0191309	1.09612	2.22477	1.71672
0.112132	-2.18558	2.18845	-0.0328156	-1.8802	2.19646	1.7293
0.114211	-2.11971	2.12278	-0.00256801	-0.147136	2.26831	1.6987
-0.223727	-1.98645	1.99901	0.165983	9.51011	2.28759	1.69115
-0.359231	-1.67593	1.71399	0.0989987	5.67221	2.00468	1.85148
-0.467534	-1.89261	1.9495	0.03103	1.77789	1.86633	2.00648
-0.450887	-1.99113	2.04154	-0.0194907	-1.11673	1.80613	2.10073
-0.564187	-1.74302	1.83206	0.0903482	5.17657	1.7925	2.11625
-0.490501	-1.85559	1.91932	-0.0546136	-3.12913	1.69771	2.35674
-0.300896	-1.95731	1.9803	-0.105891	-6.06713	1.7058	2.30726
-0.165804	-2.08112	2.08772	-0.0730328	-4.18447	1.76424	2.14579
0.159755	-2.04079	2.04703	-0.157624	-9.03121	1.81682	2.04777
0.155556	-2.06499	2.07084	0.00293384	0.168097	2.01184	1.84273
0.0699728	-2.19938	2.20049	0.0433838	2.48571	2.0224	1.83459
0.111847	-1.82966	1.83307	-0.0292497	-1.67589	1.97004	1.87385
0.274685	-1.9946	2.01343	-0.0757994	-4.34299	2.01973	1.83562
0.177576	-1.93202	1.94017	0.0451987	2.58969	2.16653	1.75136
0.141529	-1.96127	1.96637	0.0196178	1.12402	2.11104	1.77757
0.192421	-2.0271	2.03622	-0.022604	-1.29511	2.09508	1.78569
0.138759	-2.01403	2.0188	0.0258531	1.48127	2.15229	1.75483
0.305147	-1.79467	1.82043	-0.0996313	-5.70845	2.12513	1.7679
0.339314	-2.03511	2.0632	0.00320861	0.18384	2.34448	1.67862
0.250419	-2.01979	2.03526	0.0418573	2.39825	2.3842	1.66473
0.143529	-2.02198	2.02707	0.0524875	3.00731	2.3313	1.67898
0.0915449	-2.04137	2.04343	0.0260508	1.4926	2.2487	1.70767
0.176388	-2.10651	2.11389	-0.0387251	-2.21878	2.21313	1.72219
0.22834	-1.75718	1.77196	-0.0456824	-2.61741	2.30657	1.6853
0.150932	-1.88236	1.8884	0.0492111	2.81959	2.43259	1.64641
-0.109087	-2.09252	2.09536	0.132096	7.56855	2.34991	1.66957
-0.138689	-2.1049	2.10946	0.0137087	0.785449	2.10676	1.77762
-0.288691	-2.07064	2.09067	0.0727347	4.16739	2.0725	1.79942
-0.479749	-2.02391	2.07999	0.0942164	5.3982	1.95258	1.89906
-0.325924	-1.92424	1.95164	-0.0649588	-3.72187	1.82205	2.07315
-0.265795	-1.89058	1.90918	-0.0281126	-1.61073	1.85767	2.00682
-0.0761119	-2.26269	2.26397	-0.106048	-6.07612	1.86542	1.99165
0.0285877	-2.1572	2.15739	-0.0468765	-2.68582	1.97856	1.86671
-0.0137928	-2.08354	2.08359	0.0198712	1.13854	2.04424	1.81636
0.0766296	-2.15487	2.15623	-0.0421659	-2.41593	2.01534	1.8371
0.0301977	-2.06575	2.06597	0.0209289	1.19914	2.08319	1.79127
-0.191507	-2.06291	2.07178	0.107186	6.14128	2.05538	1.80879
-0.0749422	-1.73849	1.74011	-0.0494874	-2.83542	1.9032	1.94184
-0.0993634	-1.85008	1.85274	0.0105753	0.605918	1.95407	1.8883
-0.238152	-1.81014	1.82574	0.0771582	4.42084	1.933	1.90844
-0.360163	-1.96666	1.99937	0.050313	2.88272	1.83359	2.03137
-0.541617	-2.25481	2.31895	0.0546115	3.12901	1.76678	2.14845
-0.511306	-2.11591	2.17681	0.00136434	0.0781708	1.69818	2.31661
-0.430498	-2.08944	2.13333	-0.0339119	-1.94301	1.67242	2.38883
-0.164971	-2.02036	2.02708	-0.121718	-6.97392	1.67219	2.37521
-0.243749	-2.22317	2.2365	0.0277305	1.58884	1.74805	2.16348
-0.22048	-2.16846	2.17964	-0.00787647	-0.451289	1.71346	2.24106
-0.168321	-2.16425	2.17079	-0.0237104	-1.3585	1.7075	2.25359
-0.140648	-2.08612	2.09085	-0.0102982	-0.590045	1.7158	2.23072
-0.0450955	-1.87234	1.87288	-0.0432384	-2.47738	1.71592	2.22919
0.104084	-2.02321	2.02589	-0.07548	-4.32468	1.74728	2.16024
0.19573	-1.68746	1.69877	-0.0640753	-3.67124	1.82305	2.03635
0.298196	-1.76932	1.79427	-0.0514933	-2.95035	1.90883	1.93868
0.263588	-1.91025	1.92835	0.0298482	1.71018	2.00241	1.86102
0.206955	-1.79975	1.81161	0.0226317	1.2967	1.98474	1.87074
0.445685	-1.943	1.99347	-0.110991	-6.3593	1.97253	1.87809
0.24526	-2.05691	2.07148	0.106802	6.11931	2.19224	1.75122
0.271342	-2.05462	2.07246	-0.0126279	-0.723524	2.04284	1.82392
0.16526	-2.11409	2.12054	0.0532926	3.05344	2.08946	1.7945
0.167001	-2.04351	2.05032	-0.00352912	-0.202204	2.02597	1.83218
0.319311	-1.86086	1.88806	-0.0883975	-5.0648	2.04728	1.81731
0.410804	-2.05519	2.09585	-0.0273477	-1.56691	2.22871	1.72524
0.283502	-2.03889	2.05851	0.0591251	3.38762	2.33457	1.68572
0.112113	-1.87084	1.8742	0.0783066	4.48664	2.25414	1.71047
0.0652822	-1.97578	1.97686	0.0268254	1.53698	2.13042	1.76447
-0.0469798	-1.7787	1.77932	0.0594354	3.4054	2.09528	1.78376
-0.0953838	-1.95888	1.9612	0.0222484	1.27474	2.00599	1.84452
-0.0581146	-2.13625	2.13704	-0.0214573	-1.22941	1.96882	1.87561
-0.0716207	-2.07997	2.0812	0.00722256	0.413822	1.99082	1.85648
-0.0797026	-1.98919	1.99078	0.00562661	0.322381	1.97513	1.86962
-0.0760865	-1.99992	2.00137	-0.00202014	-0.115746	1.96108	1.88193
-0.0603092	-1.87765	1.87861	-0.00591786	-0.339068	1.95695	1.88551
-0.162455	-2.00441	2.01098	0.0487636	2.79395	1.95899	1.88347
