#1 AntPos X	#2 AntVel X	#3 AntPos Y	#4 AntVel Y	#5 AntAngle	
0	0.0992219	0	-0.0913819	0	
0	0.0992219	0	-0.0913819	0	
0	0.0992219	0	-0.0913819	0	
0	0.0992219	0	-0.0913819	0	
0	0.0992219	0	-0.0913819	0	
0	0.0992219	0	-0.0913819	0	
0	0.0992219	0	-0.0913819	0	
0	0.0992219	0	-0.0913819	0	
0	0.0992219	0	-0.0913819	0	
0	0.0992219	0	-0.0913819	0	
0	0.0992219	0	-0.0913819	0	
0	0.0992219	0	-0.0913819	0	
0	0.0992219	0	-0.0913819	0	
0	0.0992219	0	-0.0913819	0	
0	0.0992219	0	-0.0913819	0	
0	0.0992219	0	-0.0913819	0	
0	0.0992219	0	-0.0913819	0	
0	0.0992219	0	-0.0913819	0	
0	0.0992219	0	-0.0913819	0	
0	0.0992219	0	-0.0913819	0	
0	0.0992219	0	-0.0913819	0	
0	0.0992219	0	-0.0913819	0	
0	0.0992219	0	-0.0913819	0	
0	0.0992219	0	-0.0913819	0	
0	0.0992219	0	-0.0913819	0	
0	0.0992219	0	-0.0913819	0	
0	0.0992219	0	-0.0913819	0	
0	0.0992219	0	-0.0913819	0	
0	0.0992219	0	-0.0913819	0	
0	0.0992219	0	-0.0913819	0	
0	0.0992219	0	-0.0913819	0	
0	0.0992219	0	-0.0913819	0	
0	0.0992219	0	-0.0913819	0	
0	0.0992219	0	-0.0913819	0	
0	0.0992219	0	-0.0913819	0	
0	0.0992219	0	-0.0913819	0	
0	0.0992219	0	-0.0913819	0	
0	0.0992219	0	-0.0913819	0	
0	0.0992219	0	-0.0913819	0	
0	0.0992219	0	-0.0913819	0	
0	0.0992219	0	-0.0913819	0	
0	0.0992219	0	-0.0913819	0	
0	0.0992219	0	-0.0913819	0	
0	0.0992219	0	-0.0913819	0	
0	0.0992219	0	-0.0913819	0	
0	0.0992219	0	-0.0913819	0	
0	0.0992219	0	-0.0913819	0	
0	0.0992219	0	-0.0913819	0	
0	0.0992219	0	-0.0913819	0	
0	0.0992219	0	-0.0913819	0	
0	0.0992219	0	-0.0913819	0	
0	0.0992219	0	-0.0913819	0	
0	0.0992219	0	-0.0913819	0	
0	0.0992219	0	-0.0913819	0	
0	0.0992219	0	-0.0913819	0	
0	0.0992219	0	-0.0913819	0	
0	0.0992219	0	-0.0913819	0	
0	0.0992219	0	-0.0913819	0	
0	0.0992219	0	-0.0913819	0	
0	0.0992219	0	-0.0913819	0	
0	0.0992219	0	-0.0913819	0	
0	0.0992219	0	-0.0913819	0	
0	0.0992219	0	-0.0913819	0	
0	0.0992219	0	-0.0913819	0	
0	0.0992219	0	-0.0913819	0	
0	0.0992219	0	-0.0913819	0	
0	0.0992219	0	-0.0913819	0	
0	0.0992219	0	-0.0913819	0	
0	0.0992219	0	-0.0913819	0	
0	0.0992219	0	-0.0913819	0	
0	0.0992219	0	-0.0913819	0	
0	0.0992219	0	-0.0913819	0	
0	0.0992219	0	-0.0913819	0	
0	0.0992219	0	-0.0913819	0	
0	0.0992219	0	-0.0913819	0	
0	0.0992219	0	-0.0913819	0	
0	0.0992219	0	-0.0913819	0	
0	0.0992219	0	-0.0913819	0	
0	0.0992219	0	-0.0913819	0	
0	0.0992219	0	-0.0913819	0	
0	0.0992219	0	-0.0913819	0	
0	0.0992219	0	-0.0913819	0	
0	0.0992219	0	-0.0913819	0	
0	0.0992219	0	-0.0913819	0	
0	0.0992219	0	-0.0913819	0	
0	0.0992219	0	-0.0913819	0	
0	0.0992219	0	-0.0913819	0	
0	0.0992219	0	-0.0913819	0	
0	0.0992219	0	-0.0913819	0	
0	0.0992219	0	-0.0913819	0	
0	0.0992219	0	-0.0913819	0	
0	0.0992219	0	-0.0913819	0	
0	0.0992219	0	-0.0913819	0	
0	0.0992219	0	-0.0913819	0	
0	0.0992219	0	-0.0913819	0	
0	0.0992219	0	-0.0913819	0	
0	0.0992219	0	-0.0913819	0	
0	0.0992219	0	-0.0913819	0	
0	0.0992219	0	-0.0913819	0	
0	0.0992219	0	-0.0913819	0	
0	0.0992219	0	-0.0913819	0	
0	0.0992219	0	-0.0913819	0	
0	0.0992219	0	-0.0913819	0	
0	0.0992219	0	-0.0913819	0	
0	0.0992219	0	-0.0913819	0	
0	0.0992219	0	-0.0913819	0	
0	0.0992219	0	-0.0913819	0	
0	0.0992219	0	-0.0913819	0	
0	0.0992219	0	-0.0913819	0	
0	0.0992219	0	-0.0913819	0	
0	0.0992219	0	-0.0913819	0	
0	0.0992219	0	-0.0913819	0	
0	0.0992219	0	-0.0913819	0	
0	0.0992219	0	-0.0913819	0	
0	0.0992219	0	-0.0913819	0	
0	0.0992219	0	-0.0913819	0	
0	0.0992219	0	-0.0913819	0	
0	0.0992219	0	-0.0913819	0	
0	0.0992219	0	-0.0913819	0	
0	0.0992219	0	-0.0913819	0	
0	0.0992219	0	-0.0913819	0	
0	0.0992219	0	-0.0913819	0	
0	0.0992219	0	-0.0913819	0	
0	0.0992219	0	-0.0913819	0	
0	0.0992219	0	-0.0913819	0	
0	0.0992219	0	-0.0913819	0	
0	0.0992219	0	-0.0913819	0	
0	0.0992219	0	-0.0913819	0	
0	0.0992219	0	-0.0913819	0	
0	0.0992219	0	-0.0913819	0	
0.0405276	0.810553	-0.0354458	-0.708916	-0.718608	
0.106005	1.30954	-0.0821423	-0.933929	-0.619513	
0.17744	1.42872	-0.139345	-1.14406	-0.675206	
0.255906	1.56931	-0.189239	-0.997867	-0.566373	
0.335766	1.5972	-0.229978	-0.814779	-0.471719	
0.419303	1.67073	-0.273632	-0.873093	-0.481549	
0.503269	1.67933	-0.317624	-0.879829	-0.482598	
0.590285	1.74031	-0.363746	-0.922448	-0.487395	
0.681147	1.81725	-0.408131	-0.887706	-0.454397	
0.775152	1.88011	-0.449051	-0.818395	-0.410556	
0.872708	1.95111	-0.491306	-0.845097	-0.408743	
0.966924	1.88433	-0.533153	-0.836929	-0.41798	
1.05897	1.84098	-0.575646	-0.849877	-0.432495	
1.15137	1.84791	-0.617456	-0.836195	-0.424938	
1.24396	1.85181	-0.659811	-0.847093	-0.429025	
1.34039	1.92861	-0.698734	-0.778471	-0.383644	
1.43131	1.81834	-0.751421	-1.05374	-0.525216	
1.51558	1.68545	-0.812668	-1.22493	-0.628465	
1.59938	1.67595	-0.881204	-1.37073	-0.685549	
1.67025	1.41743	-0.94793	-1.33453	-0.755282	
1.74182	1.43152	-1.02132	-1.46785	-0.797927	
1.79334	1.0303	-1.09358	-1.44507	-0.951414	
1.85311	1.19545	-1.16901	-1.50866	-0.90071	
1.91092	1.15615	-1.24837	-1.58716	-0.941238	
1.96532	1.08806	-1.32909	-1.61445	-0.97777	
2.0172	1.03767	-1.39923	-1.40287	-0.933937	
2.07251	1.10616	-1.47126	-1.44047	-0.915926	
2.12918	1.13342	-1.55	-1.57495	-0.947003	
2.19028	1.222	-1.63117	-1.62339	-0.92554	
2.24812	1.15677	-1.72213	-1.81904	-1.00438	
2.30516	1.14083	-1.80922	-1.74191	-0.990963	
2.35933	1.08337	-1.8912	-1.63948	-0.986867	
2.41889	1.19106	-1.97828	-1.74175	-0.971007	
2.47182	1.05867	-2.06459	-1.72622	-1.02066	
2.53358	1.23532	-2.14228	-1.55379	-0.899088	
2.58394	1.00702	-2.22622	-1.67864	-1.03045	
2.6081	0.483239	-2.32723	-2.02018	-1.336	
2.62868	0.411585	-2.42924	-2.04022	-1.37173	
2.6543	0.512411	-2.53466	-2.10842	-1.33239	
2.66742	0.262353	-2.63736	-2.05415	-1.44377	
2.69162	0.484092	-2.74045	-2.06181	-1.34018	
2.71593	0.486254	-2.84523	-2.09545	-1.34278	
2.74121	0.505529	-2.9448	-1.99138	-1.32219	
2.77161	0.607986	-3.03845	-1.87306	-1.25693	
2.80742	0.716169	-3.14006	-2.0322	-1.23197	
2.83819	0.61546	-3.2481	-2.16088	-1.29332	
2.86384	0.513088	-3.35222	-2.08237	-1.32921	
2.88629	0.448996	-3.45325	-2.02052	-1.35213	
2.90039	0.281885	-3.54715	-1.87796	-1.42181	
2.91191	0.230526	-3.64269	-1.91085	-1.45074	
2.91258	0.0132252	-3.74706	-2.08736	-1.56446	
2.90739	-0.103702	-3.8414	-1.88681	-1.6257	
2.89513	-0.245164	-3.93872	-1.94641	-1.69609	
2.87867	-0.329233	-4.04131	-2.05188	-1.7299	
2.85923	-0.388849	-4.14547	-2.08323	-1.75533	
2.83346	-0.51534	-4.25854	-2.26128	-1.79487	
2.79816	-0.706012	-4.36273	-2.08384	-1.89746	
2.76859	-0.591316	-4.4615	-1.97541	-1.86165	
2.739	-0.591948	-4.55742	-1.91841	-1.87009	
2.70738	-0.632324	-4.65833	-2.0183	-1.87441	
2.6746	-0.655543	-4.75428	-1.91885	-1.9	
2.63871	-0.717794	-4.84976	-1.90964	-1.93034	
2.59728	-0.828645	-4.94416	-1.88793	-1.98439	
2.5587	-0.771738	-5.04297	-1.97638	-1.94307	
2.51581	-0.857651	-5.14095	-1.95961	-1.98334	
2.47404	-0.835456	-5.23542	-1.88926	-1.98716	
2.42306	-1.01962	-5.32647	-1.82105	-2.08121	
2.37518	-0.957611	-5.40592	-1.58906	-2.11315	
2.32003	-1.10299	-5.47982	-1.47801	-2.21191	
2.25606	-1.27929	-5.55424	-1.48827	-2.28082	
2.18547	-1.41191	-5.62689	-1.45302	-2.34185	
2.10898	-1.52987	-5.69529	-1.36808	-2.41196	
2.03097	-1.56012	-5.76721	-1.43843	-2.39676	
1.95519	-1.51566	-5.83695	-1.39475	-2.39772	
1.88572	-1.38929	-5.90161	-1.29311	-2.39204	
1.80944	-1.52555	-5.98415	-1.65081	-2.31678	
1.74107	-1.36739	-6.0637	-1.59105	-2.28073	
1.67432	-1.3351	-6.14143	-1.55469	-2.28035	
1.60877	-1.31108	-6.22595	-1.69023	-2.23053	
1.55464	-1.08258	-6.30538	-1.58874	-2.16893	
1.49936	-1.10547	-6.38617	-1.61569	-2.17085	
1.45711	-0.845011	-6.47108	-1.69821	-2.03251	
1.41275	-0.887225	-6.55755	-1.72954	-2.04478	
1.34732	-1.30869	-6.64318	-1.71258	-2.2233	
1.28896	-1.16719	-6.72734	-1.68304	-2.17715	
1.2324	-1.13113	-6.81088	-1.67097	-2.16587	
1.17347	-1.17856	-6.89266	-1.63544	-2.19524	
1.11287	-1.21208	-6.97029	-1.55266	-2.23362	
1.05102	-1.23706	-7.04773	-1.54889	-2.24473	
0.9904	-1.21234	-7.12886	-1.62257	-2.21248	
0.909549	-1.61701	-7.20972	-1.61718	-2.35614	
0.840099	-1.38899	-7.29688	-1.7432	-2.24359	
0.77644	-1.27319	-7.38286	-1.71948	-2.20816	
0.715106	-1.22668	-7.46228	-1.58851	-2.22837	
0.659418	-1.11375	-7.5528	-1.81046	-2.1223	
0.611315	-0.96206	-7.63864	-1.71666	-2.08161	
0.57038	-0.818695	-7.74208	-2.06895	-1.9476	
0.532107	-0.765456	-7.84823	-2.12299	-1.91684	
0.494079	-0.760567	-7.94989	-2.03305	-1.92878	
0.459929	-0.683001	-8.04096	-1.82145	-1.92955	
0.422984	-0.738891	-8.13195	-1.81982	-1.95649	
0.384524	-0.769218	-8.22012	-1.76346	-1.98211	
0.346622	-0.758036	-8.31153	-1.8282	-1.96386	
0.31001	-0.732226	-8.40184	-1.80609	-1.95597	
0.258547	-1.02927	-8.49212	-1.8056	-2.0889	
0.212297	-0.924996	-8.57606	-1.6789	-2.07437	
0.176845	-0.709054	-8.66218	-1.72231	-1.96134	
0.147741	-0.582071	-8.75722	-1.90075	-1.86796	
0.118559	-0.583639	-8.84934	-1.84254	-1.87756	
0.0853515	-0.664155	-8.94661	-1.94535	-1.89979	
0.0585066	-0.536897	-9.04339	-1.93553	-1.84138	
0.0224114	-0.721904	-9.13629	-1.8581	-1.94136	
-0.0113144	-0.674516	-9.23119	-1.89793	-1.91227	
-0.0386352	-0.546416	-9.3212	-1.80019	-1.86549	
-0.0612997	-0.453291	-9.42009	-1.97786	-1.79609	
-0.0871576	-0.517158	-9.52175	-2.03316	-1.81988	
-0.115335	-0.563549	-9.62374	-2.03985	-1.84034	
-0.134965	-0.39259	-9.71981	-1.92148	-1.77234	
-0.146418	-0.229058	-9.81566	-1.91681	-1.68973	
-0.163411	-0.339863	-9.91681	-2.02306	-1.73724	
-0.184861	-0.429001	-10.0144	-1.95254	-1.78707	
-0.202694	-0.356674	-10.1175	-2.06171	-1.7421	
-0.21679	-0.281921	-10.2183	-2.01469	-1.70983	
-0.239389	-0.451971	-10.3226	-2.08662	-1.78411	
-0.267518	-0.562573	-10.4244	-2.03642	-1.84033	
-0.29235	-0.496648	-10.5256	-2.02455	-1.81136	
-0.309493	-0.342865	-10.6209	-1.90573	-1.7488	
-0.327156	-0.353248	-10.718	-1.94069	-1.75085	
-0.341976	-0.296404	-10.8161	-1.96273	-1.72068	
-0.356348	-0.287434	-10.9148	-1.97448	-1.71536	
-0.355049	0.0259624	-11.0104	-1.91073	-1.55721	
-0.350578	0.0894334	-11.0952	-1.69618	-1.51812	
-0.348748	0.0365952	-11.1898	-1.8925	-1.55146	
-0.347853	0.0179048	-11.2873	-1.94971	-1.56161	
-0.350598	-0.0548969	-11.3881	-2.01563	-1.59803	
-0.348468	0.042589	-11.4917	-2.07241	-1.55025	
-0.361615	-0.262946	-11.5823	-1.81299	-1.71483	
-0.373159	-0.23087	-11.6797	-1.94764	-1.68878	
-0.373248	-0.00177017	-11.7745	-1.89507	-1.57173	
-0.373541	-0.00586982	-11.8767	-2.04421	-1.57367	
-0.37446	-0.0183878	-11.9771	-2.00798	-1.57995	
-0.386054	-0.231878	-12.0731	-1.92002	-1.69098	
-0.390862	-0.0961537	-12.1712	-1.96304	-1.61974	
-0.38509	0.115431	-12.2819	-2.21337	-1.51869	
-0.384517	0.0114712	-12.3884	-2.12992	-1.56541	
-0.389093	-0.0915208	-12.498	-2.19322	-1.6125	
-0.401543	-0.248996	-12.6035	-2.10848	-1.68834	
-0.424357	-0.456278	-12.7121	-2.1716	-1.77789	
-0.444087	-0.394613	-12.8131	-2.02036	-1.76369	
-0.471	-0.53826	-12.8978	-1.69559	-1.87818	
-0.512376	-0.82752	-12.9798	-1.63929	-2.03828	
-0.554009	-0.832662	-13.0623	-1.64991	-2.03817	
-0.59963	-0.912405	-13.1461	-1.67594	-2.06934	
-0.648842	-0.984245	-13.2307	-1.69091	-2.09794	
-0.697313	-0.969431	-13.3194	-1.77462	-2.07077	
-0.748412	-1.02197	-13.4054	-1.72132	-2.10658	
-0.812561	-1.28298	-13.4864	-1.61888	-2.24095	
-0.879556	-1.33991	-13.5577	-1.4255	-2.32525	
-0.947658	-1.36203	-13.6286	-1.4192	-2.33564	
-1.00011	-1.04912	-13.698	-1.38682	-2.21844	
-1.05435	-1.08464	-13.7706	-1.45293	-2.21207	
-1.11059	-1.12498	-13.8472	-1.5308	-2.20456	
-1.17355	-1.25913	-13.9227	-1.51089	-2.26556	
-1.23826	-1.29414	-13.9986	-1.51707	-2.27706	
-1.30368	-1.30842	-14.081	-1.64916	-2.24149	
-1.37064	-1.33923	-14.159	-1.55881	-2.28057	
-1.44026	-1.39239	-14.2392	-1.60417	-2.28564	
-1.51128	-1.42045	-14.3136	-1.48974	-2.33239	
-1.58377	-1.4498	-14.3848	-1.42272	-2.36562	
-1.66295	-1.58351	-14.4504	-1.31275	-2.44941	
-1.74162	-1.57335	-14.5146	-1.28407	-2.45709	
-1.81938	-1.5553	-14.5812	-1.33176	-2.43347	
-1.89779	-1.56823	-14.6456	-1.287	-2.45437	
-1.96845	-1.41309	-14.7086	-1.25977	-2.4135	
-2.04665	-1.5641	-14.7671	-1.17198	-2.49854	
-2.12539	-1.57481	-14.8228	-1.11264	-2.5265	
-2.20019	-1.49595	-14.875	-1.04354	-2.53249	
-2.27542	-1.50459	-14.9304	-1.10906	-2.50639	
-2.35563	-1.60414	-14.9866	-1.12387	-2.53046	
-2.44645	-1.81652	-15.0333	-0.93376	-2.66678	
-2.52876	-1.64624	-15.0723	-0.780926	-2.69866	
-2.6129	-1.68276	-15.1132	-0.817322	-2.68945	
-2.72995	-2.34105	-15.1477	-0.689336	-2.85523	
-2.84148	-2.23061	-15.1754	-0.555089	-2.8977	
-2.9376	-1.92236	-15.2123	-0.737259	-2.77537	
-3.02569	-1.76174	-15.2477	-0.708468	-2.75924	
-3.11696	-1.82544	-15.2882	-0.810442	-2.72376	
-3.20721	-1.80505	-15.3305	-0.845344	-2.70361	
-3.29297	-1.71517	-15.3759	-0.907688	-2.65485	
-3.38295	-1.79955	-15.4197	-0.877037	-2.6881	
-3.47042	-1.74948	-15.4631	-0.867482	-2.68127	
-3.56008	-1.79309	-15.5137	-1.01099	-2.6282	
-3.64423	-1.68308	-15.5715	-1.15686	-2.53941	
-3.72482	-1.61174	-15.6326	-1.22105	-2.49325	
-3.79635	-1.43057	-15.6944	-1.23658	-2.4288	
-3.86778	-1.42868	-15.7522	-1.1563	-2.46118	
-3.94342	-1.51274	-15.8134	-1.22444	-2.46113	
-4.01822	-1.49598	-15.8771	-1.27274	-2.43665	
-4.09158	-1.46716	-15.9412	-1.28231	-2.42333	
-4.15461	-1.26074	-16.0134	-1.44485	-2.28825	
-4.21597	-1.22714	-16.0905	-1.54075	-2.24337	
-4.28053	-1.29115	-16.1695	-1.58038	-2.25581	
-4.34052	-1.19994	-16.2505	-1.62089	-2.20806	
-4.40804	-1.35032	-16.3347	-1.68319	-2.2469	
-4.48784	-1.59599	-16.4153	-1.61193	-2.35122	
-4.56012	-1.44554	-16.4898	-1.4907	-2.34081	
-4.63513	-1.50026	-16.5699	-1.60107	-2.3237	
-4.7068	-1.43332	-16.6515	-1.63208	-2.29144	
-4.78468	-1.55763	-16.7235	-1.44138	-2.39494	
-4.85558	-1.41805	-16.7883	-1.29501	-2.40151	
-4.93005	-1.48931	-16.8533	-1.30102	-2.42357	
-5.00431	-1.48524	-16.9183	-1.29954	-2.42278	
-5.07983	-1.51051	-16.9888	-1.40929	-2.39085	
-5.15148	-1.43295	-17.0494	-1.21314	-2.43907	
-5.22174	-1.40515	-17.1169	-1.34941	-2.37642	
-5.29724	-1.50999	-17.1888	-1.43831	-2.3805	
-5.37989	-1.65311	-17.2472	-1.16781	-2.52656	
-5.45456	-1.49343	-17.3099	-1.25319	-2.44344	
-5.53022	-1.51316	-17.366	-1.12194	-2.50358	
-5.61052	-1.60592	-17.4247	-1.17445	-2.51015	
-5.6913	-1.6156	-17.4814	-1.13355	-2.52978	
-5.7736	-1.64607	-17.5406	-1.18432	-2.51791	
-5.85344	-1.5967	-17.6009	-1.20557	-2.49487	
-5.92911	-1.51341	-17.6682	-1.34606	-2.41465	
-6.00603	-1.53839	-17.7345	-1.32646	-2.43003	
-6.08306	-1.5406	-17.7897	-1.10326	-2.52013	
-6.15846	-1.50799	-17.8614	-1.43478	-2.38107	
-6.22624	-1.35569	-17.9322	-1.41582	-2.3345	
-6.2947	-1.36919	-18.0014	-1.38357	-2.35097	
-6.36817	-1.46945	-18.0549	-1.07165	-2.51148	
-6.4507	-1.65047	-18.1072	-1.04591	-2.57676	
-6.53393	-1.66463	-18.1576	-1.00621	-2.59789	
-6.61552	-1.63182	-18.2041	-0.931662	-2.62282	
-6.7005	-1.6996	-18.2507	-0.930908	-2.6405	
-6.79367	-1.86342	-18.2978	-0.94225	-2.67343	
-6.87734	-1.67345	-18.3601	-1.24567	-2.50171	
-6.95015	-1.45622	-18.4168	-1.13481	-2.47961	
-7.02907	-1.57832	-18.4713	-1.09056	-2.53696	
-7.11153	-1.64926	-18.5262	-1.0977	-2.55435	
-7.19491	-1.66757	-18.5664	-0.803591	-2.69254	
-7.28405	-1.7827	-18.6027	-0.72495	-2.75536	
-7.37736	-1.86627	-18.6349	-0.645289	-2.8087	
-7.47275	-1.90789	-18.6609	-0.519057	-2.87596	
-7.56422	-1.82934	-18.681	-0.403474	-2.92451	
-7.66122	-1.94001	-18.7022	-0.423614	-2.92661	
-7.75923	-1.96018	-18.7215	-0.385231	-2.94754	
-7.85814	-1.97821	-18.7374	-0.31845	-2.98198	
-7.96092	-2.05567	-18.7579	-0.409478	-2.94497	
-8.06929	-2.16731	-18.7751	-0.344446	-2.98398	
-8.16763	-1.9669	-18.7923	-0.344125	-2.96839	
-8.2747	-2.14128	-18.8087	-0.326799	-2.99014	
-8.37433	-1.9927	-18.8286	-0.399672	-2.94365	
-8.48269	-2.16708	-18.8377	-0.181621	-3.05798	
-8.58687	-2.08361	-18.8446	-0.137046	-3.07591	
-8.68436	-1.94994	-18.8494	-0.0962982	-3.09225	
-8.78332	-1.97904	-18.8517	-0.0460312	-3.11834	
-8.8828	-1.98966	-18.8517	-0.000466033	-3.14136	
-8.98214	-1.98688	-18.8528	-0.0225339	-3.13025	
-9.08253	-2.00773	-18.853	-0.00285913	-3.14017	
-9.18285	-2.00643	-18.8516	0.0280122	3.12763	
-9.27642	-1.87136	-18.8456	0.120569	3.07725	
-9.36132	-1.69792	-18.8344	0.222173	3.01148	
-9.45322	-1.83807	-18.8179	0.33023	2.96383	
-9.54255	-1.78662	-18.7964	0.43067	2.90505	
-9.64503	-2.04968	-18.7782	0.364976	2.96537	
-9.74554	-2.01015	-18.7608	0.346505	2.97089	
-9.83959	-1.8809	-18.7443	0.329658	2.96809	
-9.93584	-1.92498	-18.7276	0.335631	2.96897	
-10.0329	-1.94139	-18.7106	0.339667	2.96838	
-10.1271	-1.88366	-18.6923	0.366248	2.94955	
-10.224	-1.93823	-18.6739	0.367259	2.95433	
-10.3285	-2.08942	-18.6565	0.348937	2.97612	
-10.4311	-2.05263	-18.6383	0.362524	2.96678	
-10.5328	-2.0332	-18.6124	0.519046	2.89165	
-10.6354	-2.05319	-18.5814	0.620366	2.84817	
-10.736	-2.01115	-18.5488	0.650876	2.8286	
-10.8342	-1.96375	-18.5166	0.64509	2.8242	
-10.9293	-1.90203	-18.4836	0.658358	2.80837	
-11.0187	-1.78928	-18.4538	0.596778	2.81967	
-11.1247	-2.11854	-18.4307	0.461376	2.92716	
-11.2201	-1.90932	-18.409	0.435538	2.91732	
-11.3193	-1.98419	-18.3871	0.437784	2.92444	
-11.4185	-1.98415	-18.3626	0.488499	2.90019	
-11.5168	-1.96561	-18.3376	0.501116	2.89197	
-11.6238	-2.13863	-18.3202	0.346957	2.98076	
-11.7265	-2.05412	-18.3036	0.332305	2.98121	
-11.8233	-1.93679	-18.294	0.193379	3.04208	
-11.9194	-1.92138	-18.2953	-0.0274886	-3.12729	
-12.0191	-1.99433	-18.2826	0.254993	3.01442	
-12.1105	-1.82884	-18.2554	0.544057	2.85244	
-12.1932	-1.65435	-18.2276	0.555319	2.81774	
-12.2818	-1.7703	-18.1982	0.587725	2.82105	
-12.3789	-1.94351	-18.1672	0.620027	2.83277	
-12.47	-1.82046	-18.1307	0.72989	2.76028	
-12.5558	-1.71712	-18.0945	0.725052	2.74205	
-12.646	-1.80393	-18.0547	0.795745	2.72615	
-12.7349	-1.77707	-18.0131	0.832421	2.70352	
-12.8236	-1.77506	-17.9785	0.690857	2.77043	
-12.9164	-1.85536	-17.9465	0.639618	2.80961	
-13.0072	-1.81663	-17.9139	0.652957	2.79654	
-13.1008	-1.87123	-17.8891	0.496494	2.88224	
-13.1988	-1.96067	-17.8655	0.471104	2.90579	
-13.2965	-1.95435	-17.8421	0.467724	2.90669	
-13.3986	-2.04221	-17.8118	0.607177	2.8526	
-13.4977	-1.98053	-17.7783	0.670285	2.81526	
-13.5917	-1.87983	-17.7536	0.49318	2.88502	
-13.6895	-1.956	-17.7283	0.506951	2.888	
-13.7912	-2.03497	-17.6984	0.596641	2.85639	
-13.9052	-2.27941	-17.6757	0.454925	2.9446	
-14.0101	-2.09881	-17.6525	0.464002	2.92401	
-14.1144	-2.0848	-17.6303	0.444021	2.93175	
-14.2077	-1.86672	-17.6066	0.473432	2.89321	
-14.2944	-1.73501	-17.5806	0.520496	2.85014	
-14.3896	-1.90329	-17.5585	0.441868	2.91347	
-14.4845	-1.89784	-17.5297	0.574846	2.84748	
-14.5773	-1.85637	-17.4899	0.797511	2.73583	
-14.6721	-1.89623	-17.4528	0.740459	2.76931	
-14.7704	-1.9644	-17.4137	0.782853	2.76236	
-14.8579	-1.75139	-17.3782	0.709637	2.75662	
-14.9503	-1.84731	-17.3369	0.827064	2.72064	
-15.047	-1.93372	-17.2956	0.824335	2.73863	
-15.1345	-1.7496	-17.2488	0.936971	2.64992	
-15.2285	-1.88059	-17.2006	0.963598	2.66808	
-15.3177	-1.78439	-17.1584	0.843605	2.69997	
-15.4071	-1.78872	-17.1086	0.997547	2.63287	
-15.4947	-1.75197	-17.0604	0.963399	2.63883	
-15.59	-1.90497	-17.0152	0.903586	2.69869	
-15.6842	-1.88443	-16.9699	0.906615	2.69317	
-15.782	-1.95528	-16.9229	0.940248	2.69336	
-15.8785	-1.92978	-16.8821	0.815408	2.74181	
-15.9626	-1.68271	-16.844	0.761946	2.71641	
-16.0376	-1.50027	-16.8082	0.716817	2.69587	
-16.1217	-1.68115	-16.7678	0.807862	2.69363	
-16.2073	-1.71332	-16.7208	0.939263	2.64012	
-16.2909	-1.67199	-16.6756	0.904258	2.64582	
-16.3699	-1.5794	-16.6203	1.10587	2.53074	
-16.4428	-1.45765	-16.5696	1.01483	2.53342	
-16.5192	-1.5286	-16.5216	0.959353	2.58112	
-16.5953	-1.52153	-16.4624	1.18357	2.48048	
-16.668	-1.45362	-16.3987	1.27341	2.42218	
-16.7416	-1.47318	-16.3196	1.58319	2.32021	
-16.809	-1.34657	-16.2401	1.58984	2.27354	
-16.8724	-1.26819	-16.1629	1.54444	2.25829	
-16.9325	-1.20314	-16.0831	1.59508	2.21703	
-16.9913	-1.17596	-16.0074	1.51411	2.23115	
-17.0535	-1.24447	-15.9249	1.65027	2.21692	
-17.112	-1.16962	-15.8364	1.76906	2.15497	
-17.1697	-1.1543	-15.7547	1.63435	2.18572	
-17.2268	-1.14081	-15.6768	1.55753	2.20297	
-17.2833	-1.13043	-15.595	1.63785	2.17491	
-17.3393	-1.12091	-15.5163	1.57358	2.18975	
-17.3995	-1.20397	-15.4376	1.57295	2.2241	
-17.4562	-1.13276	-15.3601	1.55026	2.20183	
-17.5149	-1.17414	-15.2817	1.56876	2.2133	
-17.5927	-1.55594	-15.1959	1.71541	2.30748	
-17.665	-1.44629	-15.1237	1.44469	2.35675	
-17.7359	-1.41893	-15.0531	1.41127	2.3589	
-17.8008	-1.29609	-14.9711	1.64011	2.23956	
-17.8605	-1.1941	-14.8721	1.98046	2.11338	
-17.9174	-1.13824	-14.7818	1.80537	2.13332	
-17.9853	-1.35793	-14.6918	1.79938	2.21728	
-18.0479	-1.25297	-14.6042	1.75375	2.19116	
-18.1072	-1.18529	-14.519	1.7034	2.17872	
-18.1645	-1.14635	-14.4361	1.65813	2.17569	
-18.2197	-1.10336	-14.3475	1.77102	2.12796	
-18.269	-0.986804	-14.2603	1.74408	2.08569	
-18.3197	-1.01367	-14.1773	1.66013	2.11897	
-18.3731	-1.06821	-14.091	1.72581	2.12504	
-18.4168	-0.874144	-14.0076	1.6678	2.05356	
-18.4585	-0.834294	-13.9199	1.75404	2.01477	
-18.5048	-0.925089	-13.8229	1.9414	2.01547	
-18.558	-1.06479	-13.7328	1.80154	2.10461	
-18.6088	-1.01559	-13.6487	1.68185	2.11404	
-18.6591	-1.00534	-13.5627	1.71948	2.09987	
-18.7091	-0.999916	-13.4733	1.78828	2.08064	
-18.7533	-0.883975	-13.3847	1.77256	2.0334	
-18.8004	-0.943164	-13.297	1.75383	2.0642	
-18.8496	-0.983982	-13.2078	1.78328	2.07501	
-18.8987	-0.982159	-13.1197	1.76213	2.07928	
-18.9509	-1.04261	-13.0262	1.87079	2.07924	
-19.0012	-1.0074	-12.9356	1.81085	2.07847	
-19.0509	-0.993383	-12.8388	1.93665	2.04474	
-19.0954	-0.890204	-12.7512	1.75157	2.04101	
-19.1425	-0.942697	-12.665	1.7245	2.07106	
-19.1965	-1.07855	-12.5815	1.6709	2.14399	
-19.2557	-1.18447	-12.5018	1.59311	2.21012	
-19.312	-1.12582	-12.4148	1.74083	2.14486	
-19.3644	-1.04927	-12.3275	1.74417	2.11238	
-19.4127	-0.964478	-12.2384	1.78228	2.06682	
-19.4573	-0.8928	-12.1536	1.69748	2.05499	
-19.5034	-0.921961	-12.0703	1.66463	2.07659	
-19.5481	-0.893115	-11.9855	1.69665	2.05534	
-19.5908	-0.853824	-11.8922	1.86667	1.99979	
-19.6216	-0.617895	-11.7964	1.91449	1.88299	
-19.6444	-0.455705	-11.7055	1.81861	1.81632	
-19.6739	-0.589508	-11.6094	1.92204	1.8684	
-19.6958	-0.437112	-11.5101	1.98615	1.78742	
-19.7136	-0.356743	-11.4233	1.73669	1.77339	
-19.7379	-0.485236	-11.3274	1.91626	1.8188	
-19.7693	-0.629662	-11.2292	1.96493	1.88091	
-19.7996	-0.60555	-11.1359	1.86607	1.88458	
-19.8267	-0.542431	-11.0495	1.72702	1.87512	
-19.8474	-0.413668	-10.9661	1.66885	1.81377	
-19.8712	-0.475355	-10.879	1.74247	1.83712	
-19.8923	-0.421307	-10.789	1.79965	1.80076	
-19.9175	-0.505368	-10.684	2.09902	1.80706	
-19.9421	-0.490889	-10.584	2.00193	1.81126	
-19.9794	-0.746253	-10.4821	2.03736	1.9219	
-20.0036	-0.485204	-10.3872	1.89752	1.82114	
-20.0282	-0.491443	-10.2914	1.91715	1.82173	
-20.0525	-0.484991	-10.1949	1.92823	1.81721	
-20.0895	-0.74142	-10.112	1.65918	1.99104	
-20.1427	-1.06322	-10.0225	1.78966	2.10686	
-20.1966	-1.07854	-9.93758	1.69826	2.13662	
-20.2489	-1.0454	-9.85346	1.68244	2.12677	
-20.3015	-1.05298	-9.76887	1.69183	2.12752	
-20.3526	-1.02023	-9.67536	1.87021	2.07019	
-20.3939	-0.826407	-9.58604	1.78647	2.00407	
-20.441	-0.94329	-9.49748	1.7712	2.06016	
-20.4927	-1.03407	-9.41095	1.73062	2.10938	
-20.547	-1.0843	-9.32908	1.63732	2.15573	
-20.5988	-1.03702	-9.24256	1.73036	2.11071	
-20.6435	-0.893602	-9.15437	1.76392	2.03971	
-20.6893	-0.916775	-9.06376	1.81212	2.03916	
-20.7349	-0.910909	-8.97371	1.80095	2.03907	
-20.7818	-0.937865	-8.88257	1.82273	2.04601	
-20.8403	-1.17154	-8.79734	1.70466	2.17292	
-20.8898	-0.988392	-8.72193	1.50833	2.15088	
-20.9441	-1.08757	-8.63796	1.67922	2.14552	
-20.9973	-1.06229	-8.55191	1.72102	2.1238	
-21.0537	-1.12933	-8.46766	1.68513	2.16122	
-21.103	-0.984907	-8.38503	1.65247	2.10828	
-21.1548	-1.03634	-8.30179	1.66483	2.12759	
-21.2075	-1.05381	-8.21668	1.70224	2.12512	
-21.2631	-1.11181	-8.12835	1.76663	2.13251	
-21.3184	-1.10657	-8.04122	1.74258	2.13656	
-21.3696	-1.02434	-7.96068	1.61069	2.13724	
-21.4291	-1.18985	-7.87552	1.70334	2.18054	
-21.4885	-1.18832	-7.7796	1.91834	2.12539	
-21.5421	-1.07223	-7.68687	1.85464	2.09498	
-21.6104	-1.36509	-7.5914	1.9094	2.19147	
-21.6635	-1.06132	-7.50359	1.75624	2.11438	
-21.7159	-1.04797	-7.41688	1.73412	2.11439	
-21.766	-1.00269	-7.32835	1.77063	2.08606	
-21.8112	-0.903901	-7.24426	1.68183	2.06395	
-21.8474	-0.723664	-7.16687	1.54774	2.00816	
-21.8799	-0.650196	-7.07665	1.80446	1.91664	
-21.9163	-0.728382	-6.97911	1.9508	1.92814	
-21.953	-0.733371	-6.88694	1.84346	1.94943	
-21.9871	-0.683168	-6.78311	2.07647	1.88865	
-22.0198	-0.653755	-6.68361	1.98995	1.88822	
-22.051	-0.624626	-6.58642	1.94395	1.88169	
-22.0771	-0.521641	-6.48555	2.01734	1.82383	
-22.1044	-0.546107	-6.38805	1.94999	1.84386	
-22.1391	-0.693503	-6.28875	1.98599	1.90676	
-22.1764	-0.745183	-6.1933	1.90908	1.94294	
-22.2091	-0.654046	-6.10042	1.85754	1.90934	
-22.2572	-0.963371	-6.02319	1.54456	2.12847	
-22.3007	-0.869617	-5.95134	1.43698	2.11501	
-22.3506	-0.997024	-5.86683	1.69021	2.10374	
-22.404	-1.06908	-5.78563	1.62409	2.15296	
-22.4562	-1.0446	-5.70476	1.61742	2.14425	
-22.5049	-0.972922	-5.62006	1.69389	2.09216	
-22.5496	-0.894439	-5.53287	1.74385	2.04472	
-22.5953	-0.913336	-5.44233	1.81078	2.03795	
-22.6408	-0.910885	-5.35241	1.79849	2.03961	
-22.6874	-0.931036	-5.2667	1.71414	2.06836	
-22.7369	-0.990785	-5.18319	1.67026	2.10619	
-22.7973	-1.20712	-5.10449	1.57398	2.22504	
-22.8446	-0.946059	-5.01581	1.77358	2.06082	
-22.8945	-0.998006	-4.92314	1.85333	2.06476	
-22.9397	-0.903442	-4.82844	1.89404	2.01587	
-22.9908	-1.02325	-4.7319	1.93078	2.05813	
-23.0286	-0.755891	-4.64588	1.72046	1.98476	
-23.069	-0.80817	-4.56676	1.58237	2.04299	
-23.1104	-0.827646	-4.48208	1.69362	2.02535	
-23.1622	-1.03604	-4.39552	1.73106	2.11011	
-23.2138	-1.03237	-4.30929	1.72462	2.11019	
-23.2714	-1.15186	-4.22255	1.73478	2.15693	
-23.3239	-1.04998	-4.14903	1.47047	2.19088	
-23.3824	-1.16918	-4.06005	1.77956	2.15208	
-23.4372	-1.09608	-3.9765	1.67103	2.15133	
-23.4913	-1.08241	-3.89364	1.6572	2.14939	
-23.5454	-1.08126	-3.81184	1.63607	2.15479	
-23.6005	-1.10366	-3.7289	1.65871	2.1579	
-23.6522	-1.03374	-3.65095	1.55908	2.15629	
-23.7102	-1.1591	-3.56341	1.75069	2.15562	
-23.7623	-1.04324	-3.4752	1.76436	2.10478	
-23.8148	-1.04975	-3.38624	1.77901	2.10389	
-23.881	-1.3237	-3.30923	1.54036	2.28069	
-23.9365	-1.10955	-3.23514	1.48178	2.21353	
-23.9844	-0.958427	-3.15548	1.59324	2.11236	
-24.041	-1.13161	-3.07424	1.62469	2.17917	
-24.0993	-1.16566	-2.99123	1.66023	2.18294	
-24.1626	-1.26736	-2.90339	1.75688	2.19572	
-24.2217	-1.18058	-2.81817	1.70438	2.17659	
-24.2867	-1.30141	-2.73289	1.70557	2.22259	
-24.3496	-1.25731	-2.6505	1.64783	2.22257	
-24.4087	-1.18106	-2.57605	1.489	2.24137	
-24.4753	-1.33248	-2.49357	1.64945	2.2503	
-24.5406	-1.3062	-2.41623	1.54681	2.27206	
-24.6064	-1.31639	-2.3455	1.41459	2.32025	
-24.6785	-1.44103	-2.26024	1.70527	2.27241	
-24.7493	-1.41742	-2.18108	1.58315	2.30102	
-24.8301	-1.61577	-2.10156	1.59044	2.36409	
-24.9081	-1.55893	-2.02733	1.48466	2.38059	
-24.9795	-1.42913	-1.96144	1.31774	2.39672	
-25.052	-1.44853	-1.89471	1.33455	2.39712	
-25.1196	-1.3523	-1.8276	1.34238	2.35988	
-25.1941	-1.49017	-1.76129	1.32602	2.41441	
-25.2697	-1.51176	-1.68117	1.60241	2.32709	
-25.3409	-1.42418	-1.59676	1.68828	2.27154	
-25.4243	-1.66809	-1.51422	1.6508	2.36141	
-25.5043	-1.59941	-1.43757	1.533	2.37739	
-25.5848	-1.61155	-1.36821	1.38712	2.4309	
-25.6638	-1.57889	-1.29365	1.49132	2.38471	
-25.7393	-1.51112	-1.2275	1.32301	2.42247	
-25.8214	-1.64155	-1.15436	1.46282	2.4137	
-25.8972	-1.51506	-1.07622	1.56263	2.34074	
-25.9688	-1.43292	-1.0046	1.4325	2.35634	
-26.0353	-1.3298	-0.935201	1.38797	2.33479	
-26.1071	-1.43629	-0.86803	1.3434	2.3896	
-26.1793	-1.44309	-0.800437	1.35187	2.38882	
-26.2493	-1.40002	-0.738928	1.23018	2.42068	
-26.3206	-1.42576	-0.67345	1.30956	2.39865	
-26.3931	-1.45146	-0.607113	1.32674	2.40106	
-26.4627	-1.39169	-0.528634	1.56959	2.29619	
-26.5344	-1.43339	-0.451334	1.54598	2.31842	
-26.6036	-1.38374	-0.378472	1.45725	2.33033	
-26.677	-1.46804	-0.300616	1.55712	2.32676	
-26.7485	-1.4303	-0.226084	1.49064	2.33554	
-26.8198	-1.42691	-0.147217	1.57734	2.30616	
-26.8872	-1.3479	-0.0707608	1.52912	2.29329	
-26.9533	-1.32197	0.00461828	1.50758	2.29069	
-27.0102	-1.13838	0.0752967	1.41357	2.24878	
-27.0718	-1.23056	0.153826	1.57059	2.2354	
-27.1394	-1.35174	0.232003	1.56354	2.28367	
-27.2051	-1.31386	0.306023	1.48039	2.29667	
-27.2694	-1.28787	0.377149	1.42252	2.30655	
-27.3426	-1.46234	0.454935	1.55573	2.32526	
-27.4046	-1.24165	0.525179	1.40487	2.2946	
-27.4602	-1.1101	0.596268	1.42177	2.23371	
-27.5178	-1.15353	0.66672	1.40905	2.25681	
-27.5748	-1.13862	0.732369	1.31297	2.2852	
-27.6364	-1.23181	0.807462	1.50187	2.25772	
-27.6946	-1.16428	0.884451	1.53979	2.21821	
-27.7448	-1.00517	0.962301	1.557	2.14406	
-27.8042	-1.18658	1.03657	1.48533	2.24485	
-27.8764	-1.44453	1.11625	1.59372	2.30713	
-27.9418	-1.30885	1.19875	1.64991	2.24143	
-28.0084	-1.33159	1.28662	1.75744	2.2192	
-28.0746	-1.32473	1.3697	1.66153	2.24388	
-28.1375	-1.2569	1.44788	1.56371	2.24784	
-28.2055	-1.36098	1.5182	1.40636	2.3398	
-28.275	-1.38866	1.59307	1.49731	2.31856	
-28.3456	-1.41201	1.67463	1.63135	2.28425	
-28.4134	-1.35627	1.753	1.56726	2.28415	
-28.4687	-1.10572	1.8302	1.54404	2.19226	
-28.5216	-1.05924	1.90877	1.57133	2.16393	
-28.5738	-1.04309	1.99056	1.63579	2.13845	
-28.6255	-1.03411	2.07136	1.61608	2.14003	
-28.6863	-1.21695	2.16548	1.88235	2.14471	
-28.7429	-1.13224	2.25664	1.82316	2.12654	
-28.8001	-1.14309	2.34485	1.76434	2.14569	
-28.8533	-1.06493	2.43661	1.83515	2.0966	
-28.9059	-1.05054	2.52356	1.73902	2.11422	
-28.9632	-1.1464	2.61423	1.81332	2.13456	
-29.0176	-1.0883	2.70235	1.76241	2.12399	
-29.0752	-1.15215	2.78625	1.67806	2.17247	
-29.1358	-1.21245	2.86868	1.64865	2.2049	
-29.1955	-1.19378	2.9488	1.60231	2.21111	
-29.2569	-1.22652	3.02004	1.42479	2.28155	
-29.3177	-1.21612	3.09846	1.56849	2.23032	
-29.3767	-1.18138	3.17258	1.48243	2.24365	
-29.4437	-1.33896	3.24992	1.54668	2.28433	
-29.51	-1.32553	3.32655	1.53263	2.28386	
-29.5742	-1.28461	3.40287	1.52642	2.27038	
-29.6404	-1.32508	3.48465	1.63562	2.25169	
-29.7089	-1.36924	3.56575	1.62196	2.27191	
-29.7812	-1.447	3.64271	1.53913	2.32535	
-29.8586	-1.54649	3.71782	1.50224	2.37071	
-29.9333	-1.49499	3.79063	1.45615	2.36935	

0	-1.63332	3.86552	1.49785	2.39943	
-0.079441	-1.58882	3.92997	1.28909	2.45997	
-0.160916	-1.62951	3.9882	1.16457	2.52108	
-0.249637	-1.77441	4.06393	1.51452	2.43505	
-0.334614	-1.69955	4.13378	1.39696	2.4536	
-0.418986	-1.68743	4.19699	1.26436	2.49855	
-0.503427	-1.68883	4.2565	1.19012	2.52772	
-0.581162	-1.5547	4.319	1.25007	2.46438	
-0.642326	-1.22327	4.38212	1.26239	2.34046	
-0.711227	-1.37803	4.45125	1.38263	2.35453	
-0.780019	-1.37583	4.52778	1.53054	2.30302	
-0.845548	-1.31057	4.59847	1.41378	2.31833	
-0.91315	-1.35205	4.67056	1.44184	2.32407	
-0.98137	-1.3644	4.74316	1.452	2.3251	
-1.04644	-1.30141	4.8129	1.39471	2.3216	
-1.1114	-1.29918	4.88574	1.45689	2.29904	
-1.18225	-1.41707	4.97133	1.71182	2.26227	
-1.25315	-1.41799	5.05202	1.61366	2.29174	
-1.32084	-1.35382	5.12722	1.50414	2.30365	
-1.38802	-1.34355	5.20244	1.50444	2.29976	
-1.4477	-1.19353	5.27678	1.48662	2.24727	
-1.50929	-1.2319	5.35132	1.49098	2.26133	
-1.56916	-1.19731	5.43186	1.61062	2.21005	
-1.63078	-1.23254	5.5057	1.47698	2.26622	
-1.69573	-1.29887	5.58095	1.50498	2.28282	
-1.76175	-1.32047	5.6557	1.49488	2.29432	
-1.83213	-1.40752	5.72518	1.38973	2.36255	
-1.90457	-1.4489	5.78612	1.21867	2.44229	
-1.97875	-1.48351	5.84884	1.25445	2.43966	
-2.04578	-1.34066	5.90804	1.18391	2.4182	
-2.11503	-1.38505	5.96839	1.20705	2.42476	
-2.19341	-1.56762	6.03656	1.36354	2.42571	
-2.26033	-1.33822	6.09844	1.23756	2.39525	
-2.33161	-1.42573	6.16757	1.38263	2.37154	
-2.39672	-1.30217	6.23936	1.43569	2.30747	
-2.46471	-1.35973	6.30626	1.33797	2.36426	
-2.53125	-1.33077	6.37102	1.29518	2.36975	
-2.60046	-1.38427	6.43831	1.34584	2.37027	
-2.66099	-1.21067	6.51727	1.57913	2.22488	
-2.7219	-1.21807	6.59891	1.63286	2.21172	
-2.76839	-0.929961	6.67279	1.47757	2.13254	
-2.81748	-0.981765	6.74203	1.38495	2.18746	
-2.85684	-0.787117	6.81649	1.48915	2.05704	
-2.90651	-0.993442	6.90362	1.74253	2.08895	
-2.95626	-0.995014	6.99115	1.75059	2.08765	
-3.01172	-1.10922	7.07069	1.59094	2.17965	
-3.06786	-1.1228	7.14391	1.46422	2.22498	
-3.12869	-1.21652	7.22219	1.56564	2.23136	
-3.18831	-1.19235	7.29073	1.37081	2.28668	
-3.25827	-1.39933	7.35493	1.28406	2.39913	
-3.32839	-1.4023	7.40427	0.986724	2.52842	
-3.40449	-1.52208	7.46226	1.15996	2.4904	
-3.47659	-1.44194	7.51427	1.0402	2.51665	
-3.54836	-1.43546	7.56852	1.08489	2.4944	
-3.62812	-1.59517	7.62499	1.12938	2.52552	
-3.7079	-1.59558	7.67725	1.04525	2.56165	
-3.79608	-1.76359	7.73415	1.13804	2.56853	
-3.88247	-1.72775	7.7894	1.10491	2.57263	
-3.95977	-1.54599	7.85178	1.2477	2.46257	
-4.03138	-1.43229	7.90908	1.14594	2.4668	
-4.10732	-1.51882	7.97844	1.38719	2.40146	
-4.17961	-1.44578	8.04866	1.40437	2.37072	
-4.2585	-1.57781	8.1208	1.44275	2.40088	
-4.32997	-1.42948	8.18761	1.33624	2.38989	
-4.41042	-1.60895	8.24832	1.2142	2.49512	
-4.4913	-1.6176	8.31276	1.28878	2.46885	
-4.5761	-1.69603	8.3736	1.21678	2.51927	
-4.65534	-1.58475	8.4329	1.18613	2.49908	
-4.73628	-1.61882	8.49128	1.16755	2.51676	
-4.81132	-1.50071	8.53941	0.962663	2.57123	
-4.89327	-1.63899	8.58513	0.914354	2.63272	
-4.97824	-1.69941	8.63204	0.938085	2.63721	
-5.06875	-1.81022	8.68093	0.977955	2.64627	
-5.15505	-1.72605	8.72002	0.781672	2.71636	
-5.24545	-1.80805	8.76123	0.824294	2.71384	
-5.34319	-1.95475	8.80357	0.846763	2.73281	
-5.43955	-1.92717	8.84529	0.834412	2.73299	
-5.53681	-1.94523	8.89662	1.02668	2.65596	
-5.62915	-1.84674	8.95009	1.06929	2.61675	
-5.71942	-1.80547	9.00253	1.04874	2.61536	
-5.81524	-1.91638	9.04562	0.8618	2.71899	
-5.90493	-1.79377	9.08995	0.886629	2.68253	
-5.99056	-1.71254	9.13313	0.863582	2.67454	
-6.07788	-1.74644	9.17562	0.849778	2.68874	
-6.1661	-1.76433	9.21798	0.847351	2.69386	
-6.24539	-1.58587	9.25263	0.692897	2.72967	
-6.33299	-1.75196	9.29075	0.762405	2.73114	
-6.42408	-1.82184	9.32945	0.774043	2.73983	
-6.5147	-1.81253	9.36303	0.671525	2.78678	
-6.60696	-1.84508	9.39734	0.6863	2.78549	
-6.70156	-1.89205	9.43086	0.670284	2.80112	
-6.7975	-1.91879	9.46349	0.652596	2.81376	
-6.89291	-1.90811	9.49563	0.642824	2.81664	
-6.99178	-1.9775	9.52618	0.61104	2.8419	
-7.09041	-1.97252	9.55407	0.557763	2.86602	
-7.19183	-2.02855	9.57307	0.380016	2.95641	
-7.29183	-1.99986	9.58752	0.289139	2.99801	
-7.39026	-1.96871	9.60183	0.286143	2.99726	
-7.49577	-2.11022	9.61713	0.306037	2.99757	
-7.59788	-2.04218	9.63146	0.286464	3.00223	
-7.70723	-2.18692	9.64191	0.209095	3.04627	
-7.80981	-2.05162	9.64926	0.146935	3.0701	
-7.91125	-2.02886	9.66851	0.384954	2.95408	
-8.00591	-1.89318	9.69501	0.53002	2.86862	
-8.11009	-2.08358	9.72762	0.652312	2.83819	
-8.21203	-2.03877	9.75074	0.462275	2.91862	
-8.30898	-1.93903	9.77225	0.430264	2.92323	
-8.399	-1.80042	9.8042	0.639084	2.8005	
-8.49051	-1.83023	9.83213	0.558543	2.84539	
-8.58896	-1.96884	9.86064	0.570129	2.85973	
-8.67739	-1.76867	9.89027	0.592704	2.81824	
-8.76818	-1.81578	9.92893	0.77315	2.73905	
-8.86425	-1.92134	9.96522	0.725888	2.78037	
-8.95472	-1.80944	10.0111	0.918411	2.67191	
-9.04512	-1.80811	10.0548	0.872579	2.69197	
-9.13666	-1.83068	10.0954	0.813088	2.72362	
-9.22495	-1.76591	10.1472	1.03535	2.61131	
-9.31369	-1.77479	10.1959	0.973194	2.64002	
-9.40188	-1.76386	10.2356	0.795581	2.71787	
-9.49334	-1.8292	10.2727	0.740883	2.75676	
-9.58757	-1.88446	10.3066	0.678138	2.79616	
-9.6822	-1.89262	10.3403	0.674756	2.79912	
-9.77775	-1.91108	10.3757	0.707808	2.78689	
-9.87011	-1.84721	10.4142	0.769229	2.747	
-9.9581	-1.7597	10.4487	0.690141	2.76784	
-10.0483	-1.8044	10.4857	0.73966	2.75256	
-10.1306	-1.64621	10.5238	0.763603	2.70728	
-10.2181	-1.74968	10.5521	0.564821	2.82934	
-10.303	-1.6978	10.579	0.53803	2.83471	
-10.3924	-1.78875	10.6003	0.425332	2.90815	
-10.4864	-1.87852	10.6239	0.473068	2.89489	
-10.5716	-1.70401	10.6453	0.4279	2.89557	
-10.6631	-1.83115	10.6651	0.395419	2.92892	
-10.7581	-1.90044	10.6875	0.448318	2.90993	
-10.85	-1.83767	10.7093	0.435691	2.9088	
-10.9448	-1.89449	10.7416	0.645804	2.81306	
-11.0394	-1.89337	10.7738	0.644948	2.81328	
-11.1345	-1.90249	10.8057	0.638429	2.81783	
-11.2218	-1.74507	10.8258	0.402218	2.91506	
-11.312	-1.80463	10.841	0.30337	2.97504	
-11.4097	-1.95418	10.8506	0.192575	3.04336	
-11.5081	-1.96664	10.8618	0.222329	3.02902	
-11.6166	-2.17079	10.8748	0.261672	3.02163	
-11.7267	-2.20099	10.8847	0.1968	3.05242	
-11.8286	-2.0382	10.8993	0.29245	2.99908	
-11.9298	-2.0241	10.9182	0.378823	2.95658	
-12.0351	-2.10604	10.9378	0.391862	2.95763	
-12.131	-1.91814	10.9597	0.436416	2.91788	
-12.2373	-2.12535	10.9925	0.656942	2.84181	
-12.3382	-2.01844	11.0237	0.624524	2.84153	
-12.4335	-1.90703	11.0569	0.663127	2.80694	
-12.5227	-1.78389	11.096	0.781796	2.72855	
-12.6128	-1.80168	11.1356	0.791756	2.72754	
-12.7003	-1.74927	11.1698	0.685075	2.76832	
-12.7903	-1.8008	11.2058	0.71888	2.76178	
-12.8873	-1.94062	11.2468	0.821364	2.74121	
-12.9824	-1.90135	11.2862	0.786601	2.74933	
-13.0816	-1.98477	11.3245	0.766375	2.7731	
-13.178	-1.92628	11.3619	0.74857	2.77094	
-13.2721	-1.8821	11.3975	0.711145	2.78033	
-13.3673	-1.90412	11.426	0.570325	2.85057	
-13.4653	-1.96142	11.4495	0.471084	2.90588	
-13.5614	-1.92129	11.4729	0.467302	2.903	
-13.6657	-2.08576	11.4927	0.396195	2.95388	
-13.7667	-2.01957	11.5115	0.375369	2.95782	
-13.8605	-1.87704	11.531	0.390817	2.93632	
-13.9621	-2.0312	11.5512	0.403131	2.94567	
-14.0623	-2.00445	11.5737	0.450326	2.9206	
-14.1626	-2.00553	11.5973	0.473023	2.90997	
-14.2615	-1.97905	11.6234	0.52106	2.88415	
-14.3582	-1.93373	11.6439	0.40926	2.93303	
-14.4511	-1.85688	11.6679	0.480818	2.88822	
-14.5442	-1.86338	11.6928	0.498833	2.88002	
-14.6393	-1.90212	11.7139	0.421728	2.92341	
-14.7329	-1.87204	11.7374	0.469191	2.89602	
-14.8324	-1.98866	11.7615	0.482113	2.90375	
-14.9301	-1.95432	11.7848	0.465182	2.90791	
-15.0275	-1.94898	11.8063	0.430051	2.92442	
-15.1178	-1.80552	11.8227	0.328684	2.96152	
-15.2154	-1.9507	11.8377	0.300061	2.98897	
-15.3183	-2.05932	11.8599	0.444165	2.92916	
-15.4215	-2.06355	11.8797	0.395427	2.95226	
-15.5187	-1.94306	11.8989	0.383922	2.94652	
-15.6183	-1.99305	11.9148	0.318542	2.98311	
-15.7193	-2.01926	11.9312	0.327892	2.98062	
-15.8233	-2.07981	11.94	0.176996	3.0567	
-15.9332	-2.1991	11.9488	0.174225	3.06253	
-16.0305	-1.94619	11.9498	0.0208969	3.13086	
-16.1276	-1.94143	11.9538	0.0797785	3.10052	
-16.2261	-1.97099	11.9575	0.073666	3.10423	
-16.325	-1.97695	11.9642	0.135291	3.07326	
-16.4213	-1.92572	11.9728	0.171172	3.05294	
-16.5142	-1.85766	11.9904	0.352002	2.95433	
-16.6132	-1.98061	12.0104	0.400089	2.94227	
-16.7113	-1.96136	12.0298	0.387845	2.94637	
-16.8084	-1.94331	12.0487	0.379058	2.94895	
-16.9012	-1.85491	12.0687	0.398592	2.92993	
-16.9882	-1.74099	12.0944	0.514353	2.85433	
-17.0789	-1.81316	12.1234	0.579488	2.83225	
-17.1691	-1.80422	12.1516	0.56409	2.83857	
-17.2529	-1.67666	12.1648	0.264739	2.98499	
-17.341	-1.76079	12.1849	0.401433	2.91744	
-17.4438	-2.05775	12.2122	0.546955	2.8818	
-17.5296	-1.71421	12.2498	0.750547	2.7289	
-17.6206	-1.82104	12.2916	0.837293	2.71063	
-17.7064	-1.71523	12.3333	0.833305	2.68935	
-17.7841	-1.55404	12.367	0.674994	2.73183	
-17.8696	-1.71008	12.402	0.700336	2.75289	
-17.9607	-1.82197	12.4363	0.684555	2.78219	
-18.0582	-1.95118	12.4632	0.539456	2.87185	
-18.1526	-1.88705	12.4882	0.498109	2.88352	
-18.2482	-1.91165	12.5132	0.501188	2.88519	
-18.3436	-1.90943	12.5503	0.740888	2.77146	
-18.4421	-1.96934	12.5888	0.77128	2.76831	
-18.5466	-2.08972	12.6254	0.730701	2.80522	
-18.6361	-1.7911	12.6563	0.618882	2.8089	
-18.73	-1.87758	12.6851	0.575962	2.84395	
-18.8337	-2.07378	12.72	0.698561	2.81668	
-18.9372	-2.06934	12.7614	0.828301	2.76085	
-19.0374	-2.00483	12.7964	0.699345	2.80596	
-19.1239	-1.72929	12.8384	0.839647	2.68958	
-19.2057	-1.63559	12.8851	0.934835	2.62235	
-19.2885	-1.65757	12.937	1.03783	2.58219	
-19.3657	-1.54401	12.9824	0.908215	2.60988	
-19.4478	-1.64026	13.0322	0.994353	2.59662	
-19.5315	-1.675	13.0832	1.0219	2.59379	
-19.6082	-1.53396	13.1303	0.940898	2.59139	
-19.6884	-1.60464	13.1816	1.02677	2.57237	
-19.7813	-1.85727	13.2356	1.07867	2.61542	
-19.8707	-1.78849	13.2876	1.04069	2.6146	
-19.9576	-1.73707	13.3384	1.0164	2.61218	
-20.0442	-1.73314	13.3898	1.02695	2.60668	
-20.1393	-1.90201	13.4386	0.976692	2.6672	
-20.2286	-1.78602	13.4855	0.93766	2.65815	
-20.3163	-1.75258	13.5346	0.981319	2.63116	
-20.4072	-1.81922	13.5851	1.01095	2.63438	
-20.4979	-1.81413	13.6309	0.916357	2.67386	
-20.5852	-1.74471	13.6754	0.890421	2.6697	
-20.6726	-1.74908	13.7287	1.06539	2.5945	
-20.765	-1.84684	13.7827	1.08011	2.6124	
-20.8523	-1.74682	13.8454	1.25322	2.51926	
-20.9379	-1.71223	13.9034	1.16046	2.54596	
-21.0218	-1.67757	13.9607	1.14687	2.54193	
-21.1048	-1.65947	14.0171	1.12625	2.54532	
-21.1868	-1.63982	14.0819	1.29699	2.4724	
-21.2715	-1.6946	14.1495	1.35208	2.46815	
-21.3457	-1.4833	14.2142	1.29452	2.42405	
-21.4186	-1.45826	14.2813	1.34054	2.39823	
-21.4917	-1.46224	14.347	1.31519	2.40909	
-21.5633	-1.4332	14.4143	1.34578	2.38764	
-21.6383	-1.49862	14.4852	1.41767	2.38394	
-21.7124	-1.48192	14.5566	1.42858	2.37452	
-21.7766	-1.28368	14.637	1.60816	2.24446	
-21.832	-1.10864	14.7185	1.62914	2.16832	
-21.8967	-1.2943	14.7958	1.54677	2.26756	
-21.9593	-1.25187	14.8774	1.63187	2.22518	
-22.0236	-1.28679	14.9632	1.71494	2.21451	
-22.0818	-1.16285	15.049	1.7172	2.16604	
-22.1478	-1.31959	15.1287	1.59441	2.26216	
-22.2158	-1.36018	15.2098	1.62137	2.26881	
-22.2946	-1.57626	15.2819	1.44095	2.40101	
-22.3687	-1.4815	15.3524	1.4102	2.38085	
-22.441	-1.44717	15.4219	1.39084	2.37604	
-22.5136	-1.45166	15.4922	1.40644	2.37201	
-22.5924	-1.57532	15.5634	1.42405	2.40659	
-22.6766	-1.68524	15.6316	1.36259	2.46166	
-22.7595	-1.65793	15.6975	1.31919	2.46949	
-22.844	-1.6902	15.7565	1.18038	2.53196	
-22.924	-1.60021	15.8104	1.07717	2.54912	
-22.9941	-1.40041	15.857	0.932245	2.55426	
-23.0748	-1.61468	15.9172	1.20322	2.50119	
-23.1525	-1.55367	15.9772	1.20099	2.48353	
-23.2271	-1.49233	16.0423	1.30134	2.42446	
-23.2993	-1.44367	16.1033	1.22013	2.43992	
-23.3735	-1.4838	16.1648	1.23045	2.44927	
-23.4462	-1.45506	16.2142	0.987739	2.54522	
-23.5166	-1.40761	16.2711	1.13843	2.46153	
-23.5867	-1.40263	16.3312	1.20141	2.43331	
-23.6597	-1.45909	16.394	1.25498	2.43126	
-23.7327	-1.46031	16.4575	1.27086	2.42545	
-23.8067	-1.48009	16.5202	1.25457	2.43848	
-23.8887	-1.64079	16.596	1.51641	2.39557	
-23.9697	-1.61817	16.6628	1.3352	2.45172	
-24.0522	-1.65103	16.7321	1.38586	2.44329	
-24.1329	-1.61425	16.7983	1.32475	2.45438	
-24.2198	-1.73705	16.8618	1.26907	2.51063	
-24.3064	-1.73273	16.9216	1.19707	2.53703	
-24.3952	-1.77612	16.9748	1.06287	2.60233	
