#1 AntPos X	#2 AntVel X	#3 AntPos Y	#4 AntVel Y	#5 AntAngle	
0	0.0997434	0	0.0970165	0	
0	0.0997434	0	0.0970165	0	
0	0.0997434	0	0.0970165	0	
0	0.0997434	0	0.0970165	0	
0	0.0997434	0	0.0970165	0	
0	0.0997434	0	0.0970165	0	
0	0.0997434	0	0.0970165	0	
0	0.0997434	0	0.0970165	0	
0	0.0997434	0	0.0970165	0	
0	0.0997434	0	0.0970165	0	
0	0.0997434	0	0.0970165	0	
0	0.0997434	0	0.0970165	0	
0	0.0997434	0	0.0970165	0	
0	0.0997434	0	0.0970165	0	
0	0.0997434	0	0.0970165	0	
0	0.0997434	0	0.0970165	0	
0	0.0997434	0	0.0970165	0	
0	0.0997434	0	0.0970165	0	
0	0.0997434	0	0.0970165	0	
0	0.0997434	0	0.0970165	0	
0	0.0997434	0	0.0970165	0	
0	0.0997434	0	0.0970165	0	
0	0.0997434	0	0.0970165	0	
0	0.0997434	0	0.0970165	0	
0	0.0997434	0	0.0970165	0	
0	0.0997434	0	0.0970165	0	
0	0.0997434	0	0.0970165	0	
0	0.0997434	0	0.0970165	0	
0	0.0997434	0	0.0970165	0	
0	0.0997434	0	0.0970165	0	
0	0.0997434	0	0.0970165	0	
0	0.0997434	0	0.0970165	0	
0	0.0997434	0	0.0970165	0	
0	0.0997434	0	0.0970165	0	
0	0.0997434	0	0.0970165	0	
0	0.0997434	0	0.0970165	0	
0	0.0997434	0	0.0970165	0	
0	0.0997434	0	0.0970165	0	
0	0.0997434	0	0.0970165	0	
0	0.0997434	0	0.0970165	0	
0	0.0997434	0	0.0970165	0	
0	0.0997434	0	0.0970165	0	
0	0.0997434	0	0.0970165	0	
0	0.0997434	0	0.0970165	0	
0	0.0997434	0	0.0970165	0	
0	0.0997434	0	0.0970165	0	
0	0.0997434	0	0.0970165	0	
0	0.0997434	0	0.0970165	0	
0	0.0997434	0	0.0970165	0	
0	0.0997434	0	0.0970165	0	
0	0.0997434	0	0.0970165	0	
0	0.0997434	0	0.0970165	0	
0	0.0997434	0	0.0970165	0	
0	0.0997434	0	0.0970165	0	
0	0.0997434	0	0.0970165	0	
0	0.0997434	0	0.0970165	0	
0	0.0997434	0	0.0970165	0	
0	0.0997434	0	0.0970165	0	
0	0.0997434	0	0.0970165	0	
0	0.0997434	0	0.0970165	0	
0	0.0997434	0	0.0970165	0	
0	0.0997434	0	0.0970165	0	
0	0.0997434	0	0.0970165	0	
0	0.0997434	0	0.0970165	0	
0	0.0997434	0	0.0970165	0	
0	0.0997434	0	0.0970165	0	
0	0.0997434	0	0.0970165	0	
0	0.0997434	0	0.0970165	0	
0	0.0997434	0	0.0970165	0	
0	0.0997434	0	0.0970165	0	
0	0.0997434	0	0.0970165	0	
0	0.0997434	0	0.0970165	0	
0	0.0997434	0	0.0970165	0	
0	0.0997434	0	0.0970165	0	
0	0.0997434	0	0.0970165	0	
0	0.0997434	0	0.0970165	0	
0	0.0997434	0	0.0970165	0	
0	0.0997434	0	0.0970165	0	
0	0.0997434	0	0.0970165	0	
0	0.0997434	0	0.0970165	0	
0	0.0997434	0	0.0970165	0	
0	0.0997434	0	0.0970165	0	
0	0.0997434	0	0.0970165	0	
0	0.0997434	0	0.0970165	0	
0	0.0997434	0	0.0970165	0	
0	0.0997434	0	0.0970165	0	
0	0.0997434	0	0.0970165	0	
0	0.0997434	0	0.0970165	0	
0	0.0997434	0	0.0970165	0	
0	0.0997434	0	0.0970165	0	
0	0.0997434	0	0.0970165	0	
0	0.0997434	0	0.0970165	0	
0	0.0997434	0	0.0970165	0	
0	0.0997434	0	0.0970165	0	
0	0.0997434	0	0.0970165	0	
0	0.0997434	0	0.0970165	0	
0	0.0997434	0	0.0970165	0	
0	0.0997434	0	0.0970165	0	
0	0.0997434	0	0.0970165	0	
0	0.0997434	0	0.0970165	0	
0	0.0997434	0	0.0970165	0	
0	0.0997434	0	0.0970165	0	
0	0.0997434	0	0.0970165	0	
0	0.0997434	0	0.0970165	0	
0	0.0997434	0	0.0970165	0	
0	0.0997434	0	0.0970165	0	
0	0.0997434	0	0.0970165	0	
0	0.0997434	0	0.0970165	0	
0	0.0997434	0	0.0970165	0	
0	0.0997434	0	0.0970165	0	
0	0.0997434	0	0.0970165	0	
0	0.0997434	0	0.0970165	0	
0	0.0997434	0	0.0970165	0	
0	0.0997434	0	0.0970165	0	
0	0.0997434	0	0.0970165	0	
0	0.0997434	0	0.0970165	0	
0	0.0997434	0	0.0970165	0	
0	0.0997434	0	0.0970165	0	
0	0.0997434	0	0.0970165	0	
0	0.0997434	0	0.0970165	0	
0.03852	0.7704	0.0374641	0.749282	0.771503	
0.100772	1.24505	0.0794134	0.838987	0.592966	
0.17257	1.43596	0.126697	0.945668	0.582371	
0.250103	1.55065	0.177929	1.02465	0.583919	
0.331273	1.6234	0.229732	1.03607	0.568039	
0.416944	1.71342	0.275694	0.919226	0.492409	
0.504777	1.75666	0.311178	0.709687	0.383949	
0.59486	1.80166	0.351634	0.809113	0.422099	
0.685798	1.81876	0.391989	0.807113	0.417662	
0.771117	1.70638	0.43414	0.843016	0.458866	
0.856478	1.70723	0.477137	0.859937	0.466606	
0.951499	1.90042	0.528343	1.02411	0.494273	
1.03793	1.7287	0.582341	1.07997	0.558406	
1.12224	1.68602	0.634714	1.04746	0.555906	
1.20491	1.65353	0.688077	1.06725	0.573159	
1.28778	1.65745	0.742051	1.07948	0.57728	
1.38275	1.89934	0.791687	0.992735	0.481621	
1.47036	1.75218	0.839939	0.965033	0.503427	
1.54861	1.56502	0.896811	1.13744	0.628479	
1.62281	1.48398	0.955889	1.18157	0.672428	
1.6994	1.53172	1.01357	1.15361	0.645511	
1.77491	1.51017	1.06977	1.12402	0.639845	
1.85159	1.53378	1.13162	1.23697	0.678684	
1.92252	1.41848	1.19692	1.30595	0.744118	
1.99471	1.44391	1.2703	1.4677	0.79357	
2.06285	1.36264	1.34559	1.50574	0.835246	
2.11408	1.02462	1.43152	1.71862	1.03318	
2.16419	1.0023	1.51787	1.72695	1.04492	
2.21259	0.967943	1.60527	1.74813	1.06512	
2.26487	1.04561	1.68684	1.63131	1.0008	
2.31914	1.08533	1.77778	1.81881	1.03279	
2.37952	1.20764	1.86792	1.80281	0.980581	
2.42964	1.00241	1.95687	1.77907	1.05769	
2.46974	0.802131	2.05014	1.86535	1.16468	
2.5074	0.753055	2.14226	1.84236	1.18277	
2.54062	0.664367	2.24914	2.13756	1.26945	
2.56974	0.582415	2.3436	1.88926	1.27176	
2.59857	0.576696	2.43865	1.90092	1.27624	
2.62741	0.576697	2.53442	1.91548	1.27836	
2.65669	0.585582	2.63513	2.01414	1.28786	
2.6842	0.550236	2.73314	1.96034	1.29715	
2.70968	0.509679	2.82936	1.92435	1.31188	
2.73395	0.485347	2.91989	1.81058	1.30889	
2.75643	0.449624	3.01831	1.96829	1.34622	
2.77543	0.3801	3.10883	1.81049	1.36386	
2.79544	0.400029	3.20331	1.88966	1.36218	
2.81229	0.337103	3.29608	1.8553	1.39106	
2.82942	0.342618	3.39332	1.94483	1.39642	
2.84773	0.366232	3.48807	1.89502	1.37989	
2.87074	0.460138	3.57632	1.76496	1.31577	
2.88147	0.214674	3.66233	1.72029	1.44665	
2.88531	0.0767172	3.75518	1.85696	1.52951	
2.88952	0.0841222	3.85309	1.95826	1.52787	
2.88981	0.00593975	3.95114	1.9609	1.56777	
2.88066	-0.183143	4.04678	1.91279	1.66625	
2.87135	-0.186147	4.14809	2.02629	1.66241	
2.86254	-0.17619	4.25435	2.12515	1.65351	
2.85764	-0.0979066	4.36225	2.15794	1.61614	
2.85847	0.0165041	4.46647	2.08439	1.56288	
2.86464	0.123415	4.56848	2.04031	1.51038	
2.87548	0.216783	4.66654	1.96107	1.4607	
2.88857	0.26185	4.76487	1.96669	1.43843	
2.9026	0.280536	4.86418	1.98624	1.43049	
2.92062	0.36053	4.96237	1.96379	1.38923	
2.94046	0.396667	5.05976	1.94772	1.36989	
2.96109	0.412576	5.1573	1.95084	1.36238	
2.98182	0.414639	5.25577	1.96934	1.36328	
3.00562	0.475937	5.35441	1.97291	1.33408	
3.03131	0.513889	5.44527	1.81713	1.29519	
3.06652	0.704211	5.5354	1.80254	1.19835	
3.10244	0.718362	5.63055	1.90312	1.20987	
3.13558	0.662765	5.72067	1.80232	1.21842	
3.17358	0.760003	5.8201	1.98857	1.20574	
3.22004	0.929309	5.91657	1.92955	1.12196	
3.26159	0.830892	6.00578	1.78411	1.13495	
3.30371	0.84242	6.10152	1.91472	1.15631	
3.34913	0.90838	6.19321	1.83386	1.11089	
3.39251	0.867666	6.28453	1.82646	1.1273	
3.43571	0.864044	6.3753	1.81545	1.12658	
3.4803	0.891787	6.45732	1.64023	1.07281	
3.52488	0.891641	6.54141	1.6818	1.08331	
3.57185	0.939272	6.62755	1.72289	1.07167	
3.62398	1.04263	6.71408	1.7306	1.02856	
3.67348	0.989915	6.79918	1.70191	1.04398	
3.7226	0.98256	6.88556	1.72774	1.05371	
3.76506	0.849076	6.97636	1.81599	1.13344	
3.80508	0.800521	7.06857	1.84412	1.16125	
3.84504	0.799102	7.15503	1.72931	1.13793	
3.88338	0.766892	7.24829	1.86521	1.18071	
3.92281	0.788577	7.33944	1.82286	1.1625	
3.96137	0.771108	7.43481	1.90741	1.18661	
3.99823	0.737234	7.53121	1.92813	1.20559	
4.03925	0.820446	7.62718	1.91924	1.16682	
4.07261	0.667138	7.71723	1.80117	1.21607	
4.11705	0.888878	7.81173	1.88988	1.13116	
4.16249	0.908695	7.90387	1.84279	1.11268	
4.2188	1.12617	8.00331	1.98884	1.05557	
4.26743	0.972661	8.10331	2.00001	1.11815	
4.31453	0.941979	8.19837	1.9012	1.11078	
4.36686	1.04658	8.29069	1.84647	1.05515	
4.41759	1.01477	8.38035	1.79311	1.05581	
4.4687	1.02213	8.46944	1.78178	1.04997	
4.52363	1.09853	8.55954	1.80214	1.02337	
4.58104	1.14829	8.63686	1.54625	0.93203	
4.63686	1.11628	8.71512	1.56527	0.951296	
4.69475	1.15788	8.793	1.5575	0.931516	
4.75597	1.22438	8.8725	1.59018	0.914641	
4.81677	1.21599	8.94778	1.50549	0.891375	
4.87902	1.24501	9.02393	1.52304	0.885506	
4.94161	1.25186	9.10054	1.53226	0.885774	
5.00474	1.2625	9.17938	1.57664	0.895596	
5.06198	1.14475	9.25222	1.4568	0.904777	
5.11361	1.03265	9.33178	1.59124	0.995152	
5.15847	0.897299	9.41532	1.67084	1.07796	
5.21319	1.09442	9.5068	1.82965	1.03173	
5.26628	1.06179	9.595	1.76387	1.02893	
5.31674	1.00921	9.67933	1.68664	1.03159	
5.37187	1.10251	9.76941	1.80168	1.02165	
5.42441	1.05079	9.85453	1.70235	1.01778	
5.47502	1.0123	9.93847	1.67879	1.02818	
5.52432	0.985924	10.0257	1.74486	1.05648	
5.5767	1.0476	10.1104	1.69436	1.01704	
5.62543	0.974635	10.1879	1.5487	1.00909	
5.67429	0.977215	10.262	1.48235	0.987958	
5.72521	1.01828	10.3417	1.59364	1.00222	
5.77869	1.06961	10.4266	1.69927	1.009	
5.82906	1.00748	10.5105	1.67749	1.02995	
5.88045	1.02787	10.6021	1.83288	1.0597	
5.92893	0.969498	10.6905	1.76756	1.06911	
5.97049	0.831271	10.7766	1.72224	1.12111	
6.01265	0.84322	10.8644	1.75568	1.12305	
6.05629	0.87282	10.951	1.73186	1.10397	
6.10281	0.930288	11.0338	1.65644	1.05908	
6.1518	0.979891	11.12	1.72309	1.05372	
6.20139	0.991699	11.2049	1.69821	1.04225	
6.25727	1.11763	11.2742	1.38555	0.892022	
6.32386	1.3318	11.3513	1.54244	0.858552	
6.3869	1.2608	11.4269	1.51156	0.875601	
6.45165	1.29494	11.5002	1.46568	0.847168	
6.51465	1.26011	11.5731	1.45972	0.85866	
6.58176	1.34214	11.6547	1.63143	0.882379	
6.64486	1.26192	11.7357	1.61943	0.908845	
6.70762	1.25526	11.8139	1.56375	0.894399	
6.76876	1.22282	11.8932	1.58632	0.914082	
6.83212	1.26728	11.9647	1.42926	0.845397	
6.90156	1.38868	12.0241	1.18926	0.708195	
6.98001	1.56914	12.0733	0.983333	0.559799	
7.06208	1.64138	12.1305	1.1443	0.608816	
7.14314	1.62117	12.19	1.19001	0.63321	
7.22418	1.62083	12.2496	1.19145	0.633889	
7.30392	1.5948	12.3092	1.19277	0.642164	
7.3857	1.63549	12.3692	1.19926	0.63271	
7.46964	1.67881	12.429	1.19706	0.619425	
7.55268	1.66084	12.4882	1.18376	0.619229	
7.63305	1.6074	12.5418	1.07227	0.58829	
7.71407	1.62029	12.5986	1.13567	0.611332	
7.79891	1.69687	12.6564	1.15642	0.5982	
7.87733	1.5684	12.7219	1.30862	0.695346	
7.95705	1.59447	12.7902	1.36764	0.70897	
8.03581	1.57523	12.8545	1.28483	0.684208	
8.11484	1.58054	12.9194	1.29899	0.68793	
8.18752	1.45366	12.9726	1.06276	0.631287	
8.26916	1.63273	13.0249	1.04702	0.570213	
8.35328	1.68237	13.0786	1.07282	0.567667	
8.43514	1.63725	13.1289	1.00598	0.550961	
8.51004	1.49793	13.1889	1.20156	0.676051	
8.58243	1.44783	13.2442	1.10466	0.651755	
8.65327	1.41672	13.3102	1.32029	0.75018	
8.74206	1.77594	13.3888	1.57225	0.724636	
8.82688	1.69631	13.4655	1.53294	0.734852	
8.90589	1.58028	13.5372	1.43478	0.737179	
8.98832	1.6485	13.6051	1.35747	0.68888	
9.07213	1.67615	13.6744	1.38723	0.691361	
9.1504	1.56557	13.7239	0.988714	0.563286	
9.24263	1.8446	13.7692	0.90601	0.456558	
9.3324	1.79525	13.8077	0.770822	0.405565	
9.42564	1.86495	13.8447	0.740882	0.378148	
9.51884	1.86398	13.8784	0.672146	0.346083	
9.60629	1.74887	13.9107	0.645949	0.35381	
9.69769	1.82814	13.9361	0.509175	0.271637	
9.80178	2.08171	13.9643	0.562808	0.264046	
9.90647	2.09386	13.9924	0.562838	0.262597	
10.005	1.97132	14.023	0.611099	0.300602	
10.1001	1.90054	14.0608	0.757773	0.379399	
10.1946	1.89096	14.0967	0.717245	0.362537	
10.2953	2.01373	14.1263	0.592227	0.28603	
10.3898	1.88966	14.1536	0.546614	0.28158	
10.4935	2.07494	14.1702	0.330724	0.15806	
10.5943	2.0146	14.1965	0.527413	0.256049	
10.693	1.97396	14.2227	0.522184	0.258612	
10.8001	2.14264	14.2515	0.576326	0.26276	
10.9136	2.2702	14.2936	0.841494	0.354968	
11.0297	2.32174	14.3371	0.870758	0.358811	
11.1359	2.12516	14.3688	0.634714	0.290233	
11.2431	2.14299	14.399	0.603153	0.274356	
11.3485	2.10905	14.4258	0.537288	0.249448	
11.4513	2.0542	14.4532	0.54693	0.260213	
11.5531	2.03662	14.4806	0.54825	0.262963	
11.6515	1.96881	14.5161	0.710682	0.346414	
11.7487	1.94437	14.5508	0.693552	0.342629	
11.8492	2.00998	14.6002	0.98709	0.456499	
11.9433	1.88066	14.6478	0.951941	0.468575	
12.037	1.87525	14.6936	0.917348	0.45496	
12.1271	1.80107	14.7328	0.782797	0.409998	
12.2231	1.91969	14.7668	0.680581	0.340702	
12.3131	1.80004	14.7933	0.529904	0.286297	
12.4126	1.99129	14.8331	0.796278	0.380404	
12.5097	1.94022	14.8773	0.883082	0.427124	
12.6069	1.94426	14.9016	0.486943	0.245404	
12.7066	1.99496	14.9271	0.509734	0.250159	
12.807	2.00823	14.9543	0.544655	0.264841	
12.9075	2.00862	14.9785	0.483078	0.236021	
13.0122	2.09427	14.9958	0.345598	0.163547	
13.1137	2.03027	15.0122	0.327881	0.160114	
13.2166	2.05774	15.029	0.337331	0.162488	
13.3174	2.01598	15.046	0.339743	0.166956	
13.419	2.03334	15.0625	0.329888	0.160838	
13.5174	1.96813	15.0641	0.0321833	0.0163508	
13.6158	1.96678	15.0659	0.0359847	0.0182942	
13.7148	1.9802	15.0607	-0.104209	-0.0525768	
13.8169	2.0419	15.0473	-0.268426	-0.130709	
13.9204	2.06943	15.0363	-0.219502	-0.105674	
14.0227	2.04612	15.0252	-0.221885	-0.10802	
14.1171	1.88945	15.015	-0.20493	-0.108038	
14.2226	2.10958	14.997	-0.359007	-0.168565	
14.3199	1.94581	14.9828	-0.285403	-0.145637	
14.4145	1.89113	14.9693	-0.269438	-0.141522	
14.5033	1.77696	14.9481	-0.424063	-0.234264	
14.5901	1.73603	14.9332	-0.297961	-0.169977	
14.6758	1.71374	14.9228	-0.207546	-0.12052	
14.7725	1.93321	14.9113	-0.229814	-0.118322	
14.8739	2.02832	14.899	-0.245299	-0.120353	
14.9682	1.88641	14.8989	-0.00370218	-0.00196255	
15.0614	1.86449	14.8936	-0.104325	-0.0558954	
15.1611	1.99393	14.8923	-0.0262817	-0.0131801	
15.26	1.97808	14.8991	0.135377	0.0683319	
15.3598	1.99649	14.9095	0.208017	0.103817	
15.4517	1.83688	14.9142	0.0944573	0.0513773	
15.5505	1.97585	14.9197	0.109548	0.0553871	
15.661	2.20998	14.9266	0.137563	0.062166	
15.7707	2.19366	14.9349	0.165696	0.0753906	
15.875	2.08591	14.9432	0.16679	0.0797902	
15.9732	1.9638	14.9488	0.1123	0.0571228	
16.0677	1.89177	14.9514	0.0513021	0.027112	
16.1667	1.98011	14.955	0.0726851	0.0366912	
16.2749	2.16394	14.9473	-0.153774	-0.0709427	
16.3702	1.90572	14.9412	-0.123288	-0.0646037	
16.4665	1.92466	14.932	-0.182543	-0.0945615	
16.5579	1.82847	14.9225	-0.191652	-0.104434	
16.6576	1.99506	14.9109	-0.231898	-0.115717	
16.7546	1.94007	14.9064	-0.0882786	-0.0454713	
16.8554	2.01472	14.9032	-0.0644769	-0.031992	
16.9566	2.02419	14.8943	-0.177637	-0.087533	
17.0602	2.07294	14.8874	-0.137861	-0.0664072	
17.1557	1.90975	14.8751	-0.246151	-0.128185	
17.2503	1.89103	14.8606	-0.289885	-0.152111	
17.3528	2.05079	14.8463	-0.287748	-0.139401	
17.457	2.08469	14.8363	-0.199339	-0.0953306	
17.5774	2.40759	14.8238	-0.249065	-0.103083	
17.6993	2.43675	14.8061	-0.355539	-0.144885	
17.7992	1.99911	14.7837	-0.446458	-0.219722	
17.8915	1.84573	14.7635	-0.404852	-0.215926	
17.9859	1.88811	14.7304	-0.661276	-0.33688	
18.0808	1.89845	14.7011	-0.585964	-0.299378	
18.1653	1.68999	14.6752	-0.51837	-0.29762	
18.2612	1.9167	14.6525	-0.453581	-0.232372	
18.3606	1.98878	14.6307	-0.437005	-0.216298	
18.4599	1.98563	14.6086	-0.442445	-0.219242	
18.5601	2.00416	14.5951	-0.269171	-0.133507	
18.6627	2.05136	14.5806	-0.289281	-0.140095	
18.7683	2.1136	14.5724	-0.164942	-0.0778805	
18.8709	2.05105	14.5644	-0.160641	-0.0781621	
18.9727	2.03575	14.5552	-0.183817	-0.0900501	
19.0741	2.02738	14.5492	-0.119039	-0.0586483	
19.1736	1.99107	14.5445	-0.0944992	-0.047426	
19.2726	1.97901	14.5383	-0.124589	-0.0628722	
19.3719	1.98758	14.5366	-0.0332744	-0.0167396	
19.4705	1.97104	14.5268	-0.195897	-0.0990623	
19.5797	2.18485	14.5156	-0.223735	-0.102047	
19.6789	1.98272	14.5041	-0.231018	-0.115993	
19.7757	1.93702	14.492	-0.241065	-0.123815	
19.8698	1.88104	14.4832	-0.176221	-0.0934102	
19.972	2.04498	14.4617	-0.430074	-0.207286	
20.0715	1.989	14.4359	-0.516752	-0.254185	
20.1704	1.97782	14.4089	-0.538714	-0.265927	
20.2762	2.11589	14.3914	-0.349635	-0.163763	
20.3769	2.01412	14.3765	-0.299013	-0.147382	
20.4763	1.98862	14.3638	-0.253844	-0.126961	
20.5734	1.94292	14.3569	-0.137071	-0.070432	
20.6786	2.10322	14.3462	-0.215887	-0.102288	
20.7764	1.9555	14.3388	-0.14782	-0.0754484	
20.877	2.01159	14.3353	-0.068229	-0.033905	
20.9829	2.11942	14.3349	-0.00838205	-0.00395486	
21.0836	2.01448	14.3267	-0.16477	-0.0816114	
21.1775	1.87639	14.3183	-0.168099	-0.0893476	
21.279	2.03141	14.3037	-0.291662	-0.142601	
21.3822	2.0637	14.2933	-0.20806	-0.10048	
21.4893	2.14108	14.2831	-0.204478	-0.0952134	
21.5901	2.01657	14.2785	-0.0911505	-0.04517	
21.6925	2.04734	14.2701	-0.168119	-0.081932	
21.7934	2.01942	14.262	-0.162357	-0.0802251	
21.8853	1.83625	14.249	-0.259771	-0.140536	
21.9869	2.03232	14.2449	-0.0814408	-0.0400514	
22.0836	1.93549	14.2368	-0.162239	-0.0836277	
22.1856	2.03851	14.2267	-0.201602	-0.0985759	
22.2877	2.0425	14.2162	-0.209926	-0.102419	
22.3879	2.00487	14.2063	-0.197983	-0.0984315	
22.4967	2.17547	14.1943	-0.240491	-0.1101	
22.6019	2.10291	14.1821	-0.245324	-0.116134	
22.706	2.08266	14.1741	-0.158528	-0.0759716	
22.8056	1.99256	14.1668	-0.146044	-0.0731637	
22.9081	2.04862	14.1604	-0.128779	-0.0627786	
23.0165	2.16963	14.1527	-0.153987	-0.0708553	
23.1143	1.9551	14.1551	0.0488293	0.0249702	
23.216	2.03412	14.16	0.0969982	0.0476495	
23.3203	2.08617	14.1606	0.0125131	0.00599804	
23.4221	2.03598	14.1528	-0.155354	-0.0761568	
23.5131	1.82021	14.1409	-0.239295	-0.130716	
23.6229	2.19654	14.1326	-0.165132	-0.0750371	
23.7292	2.12487	14.1246	-0.160484	-0.0753836	
23.8344	2.10447	14.1122	-0.247066	-0.116866	
23.935	2.01113	14.0972	-0.300738	-0.148437	
24.0416	2.13252	14.0845	-0.253382	-0.118264	
24.1339	1.84646	14.0768	-0.154568	-0.0835157	
24.2289	1.90041	14.0721	-0.0939654	-0.0494046	
24.3252	1.92545	14.0664	-0.114691	-0.0594955	
24.428	2.05555	14.0616	-0.0950839	-0.0462242	
24.5213	1.86613	14.0528	-0.177225	-0.0946852	
24.625	2.07363	14.0419	-0.217942	-0.104718	
24.7289	2.07957	14.0329	-0.179742	-0.0862182	
24.8291	2.00269	14.0228	-0.201936	-0.100493	
24.9292	2.00281	14.0199	-0.0575228	-0.0287132	
25.0239	1.89447	14.0144	-0.110754	-0.0583952	
25.1229	1.97981	14.0164	0.0404808	0.020444	
25.2116	1.77383	14.0194	0.059622	0.0335994	
25.3074	1.91569	14.0273	0.158847	0.0827296	
25.4085	2.02142	14.0409	0.272187	0.133847	
25.5068	1.96534	14.0588	0.357081	0.179729	
25.5971	1.80731	14.0744	0.312584	0.171261	
25.7029	2.11658	14.0682	-0.123604	-0.0583318	
25.8062	2.06416	14.0606	-0.152938	-0.073957	
25.9089	2.05536	14.0586	-0.0391055	-0.0190238	
26.0157	2.13548	14.0589	0.00637303	0.00298435	
26.1231	2.14851	14.0573	-0.0328487	-0.0152879	
26.2332	2.20225	14.0519	-0.108734	-0.0493341	
26.3387	2.10999	14.0464	-0.108815	-0.0515257	
26.4421	2.06783	14.0406	-0.116606	-0.0563306	
26.5501	2.1601	14.0333	-0.145026	-0.0670382	
26.6609	2.2156	14.0133	-0.400722	-0.17893	
26.7784	2.34963	13.9883	-0.50006	-0.209696	
26.8937	2.30715	13.9686	-0.394496	-0.169351	
26.9999	2.12383	13.9613	-0.146321	-0.068786	
27.1042	2.08524	13.9548	-0.128868	-0.0617216	
27.2045	2.00506	13.9466	-0.164184	-0.0817028	
27.3001	1.91257	13.9517	0.102059	0.0533116	
27.406	2.11892	13.9663	0.29166	0.136786	
27.5085	2.05016	13.9793	0.259585	0.125947	
27.6125	2.07877	13.9931	0.277402	0.132662	
27.7059	1.86899	14.0056	0.25001	0.132978	
27.8055	1.99102	14.018	0.247326	0.123588	
27.903	1.94992	14.0299	0.237445	0.121175	
28.0097	2.13557	14.0328	0.0590898	0.0276623	
28.1207	2.21948	14.0251	-0.15397	-0.0692611	
28.231	2.20537	14.0228	-0.0469502	-0.0212858	
28.3325	2.03084	14.0189	-0.0780137	-0.0383956	
28.4332	2.01275	14.0151	-0.076239	-0.03786	
28.5308	1.95356	14.0162	0.0217423	0.0111291	
28.6279	1.94072	14.0162	0.00105899	0.000545666	
28.7252	1.94721	14.0315	0.305885	0.155815	
28.8245	1.98478	14.0444	0.258673	0.129598	
28.9125	1.75964	14.057	0.250477	0.141396	
28.9967	1.68485	14.0705	0.270473	0.159174	
29.0882	1.82962	14.0852	0.294297	0.159485	
29.1861	1.95838	14.098	0.256072	0.130019	
29.2854	1.98649	14.1138	0.315845	0.157676	
29.3937	2.16545	14.1335	0.394612	0.180253	
29.4911	1.94846	14.1475	0.280299	0.142877	
29.5816	1.80871	14.1612	0.272497	0.149534	
29.6763	1.89564	14.1734	0.243875	0.127947	
29.781	2.09282	14.1906	0.344257	0.163034	
29.8809	1.99783	14.2088	0.365144	0.180775	
29.9744	1.86958	14.229	0.403753	0.212693	

0	1.9028	14.233	0.0799443	0.0419894	
0.0945599	1.8912	14.2392	0.124526	0.0657504	
0.193935	1.98751	14.2377	-0.0301143	-0.0151506	
0.292344	1.96817	14.2513	0.271802	0.13723	
0.393545	2.02402	14.2759	0.490523	0.237767	
0.493904	2.00719	14.3013	0.509255	0.248472	
0.596764	2.05718	14.3248	0.468621	0.223976	
0.696248	1.98969	14.3378	0.260627	0.130247	
0.79548	1.98463	14.3504	0.251995	0.126297	
0.89538	1.998	14.3634	0.259587	0.1292	
0.994648	1.98536	14.379	0.313426	0.156576	
1.09876	2.0822	14.3944	0.307071	0.146419	
1.19693	1.9635	14.4061	0.234806	0.11902	
1.29289	1.91905	14.4303	0.483833	0.246974	
1.39439	2.03011	14.4554	0.500968	0.241935	
1.49022	1.91654	14.4762	0.417085	0.214283	
1.58495	1.89463	14.4929	0.334382	0.17469	
1.67147	1.73034	14.5016	0.172202	0.0991926	
1.76069	1.78448	14.5115	0.199825	0.111514	
1.85926	1.97135	14.5245	0.25847	0.13037	
1.9618	2.05088	14.5405	0.320793	0.15516	
2.06865	2.13688	14.5616	0.421524	0.19476	
2.17183	2.06363	14.5842	0.451591	0.215437	
2.27603	2.08411	14.6089	0.494606	0.233012	
2.37842	2.04768	14.6307	0.436647	0.210093	
2.46948	1.82127	14.6481	0.347833	0.188711	
2.5646	1.90249	14.6655	0.347383	0.180604	
2.66087	1.92527	14.6809	0.30787	0.158568	
2.75755	1.93369	14.6981	0.344349	0.176231	
2.85616	1.9722	14.7125	0.287375	0.144695	
2.96358	2.14843	14.7206	0.162363	0.0754293	
3.06445	2.01728	14.7253	0.0937929	0.0464612	
3.15651	1.84115	14.7387	0.269171	0.145169	
3.25309	1.93177	14.7487	0.200056	0.103193	
3.34435	1.82506	14.7567	0.15901	0.0869065	
3.44162	1.94552	14.7644	0.154689	0.0793431	
3.5406	1.9796	14.7728	0.167554	0.0844392	
3.63991	1.98608	14.7843	0.229929	0.115257	
3.73567	1.91516	14.7932	0.177485	0.0924094	
3.83107	1.9081	14.8026	0.189343	0.0989074	
3.92405	1.85965	14.8063	0.0726067	0.0390235	
4.02192	1.95732	14.8081	0.0361609	0.0184726	
4.12201	2.0018	14.8094	0.0275193	0.0137464	
4.21557	1.87119	14.8231	0.273707	0.145244	
4.31059	1.90038	14.8357	0.25044	0.131029	
4.40874	1.96296	14.8368	0.0228927	0.0116618	
4.51886	2.20251	14.8317	-0.101353	-0.0459844	
4.6134	1.89086	14.829	-0.0539438	-0.028521	
4.71601	2.05218	14.8128	-0.325091	-0.157107	
4.82428	2.16542	14.7987	-0.28135	-0.129205	
4.93519	2.21814	14.7897	-0.181168	-0.0814946	
5.04224	2.14101	14.7818	-0.1564	-0.07292	
5.14324	2.01996	14.7713	-0.210946	-0.104054	
5.23792	1.89355	14.7577	-0.271848	-0.142591	
5.33536	1.94894	14.7459	-0.235007	-0.120002	
5.43346	1.96186	14.7349	-0.221643	-0.112499	
5.51749	1.68067	14.7203	-0.291611	-0.171799	
5.60703	1.79072	14.7076	-0.252908	-0.140305	
5.70097	1.87877	14.6943	-0.265829	-0.140558	
5.80207	2.02209	14.6818	-0.251422	-0.123703	
5.89878	1.93416	14.6757	-0.120928	-0.0624411	
5.99558	1.93602	14.6712	-0.0915313	-0.0472428	
6.09329	1.95431	14.6703	-0.0166632	-0.00852615	
6.18936	1.92137	14.6711	0.0153728	0.00800077	
6.28466	1.906	14.6752	0.0829066	0.0434703	
6.37569	1.8206	14.6829	0.153506	0.0841171	
6.47348	1.95578	14.6936	0.213626	0.108797	
6.57212	1.97278	14.7037	0.202771	0.102425	
6.66835	1.9246	14.7259	0.44408	0.22677	
6.76412	1.91547	14.7477	0.435362	0.22349	
6.86209	1.95922	14.7722	0.490102	0.245122	
6.95661	1.89054	14.7944	0.443518	0.230432	
7.05211	1.90999	14.8162	0.436981	0.224916	
7.14211	1.79992	14.8352	0.380295	0.208222	
7.24241	2.00601	14.851	0.315128	0.155818	
7.34231	1.99806	14.8671	0.322741	0.160144	
7.44601	2.07405	14.8843	0.342708	0.163756	
7.55478	2.17531	14.9023	0.359805	0.16392	
7.65115	1.92733	14.9208	0.37022	0.189778	
7.74922	1.96146	14.94	0.383618	0.19314	
7.84773	1.97028	14.9599	0.399453	0.200028	
7.94622	1.96972	14.9799	0.399123	0.199922	
8.0495	2.06554	15.0072	0.545498	0.2582	
8.15068	2.02376	15.0331	0.519188	0.251131	
8.25247	2.03567	15.0576	0.490007	0.236216	
8.35312	2.01311	15.0805	0.458238	0.223813	
8.45163	1.97014	15.1015	0.419537	0.209814	
8.5447	1.8613	15.1277	0.524479	0.27466	
8.63783	1.86273	15.1566	0.578239	0.300994	
8.73256	1.89455	15.1863	0.592581	0.303141	
8.82591	1.86693	15.2155	0.584274	0.303304	
8.92094	1.90069	15.2517	0.723663	0.363791	
9.01196	1.82045	15.289	0.745852	0.388847	
9.10358	1.83238	15.3266	0.752656	0.389742	
9.19528	1.83404	15.3645	0.757461	0.391665	
9.2881	1.85622	15.4017	0.744203	0.381302	
9.38454	1.92888	15.4329	0.623949	0.312854	
9.48005	1.91019	15.4634	0.61118	0.309665	
9.5755	1.90898	15.497	0.671498	0.338239	
9.66975	1.88514	15.5302	0.663279	0.338318	
9.75644	1.73368	15.557	0.537417	0.300593	
9.85128	1.89676	15.5802	0.46225	0.239045	
9.94875	1.94938	15.6077	0.549994	0.27499	
10.0546	2.11697	15.6224	0.295308	0.138601	
10.1558	2.02321	15.6317	0.186055	0.0917025	
10.2545	1.97464	15.6371	0.107239	0.0542551	
10.3472	1.85503	15.6465	0.188047	0.101027	
10.4489	2.03382	15.6599	0.267355	0.130705	
10.5452	1.92632	15.6694	0.190964	0.0988113	
10.6345	1.786	15.6827	0.265998	0.147848	
10.7309	1.92634	15.7008	0.362713	0.186112	
10.8361	2.10552	15.7229	0.441727	0.206796	
10.9351	1.98008	15.7507	0.555885	0.273693	
11.0284	1.86517	15.7896	0.77747	0.394935	
11.124	1.91265	15.8296	0.799681	0.396012	
11.2126	1.77193	15.864	0.68751	0.37012	
11.2997	1.74169	15.9019	0.758606	0.410779	
11.3935	1.87488	15.9295	0.552712	0.286678	
11.4891	1.91287	15.9591	0.592221	0.300239	
11.5928	2.07414	15.9858	0.533248	0.251644	
11.6919	1.98144	16.012	0.52369	0.258389	
11.7898	1.95925	16.0378	0.517405	0.258188	
11.8796	1.79465	16.0677	0.597833	0.321558	
11.9729	1.86657	16.1133	0.911891	0.454435	
12.0633	1.80802	16.1615	0.962843	0.48934	
12.1512	1.75708	16.2163	1.09724	0.558217	
12.2358	1.69264	16.2662	0.998	0.532746	
12.3204	1.69196	16.3177	1.02919	0.546486	
12.4072	1.73525	16.3724	1.09446	0.562704	
12.4935	1.7267	16.4296	1.14376	0.585039	
12.5736	1.6023	16.4874	1.15547	0.624769	
12.6653	1.83476	16.546	1.17232	0.568569	
12.7559	1.81073	16.6074	1.22711	0.595594	
12.8433	1.74869	16.6682	1.21615	0.607673	
12.9269	1.67276	16.7277	1.19172	0.61902	
13.0081	1.62244	16.7862	1.16929	0.624486	
13.0831	1.50039	16.8557	1.39006	0.747244	
13.1587	1.51282	16.9233	1.35223	0.729407	
13.234	1.50474	16.9937	1.40769	0.752086	
13.3101	1.52321	17.0701	1.52721	0.786711	
13.3847	1.492	17.1458	1.51422	0.792793	
13.4563	1.43216	17.2186	1.45575	0.793565	
13.5347	1.56707	17.2954	1.53604	0.775399	
13.6042	1.39055	17.3633	1.35867	0.773803	
13.676	1.43567	17.4317	1.36875	0.76154	
13.7512	1.50327	17.5065	1.49524	0.782722	
13.8329	1.63557	17.581	1.49056	0.739045	
13.9115	1.57166	17.6509	1.39802	0.726993	
13.9935	1.63991	17.7194	1.36878	0.695524	
14.0712	1.5539	17.7914	1.44096	0.747704	
14.1412	1.39919	17.8559	1.28898	0.744424	
14.2115	1.40638	17.9225	1.33289	0.758575	
14.288	1.53078	17.9926	1.40242	0.741666	
14.3595	1.42832	18.0642	1.43121	0.78641	
14.4299	1.40819	18.1347	1.40998	0.786033	
14.4983	1.36939	18.2065	1.43693	0.80946	
14.5676	1.3857	18.2802	1.47299	0.815925	
14.6331	1.3091	18.3463	1.3214	0.790077	
14.7	1.33878	18.4134	1.34343	0.787133	
14.765	1.30026	18.4806	1.34432	0.802057	
14.8324	1.3478	18.5502	1.39052	0.801	
14.9078	1.50715	18.6272	1.53952	0.796025	
14.981	1.46418	18.7008	1.47287	0.788356	
15.0532	1.44484	18.7729	1.44248	0.784579	
15.1362	1.6598	18.8489	1.51944	0.741277	
15.212	1.51566	18.9198	1.41784	0.752067	
15.2895	1.5504	18.9891	1.38721	0.729901	
15.3664	1.53719	19.0549	1.31563	0.707891	
15.4372	1.4156	19.1196	1.29328	0.740274	
15.5082	1.42138	19.1792	1.19241	0.698023	
15.5815	1.46541	19.2444	1.30369	0.727064	
15.6512	1.39426	19.3117	1.34627	0.767889	
15.721	1.39619	19.3813	1.39114	0.783587	
15.7913	1.40502	19.4575	1.52461	0.826196	
15.8583	1.34055	19.5237	1.32439	0.779333	
15.9386	1.60571	19.5919	1.36322	0.703903	
16.0173	1.57507	19.6647	1.45644	0.746286	
16.0923	1.50005	19.7375	1.45539	0.77029	
16.166	1.47409	19.8108	1.46592	0.78262	
16.2361	1.40213	19.8825	1.43472	0.796885	
16.2909	1.09532	19.9462	1.2741	0.860708	
16.3504	1.19009	20.0169	1.41488	0.871477	
16.4025	1.04244	20.0978	1.61747	0.998304	
16.456	1.07014	20.1786	1.61519	0.985651	
16.5102	1.08364	20.2603	1.63483	0.985444	
16.561	1.01573	20.3445	1.68307	1.02781	
16.6127	1.03459	20.4299	1.70911	1.02646	
16.6554	0.853839	20.4974	1.34898	1.0065	
16.6931	0.752388	20.5804	1.66132	1.14555	
16.7339	0.816949	20.6681	1.75222	1.13452	
16.7784	0.890474	20.7542	1.72225	1.09361	
16.8193	0.817632	20.8294	1.50459	1.07301	
16.8687	0.987018	20.9104	1.6198	1.02353	
16.922	1.06583	20.9957	1.70694	1.01262	
16.9866	1.29371	21.081	1.70539	0.921813	
17.0495	1.25774	21.1698	1.77576	0.954532	
17.109	1.1891	21.2563	1.7304	0.968725	
17.1676	1.17333	21.339	1.65291	0.953487	
17.2302	1.25135	21.429	1.80079	0.96351	
17.2777	0.950638	21.5104	1.62705	1.04202	
17.3259	0.963641	21.6012	1.81642	1.08303	
17.3813	1.10685	21.6961	1.89767	1.04277	
17.4272	0.919616	21.7915	1.90963	1.122	
17.4707	0.868207	21.8685	1.53922	1.05723	
17.5124	0.835618	21.9451	1.5329	1.0717	
17.557	0.890412	22.0285	1.6675	1.08034	
17.6028	0.916229	22.1143	1.71599	1.08037	
17.6501	0.945858	22.1929	1.57218	1.02919	
17.703	1.05956	22.281	1.76048	1.02901	
17.7561	1.06026	22.3699	1.77958	1.03348	
17.8084	1.04602	22.4554	1.70907	1.02157	
17.8571	0.975432	22.5424	1.74044	1.05996	
17.9075	1.00761	22.6341	1.83462	1.06855	
17.9574	0.998309	22.7173	1.66296	1.03014	
18.0081	1.01315	22.8005	1.66445	1.02401	
18.0582	1.00331	22.8854	1.69872	1.0373	
18.1142	1.1189	22.9689	1.66878	0.980153	
18.1735	1.18659	23.0481	1.58368	0.92777	
18.2348	1.22468	23.1272	1.58228	0.912115	
18.2863	1.03023	23.2031	1.51907	0.974853	
18.3409	1.09202	23.2845	1.62697	0.97966	
18.3972	1.1269	23.3686	1.68263	0.980679	
18.4512	1.07917	23.4647	1.92137	1.05904	
18.5039	1.05502	23.5594	1.89507	1.06281	
18.5529	0.979379	23.6486	1.78237	1.06835	
18.5933	0.807474	23.7355	1.73986	1.13628	
18.6279	0.69367	23.8268	1.82504	1.20758	
18.6526	0.493305	23.9258	1.98064	1.3267	
18.6914	0.776328	24.0286	2.05469	1.20955	
18.7274	0.718986	24.1275	1.9796	1.22241	
18.7647	0.746885	24.2281	2.01172	1.2153	
18.8043	0.791833	24.3143	1.72396	1.14023	
18.8435	0.78374	24.3967	1.6471	1.12667	
18.88	0.729622	24.4741	1.54908	1.13061	
18.9134	0.668362	24.5587	1.69208	1.19461	
18.9484	0.700354	24.6457	1.73889	1.18791	
18.9796	0.623538	24.7229	1.54459	1.18711	
19.0182	0.772061	24.8118	1.77733	1.161	
19.0525	0.685229	24.9057	1.87768	1.22088	
19.0975	0.901116	25.0047	1.98037	1.14377	
19.1381	0.810885	25.0991	1.88897	1.16531	
19.1773	0.785671	25.1922	1.8617	1.17145	
19.2168	0.789163	25.2839	1.83362	1.16437	
19.2618	0.900059	25.38	1.92288	1.13301	
19.3024	0.812765	25.474	1.87853	1.16246	
19.3464	0.879395	25.5714	1.94786	1.14672	
19.3896	0.863328	25.6644	1.85984	1.1362	
19.4332	0.872074	25.7544	1.80153	1.11997	
19.476	0.856986	25.8405	1.72079	1.10873	
19.5204	0.886404	25.9271	1.7321	1.09779	
19.5712	1.01664	26.006	1.5793	0.998844	
19.6283	1.14238	26.0906	1.69031	0.976472	
19.6893	1.22015	26.1736	1.66077	0.937167	
19.7478	1.16996	26.2494	1.5158	0.913459	
19.804	1.12308	26.3313	1.63725	0.969556	
19.8626	1.1732	26.4095	1.56503	0.927529	
19.9213	1.17357	26.4938	1.68531	0.962523	
19.9779	1.13149	26.5664	1.45282	0.909099	
20.0258	0.95854	26.65	1.67085	1.04995	
20.0807	1.09723	26.7397	1.79404	1.02189	
20.1306	0.998228	26.8191	1.58833	1.0097	
20.1841	1.06967	26.9023	1.66479	0.999693	
20.2364	1.04699	26.9868	1.68996	1.01614	
20.2948	1.16767	27.0675	1.61464	0.944686	
20.3635	1.37435	27.1467	1.58421	0.856215	
20.4319	1.36761	27.2237	1.53814	0.844017	
20.5037	1.43646	27.2915	1.35688	0.756917	
20.5814	1.55274	27.3606	1.3812	0.726997	
20.6507	1.38678	27.4446	1.68068	0.880918	
20.7195	1.37528	27.5324	1.75545	0.906239	
20.7892	1.39488	27.6291	1.93372	0.945887	
20.8453	1.12261	27.7177	1.772	1.00609	
20.8986	1.06532	27.8063	1.77318	1.02979	
20.9503	1.03314	27.905	1.97327	1.08847	
21.0026	1.04721	27.9973	1.84594	1.05476	
21.0552	1.05132	28.0808	1.67123	1.00928	
21.117	1.23606	28.1624	1.63094	0.922268	
21.1805	1.27095	28.2535	1.82189	0.961684	
21.2355	1.09848	28.3408	1.7468	1.00943	
21.289	1.0709	28.4312	1.80713	1.03584	
21.3403	1.02562	28.5182	1.74016	1.03822	
21.4039	1.27186	28.6154	1.94457	0.991576	
21.4489	0.900524	28.7004	1.70044	1.08376	
21.5036	1.09406	28.7935	1.86125	1.03939	
21.5769	1.46619	28.8755	1.63991	0.841268	
21.6524	1.50949	28.96	1.69018	0.841808	
21.7287	1.52549	29.0391	1.58112	0.803302	
21.8048	1.52333	29.107	1.35854	0.728277	
21.8832	1.56658	29.1734	1.32761	0.703018	
21.9607	1.5513	29.2396	1.32444	0.706674	
22.0417	1.61922	29.3047	1.3032	0.677679	
22.1264	1.6941	29.3588	1.08134	0.568105	
22.2387	2.24572	29.4143	1.10955	0.458894	
22.339	2.00731	29.4637	0.988258	0.457493	
22.4322	1.86237	29.5117	0.960733	0.476259	
22.521	1.77777	29.5526	0.817973	0.431231	
22.61	1.77905	29.5943	0.834007	0.438372	
22.7068	1.93586	29.6383	0.878699	0.426097	
22.7942	1.74858	29.6796	0.826674	0.441627	
22.8843	1.80128	29.7237	0.881503	0.455111	
22.9767	1.84904	29.7797	1.12005	0.544635	
23.0663	1.79038	29.8331	1.0682	0.53794	
23.157	1.81398	29.88	0.938651	0.477512	
23.2493	1.84721	29.9211	0.82225	0.418797	
23.3408	1.82885	29.9611	0.799297	0.412032	

23.4238	1.66122	0	0.897871	0.495512	
23.499	1.50308	0.0355556	0.711112	0.4419	
23.5836	1.69332	0.0745374	0.779637	0.431484	
23.6736	1.79835	0.119219	0.893622	0.461174	
23.7578	1.68536	0.169725	1.01012	0.539943	
23.8461	1.76565	0.220281	1.01112	0.520074	
23.9265	1.60746	0.266649	0.927376	0.523276	
24.0174	1.8175	0.310571	0.878428	0.450212	
24.0954	1.56021	0.353467	0.857915	0.502744	
24.1685	1.46293	0.398001	0.890682	0.54689	
24.2495	1.62072	0.44366	0.913194	0.513111	
24.3232	1.47336	0.511757	1.36193	0.746118	
24.3969	1.47402	0.579016	1.34518	0.739728	
24.4713	1.48712	0.647433	1.36833	0.743819	
24.5598	1.77098	0.700466	1.06068	0.539626	
24.6476	1.75533	0.748884	0.968347	0.504117	
24.7418	1.88474	0.796658	0.955492	0.469201	
24.8367	1.89706	0.840899	0.884814	0.436419	
24.9319	1.90434	0.891781	1.01764	0.490772	
25.0317	1.9962	0.940503	0.974433	0.454119	
25.1265	1.896	0.987853	0.946999	0.463226	
25.2163	1.79568	1.03628	0.968451	0.494608	
25.3119	1.91279	1.0787	0.848405	0.417472	
25.4001	1.76348	1.1342	1.11003	0.561795	
25.4853	1.70291	1.18253	0.966615	0.516274	
25.5699	1.69371	1.22818	0.913015	0.494407	
25.6529	1.6602	1.28069	1.05024	0.564048	
25.7337	1.61546	1.33907	1.16768	0.625875	
25.8172	1.67015	1.40833	1.38514	0.692381	
25.8987	1.63042	1.47811	1.39558	0.707946	
25.977	1.56427	1.54432	1.32419	0.702473	
26.0555	1.57155	1.61388	1.39127	0.724627	
26.1322	1.53274	1.68172	1.35678	0.724576	
26.206	1.47634	1.75472	1.45995	0.779818	
26.2686	1.25243	1.82576	1.42074	0.848278	
26.3346	1.31991	1.89965	1.47778	0.841766	
26.4061	1.42888	1.97612	1.52949	0.819394	
26.474	1.35926	2.04881	1.45387	0.819014	
26.5443	1.40634	2.13546	1.73301	0.889081	
26.6148	1.40962	2.21293	1.54936	0.83259	
26.6842	1.38697	2.28951	1.53161	0.834915	
26.7462	1.24146	2.36709	1.55147	0.895943	
26.8087	1.24979	2.44513	1.56081	0.89561	
26.883	1.48485	2.51553	1.40803	0.75885	
26.958	1.50133	2.58695	1.42834	0.760489	
27.032	1.47845	2.65845	1.43002	0.768747	
27.1064	1.48879	2.72735	1.37817	0.746831	
27.188	1.6317	2.79026	1.2582	0.656868	
27.2684	1.60811	2.86202	1.43507	0.728598	
27.3411	1.45503	2.93429	1.44535	0.78206	
27.4186	1.54841	3.00068	1.32779	0.708842	
27.503	1.68872	3.06225	1.23147	0.630077	
27.5819	1.57809	3.13011	1.35729	0.710319	
27.6597	1.55696	3.19553	1.30833	0.698841	
27.7378	1.56134	3.26008	1.2911	0.690938	
27.8114	1.47232	3.3239	1.27636	0.714226	
27.8854	1.48003	3.38468	1.21549	0.68757	
27.9605	1.50181	3.44794	1.26533	0.700148	
28.0348	1.48525	3.51116	1.26424	0.705189	
28.109	1.48491	3.58222	1.42129	0.763511	
28.1833	1.48576	3.64931	1.34173	0.734501	
28.2398	1.12964	3.72147	1.44324	0.906684	
28.2987	1.17813	3.79568	1.48419	0.899855	
28.3616	1.25769	3.86841	1.45462	0.857878	
28.4253	1.27395	3.94111	1.45404	0.851317	
28.4847	1.18797	4.02398	1.65742	0.948911	
28.5391	1.08779	4.10836	1.68756	0.998231	
28.5926	1.07137	4.19166	1.66597	0.999291	
28.6419	0.985082	4.27345	1.63574	1.02874	
28.7013	1.18763	4.35743	1.67973	0.955362	
28.7602	1.17929	4.44344	1.72017	0.969823	
28.8226	1.24653	4.53003	1.73185	0.946927	
28.876	1.06796	4.61022	1.60378	0.983324	
28.9312	1.10403	4.69243	1.6442	0.979476	
28.9868	1.11319	4.77567	1.66478	0.981408	
29.0437	1.13753	4.85115	1.5095	0.925009	
29.0985	1.09491	4.92867	1.5504	0.955912	
29.1539	1.10899	5.00475	1.52173	0.941023	
29.2083	1.08736	5.08361	1.57704	0.967155	
29.2673	1.18041	5.16384	1.60477	0.936598	
29.318	1.01327	5.24934	1.70995	1.03586	
29.3766	1.17282	5.33901	1.79347	0.991657	
29.4279	1.0263	5.41654	1.55059	0.986118	
29.4827	1.09597	5.49665	1.60213	0.97084	
29.5374	1.09477	5.58716	1.81025	1.02688	
29.5938	1.12678	5.67797	1.81611	1.01548	
29.6477	1.07837	5.76564	1.75348	1.01943	
29.705	1.14499	5.83957	1.47845	0.911829	
29.7478	0.856731	5.91947	1.59807	1.07868	
29.7957	0.958714	5.99563	1.52327	1.00905	
29.8483	1.05145	6.08357	1.75867	1.03195	
29.9004	1.04295	6.17103	1.74928	1.03316	
29.9467	0.925718	6.25564	1.69227	1.07024	
29.9957	0.979822	6.34408	1.76864	1.06489	

0	0.855733	6.42742	1.66688	1.09651	
0.044162	0.88324	6.51382	1.72807	1.0983	
0.0888549	0.893859	6.59955	1.7145	1.09021	
0.134186	0.906618	6.68686	1.74625	1.09192	
0.1761	0.83828	6.77415	1.74576	1.12313	
0.220363	0.885259	6.86262	1.76942	1.1069	
0.271196	1.01667	6.95345	1.81661	1.06057	
0.320609	0.988262	7.04293	1.78959	1.06624	
0.383417	1.25615	7.13593	1.8601	0.976831	
0.442567	1.183	7.21888	1.65899	0.95134	
0.501511	1.17889	7.30002	1.6227	0.942505	
0.557013	1.11003	7.37881	1.5758	0.957109	
0.611952	1.09878	7.45669	1.55763	0.956444	
0.672218	1.20532	7.54203	1.70673	0.955908	
0.732098	1.1976	7.62331	1.62558	0.935848	
0.797178	1.30161	7.70839	1.70162	0.917811	
0.86984	1.45323	7.78293	1.4908	0.798157	
0.941319	1.42958	7.85686	1.47869	0.802282	
1.01332	1.44006	7.9319	1.50083	0.806059	
1.07659	1.26528	8.01828	1.72762	0.938663	
1.14186	1.3055	8.10102	1.65467	0.90281	
1.20532	1.26913	8.18382	1.65608	0.916919	
1.27507	1.39511	8.2546	1.41558	0.792681	
1.34352	1.36897	8.32617	1.43139	0.807682	
1.40634	1.25628	8.39489	1.37448	0.830296	
1.47994	1.47215	8.46654	1.43298	0.771915	
1.54792	1.35949	8.54064	1.48204	0.828499	
1.60497	1.14112	8.60047	1.19645	0.809064	
1.66473	1.19505	8.67897	1.57013	0.920219	
1.72213	1.14798	8.75948	1.61009	0.951405	
1.78109	1.17931	8.83827	1.57594	0.928369	
1.84071	1.19236	8.91836	1.60176	0.930888	
1.89542	1.09421	8.99795	1.59174	0.968557	
1.95911	1.27373	9.07216	1.48417	0.861555	
2.01962	1.21025	9.15809	1.71865	0.957266	
2.08116	1.23074	9.23868	1.61182	0.918664	
2.14236	1.22399	9.31859	1.59812	0.917202	
2.20855	1.32398	9.39985	1.62519	0.887179	
2.2724	1.27684	9.47913	1.58567	0.892872	
2.33217	1.19552	9.55446	1.50657	0.900007	
2.39599	1.27637	9.63237	1.55822	0.884505	
2.45985	1.2772	9.70819	1.51644	0.870828	
2.53873	1.57752	9.78321	1.50036	0.760335	
2.60974	1.42028	9.85077	1.35126	0.760499	
2.68285	1.46218	9.91794	1.34334	0.743067	
2.74974	1.33781	9.97809	1.20295	0.732369	
2.82267	1.4587	10.0407	1.2513	0.709017	
2.89722	1.49099	10.0974	1.13544	0.65084	
2.97649	1.58538	10.1559	1.1693	0.635485	
3.05838	1.63771	10.2074	1.02973	0.561303	
3.14255	1.68343	10.2511	0.874567	0.479137	
3.23357	1.82038	10.2815	0.608	0.322346	
3.33816	2.09181	10.3216	0.801034	0.365711	
3.43546	1.9459	10.3639	0.845991	0.410105	
3.52851	1.86105	10.3943	0.607969	0.315752	
3.62685	1.96688	10.4112	0.338888	0.170622	
3.72923	2.04751	10.4055	-0.113414	-0.0553345	
3.82415	1.89843	10.3747	-0.61616	-0.313836	
3.91454	1.80779	10.3279	-0.936611	-0.47802	
4.00943	1.89787	10.2702	-1.15326	-0.546033	
4.09323	1.67595	10.1995	-1.41525	-0.701262	
4.16325	1.40048	10.122	-1.54977	-0.835958	
4.22146	1.16411	10.0369	-1.70144	-0.970758	
4.273	1.03091	9.94913	-1.75537	-1.03977	
4.32093	0.958606	9.8625	-1.73263	-1.06545	
4.36475	0.876244	9.77494	-1.75119	-1.10685	
4.40171	0.739251	9.6862	-1.77479	-1.17612	
4.43752	0.716162	9.59835	-1.75707	-1.18376	
4.46738	0.597325	9.50464	-1.87414	-1.26226	
4.49754	0.603056	9.39786	-2.13559	-1.29558	
4.52857	0.620704	9.29171	-2.123	-1.28635	
4.54906	0.40975	9.18905	-2.05336	-1.37383	
4.55905	0.199862	9.09281	-1.92466	-1.46732	
4.56094	0.0378401	8.99591	-1.93798	-1.55127	
4.5705	0.191084	8.90079	-1.90249	-1.47069	
4.57457	0.0813978	8.80442	-1.92746	-1.52859	
4.56732	-0.144964	8.70933	-1.90181	-1.64687	
4.54654	-0.415689	8.61063	-1.97385	-1.77836	
4.53453	-0.240034	8.50913	-2.03007	-1.68849	
4.52679	-0.154806	8.40693	-2.04401	-1.64639	
4.51698	-0.196272	8.30562	-2.02618	-1.66736	
4.50544	-0.230795	8.20149	-2.08271	-1.68116	
4.49087	-0.291437	8.09948	-2.04012	-1.71269	
4.47582	-0.301029	8.00239	-1.94178	-1.7246	
4.45757	-0.364861	7.89869	-2.07395	-1.74494	
4.44547	-0.242087	7.7961	-2.05191	-1.68823	
4.42851	-0.339282	7.69411	-2.03974	-1.73562	
4.41662	-0.237734	7.58754	-2.13132	-1.68188	
4.40142	-0.304029	7.48129	-2.12502	-1.7129	
4.3865	-0.298365	7.37793	-2.0673	-1.71413	
4.37317	-0.266642	7.27457	-2.06709	-1.69908	
4.35646	-0.33415	7.1775	-1.94145	-1.74124	
4.33683	-0.392648	7.08315	-1.88693	-1.77596	
4.3154	-0.428586	6.99015	-1.86002	-1.79726	
4.29661	-0.375785	6.88912	-2.02074	-1.75466	
4.27772	-0.377696	6.78963	-1.98976	-1.75838	
4.2552	-0.45054	6.68521	-2.08835	-1.78328	
4.23241	-0.455837	6.59708	-1.76253	-1.82388	
4.21665	-0.315072	6.50536	-1.83445	-1.74089	
