#1 AntPos X	#2 AntVel X	#3 AntPos Y	#4 AntVel Y	#5 AntAngle	
0	0.0772675	0	-0.083685	0	
0	0.0772675	0	-0.083685	0	
0	0.0772675	0	-0.083685	0	
0	0.0772675	0	-0.083685	0	
0	0.0772675	0	-0.083685	0	
0	0.0772675	0	-0.083685	0	
0	0.0772675	0	-0.083685	0	
0	0.0772675	0	-0.083685	0	
0	0.0772675	0	-0.083685	0	
0	0.0772675	0	-0.083685	0	
0	0.0772675	0	-0.083685	0	
0	0.0772675	0	-0.083685	0	
0	0.0772675	0	-0.083685	0	
0	0.0772675	0	-0.083685	0	
0	0.0772675	0	-0.083685	0	
0	0.0772675	0	-0.083685	0	
0	0.0772675	0	-0.083685	0	
0	0.0772675	0	-0.083685	0	
0	0.0772675	0	-0.083685	0	
0	0.0772675	0	-0.083685	0	
0	0.0772675	0	-0.083685	0	
0	0.0772675	0	-0.083685	0	
0	0.0772675	0	-0.083685	0	
0	0.0772675	0	-0.083685	0	
0	0.0772675	0	-0.083685	0	
0	0.0772675	0	-0.083685	0	
0	0.0772675	0	-0.083685	0	
0	0.0772675	0	-0.083685	0	
0	0.0772675	0	-0.083685	0	
0	0.0772675	0	-0.083685	0	
0	0.0772675	0	-0.083685	0	
0	0.0772675	0	-0.083685	0	
0	0.0772675	0	-0.083685	0	
0	0.0772675	0	-0.083685	0	
0	0.0772675	0	-0.083685	0	
0	0.0772675	0	-0.083685	0	
0	0.0772675	0	-0.083685	0	
0	0.0772675	0	-0.083685	0	
0	0.0772675	0	-0.083685	0	
0	0.0772675	0	-0.083685	0	
0	0.0772675	0	-0.083685	0	
0	0.0772675	0	-0.083685	0	
0	0.0772675	0	-0.083685	0	
0	0.0772675	0	-0.083685	0	
0	0.0772675	0	-0.083685	0	
0	0.0772675	0	-0.083685	0	
0	0.0772675	0	-0.083685	0	
0	0.0772675	0	-0.083685	0	
0	0.0772675	0	-0.083685	0	
0	0.0772675	0	-0.083685	0	
0	0.0772675	0	-0.083685	0	
0	0.0772675	0	-0.083685	0	
0	0.0772675	0	-0.083685	0	
0	0.0772675	0	-0.083685	0	
0	0.0772675	0	-0.083685	0	
0	0.0772675	0	-0.083685	0	
0	0.0772675	0	-0.083685	0	
0	0.0772675	0	-0.083685	0	
0	0.0772675	0	-0.083685	0	
0	0.0772675	0	-0.083685	0	
0	0.0772675	0	-0.083685	0	
0	0.0772675	0	-0.083685	0	
0	0.0772675	0	-0.083685	0	
0	0.0772675	0	-0.083685	0	
0	0.0772675	0	-0.083685	0	
0	0.0772675	0	-0.083685	0	
0	0.0772675	0	-0.083685	0	
0	0.0772675	0	-0.083685	0	
0	0.0772675	0	-0.083685	0	
0	0.0772675	0	-0.083685	0	
0	0.0772675	0	-0.083685	0	
0	0.0772675	0	-0.083685	0	
0	0.0772675	0	-0.083685	0	
0	0.0772675	0	-0.083685	0	
0	0.0772675	0	-0.083685	0	
0	0.0772675	0	-0.083685	0	
0	0.0772675	0	-0.083685	0	
0	0.0772675	0	-0.083685	0	
0	0.0772675	0	-0.083685	0	
0	0.0772675	0	-0.083685	0	
0	0.0772675	0	-0.083685	0	
0	0.0772675	0	-0.083685	0	
0	0.0772675	0	-0.083685	0	
0	0.0772675	0	-0.083685	0	
0	0.0772675	0	-0.083685	0	
0	0.0772675	0	-0.083685	0	
0	0.0772675	0	-0.083685	0	
0	0.0772675	0	-0.083685	0	
0	0.0772675	0	-0.083685	0	
0	0.0772675	0	-0.083685	0	
0	0.0772675	0	-0.083685	0	
0	0.0772675	0	-0.083685	0	
0	0.0772675	0	-0.083685	0	
0	0.0772675	0	-0.083685	0	
0	0.0772675	0	-0.083685	0	
0	0.0772675	0	-0.083685	0	
0	0.0772675	0	-0.083685	0	
0	0.0772675	0	-0.083685	0	
0	0.0772675	0	-0.083685	0	
0	0.0772675	0	-0.083685	0	
0	0.0772675	0	-0.083685	0	
0	0.0772675	0	-0.083685	0	
0	0.0772675	0	-0.083685	0	
0	0.0772675	0	-0.083685	0	
0	0.0772675	0	-0.083685	0	
0	0.0772675	0	-0.083685	0	
0	0.0772675	0	-0.083685	0	
0	0.0772675	0	-0.083685	0	
0	0.0772675	0	-0.083685	0	
0	0.0772675	0	-0.083685	0	
0	0.0772675	0	-0.083685	0	
0	0.0772675	0	-0.083685	0	
0	0.0772675	0	-0.083685	0	
0	0.0772675	0	-0.083685	0	
0	0.0772675	0	-0.083685	0	
0	0.0772675	0	-0.083685	0	
0	0.0772675	0	-0.083685	0	
0	0.0772675	0	-0.083685	0	
0	0.0772675	0	-0.083685	0	
0	0.0772675	0	-0.083685	0	
0	0.0772675	0	-0.083685	0	
0	0.0772675	0	-0.083685	0	
0	0.0772675	0	-0.083685	0	
0	0.0772675	0	-0.083685	0	
0	0.0772675	0	-0.083685	0	
0	0.0772675	0	-0.083685	0	
0	0.0772675	0	-0.083685	0	
0	0.0772675	0	-0.083685	0	
0	0.0772675	0	-0.083685	0	
0	0.0772675	0	-0.083685	0	
0	0.0772675	0	-0.083685	0	
0	0.0772675	0	-0.083685	0	
0	0.0772675	0	-0.083685	0	
0	0.0772675	0	-0.083685	0	
0	0.0772675	0	-0.083685	0	
0	0.0772675	0	-0.083685	0	
0	0.0772675	0	-0.083685	0	
0	0.0772675	0	-0.083685	0	
0	0.0772675	0	-0.083685	0	
0	0.0772675	0	-0.083685	0	
0	0.0772675	0	-0.083685	0	
0	0.0772675	0	-0.083685	0	
0	0.0772675	0	-0.083685	0	
0	0.0772675	0	-0.083685	0	
0	0.0772675	0	-0.083685	0	
0	0.0772675	0	-0.083685	0	
0	0.0772675	0	-0.083685	0	
0	0.0772675	0	-0.083685	0	
0	0.0772675	0	-0.083685	0	
0	0.0772675	0	-0.083685	0	
0	0.0772675	0	-0.083685	0	
0	0.0772675	0	-0.083685	0	
0	0.0772675	0	-0.083685	0	
0	0.0772675	0	-0.083685	0	
0	0.0772675	0	-0.083685	0	
0	0.0772675	0	-0.083685	0	
0	0.0772675	0	-0.083685	0	
0	0.0772675	0	-0.083685	0	
0	0.0772675	0	-0.083685	0	
0	0.0772675	0	-0.083685	0	
0	0.0772675	0	-0.083685	0	
0	0.0772675	0	-0.083685	0	
0	0.0772675	0	-0.083685	0	
0	0.0772675	0	-0.083685	0	
0	0.0772675	0	-0.083685	0	
0	0.0772675	0	-0.083685	0	
0	0.0772675	0	-0.083685	0	
0	0.0772675	0	-0.083685	0	
0	0.0772675	0	-0.083685	0	
0	0.0772675	0	-0.083685	0	
0	0.0772675	0	-0.083685	0	
0	0.0772675	0	-0.083685	0	
0	0.0772675	0	-0.083685	0	
0	0.0772675	0	-0.083685	0	
0	0.0772675	0	-0.083685	0	
0	0.0772675	0	-0.083685	0	
0	0.0772675	0	-0.083685	0	
0	0.0772675	0	-0.083685	0	
0	0.0772675	0	-0.083685	0	
0	0.0772675	0	-0.083685	0	
0	0.0772675	0	-0.083685	0	
0	0.0772675	0	-0.083685	0	
0	0.0772675	0	-0.083685	0	
0	0.0772675	0	-0.083685	0	
0	0.0772675	0	-0.083685	0	
0	0.0772675	0	-0.083685	0	
0	0.0772675	0	-0.083685	0	
0	0.0772675	0	-0.083685	0	
0	0.0772675	0	-0.083685	0	
0	0.0772675	0	-0.083685	0	
0	0.0772675	0	-0.083685	0	
0	0.0772675	0	-0.083685	0	
0	0.0772675	0	-0.083685	0	
0	0.0772675	0	-0.083685	0	
0	0.0772675	0	-0.083685	0	
0	0.0772675	0	-0.083685	0	
0	0.0772675	0	-0.083685	0	
0	0.0772675	0	-0.083685	0	
0	0.0772675	0	-0.083685	0	
0	0.0772675	0	-0.083685	0	
0	0.0772675	0	-0.083685	0	
0	0.0772675	0	-0.083685	0	
0	0.0772675	0	-0.083685	0	
0	0.0772675	0	-0.083685	0	
0	0.0772675	0	-0.083685	0	
0	0.0772675	0	-0.083685	0	
0	0.0772675	0	-0.083685	0	
0	0.0772675	0	-0.083685	0	
0	0.0772675	0	-0.083685	0	
0	0.0772675	0	-0.083685	0	
0	0.0772675	0	-0.083685	0	
0	0.0772675	0	-0.083685	0	
0	0.0772675	0	-0.083685	0	
0	0.0772675	0	-0.083685	0	
0	0.0772675	0	-0.083685	0	
0	0.0772675	0	-0.083685	0	
0.0442804	0.885609	-0.0398187	-0.796374	-0.732395	
0.107843	1.27125	-0.0954776	-1.11318	-0.719201	
0.182499	1.49311	-0.158907	-1.26858	-0.704273	
0.260507	1.56016	-0.21916	-1.20507	-0.657685	
0.336703	1.52391	-0.276713	-1.15105	-0.646902	
0.420149	1.66893	-0.332825	-1.12223	-0.59198	
0.499146	1.57995	-0.38136	-0.970719	-0.55094	
0.579728	1.61164	-0.431427	-1.00133	-0.555944	
0.662841	1.66226	-0.483132	-1.03409	-0.556513	
0.742963	1.60245	-0.535529	-1.04794	-0.579157	
0.826308	1.66688	-0.583829	-0.965997	-0.525227	
0.921803	1.9099	-0.631452	-0.952459	-0.462603	
1.01814	1.92669	-0.680525	-0.98147	-0.471145	
1.10999	1.83707	-0.722797	-0.845444	-0.431315	
1.19904	1.78092	-0.763029	-0.804638	-0.424358	
1.28814	1.78213	-0.80726	-0.884607	-0.460744	
1.36919	1.62095	-0.848684	-0.828492	-0.472501	
1.45606	1.73748	-0.887563	-0.777577	-0.4208	
1.54117	1.70203	-0.939703	-1.0428	-0.549689	
1.62988	1.77429	-0.989788	-1.0017	-0.513956	
1.71276	1.65767	-1.04994	-1.20312	-0.627827	
1.79066	1.55799	-1.11505	-1.30222	-0.696212	
1.86374	1.46161	-1.18091	-1.31707	-0.73343	
1.93892	1.50347	-1.24585	-1.29875	-0.712471	
2.01527	1.52702	-1.31801	-1.44336	-0.757242	
2.08381	1.37088	-1.39857	-1.61112	-0.865788	
2.13922	1.10816	-1.47164	-1.46138	-0.922007	
2.19631	1.14172	-1.55067	-1.58053	-0.945219	
2.25097	1.09321	-1.6291	-1.56863	-0.962139	
2.2984	0.948588	-1.71375	-1.6931	-1.0601	
2.35024	1.03684	-1.79793	-1.68348	-1.01877	
2.40125	1.0202	-1.88692	-1.77984	-1.05032	
2.44312	0.837348	-1.98147	-1.89097	-1.15393	
2.47303	0.598337	-2.08017	-1.97398	-1.27649	
2.49714	0.482081	-2.17969	-1.99049	-1.33318	
2.52349	0.527065	-2.27409	-1.88796	-1.29856	
2.54589	0.447962	-2.37354	-1.98905	-1.34928	
2.57073	0.496775	-2.47092	-1.94753	-1.32104	
2.5974	0.533497	-2.56941	-1.9699	-1.30632	
2.62421	0.536228	-2.66488	-1.90934	-1.297	
2.65147	0.545063	-2.76173	-1.93711	-1.29651	
2.6664	0.298746	-2.85754	-1.91605	-1.41612	
2.68047	0.281397	-2.94526	-1.75439	-1.41176	
2.68967	0.183866	-3.03857	-1.86623	-1.47259	
2.69944	0.19544	-3.13487	-1.92606	-1.46967	
2.70418	0.0948547	-3.22627	-1.82805	-1.51895	
2.70842	0.0847508	-3.32204	-1.91534	-1.52658	
2.7173	0.177549	-3.41997	-1.95854	-1.48039	
2.72177	0.0893898	-3.52625	-2.1256	-1.52877	
2.73795	0.323755	-3.63924	-2.25976	-1.42849	
2.75453	0.331556	-3.75222	-2.25974	-1.42511	
2.76428	0.194942	-3.86547	-2.26484	-1.48493	
2.77605	0.235453	-3.96366	-1.96384	-1.45147	
2.77758	0.0306375	-4.0644	-2.01488	-1.55559	
2.77996	0.0475146	-4.17098	-2.13154	-1.54851	
2.76764	-0.246459	-4.28329	-2.24625	-1.68008	
2.75813	-0.190032	-4.3943	-2.22016	-1.65618	
2.75109	-0.140936	-4.50743	-2.26269	-1.633	
2.74527	-0.116366	-4.613	-2.11138	-1.62585	
2.73927	-0.120077	-4.71538	-2.04743	-1.62938	
2.732	-0.145212	-4.81719	-2.03621	-1.64199	
2.72193	-0.201559	-4.92152	-2.08659	-1.66709	
2.71498	-0.138848	-5.00874	-1.74451	-1.65022	
2.7051	-0.197676	-5.09659	-1.75698	-1.68283	
2.69325	-0.237094	-5.19089	-1.8859	-1.69586	
2.68245	-0.215947	-5.28635	-1.9093	-1.68342	
2.67079	-0.233094	-5.39494	-2.17171	-1.67772	
2.65209	-0.373996	-5.48938	-1.88895	-1.76626	
2.63598	-0.322363	-5.58726	-1.95755	-1.73401	
2.61187	-0.482074	-5.6759	-1.77288	-1.83629	
2.58483	-0.54091	-5.77503	-1.98247	-1.83716	
2.55075	-0.681573	-5.87865	-2.07247	-1.88852	
2.50955	-0.824038	-5.97514	-1.92968	-1.97439	
2.46024	-0.986056	-6.06535	-1.80433	-2.07094	
2.40142	-1.17651	-6.15044	-1.70177	-2.17569	
2.33368	-1.35472	-6.23086	-1.60844	-2.27078	
2.26286	-1.41648	-6.30563	-1.49535	-2.32912	
2.18689	-1.51931	-6.39133	-1.71407	-2.29603	
2.10879	-1.562	-6.46631	-1.49947	-2.37662	
2.02951	-1.58559	-6.53202	-1.31431	-2.44947	
1.95101	-1.57006	-6.59684	-1.2963	-2.45142	
1.87264	-1.56736	-6.65558	-1.17484	-2.49837	
1.79122	-1.62847	-6.712	-1.12842	-2.53563	
1.70768	-1.6708	-6.76624	-1.0847	-2.56577	
1.62185	-1.71654	-6.81888	-1.05293	-2.59138	
1.53726	-1.69175	-6.86886	-0.99945	-2.60798	
1.45271	-1.69107	-6.92131	-1.04919	-2.58629	
1.36801	-1.694	-6.98166	-1.20686	-2.52257	
1.28645	-1.63124	-7.04695	-1.30581	-2.46654	
1.21146	-1.4998	-7.1081	-1.22301	-2.4575	
1.13591	-1.511	-7.17394	-1.31674	-2.42478	
1.04473	-1.82357	-7.25372	-1.59579	-2.42271	
0.961947	-1.65564	-7.31513	-1.22813	-2.50337	
0.88548	-1.52934	-7.37728	-1.24292	-2.45915	
0.798708	-1.73543	-7.4403	-1.26039	-2.51345	
0.721862	-1.53693	-7.50748	-1.34364	-2.4232	
0.650823	-1.42078	-7.57109	-1.2723	-2.41127	
0.576069	-1.49507	-7.64164	-1.41085	-2.38517	
0.505957	-1.40224	-7.7182	-1.53118	-2.31227	
0.449406	-1.13102	-7.80558	-1.74771	-2.14516	
0.396675	-1.05462	-7.89617	-1.81174	-2.09795	
0.348196	-0.969581	-7.98735	-1.82367	-2.05945	
0.303295	-0.898029	-8.07842	-1.8213	-2.02889	
0.267192	-0.72205	-8.17015	-1.83464	-1.94574	
0.232864	-0.686571	-8.27587	-2.11451	-1.88475	
0.208845	-0.48038	-8.37928	-2.06819	-1.79902	
0.189588	-0.385147	-8.48098	-2.03397	-1.75794	
0.181846	-0.15483	-8.57927	-1.96575	-1.6494	
0.182468	0.0124308	-8.6777	-1.96861	-1.56448	
0.184733	0.0453158	-8.78087	-2.06345	-1.54884	
0.187554	0.0564041	-8.8823	-2.0286	-1.543	
0.186946	-0.0121465	-8.98563	-2.06662	-1.57667	
0.185781	-0.0233114	-9.08745	-2.03627	-1.58224	
0.173742	-0.240781	-9.1853	-1.95718	-1.69321	
0.160826	-0.258314	-9.2835	-1.96399	-1.70157	
0.14872	-0.242126	-9.38399	-2.00962	-1.6907	
0.139162	-0.191158	-9.48539	-2.02801	-1.66478	
0.116599	-0.451254	-9.58696	-2.0315	-1.78938	
0.0954049	-0.423883	-9.68524	-1.96562	-1.78319	
0.078479	-0.338519	-9.77093	-1.71375	-1.76582	
0.0607894	-0.353791	-9.865	-1.88143	-1.75667	
0.0444991	-0.325807	-9.95977	-1.8953	-1.74103	
0.0247598	-0.394785	-10.0554	-1.91322	-1.77429	
0.00699895	-0.355217	-10.1485	-1.86062	-1.75944	
-0.0173496	-0.486972	-10.2455	-1.94092	-1.81662	
-0.039423	-0.441467	-10.3406	-1.90292	-1.79876	
-0.0632528	-0.476596	-10.4411	-2.00903	-1.80372	
-0.0871259	-0.477461	-10.5408	-1.99384	-1.80584	
-0.104548	-0.348441	-10.6397	-1.97738	-1.74522	
-0.120271	-0.314466	-10.7388	-1.9827	-1.72809	
-0.137256	-0.339691	-10.8371	-1.96609	-1.74188	
-0.156716	-0.389205	-10.9361	-1.98071	-1.76482	
-0.175403	-0.373749	-11.0327	-1.932	-1.76189	
-0.187682	-0.245566	-11.1239	-1.82344	-1.70466	
-0.198413	-0.214619	-11.2225	-1.97151	-1.67923	
-0.20666	-0.16495	-11.3198	-1.9462	-1.65535	
-0.208604	-0.0388797	-11.423	-2.06429	-1.58963	
-0.209115	-0.010209	-11.5307	-2.15427	-1.57554	
-0.213631	-0.0903284	-11.634	-2.06468	-1.61452	
-0.224696	-0.221309	-11.7372	-2.06394	-1.67761	
-0.241481	-0.335682	-11.8374	-2.00519	-1.73666	
-0.260113	-0.372654	-11.9596	-2.44432	-1.72209	
-0.277462	-0.34697	-12.0755	-2.31682	-1.71945	
-0.306948	-0.589717	-12.1732	-1.95402	-1.8639	
-0.366953	-1.20011	-12.2595	-1.72673	-2.17817	
-0.427792	-1.21677	-12.339	-1.58898	-2.2243	
-0.489249	-1.22915	-12.419	-1.60094	-2.22557	
-0.553793	-1.29087	-12.5027	-1.67463	-2.2275	
-0.609367	-1.11149	-12.5882	-1.70875	-2.1475	
-0.665118	-1.11501	-12.6725	-1.68584	-2.15514	
-0.722838	-1.1544	-12.759	-1.72987	-2.15926	
-0.790861	-1.36047	-12.8459	-1.73918	-2.23462	
-0.860782	-1.39842	-12.9217	-1.51592	-2.3159	
-0.921532	-1.215	-13.0023	-1.61213	-2.21664	
-0.981939	-1.20814	-13.0877	-1.70804	-2.18642	
-1.04042	-1.16969	-13.1728	-1.70241	-2.1728	
-1.10692	-1.32999	-13.2602	-1.74811	-2.22118	
-1.16886	-1.23873	-13.3497	-1.78986	-2.17619	
-1.2317	-1.25677	-13.4345	-1.69449	-2.20895	
-1.29209	-1.20793	-13.5171	-1.65196	-2.20216	
-1.36188	-1.39564	-13.5938	-1.53527	-2.30859	
-1.43038	-1.37007	-13.6576	-1.27551	-2.39192	
-1.49265	-1.2454	-13.7317	-1.48232	-2.26956	
-1.56636	-1.47417	-13.8053	-1.47183	-2.35699	
-1.63603	-1.39335	-13.8793	-1.48036	-2.32593	
-1.68496	-0.978719	-13.9576	-1.56504	-2.12966	
-1.73717	-1.04419	-14.0419	-1.68658	-2.12515	
-1.78669	-0.990301	-14.1182	-1.52656	-2.14627	
-1.84124	-1.09107	-14.1992	-1.61826	-2.16401	
-1.89697	-1.11465	-14.2803	-1.62203	-2.17288	
-1.95705	-1.20146	-14.3622	-1.63809	-2.20362	
-2.01641	-1.18724	-14.4433	-1.62265	-2.20246	
-2.07288	-1.12942	-14.5245	-1.62343	-2.17863	
-2.1304	-1.1504	-14.6058	-1.62652	-2.18639	
-2.19548	-1.30166	-14.6845	-1.57414	-2.26173	
-2.25943	-1.27893	-14.7603	-1.5158	-2.27164	
-2.33167	-1.44492	-14.8239	-1.2722	-2.41968	
-2.40364	-1.43935	-14.8875	-1.2715	-2.41803	
-2.47497	-1.42664	-14.9427	-1.1054	-2.48239	
-2.55243	-1.54909	-14.9998	-1.14075	-2.50685	
-2.62721	-1.4957	-15.0519	-1.04249	-2.53289	
-2.69976	-1.45094	-15.1104	-1.16933	-2.46325	
-2.78105	-1.62572	-15.1683	-1.15894	-2.52228	
-2.85335	-1.44613	-15.2293	-1.22001	-2.4408	
-2.92962	-1.5254	-15.3002	-1.41834	-2.39255	
-3.00783	-1.56414	-15.3696	-1.38825	-2.4157	
-3.09042	-1.65174	-15.4327	-1.26133	-2.48942	
-3.16544	-1.50045	-15.495	-1.24664	-2.44833	
-3.24734	-1.638	-15.5592	-1.28404	-2.47674	
-3.32979	-1.64905	-15.6125	-1.06558	-2.56791	
-3.39939	-1.3919	-15.6707	-1.16383	-2.4452	
-3.46665	-1.34529	-15.7329	-1.24329	-2.39558	
-3.54319	-1.53084	-15.7962	-1.2674	-2.45006	
-3.61663	-1.46873	-15.8601	-1.27712	-2.42586	
-3.69127	-1.49286	-15.9292	-1.38283	-2.39444	
-3.75922	-1.35905	-16.001	-1.43587	-2.32872	
-3.83037	-1.42285	-16.0724	-1.42816	-2.35433	
-3.90544	-1.50144	-16.1459	-1.46818	-2.36739	
-3.96959	-1.28311	-16.2171	-1.42436	-2.30407	
-4.03258	-1.25963	-16.282	-1.29768	-2.34132	
-4.09793	-1.30699	-16.3465	-1.29074	-2.36245	
-4.1597	-1.23557	-16.405	-1.17048	-2.38324	
-4.21582	-1.12236	-16.4758	-1.41461	-2.2415	
-4.28234	-1.33027	-16.5466	-1.41731	-2.32453	
-4.34794	-1.31216	-16.6134	-1.33512	-2.34752	
-4.4104	-1.24907	-16.6798	-1.32941	-2.32505	
-4.47848	-1.36166	-16.7496	-1.39504	-2.34409	
-4.54569	-1.34427	-16.8168	-1.34401	-2.35629	
-4.61213	-1.32869	-16.8863	-1.38992	-2.33368	
-4.68806	-1.51869	-16.9561	-1.39614	-2.39821	
-4.76213	-1.48144	-17.0252	-1.38242	-2.39076	
-4.8329	-1.41532	-17.0961	-1.41805	-2.35523	
-4.90663	-1.47464	-17.1721	-1.51975	-2.34113	
-4.9775	-1.4174	-17.2457	-1.47186	-2.33735	
-5.0586	-1.62191	-17.3239	-1.56304	-2.37468	
-5.13297	-1.48743	-17.3989	-1.50192	-2.35135	
-5.21021	-1.54479	-17.4624	-1.26915	-2.45384	
-5.28681	-1.53197	-17.5171	-1.09386	-2.52152	
-5.37238	-1.71141	-17.5698	-1.05407	-2.58956	
-5.45228	-1.59808	-17.6217	-1.03713	-2.56593	
-5.53249	-1.60411	-17.6638	-0.841875	-2.65828	
-5.61695	-1.68921	-17.7073	-0.870152	-2.66592	
-5.70319	-1.72493	-17.7506	-0.867101	-2.6758	
-5.80042	-1.94448	-17.8062	-1.11072	-2.62261	
-5.89598	-1.91132	-17.853	-0.936992	-2.68579	
-5.98973	-1.87489	-17.9003	-0.946219	-2.67421	
-6.09282	-2.06174	-17.947	-0.932943	-2.71666	
-6.19629	-2.0694	-17.9902	-0.865493	-2.74547	
-6.29267	-1.92768	-18.0318	-0.830698	-2.73471	
-6.38987	-1.9441	-18.0848	-1.06088	-2.64206	
-6.49854	-2.17338	-18.1329	-0.962156	-2.72483	
-6.6075	-2.17911	-18.1806	-0.952671	-2.72945	
-6.71354	-2.12075	-18.2426	-1.24076	-2.61223	
-6.80497	-1.82875	-18.2945	-1.03768	-2.62547	
-6.89313	-1.76304	-18.3453	-1.01564	-2.61895	
-6.98278	-1.79315	-18.3936	-0.967824	-2.64667	
-7.08081	-1.96055	-18.4398	-0.923933	-2.7012	
-7.17909	-1.9656	-18.4782	-0.766304	-2.76986	
-7.27353	-1.8887	-18.5139	-0.714768	-2.77981	
-7.36646	-1.85869	-18.5464	-0.649291	-2.80552	
-7.45862	-1.84313	-18.5703	-0.478815	-2.88743	
-7.55304	-1.88841	-18.5954	-0.501244	-2.88214	
-7.64967	-1.93268	-18.6187	-0.467507	-2.90426	
-7.74795	-1.96566	-18.6282	-0.189758	-3.04535	
-7.85915	-2.22384	-18.6471	-0.377292	-2.97353	
-7.96801	-2.17726	-18.6707	-0.473093	-2.92763	
-8.06873	-2.01446	-18.6897	-0.379363	-2.95545	
-8.18931	-2.41166	-18.6969	-0.144101	-3.08191	
-8.29534	-2.12049	-18.7078	-0.216863	-3.03968	
-8.39751	-2.04336	-18.7173	-0.190816	-3.04848	
-8.48773	-1.80443	-18.7242	-0.138764	-3.06484	
-8.58681	-1.98167	-18.7362	-0.238148	-3.02199	
-8.6866	-1.99583	-18.7446	-0.168249	-3.05749	
-8.78661	-2.00008	-18.7532	-0.171833	-3.05589	
-8.88753	-2.01835	-18.76	-0.136639	-3.074	
-8.99119	-2.07331	-18.7644	-0.0890396	-3.09867	
-9.09237	-2.0235	-18.7674	-0.0589964	-3.11245	
-9.20756	-2.30394	-18.7788	-0.228083	-3.04292	
-9.31518	-2.1523	-18.7876	-0.176628	-3.05971	
-9.42393	-2.17496	-18.791	-0.0670712	-3.11076	
-9.53004	-2.12229	-18.7981	-0.142569	-3.07452	
-9.63258	-2.05073	-18.7963	0.0355415	3.12426	
-9.72902	-1.92882	-18.7969	-0.0122178	-3.13526	
-9.82635	-1.94664	-18.789	0.158781	3.06021	
-9.92897	-2.05237	-18.7684	0.412619	2.94319	
-10.0274	-1.96847	-18.7435	0.49693	2.89431	
-10.1244	-1.94049	-18.7145	0.580488	2.85092	
-10.2123	-1.75749	-18.6749	0.791217	2.71858	
-10.301	-1.77411	-18.6349	0.801669	2.71718	
-10.3915	-1.80915	-18.5824	1.04868	2.61627	
-10.476	-1.69043	-18.5307	1.0353	2.59207	
-10.5549	-1.57896	-18.488	0.85303	2.64627	
-10.6424	-1.74946	-18.4418	0.923246	2.65601	
-10.7279	-1.70981	-18.3892	1.05321	2.5895	
-10.8125	-1.69244	-18.3334	1.11621	2.55855	
-10.8928	-1.60508	-18.2782	1.10441	2.53892	
-10.9639	-1.42372	-18.2216	1.13041	2.47053	
-11.0402	-1.52495	-18.1494	1.44529	2.38301	
-11.121	-1.61592	-18.077	1.44733	2.41118	
-11.1959	-1.49767	-18.0008	1.52467	2.34726	
-11.2745	-1.57251	-17.9109	1.79737	2.28957	
-11.3394	-1.29814	-17.8353	1.51185	2.28029	
-11.4145	-1.5013	-17.752	1.66638	2.30413	
-11.4827	-1.36488	-17.6711	1.61712	2.27181	
-11.5553	-1.4514	-17.5838	1.74613	2.26428	
-11.6068	-1.03051	-17.5128	1.41954	2.19872	
-11.6575	-1.01431	-17.4365	1.52698	2.15713	
-11.7093	-1.03516	-17.3572	1.58674	2.14884	
-11.7688	-1.18984	-17.2787	1.56987	2.21935	
-11.8269	-1.16204	-17.2001	1.57161	2.20748	
-11.8849	-1.16108	-17.1269	1.46325	2.24156	
-11.9444	-1.18848	-17.057	1.39813	2.27532	
-12.0104	-1.32174	-16.9909	1.32325	2.35562	
-12.0858	-1.50773	-16.917	1.47698	2.3665	
-12.1596	-1.47599	-16.8454	1.43184	2.37137	
-12.2332	-1.47056	-16.7762	1.38396	2.38652	
-12.3105	-1.54765	-16.709	1.34504	2.42612	
-12.4115	-2.02003	-16.6358	1.46338	2.51465	
-12.5039	-1.84753	-16.5715	1.28519	2.53381	
-12.5793	-1.50824	-16.504	1.35122	2.41105	
-12.655	-1.5129	-16.4393	1.29442	2.43386	
-12.7293	-1.48607	-16.3681	1.42315	2.37782	
-12.8107	-1.62746	-16.3017	1.32798	2.45718	
-12.8891	-1.5681	-16.2482	1.06973	2.54293	
-12.9688	-1.59568	-16.1996	0.972507	2.59424	
-13.0539	-1.7012	-16.1423	1.14566	2.54891	
-13.1448	-1.81781	-16.0884	1.07838	2.60616	
-13.2402	-1.90753	-16.0306	1.15648	2.59657	
-13.3341	-1.87788	-15.9801	1.0091	2.6485	
-13.4302	-1.92259	-15.9362	0.878572	2.71295	
-13.5233	-1.86253	-15.9036	0.651419	2.80514	
-13.6127	-1.7873	-15.8879	0.313314	2.96806	
-13.7032	-1.80965	-15.8693	0.373204	2.93821	
-13.7985	-1.9076	-15.8543	0.299648	2.98578	
-13.8962	-1.95305	-15.8464	0.158926	3.0604	
-13.9954	-1.98369	-15.8421	0.0846139	3.09896	
-14.0966	-2.0247	-15.8388	0.0667445	3.10864	
-14.1894	-1.85594	-15.831	0.156113	3.05767	
-14.288	-1.97131	-15.8309	0.00137634	3.14089	
-14.3846	-1.93154	-15.8331	-0.043166	-3.11925	
-14.4781	-1.87041	-15.8389	-0.115732	-3.0798	
-14.573	-1.89809	-15.8448	-0.119515	-3.07871	
-14.6716	-1.97183	-15.8514	-0.131106	-3.0752	
-14.7656	-1.87997	-15.8583	-0.139009	-3.06778	
-14.8655	-1.99904	-15.8707	-0.247459	-3.01843	
-14.9776	-2.24097	-15.8773	-0.132343	-3.0826	
-15.0822	-2.09196	-15.88	-0.0542991	-3.11564	
-15.1876	-2.10826	-15.8882	-0.163339	-3.06427	
-15.2933	-2.11439	-15.902	-0.275832	-3.01187	
-15.4019	-2.17226	-15.927	-0.500641	-2.91508	
-15.5055	-2.07264	-15.9493	-0.444657	-2.93026	
-15.6093	-2.07405	-15.9683	-0.380036	-2.96037	
-15.704	-1.89448	-15.9936	-0.506569	-2.88031	
-15.8022	-1.96548	-16.0165	-0.458028	-2.91264	
-15.8924	-1.8031	-16.0406	-0.481149	-2.88082	
-15.9874	-1.90048	-16.0563	-0.314362	-2.97767	
-16.0896	-2.04364	-16.0698	-0.271488	-3.00952	
-16.2003	-2.2142	-16.093	-0.462456	-2.93569	
-16.2999	-1.9919	-16.109	-0.32143	-2.9816	
-16.4006	-2.01462	-16.1228	-0.275054	-3.0059	
-16.5068	-2.12374	-16.1294	-0.132597	-3.07924	
-16.6167	-2.19644	-16.127	0.0482402	3.11963	
-16.7246	-2.1597	-16.1317	-0.094011	-3.09809	
-16.8273	-2.05345	-16.1313	0.00738954	3.13799	
-16.9341	-2.13616	-16.1301	0.0254156	3.1297	
-17.038	-2.07708	-16.1273	0.0552038	3.11502	
-17.1407	-2.05532	-16.1247	0.052799	3.11591	
-17.2387	-1.95829	-16.1272	-0.0502036	-3.11596	
-17.3305	-1.8379	-16.132	-0.0955519	-3.08965	
-17.4274	-1.93763	-16.1312	0.0157133	3.13348	
-17.5342	-2.1361	-16.1247	0.129562	3.08101	
-17.6398	-2.11185	-16.1198	0.0985606	3.09496	
-17.7419	-2.04107	-16.1131	0.134158	3.07596	
-17.8428	-2.01762	-16.1063	0.134436	3.07506	
-17.9451	-2.04593	-16.1009	0.10818	3.08877	
-18.0416	-1.92998	-16.0966	0.0859643	3.09708	
-18.1399	-1.96634	-16.0861	0.209705	3.03535	
-18.2268	-1.73811	-16.0673	0.377531	2.92771	
-18.3235	-1.93392	-16.0598	0.149565	3.06441	
-18.4222	-1.97432	-16.0529	0.137108	3.07226	
-18.53	-2.15582	-16.0545	-0.0311102	-3.12716	
-18.6258	-1.91651	-16.0515	0.0598281	3.11039	
-18.7231	-1.94544	-16.048	0.069828	3.10571	
-18.8204	-1.94547	-16.048	0.000679232	3.14124	
-18.9201	-1.99568	-16.0433	0.0927454	3.09515	
-19.0223	-2.04276	-16.036	0.145875	3.0703	
-19.1258	-2.07029	-16.0273	0.175415	3.05706	
-19.2274	-2.03234	-16.0266	0.0140211	3.13469	
-19.327	-1.99245	-16.024	0.0521886	3.11541	
-19.4293	-2.04456	-16.0142	0.194996	3.04651	
-19.5258	-1.93072	-16.011	0.0635687	3.10868	
-19.6203	-1.89015	-16.0012	0.195812	3.03836	
-19.7161	-1.9164	-15.9883	0.258483	3.00752	
-19.811	-1.89797	-15.9731	0.303499	2.98303	
-19.9175	-2.12998	-15.9607	0.249712	3.02489	
-20.0181	-2.01205	-15.9443	0.326706	2.98062	
-20.1159	-1.95566	-15.9272	0.34145	2.96874	
-20.219	-2.0618	-15.9088	0.369259	2.96438	
-20.3256	-2.13203	-15.8889	0.397491	2.95727	
-20.4334	-2.15533	-15.8624	0.529261	2.9008	
-20.5382	-2.09648	-15.833	0.589694	2.8674	
-20.627	-1.77536	-15.8022	0.614927	2.80816	
-20.7252	-1.96449	-15.7739	0.567285	2.86047	
-20.8232	-1.95948	-15.7514	0.449156	2.91626	
-20.9209	-1.95463	-15.7279	0.469267	2.90597	
-21.0216	-2.01498	-15.7051	0.456146	2.91897	
-21.1202	-1.97214	-15.6835	0.432044	2.92593	
-21.2269	-2.13377	-15.6626	0.418323	2.948	
-21.3335	-2.13049	-15.6467	0.318998	2.99297	
-21.411	-1.55092	-15.6276	0.380897	2.90077	
-21.5011	-1.80142	-15.5978	0.595326	2.82242	
-21.6032	-2.04232	-15.5679	0.599774	2.85595	
-21.6975	-1.8858	-15.5349	0.658995	2.80541	
-21.7933	-1.91732	-15.5022	0.653741	2.81299	
-21.8886	-1.90545	-15.472	0.604929	2.83418	
-21.9798	-1.82306	-15.437	0.698753	2.77558	
-22.0723	-1.85145	-15.4006	0.728475	2.76674	
-22.1694	-1.94154	-15.3614	0.784321	2.75767	
-22.2625	-1.86149	-15.3215	0.797949	2.73662	
-22.3445	-1.64023	-15.2727	0.976794	2.60447	
-22.4244	-1.59828	-15.218	1.094	2.54135	
-22.5061	-1.63403	-15.1656	1.04779	2.5714	
-22.5908	-1.69287	-15.1155	1.00104	2.60757	
-22.6764	-1.71212	-15.0644	1.02251	2.60322	
-22.7595	-1.66215	-15.0114	1.05954	2.57409	
-22.8323	-1.45585	-14.9528	1.17137	2.46406	
-22.9071	-1.49663	-14.8901	1.25532	2.44366	
-22.9809	-1.47613	-14.8246	1.31016	2.41569	
-23.0532	-1.4453	-14.7568	1.35597	2.38807	
-23.1205	-1.34638	-14.6869	1.39795	2.3374	
-23.1761	-1.11125	-14.6175	1.38733	2.24615	
-23.2359	-1.1976	-14.5412	1.52575	2.23628	
-23.2957	-1.1948	-14.4629	1.56609	2.22252	
-23.3522	-1.12962	-14.3833	1.59265	2.18772	
-23.4119	-1.19575	-14.3079	1.50719	2.24148	
-23.4748	-1.2579	-14.2279	1.60002	2.23705	
-23.5441	-1.38545	-14.1399	1.76099	2.2374	
-23.6116	-1.3498	-14.056	1.678	2.24822	
-23.6753	-1.27387	-13.9747	1.62638	2.23524	
-23.7452	-1.39799	-13.8847	1.79973	2.23122	
-23.8101	-1.29866	-13.7987	1.72	2.21751	
-23.8781	-1.36	-13.7223	1.52803	2.29808	
-23.9474	-1.38636	-13.6378	1.68951	2.25795	
-24.0119	-1.2895	-13.5602	1.55263	2.26388	
-24.0877	-1.51505	-13.4864	1.47542	2.36945	
-24.1666	-1.57936	-13.4182	1.36344	2.42944	
-24.2439	-1.54445	-13.3513	1.338	2.4277	
-24.3227	-1.576	-13.2912	1.20325	2.48952	
-24.4084	-1.71523	-13.2127	1.56867	2.40079	
-24.4923	-1.67741	-13.1406	1.44153	2.43168	
-24.5791	-1.73567	-13.0698	1.41738	2.4568	
-24.6637	-1.69164	-13.0045	1.30533	2.48439	
-24.7632	-1.99053	-12.9375	1.34054	2.5489	
-24.8569	-1.87499	-12.8779	1.19123	2.5756	
-24.9458	-1.77765	-12.822	1.11887	2.57983	
-25.0335	-1.75308	-12.7686	1.06702	2.59483	
-25.1266	-1.86354	-12.7167	1.0387	2.6331	
-25.2165	-1.7967	-12.6667	0.998861	2.6342	
-25.3038	-1.74622	-12.6186	0.963496	2.6374	
-25.3972	-1.86768	-12.5709	0.953242	2.66967	
-25.4859	-1.77434	-12.525	0.918721	2.66382	
-25.5854	-1.98946	-12.4882	0.736312	2.78712	
-25.6842	-1.97732	-12.4534	0.695659	2.8033	
-25.7808	-1.93049	-12.4191	0.686135	2.8001	
-25.8739	-1.86352	-12.3811	0.760028	2.75434	
-25.9575	-1.67193	-12.3529	0.563992	2.81625	
-26.0481	-1.81209	-12.3222	0.61423	2.81478	
-26.1438	-1.91403	-12.2901	0.641276	2.81831	
-26.2344	-1.81155	-12.253	0.742771	2.75248	
-26.3205	-1.72104	-12.2145	0.769896	2.72095	
-26.4033	-1.65664	-12.1832	0.625169	2.78075	
-26.494	-1.81473	-12.1514	0.636945	2.80404	
-26.5855	-1.82941	-12.1221	0.585438	2.83188	
-26.6814	-1.91851	-12.09	0.641028	2.81913	
-26.7737	-1.84554	-12.0686	0.427861	2.91378	
-26.8713	-1.95217	-12.0648	0.0766403	3.10235	
-26.9725	-2.02432	-12.0608	0.0803908	3.1019	
-27.0674	-1.8979	-12.0585	0.0465324	3.11708	
-27.1714	-2.07884	-12.0542	0.085526	3.10047	
-27.2683	-1.93935	-12.0446	0.191538	3.04315	
-27.3661	-1.95494	-12.0329	0.234654	3.02213	
-27.464	-1.95756	-12.0267	0.123572	3.07855	
-27.5576	-1.87223	-12.0188	0.158137	3.05733	
-27.656	-1.96943	-12.0031	0.312821	2.98407	
-27.7555	-1.98874	-11.9878	0.307597	2.98814	
-27.8529	-1.94751	-11.9722	0.311602	2.98294	
-27.9419	-1.78062	-11.9575	0.292924	2.97855	
-28.0384	-1.92953	-11.9364	0.422559	2.926	
-28.1357	-1.94715	-11.917	0.388209	2.9448	
-28.2315	-1.91645	-11.8973	0.394184	2.93874	
-28.3273	-1.91467	-11.8778	0.389144	2.94108	
-28.4326	-2.1068	-11.8401	0.755316	2.79735	
-28.5307	-1.96233	-11.8037	0.727359	2.78663	
-28.6251	-1.88804	-11.7767	0.539581	2.86322	
-28.7217	-1.93118	-11.7472	0.591283	2.84448	
-28.8153	-1.87293	-11.7154	0.635117	2.81466	
-28.9097	-1.88713	-11.6881	0.546992	2.85947	
-29.0158	-2.12214	-11.656	0.642004	2.84782	
-29.1246	-2.17506	-11.6243	0.63285	2.85845	
-29.2268	-2.04384	-11.5895	0.6966	2.81311	
-29.325	-1.96523	-11.5568	0.653299	2.82066	
-29.4268	-2.03663	-11.5318	0.501263	2.90027	
-29.5122	-1.70777	-11.5023	0.589795	2.80906	
-29.6026	-1.80791	-11.4733	0.579429	2.83144	
-29.6956	-1.8595	-11.4429	0.607279	2.82593	
-29.7796	-1.68036	-11.4244	0.3702	2.92475	
-29.8629	-1.66587	-11.4118	0.252817	2.99098	
-29.9584	-1.91004	-11.3875	0.484757	2.89305	

0	-1.95786	-11.3673	0.404551	2.93783	
-0.0993208	-1.98642	-11.365	0.0463469	3.11826	
-0.18799	-1.77338	-11.3961	-0.622376	-2.80407	
-0.255258	-1.34537	-11.462	-1.31867	-2.36622	
-0.306556	-1.02595	-11.5466	-1.6912	-2.11608	
-0.324063	-0.350141	-11.653	-2.12816	-1.73386	
-0.335794	-0.23462	-11.7629	-2.19818	-1.67713	
-0.378793	-0.859984	-11.8648	-2.03824	-1.97006	
-0.423845	-0.901038	-11.9537	-1.77683	-2.04011	
-0.469847	-0.920039	-12.0379	-1.68386	-2.07086	
-0.508221	-0.767478	-12.1184	-1.61157	-2.01525	
-0.547532	-0.786236	-12.2083	-1.79683	-1.98326	
-0.585856	-0.766472	-12.2977	-1.78777	-1.97582	
-0.626816	-0.819192	-12.3843	-1.73315	-2.01233	
-0.673568	-0.935054	-12.4619	-1.55222	-2.11298	
-0.708441	-0.697448	-12.5496	-1.75212	-1.94963	
-0.746584	-0.762862	-12.6391	-1.78996	-1.97367	
-0.785986	-0.788044	-12.7297	-1.81354	-1.98071	
-0.831492	-0.910111	-12.8204	-1.81336	-2.03596	
-0.87351	-0.840363	-12.9202	-1.99554	-1.96938	
-0.927661	-1.08303	-13.007	-1.73635	-2.12849	
-0.98076	-1.06197	-13.0946	-1.75193	-2.11574	
-1.02494	-0.883685	-13.1749	-1.60657	-2.07367	
-1.07625	-1.02607	-13.2673	-1.84794	-2.07766	
-1.12656	-1.00627	-13.3571	-1.79656	-2.08137	
-1.17492	-0.967257	-13.4439	-1.73491	-2.0794	
-1.22343	-0.970193	-13.5281	-1.68379	-2.09353	
-1.28382	-1.20771	-13.605	-1.53774	-2.23656	
-1.3376	-1.07568	-13.6811	-1.52319	-2.18568	
-1.39684	-1.18471	-13.7699	-1.77487	-2.15937	
-1.46727	-1.4087	-13.8532	-1.66597	-2.27272	
-1.52949	-1.24438	-13.9383	-1.70329	-2.20175	
-1.58431	-1.09629	-14.0175	-1.58293	-2.17652	
-1.63731	-1.0601	-14.0975	-1.59999	-2.15596	
-1.69274	-1.10863	-14.1788	-1.62657	-2.16905	
-1.74791	-1.10329	-14.2635	-1.69385	-2.14812	
-1.80106	-1.06309	-14.3446	-1.62154	-2.1511	
-1.85982	-1.17522	-14.4202	-1.51263	-2.23131	
-1.92207	-1.245	-14.4934	-1.46411	-2.27549	
-1.9866	-1.29047	-14.5619	-1.37	-2.32631	
-2.0628	-1.52415	-14.6346	-1.45356	-2.3799	
-2.14353	-1.61453	-14.7188	-1.68471	-2.33492	
-2.21871	-1.50361	-14.797	-1.56268	-2.33693	
-2.29339	-1.49367	-14.8759	-1.57913	-2.32839	
-2.36627	-1.45748	-14.9493	-1.46698	-2.35295	
-2.43847	-1.44404	-15.0154	-1.32296	-2.39992	
-2.5219	-1.6686	-15.0748	-1.18717	-2.5232	
-2.60646	-1.69111	-15.135	-1.20451	-2.52269	
-2.69905	-1.85182	-15.1917	-1.13379	-2.59221	
-2.79754	-1.96996	-15.252	-1.20581	-2.59232	
-2.88499	-1.74892	-15.3143	-1.2471	-2.52215	
-2.97462	-1.79266	-15.3727	-1.16707	-2.56449	
-3.06125	-1.7325	-15.4413	-1.37211	-2.47176	
-3.14473	-1.66954	-15.5026	-1.22586	-2.50825	
-3.22662	-1.6378	-15.5691	-1.32989	-2.45958	
-3.30436	-1.55488	-15.6308	-1.23354	-2.47093	
-3.3825	-1.56286	-15.6938	-1.26156	-2.46247	
-3.45626	-1.47519	-15.7645	-1.41246	-2.37792	
-3.54269	-1.72861	-15.8225	-1.15998	-2.55056	
-3.62648	-1.67584	-15.8813	-1.17688	-2.52935	
-3.71257	-1.72175	-15.9322	-1.01719	-2.60798	
-3.80736	-1.89568	-15.9835	-1.02755	-2.64487	
-3.89711	-1.79508	-16.0355	-1.03894	-2.61693	
-3.98345	-1.72674	-16.0811	-0.911375	-2.65595	
-4.06832	-1.6975	-16.126	-0.899717	-2.65421	
-4.14488	-1.53119	-16.1849	-1.1773	-2.48612	
-4.22073	-1.51695	-16.2577	-1.45654	-2.37651	
-4.29404	-1.46615	-16.3302	-1.44954	-2.36189	
-4.36397	-1.39866	-16.3959	-1.31453	-2.38719	
-4.42487	-1.21798	-16.4635	-1.35168	-2.30421	
-4.48386	-1.1799	-16.5248	-1.22516	-2.33738	
-4.54371	-1.19696	-16.588	-1.26447	-2.32878	
-4.61347	-1.39516	-16.6523	-1.28527	-2.39717	
-4.6861	-1.45255	-16.7173	-1.30097	-2.41119	
-4.7646	-1.57009	-16.7848	-1.34903	-2.43178	
-4.84653	-1.6386	-16.8424	-1.15261	-2.52858	
-4.91725	-1.4144	-16.9197	-1.54526	-2.31201	
-4.9876	-1.40694	-16.9843	-1.29356	-2.39815	
-5.05294	-1.30673	-17.0519	-1.35166	-2.3393	
-5.12363	-1.41379	-17.1183	-1.32837	-2.38734	
-5.19742	-1.47585	-17.1812	-1.25789	-2.43576	
-5.27115	-1.47462	-17.2438	-1.25224	-2.43757	
-5.3485	-1.5471	-17.3058	-1.23976	-2.46603	
-5.4272	-1.57387	-17.3716	-1.31472	-2.44567	
-5.50436	-1.54328	-17.4374	-1.31655	-2.43531	
-5.58039	-1.5206	-17.4939	-1.12939	-2.50276	
-5.6577	-1.54611	-17.5497	-1.11598	-2.51638	
-5.73913	-1.62866	-17.6058	-1.12302	-2.53793	
-5.82028	-1.6229	-17.652	-0.923818	-2.6241	
-5.90156	-1.62561	-17.6992	-0.944858	-2.61509	
-5.9885	-1.73889	-17.7522	-1.05822	-2.5949	
-6.05666	-1.36316	-17.7965	-0.88748	-2.56448	
-6.1317	-1.50075	-17.8453	-0.975712	-2.56511	
-6.20583	-1.48263	-17.9028	-1.14944	-2.48211	
-6.28481	-1.57964	-17.9595	-1.13493	-2.51858	
-6.37049	-1.71358	-18.0107	-1.02274	-2.6035	
-6.45729	-1.7361	-18.0498	-0.782462	-2.71816	
-6.5467	-1.78803	-18.0884	-0.771969	-2.73402	
-6.64315	-1.92909	-18.1329	-0.890254	-2.70923	
-6.73409	-1.81889	-18.172	-0.782101	-2.73551	
-6.83044	-1.92693	-18.2118	-0.794965	-2.75031	
-6.91586	-1.70832	-18.2546	-0.856868	-2.67668	
-6.99996	-1.68199	-18.2918	-0.744368	-2.72495	
-7.08837	-1.76818	-18.3293	-0.749171	-2.74083	
-7.17498	-1.73227	-18.369	-0.79405	-2.71179	
-7.26114	-1.72322	-18.4065	-0.750452	-2.73087	
-7.36285	-2.03416	-18.4458	-0.786421	-2.77269	
-7.47158	-2.17461	-18.485	-0.783655	-2.79571	
-7.57433	-2.05513	-18.5194	-0.688542	-2.81831	
-7.67264	-1.96614	-18.5547	-0.704851	-2.79737	
-7.77101	-1.9673	-18.5841	-0.588176	-2.85108	
-7.87049	-1.9897	-18.6101	-0.519599	-2.88615	
-7.97712	-2.13263	-18.6321	-0.439957	-2.93815	
-8.07265	-1.91063	-18.6525	-0.409301	-2.93056	
-8.17285	-2.00392	-18.6736	-0.421538	-2.93426	
-8.27317	-2.00644	-18.6904	-0.336349	-2.9755	
-8.37625	-2.06147	-18.7029	-0.249503	-3.02115	
-8.48498	-2.17471	-18.715	-0.2415	-3.031	
-8.58965	-2.09343	-18.7237	-0.174872	-3.05825	
-8.68906	-1.98819	-18.7219	0.0357242	3.12363	
-8.79666	-2.15196	-18.7069	0.301479	3.0024	
-8.90157	-2.09812	-18.6975	0.187573	3.05243	
-8.99007	-1.76998	-18.6967	0.0159063	3.13261	
-9.08491	-1.89699	-18.6928	0.0782062	3.10039	
-9.18471	-1.99586	-18.6938	-0.0213126	-3.13091	
-9.28424	-1.99065	-18.6916	0.0448976	3.11904	
-9.38228	-1.96087	-18.6814	0.204654	3.0376	
-9.48506	-2.05558	-18.6576	0.476159	2.91397	
-9.58208	-1.94039	-18.6299	0.552572	2.86416	
-9.67718	-1.90186	-18.6048	0.501695	2.88368	
-9.78279	-2.11234	-18.5784	0.528004	2.89665	
-9.88298	-2.00384	-18.5648	0.27297	3.0062	
-9.98247	-1.98975	-18.5433	0.429846	2.92883	
-10.0807	-1.96376	-18.5197	0.471884	2.90577	
-10.1797	-1.98143	-18.4872	0.649897	2.82465	
-10.2737	-1.87914	-18.4502	0.739758	2.76656	
-10.3669	-1.864	-18.415	0.705004	2.78	
-10.4544	-1.74993	-18.3725	0.849657	2.68958	
-10.5362	-1.63696	-18.3165	1.11979	2.54164	
-10.6169	-1.61332	-18.2567	1.19595	2.50369	
-10.6894	-1.44991	-18.1958	1.21715	2.44325	
-10.7682	-1.57549	-18.1205	1.50656	2.37856	
-10.8446	-1.52859	-18.0497	1.41648	2.39424	
-10.9234	-1.57529	-17.9822	1.35035	2.43293	
-10.9875	-1.28268	-17.9085	1.47422	2.28683	
-11.0522	-1.29348	-17.8308	1.5538	2.26502	
-11.1134	-1.22412	-17.7531	1.55334	2.23821	
-11.1708	-1.14874	-17.6723	1.61522	2.189	
-11.2369	-1.32136	-17.5981	1.48443	2.29814	
-11.3092	-1.44616	-17.5276	1.4114	2.36836	
-11.3819	-1.45365	-17.4533	1.48562	2.34532	
-11.4568	-1.49794	-17.3968	1.12977	2.4954	
-11.5259	-1.38281	-17.3233	1.46963	2.32577	
-11.5948	-1.37683	-17.2428	1.60962	2.2784	
-11.6656	-1.4178	-17.1765	1.32688	2.38931	
-11.7361	-1.4093	-17.1086	1.35668	2.37522	
-11.8072	-1.42253	-17.0485	1.203	2.43962	
-11.8858	-1.57147	-16.9875	1.22059	2.48121	
-11.9641	-1.56636	-16.9222	1.30574	2.44669	
-12.0581	-1.88003	-16.8467	1.51037	2.4648	
-12.1374	-1.58497	-16.7754	1.42578	2.40902	
-12.2132	-1.51591	-16.7081	1.34518	2.41579	
-12.289	-1.51677	-16.6436	1.2896	2.43697	
-12.3724	-1.66683	-16.5783	1.30675	2.4767	
-12.4492	-1.53782	-16.5165	1.23519	2.4649	
-12.527	-1.55606	-16.464	1.05098	2.54756	
-12.6029	-1.51802	-16.4137	1.00566	2.55649	
-12.6904	-1.74885	-16.3633	1.00806	2.61869	
-12.7739	-1.67023	-16.3157	0.952033	2.62352	
-12.8544	-1.61076	-16.2622	1.06995	2.55526	
-12.9591	-2.09243	-16.2136	0.971718	2.70683	
-13.0567	-1.95251	-16.1718	0.837216	2.73652	
-13.1513	-1.89285	-16.129	0.854757	2.71743	
-13.2528	-2.03018	-16.0889	0.80186	2.76543	
-13.3491	-1.92459	-16.0561	0.656586	2.81282	
-13.4427	-1.87354	-16.0232	0.658086	2.8038	
-13.5379	-1.90373	-15.9944	0.575948	2.84781	
-13.641	-2.06104	-15.9762	0.364201	2.96669	
-13.7468	-2.11545	-15.9648	0.22805	3.03421	
-13.8477	-2.0197	-15.9665	-0.0343375	-3.12459	
-13.9594	-2.23287	-15.9746	-0.161445	-3.06941	
-14.0685	-2.1818	-15.9763	-0.0346992	-3.12569	
-14.1745	-2.1207	-15.9745	0.0352142	3.12499	
-14.277	-2.04948	-15.9905	-0.31854	-2.9874	
-14.3784	-2.02813	-16.0094	-0.378888	-2.95691	
-14.4802	-2.03603	-16.0289	-0.389454	-2.95259	
-14.583	-2.0565	-16.038	-0.181988	-3.05333	
-14.6818	-1.97515	-16.0497	-0.234361	-3.02349	
-14.7941	-2.24646	-16.0454	0.0863502	3.10317	
-14.902	-2.15753	-16.0445	0.0175641	3.13345	
-15.007	-2.10142	-16.0469	-0.0469107	-3.11927	
-15.111	-2.079	-16.0503	-0.0690711	-3.10838	
-15.2038	-1.85575	-16.044	0.126046	3.07377	
-15.3056	-2.03666	-16.038	0.120174	3.08266	
-15.4143	-2.17355	-16.0257	0.245149	3.02928	
-15.5165	-2.04511	-16.0326	-0.136289	-3.07505	
-15.6097	-1.86333	-16.0353	-0.0546461	-3.11227	
-15.6992	-1.78878	-16.0351	0.00330203	3.13975	
-15.7908	-1.83375	-16.0312	0.0775515	3.09933	
-15.8882	-1.94661	-16.0335	-0.0452666	-3.11834	
-15.9903	-2.04177	-16.0436	-0.201059	-3.04344	
-16.0926	-2.04763	-16.0538	-0.204297	-3.04215	
-16.1957	-2.06051	-16.0589	-0.102675	-3.0918	
-16.3123	-2.33202	-16.0679	-0.178876	-3.06504	
-16.4202	-2.15771	-16.0578	0.201047	3.04868	
-16.523	-2.05669	-16.0486	0.184574	3.05209	
-16.6201	-1.94234	-16.0333	0.305434	2.98562	
-16.7183	-1.96315	-16.0149	0.367079	2.95674	
-16.8214	-2.06312	-15.9967	0.365438	2.96628	
-16.9269	-2.11013	-15.9798	0.337131	2.98316	
-17.032	-2.10062	-15.9673	0.249703	3.02328	
-17.1237	-1.83448	-15.9525	0.295767	2.98174	
-17.219	-1.90572	-15.9394	0.262889	3.00451	
-17.314	-1.90046	-15.9215	0.357733	2.95553	
-17.4125	-1.96975	-15.9036	0.357884	2.96186	
-17.5076	-1.90249	-15.8878	0.31729	2.97634	
-17.6131	-2.11	-15.871	0.335887	2.98373	
-17.7199	-2.13616	-15.8628	0.16384	3.06504	
-17.822	-2.04252	-15.8541	0.173363	3.05692	
-17.9253	-2.0659	-15.8442	0.19877	3.04567	
-18.0267	-2.02753	-15.826	0.363189	2.96434	
-18.1266	-1.99718	-15.8259	0.00193807	3.14062	
-18.2256	-1.98037	-15.8217	0.0842082	3.0991	
-18.3251	-1.99099	-15.8181	0.0723991	3.10525	
-18.4234	-1.96543	-15.8156	0.0485589	3.11689	
-18.5255	-2.04242	-15.809	0.133498	3.07632	
-18.6334	-2.15834	-15.8037	0.106216	3.09242	
-18.7327	-1.98499	-15.8013	0.0477802	3.11753	
-18.8335	-2.01719	-15.7989	0.0465764	3.11851	
-18.9309	-1.94744	-15.796	0.0598167	3.11089	
-19.0297	-1.97475	-15.7904	0.110665	3.08561	
-19.1291	-1.98978	-15.7952	-0.0953978	-3.09369	
-19.2298	-2.01223	-15.8002	-0.0997263	-3.09207	
-19.3342	-2.08916	-15.8155	-0.307292	-2.99555	
-19.4354	-2.02325	-15.8311	-0.3103	-2.98941	
-19.5283	-1.85899	-15.8482	-0.342417	-2.95944	
-19.6274	-1.98175	-15.8587	-0.211366	-3.03534	
-19.734	-2.13241	-15.8538	0.099457	3.09499	
-19.857	-2.4601	-15.8491	0.0942563	3.1033	
-19.9647	-2.1522	-15.8453	0.0761185	3.10624	
-20.0747	-2.20162	-15.8377	0.151166	3.07304	
-20.1778	-2.06159	-15.8333	0.0870996	3.09937	
-20.2752	-1.94862	-15.8271	0.124486	3.0778	
-20.3708	-1.91114	-15.8319	-0.0951539	-3.09184	
-20.4716	-2.01576	-15.8298	0.0422765	3.12062	
-20.5722	-2.01231	-15.8271	0.0523925	3.11556	
-20.6719	-1.99488	-15.8232	0.0779015	3.10256	
-20.775	-2.06112	-15.821	0.0440143	3.12024	
-20.8644	-1.78736	-15.8184	0.052597	3.11217	
-20.9519	-1.74962	-15.8289	-0.210458	-3.02188	
-21.045	-1.86253	-15.8366	-0.152852	-3.05971	
-21.1417	-1.93397	-15.8465	-0.198979	-3.03907	
-21.2536	-2.23935	-15.846	0.0105744	3.13687	
-21.3643	-2.21259	-15.8449	0.0222806	3.13152	
-21.4598	-1.9097	-15.8386	0.125242	3.0761	
-21.564	-2.08409	-15.8165	0.441683	2.93275	
-21.6611	-1.94268	-15.8001	0.328696	2.97398	
-21.7532	-1.84126	-15.7851	0.299723	2.98023	
-21.8408	-1.75215	-15.7736	0.230058	3.01104	
-21.9392	-1.96831	-15.765	0.171301	3.05478	
-22.032	-1.85561	-15.7558	0.184073	3.04272	
-22.1242	-1.84549	-15.7452	0.213088	3.02664	
-22.2099	-1.71255	-15.7322	0.260687	2.99053	
-22.3071	-1.94471	-15.7208	0.226613	3.02559	
-22.3988	-1.83436	-15.7097	0.222972	3.02063	
-22.4921	-1.86592	-15.7076	0.0408262	3.11972	
-22.5842	-1.84135	-15.6935	0.283254	2.98896	
-22.6772	-1.86041	-15.6728	0.413819	2.92272	
-22.7788	-2.03106	-15.6581	0.294417	2.99764	
-22.876	-1.94445	-15.6407	0.346849	2.96507	
-22.9711	-1.90214	-15.6211	0.392184	2.93826	
-23.0696	-1.97082	-15.6057	0.307395	2.98687	
-23.164	-1.8867	-15.5887	0.341507	2.96252	
-23.2606	-1.93332	-15.5716	0.340792	2.96711	
-23.3594	-1.97493	-15.5505	0.42341	2.9304	
-23.4623	-2.05927	-15.5244	0.520942	2.89382	
-23.5625	-2.00278	-15.4971	0.546292	2.8753	
-23.667	-2.0902	-15.4664	0.613792	2.85597	
-23.7628	-1.91586	-15.438	0.567068	2.85382	
-23.8549	-1.84252	-15.3982	0.796568	2.73353	
-23.9477	-1.85521	-15.3585	0.795172	2.73666	
-24.046	-1.96594	-15.3183	0.802907	2.75386	
-24.1401	-1.88305	-15.274	0.887018	2.70137	
-24.2315	-1.82664	-15.224	0.999269	2.64102	
-24.3325	-2.02079	-15.1732	1.01643	2.67556	
-24.4296	-1.94238	-15.12	1.06325	2.64075	
-24.5261	-1.9295	-15.0563	1.27529	2.55756	
-24.6177	-1.83143	-14.9989	1.14747	2.58189	
-24.7115	-1.87687	-14.9516	0.94515	2.67509	
-24.8031	-1.83151	-14.9026	0.980696	2.64998	
-24.8958	-1.85404	-14.8551	0.948968	2.66852	
-24.9863	-1.81063	-14.7985	1.13289	2.5825	
-25.081	-1.89398	-14.7422	1.12629	2.6051	
-25.1733	-1.84557	-14.6929	0.984853	2.6514	
-25.2682	-1.89812	-14.6371	1.11613	2.61003	
-25.3598	-1.83263	-14.5853	1.03622	2.62698	
