#1 AntVel X	#2 AntVel Y	#3 Speed	#4 Turning Angle Rad		#5 Turning Angle Deg	#6 Detected Phero Left	#7 Detected Phero Right	
0.0124212	-0.00112214	0.0124718	0	0	0	0
0.0124212	-0.00112214	0.0124718	0	0	0	0
0.0124212	-0.00112214	0.0124718	0	0	0	0
0.0124212	-0.00112214	0.0124718	0	0	0	0
0.0124212	-0.00112214	0.0124718	0	0	0	0
0.0124212	-0.00112214	0.0124718	0	0	0	0
0.0124212	-0.00112214	0.0124718	0	0	0	0
0.0124212	-0.00112214	0.0124718	0	0	0	0
0.0124212	-0.00112214	0.0124718	0	0	0	0
0.0124212	-0.00112214	0.0124718	0	0	0	0
0.0124212	-0.00112214	0.0124718	0	0	0	0
0.0124212	-0.00112214	0.0124718	0	0	0	0
0.0124212	-0.00112214	0.0124718	0	0	0	0
0.0124212	-0.00112214	0.0124718	0	0	0	0
0.0124212	-0.00112214	0.0124718	0	0	0	0
0.0124212	-0.00112214	0.0124718	0	0	0	0
0.0124212	-0.00112214	0.0124718	0	0	0	0
0.0124212	-0.00112214	0.0124718	0	0	0	0
0.0124212	-0.00112214	0.0124718	0	0	0	0
0.0124212	-0.00112214	0.0124718	0	0	0	0
0.0124212	-0.00112214	0.0124718	0	0	0	0
0.0124212	-0.00112214	0.0124718	0	0	0	0
0.0124212	-0.00112214	0.0124718	0	0	0	0
0.0124212	-0.00112214	0.0124718	0	0	0	0
0.0124212	-0.00112214	0.0124718	0	0	0	0
0.0124212	-0.00112214	0.0124718	0	0	0	0
0.0124212	-0.00112214	0.0124718	0	0	0	0
0.0124212	-0.00112214	0.0124718	0	0	0	0
0.0124212	-0.00112214	0.0124718	0	0	0	0
0.0124212	-0.00112214	0.0124718	0	0	0	0
0.0124212	-0.00112214	0.0124718	0	0	0	0
0.0124212	-0.00112214	0.0124718	0	0	0	0
0.0124212	-0.00112214	0.0124718	0	0	0	0
0.0124212	-0.00112214	0.0124718	0	0	0	0
0.0124212	-0.00112214	0.0124718	0	0	0	0
0.0124212	-0.00112214	0.0124718	0	0	0	0
0.0124212	-0.00112214	0.0124718	0	0	0	0
0.0124212	-0.00112214	0.0124718	0	0	0	0
0.0124212	-0.00112214	0.0124718	0	0	0	0
0.0124212	-0.00112214	0.0124718	0	0	0	0
0.0124212	-0.00112214	0.0124718	0	0	0	0
0.0124212	-0.00112214	0.0124718	0	0	0	0
0.0124212	-0.00112214	0.0124718	0	0	0	0
0.0124212	-0.00112214	0.0124718	0	0	0	0
0.0124212	-0.00112214	0.0124718	0	0	0	0
0.0124212	-0.00112214	0.0124718	0	0	0	0
0.0124212	-0.00112214	0.0124718	0	0	0	0
0.0124212	-0.00112214	0.0124718	0	0	0	0
0.0124212	-0.00112214	0.0124718	0	0	0	0
0.0124212	-0.00112214	0.0124718	0	0	0	0
0.0124212	-0.00112214	0.0124718	0	0	0	0
0.0124212	-0.00112214	0.0124718	0	0	0	0
0.0124212	-0.00112214	0.0124718	0	0	0	0
0.0124212	-0.00112214	0.0124718	0	0	0	0
0.0124212	-0.00112214	0.0124718	0	0	0	0
0.0124212	-0.00112214	0.0124718	0	0	0	0
0.0124212	-0.00112214	0.0124718	0	0	0	0
0.0124212	-0.00112214	0.0124718	0	0	0	0
0.0124212	-0.00112214	0.0124718	0	0	0	0
0.0124212	-0.00112214	0.0124718	0	0	0	0
0.0124212	-0.00112214	0.0124718	0	0	0	0
0.0124212	-0.00112214	0.0124718	0	0	0	0
0.0124212	-0.00112214	0.0124718	0	0	0	0
0.0124212	-0.00112214	0.0124718	0	0	0	0
0.0124212	-0.00112214	0.0124718	0	0	0	0
0.0124212	-0.00112214	0.0124718	0	0	0	0
0.0124212	-0.00112214	0.0124718	0	0	0	0
0.0124212	-0.00112214	0.0124718	0	0	0	0
0.0124212	-0.00112214	0.0124718	0	0	0	0
0.0124212	-0.00112214	0.0124718	0	0	0	0
0.0124212	-0.00112214	0.0124718	0	0	0	0
0.0124212	-0.00112214	0.0124718	0	0	0	0
0.0124212	-0.00112214	0.0124718	0	0	0	0
0.0124212	-0.00112214	0.0124718	0	0	0	0
0.0124212	-0.00112214	0.0124718	0	0	0	0
0.0124212	-0.00112214	0.0124718	0	0	0	0
0.0124212	-0.00112214	0.0124718	0	0	0	0
0.0124212	-0.00112214	0.0124718	0	0	0	0
0.0124212	-0.00112214	0.0124718	0	0	0	0
0.0124212	-0.00112214	0.0124718	0	0	0	0
0.0124212	-0.00112214	0.0124718	0	0	0	0
0.0124212	-0.00112214	0.0124718	0	0	0	0
0.0124212	-0.00112214	0.0124718	0	0	0	0
0.0124212	-0.00112214	0.0124718	0	0	0	0
0.0124212	-0.00112214	0.0124718	0	0	0	0
0.0124212	-0.00112214	0.0124718	0	0	0	0
0.0124212	-0.00112214	0.0124718	0	0	0	0
0.0124212	-0.00112214	0.0124718	0	0	0	0
0.0124212	-0.00112214	0.0124718	0	0	0	0
0.0124212	-0.00112214	0.0124718	0	0	0	0
0.0124212	-0.00112214	0.0124718	0	0	0	0
0.0124212	-0.00112214	0.0124718	0	0	0	0
0.0124212	-0.00112214	0.0124718	0	0	0	0
0.0124212	-0.00112214	0.0124718	0	0	0	0
0.0124212	-0.00112214	0.0124718	0	0	0	0
0.0124212	-0.00112214	0.0124718	0	0	0	0
0.0124212	-0.00112214	0.0124718	0	0	0	0
0.0124212	-0.00112214	0.0124718	0	0	0	0
0.0124212	-0.00112214	0.0124718	0	0	0	0
0.0124212	-0.00112214	0.0124718	0	0	0	0
0.0124212	-0.00112214	0.0124718	0	0	0	0
0.0124212	-0.00112214	0.0124718	0	0	0	0
0.0124212	-0.00112214	0.0124718	0	0	0	0
0.0124212	-0.00112214	0.0124718	0	0	0	0
0.0124212	-0.00112214	0.0124718	0	0	0	0
0.0124212	-0.00112214	0.0124718	0	0	0	0
0.0124212	-0.00112214	0.0124718	0	0	0	0
0.0124212	-0.00112214	0.0124718	0	0	0	0
0.0124212	-0.00112214	0.0124718	0	0	0	0
0.0124212	-0.00112214	0.0124718	0	0	0	0
0.0124212	-0.00112214	0.0124718	0	0	0	0
0.0124212	-0.00112214	0.0124718	0	0	0	0
0.0124212	-0.00112214	0.0124718	0	0	0	0
0.0124212	-0.00112214	0.0124718	0	0	0	0
0.0124212	-0.00112214	0.0124718	0	0	0	0
0.0124212	-0.00112214	0.0124718	0	0	0	0
0.0124212	-0.00112214	0.0124718	0	0	0	0
0.0124212	-0.00112214	0.0124718	0	0	0	0
0.0124212	-0.00112214	0.0124718	0	0	0	0
0.0124212	-0.00112214	0.0124718	0	0	0	0
0.0124212	-0.00112214	0.0124718	0	0	0	0
0.0124212	-0.00112214	0.0124718	0	0	0	0
0.0124212	-0.00112214	0.0124718	0	0	0	0
0.0124212	-0.00112214	0.0124718	0	0	0	0
0.0124212	-0.00112214	0.0124718	0	0	0	0
0.0124212	-0.00112214	0.0124718	0	0	0	0
0.0124212	-0.00112214	0.0124718	0	0	0	0
0.0124212	-0.00112214	0.0124718	0	0	0	0
0.0124212	-0.00112214	0.0124718	0	0	0	0
0.0124212	-0.00112214	0.0124718	0	0	0	0
0.0124212	-0.00112214	0.0124718	0	0	0	0
0.0124212	-0.00112214	0.0124718	0	0	0	0
0.0124212	-0.00112214	0.0124718	0	0	0	0
0.0124212	-0.00112214	0.0124718	0	0	0	0
0.0124212	-0.00112214	0.0124718	0	0	0	0
0.0124212	-0.00112214	0.0124718	0	0	0	0
0.0124212	-0.00112214	0.0124718	0	0	0	0
0.0124212	-0.00112214	0.0124718	0	0	0	0
0.0124212	-0.00112214	0.0124718	0	0	0	0
0.0124212	-0.00112214	0.0124718	0	0	0	0
0.0124212	-0.00112214	0.0124718	0	0	0	0
0.0124212	-0.00112214	0.0124718	0	0	0	0
0.0124212	-0.00112214	0.0124718	0	0	0	0
0.0124212	-0.00112214	0.0124718	0	0	0	0
0.0124212	-0.00112214	0.0124718	0	0	0	0
0.0124212	-0.00112214	0.0124718	0	0	0	0
0.0124212	-0.00112214	0.0124718	0	0	0	0
0.0124212	-0.00112214	0.0124718	0	0	0	0
0.0124212	-0.00112214	0.0124718	0	0	0	0
0.0124212	-0.00112214	0.0124718	0	0	0	0
0.0124212	-0.00112214	0.0124718	0	0	0	0
0.0124212	-0.00112214	0.0124718	0	0	0	0
0.0124212	-0.00112214	0.0124718	0	0	0	0
0.0124212	-0.00112214	0.0124718	0	0	0	0
0.0124212	-0.00112214	0.0124718	0	0	0	0
0.0124212	-0.00112214	0.0124718	0	0	0	0
0.0124212	-0.00112214	0.0124718	0	0	0	0
0.0124212	-0.00112214	0.0124718	0	0	0	0
0.0124212	-0.00112214	0.0124718	0	0	0	0
0.0124212	-0.00112214	0.0124718	0	0	0	0
0.0124212	-0.00112214	0.0124718	0	0	0	0
0.0124212	-0.00112214	0.0124718	0	0	0	0
0.0124212	-0.00112214	0.0124718	0	0	0	0
0.0124212	-0.00112214	0.0124718	0	0	0	0
0.0124212	-0.00112214	0.0124718	0	0	0	0
0.0124212	-0.00112214	0.0124718	0	0	0	0
0.0124212	-0.00112214	0.0124718	0	0	0	0
0.0124212	-0.00112214	0.0124718	0	0	0	0
0.0124212	-0.00112214	0.0124718	0	0	0	0
0.0124212	-0.00112214	0.0124718	0	0	0	0
0.0124212	-0.00112214	0.0124718	0	0	0	0
0.0124212	-0.00112214	0.0124718	0	0	0	0
0.0124212	-0.00112214	0.0124718	0	0	0	0
0.0124212	-0.00112214	0.0124718	0	0	0	0
0.0124212	-0.00112214	0.0124718	0	0	0	0
0.0124212	-0.00112214	0.0124718	0	0	0	0
0.0124212	-0.00112214	0.0124718	0	0	0	0
0.0124212	-0.00112214	0.0124718	0	0	0	0
0.0124212	-0.00112214	0.0124718	0	0	0	0
0.0124212	-0.00112214	0.0124718	0	0	0	0
0.0124212	-0.00112214	0.0124718	0	0	0	0
0.0124212	-0.00112214	0.0124718	0	0	0	0
0.0124212	-0.00112214	0.0124718	0	0	0	0
0.0124212	-0.00112214	0.0124718	0	0	0	0
0.0124212	-0.00112214	0.0124718	0	0	0	0
0.0124212	-0.00112214	0.0124718	0	0	0	0
0.0124212	-0.00112214	0.0124718	0	0	0	0
0.0124212	-0.00112214	0.0124718	0	0	0	0
0.0124212	-0.00112214	0.0124718	0	0	0	0
0.0124212	-0.00112214	0.0124718	0	0	0	0
0.0124212	-0.00112214	0.0124718	0	0	0	0
0.0124212	-0.00112214	0.0124718	0	0	0	0
0.0124212	-0.00112214	0.0124718	0	0	0	0
0.0124212	-0.00112214	0.0124718	0	0	0	0
0.0124212	-0.00112214	0.0124718	0	0	0	0
0.0124212	-0.00112214	0.0124718	0	0	0	0
0.0124212	-0.00112214	0.0124718	0	0	0	0
0.0124212	-0.00112214	0.0124718	0	0	0	0
0.0124212	-0.00112214	0.0124718	0	0	0	0
0.0124212	-0.00112214	0.0124718	0	0	0	0
0.0124212	-0.00112214	0.0124718	0	0	0	0
0.0124212	-0.00112214	0.0124718	0	0	0	0
0.0124212	-0.00112214	0.0124718	0	0	0	0
0.0124212	-0.00112214	0.0124718	0	0	0	0
0.0124212	-0.00112214	0.0124718	0	0	0	0
0.0124212	-0.00112214	0.0124718	0	0	0	0
0.0124212	-0.00112214	0.0124718	0	0	0	0
0.0124212	-0.00112214	0.0124718	0	0	0	0
0.0124212	-0.00112214	0.0124718	0	0	0	0
0.0124212	-0.00112214	0.0124718	0	0	0	0
0.0124212	-0.00112214	0.0124718	0	0	0	0
0.0124212	-0.00112214	0.0124718	0	0	0	0
0.0124212	-0.00112214	0.0124718	0	0	0	0
0.0124212	-0.00112214	0.0124718	0	0	0	0
0.0124212	-0.00112214	0.0124718	0	0	0	0
0.0124212	-0.00112214	0.0124718	0	0	0	0
0.0124212	-0.00112214	0.0124718	0	0	0	0
0.0124212	-0.00112214	0.0124718	0	0	0	0
0.0124212	-0.00112214	0.0124718	0	0	0	0
0.0124212	-0.00112214	0.0124718	0	0	0	0
0.0124212	-0.00112214	0.0124718	0	0	0	0
0.0124212	-0.00112214	0.0124718	0	0	0	0
0.0124212	-0.00112214	0.0124718	0	0	0	0
0.0124212	-0.00112214	0.0124718	0	0	0	0
0.0124212	-0.00112214	0.0124718	0	0	0	0
0.0124212	-0.00112214	0.0124718	0	0	0	0
0.0124212	-0.00112214	0.0124718	0	0	0	0
0.0124212	-0.00112214	0.0124718	0	0	0	0
0.0124212	-0.00112214	0.0124718	0	0	0	0
0.0124212	-0.00112214	0.0124718	0	0	0	0
0.0124212	-0.00112214	0.0124718	0	0	0	0
0.0124212	-0.00112214	0.0124718	0	0	0	0
0.0124212	-0.00112214	0.0124718	0	0	0	0
0.0124212	-0.00112214	0.0124718	0	0	0	0
0.0124212	-0.00112214	0.0124718	0	0	0	0
0.0124212	-0.00112214	0.0124718	0	0	0	0
0.0124212	-0.00112214	0.0124718	0	0	0	0
0.0124212	-0.00112214	0.0124718	0	0	0	0
0.0124212	-0.00112214	0.0124718	0	0	0	0
0.0124212	-0.00112214	0.0124718	0	0	0	0
0.0124212	-0.00112214	0.0124718	0	0	0	0
0.0124212	-0.00112214	0.0124718	0	0	0	0
0.0124212	-0.00112214	0.0124718	0	0	0	0
0.0124212	-0.00112214	0.0124718	0	0	0	0
0.0124212	-0.00112214	0.0124718	0	0	0	0
0.0124212	-0.00112214	0.0124718	0	0	0	0
0.0124212	-0.00112214	0.0124718	0	0	0	0
0.0124212	-0.00112214	0.0124718	0	0	0	0
0.0124212	-0.00112214	0.0124718	0	0	0	0
0.0124212	-0.00112214	0.0124718	0	0	0	0
0.0124212	-0.00112214	0.0124718	0	0	0	0
0.0124212	-0.00112214	0.0124718	0	0	0	0
0.0124212	-0.00112214	0.0124718	0	0	0	0
0.0124212	-0.00112214	0.0124718	0	0	0	0
0.0124212	-0.00112214	0.0124718	0	0	0	0
0.0124212	-0.00112214	0.0124718	0	0	0	0
0.0124212	-0.00112214	0.0124718	0	0	0	0
0.0124212	-0.00112214	0.0124718	0	0	0	0
0.0124212	-0.00112214	0.0124718	0	0	0	0
0.0124212	-0.00112214	0.0124718	0	0	0	0
0.0124212	-0.00112214	0.0124718	0	0	0	0
0.842542	0.0441439	0.843698	-0.142442	-8.1613	6.67504	6.15398
1.42454	-0.325293	1.46121	0.276846	15.8621	13.7716	6.3664
1.73046	-0.229671	1.74564	-0.092549	-5.30267	5.44153	7.57383
1.77816	-0.362038	1.81464	0.0689065	3.94805	9.60386	7.63398
1.84778	-0.692056	1.97313	0.157504	9.02433	8.91973	4.20316
1.87561	-0.863579	2.06487	0.073128	4.18993	5.61129	4.00554
1.60162	-1.10454	1.94555	0.172248	9.86909	5.08722	4.00028
1.9317	-1.13091	2.23839	-0.0740878	-4.24492	4.3269	4.00098
1.91564	-1.33122	2.33277	0.0776613	4.44967	4.598	4.00019
1.75766	-1.2221	2.14077	0.000253027	0.0144974	4.37823	4.00047
1.77182	-1.18338	2.13067	-0.0187152	-1.0723	4.40412	4.00034
1.53125	-1.298	2.00737	0.114291	6.54837	4.52946	4.00017
1.56132	-1.42786	2.11578	0.0376423	2.15675	4.27682	4.0011
1.55628	-1.31107	2.03493	-0.0406941	-2.3316	4.23914	4.00228
1.63613	-1.37684	2.13837	-0.00053696	-0.0307656	4.31324	4.00122
1.78134	-1.31241	2.2126	-0.0645805	-3.70019	4.3648	4.00124
1.51169	-1.41409	2.06999	0.11708	6.70816	4.79475	4.00043
1.42254	-1.30697	1.93179	-0.00896883	-0.513876	4.39069	4.00272
1.39269	-1.50927	2.05365	0.0824656	4.72493	4.46841	4.00291
1.26374	-1.48636	1.95098	0.0406277	2.3278	4.32096	4.01064
1.32037	-1.46295	1.97069	-0.0295959	-1.69572	4.28412	4.02154
1.30003	-1.45519	1.95132	0.00507485	0.290767	4.33682	4.02139
1.24172	-1.50348	1.94995	0.0388083	2.22355	4.34947	4.02839
1.11736	-1.58676	1.94069	0.0768108	4.40093	4.31937	4.04631
1.17082	-1.49625	1.89989	-0.0504563	-2.89093	4.25703	4.08045
1.17432	-1.56222	1.95437	0.0193914	1.11105	4.31687	4.07569
1.09604	-1.56333	1.90927	0.0331326	1.89836	4.3209	4.08902
1.13707	-1.62176	1.98067	-2.70488e-05	-0.00154978	4.31035	4.1002
0.99215	-1.70276	1.97072	0.0839017	4.80721	4.34784	4.10143
0.947522	-1.37904	1.67319	-0.0744249	-4.26423	4.27263	4.1002
0.842927	-1.56291	1.77573	0.107391	6.15307	4.41537	4.099
0.812408	-1.5737	1.77103	0.0180586	1.03468	4.28502	4.08645
0.81839	-1.70053	1.88721	0.0280156	1.60517	4.2829	4.07605
0.61954	-1.89663	1.99526	0.132815	7.60974	4.2689	4.06151
0.604182	-1.89925	1.99304	0.00773302	0.443069	4.17253	4.04059
0.576493	-1.82737	1.91615	0.00239813	0.137403	4.16521	4.03269
0.542602	-2.02348	2.09496	0.0436046	2.49836	4.16255	4.02673
0.388479	-1.93458	1.9732	0.0638181	3.65651	4.14214	4.03263
0.330005	-2.24291	2.26706	0.0520876	2.9844	4.11682	4.07187
0.186276	-2.1562	2.16423	0.0599072	3.43243	4.09774	4.17584
0.49663	-2.19102	2.2466	-0.136722	-7.8336	4.07887	4.49945
0.397204	-2.18978	2.22551	0.0434604	2.49009	4.12849	4.08674
0.427298	-2.09114	2.13435	-0.0221236	-1.26759	4.1238	4.13932
0.438948	-2.04205	2.0887	-0.01017	-0.582699	4.14642	4.08989
0.340517	-2.04379	2.07196	0.0466387	2.6722	4.16471	4.06068
0.322047	-2.01696	2.04251	0.00676144	0.387402	4.16243	4.08
0.591741	-1.98222	2.06866	-0.131771	-7.54989	4.17291	4.06491
0.569612	-1.98266	2.06286	0.0103409	0.592492	4.22327	4.00842
0.55945	-1.87843	1.95997	-0.00970164	-0.555863	4.23223	4.00476
0.51958	-1.93659	2.00508	0.0273404	1.56649	4.24711	4.00227
0.527016	-1.89317	1.96515	-0.00938061	-0.537469	4.24379	4.0019
0.501971	-1.9431	2.00689	0.0186962	1.07121	4.25433	4.00122
0.307407	-2.06111	2.08391	0.104753	6.00189	4.25667	4.00146
0.286787	-2.10405	2.12351	0.0125874	0.721203	4.23136	4.00806
0.3577	-1.99506	2.02687	-0.0419403	-2.403	4.23516	4.01208
0.319066	-2.14362	2.16723	0.0296483	1.69872	4.2807	4.00825
0.271553	-2.06511	2.08289	0.0170143	0.974846	4.31264	4.01182
0.146253	-1.98547	1.99085	0.0572166	3.27827	4.37672	4.01408
0.462939	-2.25518	2.30221	-0.128936	-7.38752	4.39467	4.02602
0.410867	-2.15604	2.19484	0.0141571	0.811144	4.76568	4.0071
0.272219	-2.09361	2.11123	0.0590094	3.38099	4.84707	4.00808
0.08144	-2.01206	2.01371	0.088845	5.09044	4.8108	4.01669
-0.00748101	-1.99563	1.99565	0.0442024	2.53261	4.73042	4.04502
-0.0587575	-2.11169	2.11251	0.0240691	1.37906	4.72431	4.07439
-0.360877	-2.172	2.20178	0.136828	7.83965	4.82673	4.09947
-0.495753	-2.29997	2.35279	0.0476542	2.73039	4.69984	4.10069
-0.454065	-2.00805	2.05875	0.0100828	0.5777	4.77371	4.0777
-0.882793	-2.02298	2.20721	0.189089	10.834	5.08914	4.08088
-0.827129	-1.80225	1.98299	0.0187936	1.07679	4.79869	4.16406
-0.988664	-1.8921	2.13483	0.0512369	2.93566	4.93507	4.11931
-1.06239	-1.76035	2.05609	0.0614926	3.52327	5.08296	4.03184
-1.09317	-1.6007	1.93837	0.0561835	3.21908	5.20508	4.00235
-1.39544	-1.58377	2.11082	0.123093	7.05269	5.32312	4.00006
-1.43112	-1.57762	2.13002	0.0144767	0.829457	5.22056	4
-1.61165	-1.49467	2.19805	0.0862923	4.94419	5.38724	4
-1.86625	-1.08318	2.15781	0.221872	12.7123	5.28234	4
-2.01263	-1.07501	2.28174	0.0353071	2.02295	4.8856	4.00009
-2.04555	-0.798371	2.19583	0.118464	6.7875	4.73662	4.00112
-1.93181	-0.750678	2.07254	0.00148438	0.0850485	4.51148	4.02349
-1.91782	-0.70315	2.04265	0.019207	1.10048	4.3543	4.06506
-1.82132	-0.649711	1.93374	0.00876912	0.502434	4.21152	4.16891
-1.85134	-0.667961	1.96816	-0.00360894	-0.206777	4.1124	4.34347
-1.85284	-0.724605	1.98949	-0.0265304	-1.52008	4.05151	4.60391
-1.98118	-0.894334	2.17368	-0.0512375	-2.93569	4.0218	4.7949
-1.79026	-1.04521	2.07304	-0.104416	-5.98259	4.00887	4.80746
-1.88617	-0.950418	2.11209	0.0616929	3.53474	4.00531	4.53896
-1.66805	-1.2394	2.0781	-0.172267	-9.87016	4.00129	5.1506
-1.46482	-1.27024	1.93887	-0.0753557	-4.31756	4.00109	4.55939
-1.46483	-1.28177	1.94645	-0.00447226	-0.256241	4.0007	4.51506
-1.45877	-1.31921	1.96681	-0.016354	-0.937013	4.00027	4.56648
-1.53727	-1.35703	2.05054	0.0119992	0.687503	4.0001	4.58051
-1.43929	-1.42051	2.02223	-0.0556292	-3.18732	4.00003	4.60484
-1.3942	-1.36761	1.95298	0.00305984	0.175316	4.00001	4.58475
-1.37645	-1.41107	1.97123	-0.0220458	-1.26313	4	4.65764
-1.32221	-1.50475	2.00312	-0.0520608	-2.98286	4	4.77581
-1.25268	-1.54949	1.99252	-0.0410486	-2.35191	4	4.84327
-1.05817	-1.60139	1.91942	-0.0959513	-5.49761	4	4.99095
-1.13192	-1.57882	1.94266	0.0380882	2.18229	4	4.82776
-1.00663	-1.70313	1.97838	-0.0881948	-5.05319	4	5.68566
-0.846092	-1.82266	2.00946	-0.0992049	-5.68402	4	5.33467
-0.442741	-1.92447	1.97475	-0.208483	-11.9452	4	4.99246
-0.42644	-1.65928	1.7132	0.0254354	1.45734	4	4.54799
-0.391085	-1.8672	1.90771	-0.0450933	-2.58365	4	4.62242
-0.331654	-1.92162	1.95003	-0.0355587	-2.03736	4	4.59353
-0.26321	-2.05895	2.0757	-0.0437592	-2.50722	4	4.5678
-0.377052	-2.00961	2.04467	0.0583206	3.34153	4.00002	4.51333
-0.336088	-2.025	2.0527	-0.020998	-1.2031	4.00001	4.60561
-0.274127	-2.09751	2.11534	-0.0345149	-1.97756	4.00003	4.55187
0.0790492	-2.15611	2.15756	-0.166602	-9.54559	4.00012	4.45284
0.0119808	-2.1216	2.12164	0.0309995	1.77614	4.00925	4.24825
-0.153539	-1.87121	1.8775	0.0875166	5.01433	4.01131	4.20589
-0.18577	-1.88019	1.88935	0.0166142	0.951923	4.0043	4.20959
-0.172416	-2.00599	2.01339	-0.0127438	-0.730168	4.00493	4.18855
-0.185915	-1.98139	1.99009	0.00781665	0.447861	4.00929	4.15778
-0.163184	-1.99405	2.00072	-0.0119033	-0.682008	4.01211	4.14112
0.0151001	-2.08532	2.08538	-0.0888944	-5.09327	4.0203	4.12
0.0456198	-2.04599	2.0465	-0.0150525	-0.862442	4.09005	4.07749
-0.099857	-2.07245	2.07485	0.0704394	4.03588	4.14976	4.05571
-0.09853	-2.04382	2.0462	2.54128e-05	0.00145604	4.10053	4.05039
-0.195927	-1.99401	2.00361	0.0497722	2.85174	4.13257	4.03493
-0.297228	-1.95147	1.97397	0.0532049	3.04842	4.10346	4.02955
-0.161399	-2.06914	2.07542	-0.0733032	-4.19996	4.07293	4.02839
-0.165969	-2.0399	2.04664	0.00333755	0.191227	4.19854	4.0122
-0.188675	-2.04022	2.04893	0.0110328	0.632134	4.25482	4.00744
-0.606367	-2.05801	2.14548	0.194314	11.1334	4.29894	4.0045
-0.40768	-1.84988	1.89427	-0.0696152	-3.98866	4.05635	4.01288
-0.372263	-1.90793	1.94391	-0.024222	-1.38782	4.11913	4.00454
-0.366426	-2.27127	2.30064	-0.0327394	-1.87583	4.1631	4.002
-0.493867	-2.19206	2.24701	0.061645	3.532	4.23619	4.0006
-0.288306	-2.24132	2.25978	-0.093668	-5.36678	4.15918	4.00043
-0.212072	-2.25225	2.26221	-0.0340463	-1.95071	4.32495	4.00006
-0.190634	-2.21903	2.2272	-0.00818482	-0.468955	4.49981	4.00001
-0.375193	-2.32487	2.35495	0.074304	4.25731	4.77521	4
-0.276817	-1.83584	1.85659	-0.0103455	-0.592755	4.50771	4
-0.337009	-1.72261	1.75527	0.0435411	2.49472	4.74211	4
-0.257417	-2.12782	2.14333	-0.0728062	-4.17149	4.57709	4
-0.360563	-1.97545	2.00809	0.0601424	3.4459	6.04289	4
-0.620651	-1.88891	1.98827	0.136928	7.84541	5.39657	4
-0.672918	-1.89134	2.00748	0.0243608	1.39577	4.37011	4
-0.803884	-1.9515	2.11059	0.0489254	2.80322	4.3256	4.00001
-0.863714	-1.84396	2.03622	0.047303	2.71026	4.22912	4.00008
-0.827768	-1.61959	1.81887	0.0344337	1.97291	4.16575	4.00048
-0.872951	-1.62998	1.84902	0.019202	1.10019	4.13472	4.00194
-0.895367	-1.66446	1.89	0.00184419	0.105664	4.12146	4.00541
-0.839956	-1.64247	1.84478	-0.0208068	-1.19214	4.12274	4.01014
-0.794939	-1.78211	1.95137	-0.0531476	-3.04513	4.1509	4.01164
-0.781273	-1.92635	2.07875	-0.0342769	-1.96392	4.27138	4.00716
-0.785362	-1.86391	2.02261	0.0134755	0.772088	4.43264	4.00504
-0.657721	-1.60411	1.73371	-0.00965936	-0.553441	4.43835	4.00634
-0.770101	-1.70483	1.87069	0.0351653	2.01482	4.55234	4.00538
-0.953573	-1.84681	2.07846	0.0523484	2.99934	4.45356	4.008
-1.0487	-2.16395	2.40468	-0.0253589	-1.45296	4.29967	4.0147
-0.974508	-2.15091	2.36137	-0.0258683	-1.48214	4.3673	4.00977
-0.894356	-1.96531	2.15924	0.0016605	0.0951395	4.45833	4.00559
-0.927206	-1.62236	1.86862	0.0921496	5.27978	4.46757	4.00397
-1.02996	-1.77651	2.05349	0.00619653	0.355035	4.22067	4.00801
-1.08369	-1.74336	2.05273	0.0307497	1.76183	4.21025	4.00657
-0.78347	-1.43118	1.63159	-0.0552915	-3.16797	4.18099	4.007
-0.950198	-1.53613	1.80626	0.0530916	3.04193	4.26535	4.00297
-0.854911	-1.55448	1.77406	-0.0511417	-2.9302	4.21488	4.00363
-1.00947	-2.05037	2.2854	-0.0453218	-2.59675	4.32405	4.00139
-0.891367	-1.8938	2.09308	-0.0175802	-1.00727	4.54367	4.00039
-1.19026	-2.02982	2.35306	0.0904343	5.1815	4.76368	4.00013
-0.95706	-1.6851	1.93792	-0.0138271	-0.792235	4.49918	4.00012
-1.05393	-1.646	1.9545	0.0530005	3.0367	4.6016	4.00004
-1.09757	-1.58179	1.92528	0.0370848	2.1248	4.50694	4.00003
-1.23691	-1.51192	1.95342	0.0790743	4.53063	4.46359	4.00002
-1.2608	-1.33706	1.83775	0.0703691	4.03185	4.36506	4.00003
-1.17204	-1.15756	1.64731	0.0355616	2.03753	4.28873	4.00006
-1.32783	-1.21431	1.79936	0.038408	2.20061	4.24746	4.00009
-1.30084	-1.26597	1.81517	-0.0310375	-1.77832	4.20159	4.00016
-1.33714	-1.32454	1.88212	-0.00885249	-0.507211	4.20826	4.00008
-1.34924	-1.37312	1.92507	-0.0135021	-0.773612	4.19909	4.00006
-1.42688	-1.34924	1.96379	0.0367291	2.10443	4.19424	4.00005
-1.32703	-1.45125	1.9665	-0.0726427	-4.16212	4.16238	4.00011
-1.37379	-1.57282	2.08832	-0.0227609	-1.30411	4.19532	4.00003
-1.29512	-1.49537	1.97825	-0.00419236	-0.240204	4.21369	4.00002
-1.37827	-1.6425	2.14416	-0.0156152	-0.894682	4.23472	4.00002
-1.19726	-1.48119	1.90456	-0.0183599	-1.05194	4.30621	4.00002
-1.39004	-1.48409	2.0334	0.0729	4.17686	4.46129	4.00002
-1.38302	-1.39606	1.96513	0.0280219	1.60554	4.36604	4.00011
-1.41094	-1.37264	1.96847	0.0184495	1.05708	4.3891	4.00026
-1.37176	-1.47589	2.01494	-0.0503091	-2.8825	4.44014	4.00051
-1.44874	-1.24677	1.91135	0.111338	6.37918	4.8833	4.00035
-1.30349	-1.42573	1.93179	-0.119549	-6.84964	4.48604	4.00196
-1.27554	-1.37054	1.87227	0.00887272	0.508369	5.47088	4.00058
-1.52387	-1.07821	1.86674	0.205513	11.775	5.81697	4.00073
-1.62338	-0.93695	1.87437	0.0923167	5.28936	4.50317	4.00834
-1.71816	-1.00019	1.98808	-0.00371917	-0.213093	4.29072	4.02503
-1.76764	-1.00205	2.0319	0.0114594	0.656574	4.27699	4.03278
-1.75896	-0.847041	1.95229	0.0669301	3.83481	4.23016	4.04681
-1.80439	-0.666802	1.92365	0.0948051	5.43193	4.12649	4.08878
-1.81432	-0.703944	1.94609	-0.0161335	-0.924382	4.0528	4.18024
-1.63116	-1.02901	1.92861	-0.192679	-11.0397	4.03397	4.20425
-1.28047	-1.10084	1.68862	-0.147317	-8.44065	4.08278	4.10206
-1.34366	-1.31917	1.88299	-0.0660889	-3.78661	4.38166	4.05783
-1.30403	-1.18181	1.75987	0.0399253	2.28755	5.03604	4.04415
-1.38956	-1.19466	1.83251	0.0261494	1.49825	4.79154	4.05465
-1.53596	-1.24113	1.97473	0.0304958	1.74728	4.61646	4.06246
-1.64673	-1.03218	1.94348	0.119731	6.86008	4.40521	4.07095
-1.88157	-0.982205	2.12251	0.0787944	4.51459	4.07168	4.09877
-1.85214	-0.949726	2.08144	0.00728857	0.417604	4.0153	4.12425
-1.85434	-0.945972	2.08169	0.00208681	0.119566	4.00732	4.13874
-1.75897	-0.955484	2.00173	-0.0258848	-1.48309	4.00399	4.15766
-2.00017	-0.98281	2.22858	0.040897	2.34322	4.0034	4.16153
-1.80886	-0.822151	1.98693	0.0301132	1.72536	4.00145	4.23389
-1.68236	-0.870687	1.89431	-0.050979	-2.92088	4.00072	4.39623
-1.71002	-0.930314	1.9467	-0.0206737	-1.18452	4.00088	4.33868
-1.56119	-1.03521	1.87323	-0.0872695	-5.00017	4.00084	4.37379
-1.63332	-1.09292	1.96525	-0.00419013	-0.240077	4.0019	4.20645
-1.63121	-1.13465	1.98703	-0.0180437	-1.03383	4.00186	4.21968
-1.581	-1.1525	1.95649	-0.0221474	-1.26895	4.00217	4.20529
-1.6318	-1.17202	2.00908	0.00704533	0.403668	4.00275	4.17811
-1.69885	-1.28811	2.13197	-0.0258838	-1.48303	4.0026	4.20857
-1.61415	-1.3083	2.07777	-0.0323812	-1.8553	4.00366	4.15994
-1.53332	-1.22846	1.96474	0.00566743	0.32472	4.00601	4.10544
-1.48604	-1.31853	1.98666	-0.0502856	-2.88115	4.00695	4.1047
-1.53582	-1.33202	2.03298	0.0112906	0.646902	4.01479	4.05412
-1.48705	-1.42271	2.05801	-0.0488379	-2.79821	4.0179	4.05207
-1.40745	-1.37619	1.96845	-0.0108811	-0.623444	4.03526	4.02626
-1.43748	-1.44742	2.03994	-0.0146729	-0.840698	4.04914	4.01831
-1.4976	-1.31068	1.99015	0.0699083	4.00545	4.06893	4.01173
-1.44269	-1.20732	1.88122	0.0221212	1.26745	4.05857	4.01437
-1.38266	-1.39759	1.96596	-0.0939522	-5.38307	4.06392	4.01268
-1.40477	-1.41803	1.99604	0.000669333	0.0383499	4.12506	4.00403
-1.18501	-1.38402	1.82202	-0.0726089	-4.16018	4.15387	4.00258
-1.26612	-1.37019	1.8656	0.0378551	2.16894	4.29332	4.00245
-1.12938	-1.25897	1.6913	-0.0147494	-0.84508	4.30574	4.00165
-1.28845	-1.38185	1.88934	0.0192399	1.10236	4.48376	4.00158
-1.34838	-1.36769	1.9206	0.0278531	1.59586	4.59808	4.00109
-1.42011	-1.30664	1.92978	0.0487001	2.79031	4.66803	4.0006
-1.43367	-1.39292	1.99891	-0.0271727	-1.55688	4.60397	4.00021
-1.52585	-1.31765	2.01604	0.0586726	3.36169	5.09653	4.00017
-1.46588	-1.25946	1.93263	0.00250977	0.143799	4.88781	4.00003
-1.55324	-1.31249	2.03351	0.00821439	0.47065	5.13873	4.00001
-1.70601	-1.2063	2.08941	0.0861184	4.93422	5.41356	4
-1.72485	-1.10276	2.04724	0.0466229	2.67129	4.87951	4
-1.93714	-1.03261	2.19517	0.0790976	4.53196	4.75271	4
-1.64807	-0.744697	1.80851	0.065346	3.74405	4.55413	4
-1.72286	-0.708003	1.86266	0.0344914	1.97621	4.47057	4
-1.78136	-0.671431	1.9037	0.0294551	1.68765	4.44965	4
-1.6728	-0.855731	1.87897	-0.112397	-6.43989	4.43842	4
-1.608	-0.964014	1.87483	-0.0672097	-3.85083	4.70495	4
-1.78687	-0.778052	1.94892	0.129391	7.41354	6.00268	4
-1.8285	-0.696877	1.95679	0.0465433	2.66673	4.78656	4
-1.93413	-0.573126	2.01726	0.0760459	4.35711	4.69827	4
-1.92104	-0.543837	1.99653	0.0122029	0.699173	4.51594	4
-1.86633	-0.398844	1.90847	0.0653386	3.74362	4.509	4
-1.91585	-0.366192	1.95053	0.0216783	1.24208	4.40455	4
-1.94939	-0.323979	1.97612	0.0241701	1.38484	4.36923	4
-2.06123	-0.169124	2.06816	0.0828234	4.74543	4.33547	4
-2.01715	-0.116184	2.02049	0.024332	1.39412	4.2859	4
-2.03988	-0.0667055	2.04097	0.0248454	1.42354	4.26192	4
-2.03232	-0.027546	2.03251	0.019136	1.09641	4.24347	4
-1.99905	0.0888869	2.00103	0.0579883	3.32249	4.23027	4
-1.9603	0.12733	1.96443	0.0204283	1.17046	4.21852	4
-1.97999	0.152982	1.98589	0.0122473	0.701716	4.20988	4.00001
-1.97069	0.190869	1.97991	0.0194417	1.11393	4.20268	4.00001
-1.96591	0.100343	1.96847	-0.0455551	-2.61011	4.19496	4.00003
-1.99532	0.167235	2.00231	0.0326209	1.86904	4.19526	4.00001
-2.22707	-0.208711	2.23682	-0.177061	-10.1449	4.18647	4.00001
-2.07566	-0.139579	2.08035	0.0262981	1.50677	4.36627	4
-1.96929	-0.204459	1.97987	-0.0363084	-2.08032	4.39564	4
-2.06412	-0.173792	2.07142	0.0194545	1.11466	4.87254	4
-1.91035	-0.075387	1.91184	0.0445567	2.55291	5.26151	4
-1.96998	0.0734731	1.97135	0.076721	4.39579	5.29582	4
-1.96769	0.170863	1.9751	0.0493379	2.82685	4.93476	4
-2.01105	0.347359	2.04082	0.0844211	4.83697	4.90457	4
-1.94569	0.393963	1.98518	0.0287404	1.6467	4.5826	4
-1.96008	0.47652	2.01717	0.0387076	2.21778	4.63026	4
-1.94133	0.519258	2.00957	0.0228715	1.31044	4.61093	4
-1.92879	0.666839	2.04081	0.0715077	4.09709	4.68406	4
-1.84785	0.716524	1.98191	0.0370448	2.12251	4.44068	4.00001
-2.00969	0.881079	2.19435	0.0432677	2.47906	4.38837	4.00003
-1.96823	0.849511	2.14373	-0.00572015	-0.327741	4.33652	4.00012
-2.07735	0.922687	2.27304	0.0105337	0.603536	4.42256	4.00016
-2.02466	0.883712	2.20911	-0.00644158	-0.369075	4.51752	4.00035
-1.8317	0.859492	2.02333	0.0271809	1.55735	4.72655	4.00053
-1.65181	0.806037	1.83798	0.0152494	0.873728	4.81962	4.00159
-1.62756	0.925528	1.87232	0.0630753	3.61395	4.99957	4.00352
-1.60271	0.910544	1.84331	-0.000402186	-0.0230436	4.96184	4.01686
-1.50961	1.21923	1.94047	0.162733	9.32393	8.35229	4.02924
-1.56562	1.26967	2.01574	0.00200651	0.114964	4.91297	4.15903
-1.4653	1.37672	2.01059	0.0728447	4.17369	5.29492	4.17057
-1.32028	1.64759	2.11132	0.141	8.07873	6.01276	4.08917
-1.10279	1.69043	2.01834	0.0975175	5.58734	6.39917	4.0039
-0.904246	1.80437	2.01827	0.113479	6.50188	5.85428	4.00007
-0.857124	1.86444	2.05203	0.0336533	1.92819	5.059	4.00052
-0.813269	1.8677	2.03709	0.0202295	1.15907	4.37556	4.00601
-0.878265	1.93836	2.12804	-0.0147487	-0.845037	4.14555	4.03666
-0.960798	1.77815	2.02113	-0.0699657	-4.00874	4.05381	4.09865
-0.762994	1.84454	1.99611	0.103174	5.91146	4.01959	4.09852
-0.834419	1.85951	2.03814	-0.0295795	-1.69478	4.00493	4.76327
-0.961448	1.82843	2.0658	-0.062301	-3.56958	4.001	5.22006
-1.05703	1.73409	2.03085	-0.0633177	-3.62783	4.00019	5.26664
-1.19973	1.64886	2.03913	-0.0816005	-4.67537	4.00004	5.13572
-1.15697	1.65534	2.01958	0.0190085	1.0891	4.00001	4.73572
-1.29551	1.56308	2.03016	-0.0820574	-4.70154	4	5.20974
-1.32825	1.47158	1.98237	-0.0421834	-2.41693	4	4.72615
-1.65282	1.27213	2.0857	-0.180573	-10.3461	4	4.61409
-1.60524	1.15244	1.97608	-0.0333194	-1.90906	4	4.26485
-1.62846	1.09983	1.96507	-0.0286452	-1.64125	4	4.24956
-1.6166	1.18433	2.00401	0.0382677	2.19258	4.00001	4.24207
-1.6234	1.15783	1.99399	-0.0127385	-0.729862	4	4.2856
-1.67247	1.10795	2.00617	-0.0344507	-1.97388	4	4.29506
-1.61575	1.00628	1.90348	-0.0280751	-1.60859	4.00001	4.29084
-1.71781	1.01464	1.99509	-0.0234876	-1.34574	4.00001	4.29113
-1.74898	1.019	2.02417	-0.0059801	-0.342634	4.00002	4.29704
-1.66561	0.957682	1.92131	-0.00573078	-0.32835	4.00001	4.31913
-1.72098	0.945324	1.96352	-0.0195119	-1.11795	4	4.34464
-1.76923	0.917175	1.99283	-0.0240393	-1.37735	4	4.36337
-2.06702	0.890508	2.25068	-0.0714752	-4.09523	4	4.38238
-2.18478	1.01584	2.4094	0.0284407	1.62953	4	4.36355
-2.02456	0.892203	2.21244	-0.0201438	-1.15415	4	4.47736
-1.76805	0.609244	1.87008	-0.0832417	-4.7694	4	4.57682
-1.87304	0.649808	1.98256	0.00209155	0.119837	4	4.52457
-1.85723	0.589663	1.94859	-0.0265044	-1.51859	4	4.6855
-2.08232	0.538087	2.15072	-0.0545538	-3.1257	4	4.79413
-1.98578	0.389174	2.02356	-0.0593482	-3.4004	4	4.81074
-2.16724	0.330411	2.19228	-0.0422358	-2.41993	4	4.76156
-2.29002	0.0275528	2.29019	-0.139261	-7.97906	4	4.74935
-2.14788	-0.0209185	2.14798	-0.0217699	-1.24732	4	4.40555
-2.08693	-0.0825386	2.08856	-0.0297908	-1.70689	4	4.35851
-1.9583	-0.161444	1.96494	-0.0427253	-2.44798	4	4.28744
-2.07894	-0.259548	2.09508	-0.0419485	-2.40347	4	4.19666
-2.05657	-0.231085	2.06951	0.0123088	0.705242	4.00002	4.11804
-1.98639	-0.216988	1.99821	0.00308868	0.176969	4.00002	4.09499
-2.05565	-0.374347	2.08945	-0.0713268	-4.08672	4.00004	4.07216
-2.02123	-0.382322	2.05707	-0.00681162	-0.390277	4.00053	4.02495
-1.89436	-0.313884	1.92019	0.0227424	1.30304	4.00159	4.01342
-2.16164	-0.172867	2.16854	0.0844011	4.83583	4.00244	4.01074
-2.2221	-0.192716	2.23044	-0.00670963	-0.384434	4.00125	4.02272
-2.10529	-0.181984	2.11314	0.00028385	0.0162634	4.00354	4.01983
-2.19193	0.0832466	2.19351	0.124187	7.11539	4.00826	4.02264
-2.06176	-0.0487687	2.06234	-0.0616099	-3.52999	4.00266	4.09156
-1.84402	-0.0735899	1.84549	-0.0162367	-0.930294	4.0147	4.06606
-1.94176	0.00508577	1.94176	0.0425054	2.43538	4.03667	4.08253
-1.89905	0.0873909	1.90106	0.0433666	2.48472	4.04579	4.12552
-1.82893	-0.059862	1.82991	-0.0787047	-4.50945	4.05557	4.18862
-1.84325	-0.0471173	1.84386	0.00716247	0.410379	4.19679	4.20036
-1.87634	-0.0614602	1.87735	-0.00718719	-0.411796	4.28664	4.22506
-1.80997	-0.0162595	1.81004	0.0237606	1.36138	4.40109	4.20602
-1.90028	-0.178707	1.90867	-0.0847836	-4.85774	4.44898	4.16447
-1.87512	0.116739	1.87875	0.155943	8.93489	4.52528	4.0793
-1.87834	0.264254	1.89684	0.0775908	4.44563	4.48079	4.05474
-2.11723	0.293072	2.13742	-0.00221926	-0.127154	4.44872	4.04078
-1.99324	0.433773	2.0399	0.0767326	4.39645	4.45166	4.0164
-1.95353	0.221676	1.96606	-0.101289	-5.80343	4.42138	4.02484
-1.96031	0.290406	1.9817	0.0340815	1.95273	4.44097	4.0027
-1.97693	0.326179	2.00366	0.0164458	0.942277	4.4522	4.00297
-1.94102	0.357285	1.97363	0.0185139	1.06077	4.48592	4.00407
-1.88379	0.420493	1.93015	0.0375833	2.15337	4.52469	4.00921
-1.8091	0.470587	1.86931	0.0348657	1.99766	4.54405	4.05085
-1.81897	0.577089	1.90832	0.0527338	3.02142	4.55452	4.25624
-1.92217	0.366187	1.95674	-0.118965	-6.81617	4.55466	5.36977
-1.89899	0.390838	1.93879	0.0147282	0.843866	4.41834	4.25233
-1.97948	0.412873	2.02208	0.00264896	0.151774	4.34183	4.5455
-1.93439	0.455391	1.98727	0.0255796	1.46561	4.27511	4.88223
-1.98438	0.319729	2.00998	-0.0714583	-4.09426	4.28025	5.87281
-2.10875	0.362041	2.1396	0.0102781	0.588894	4.32288	4.95294
-1.97393	0.321949	2.00002	-0.00835122	-0.47849	4.27643	5.35047
-1.89957	0.25818	1.91703	-0.0265891	-1.52345	4.12465	5.38737
-1.79728	0.0593029	1.79826	-0.102104	-5.85011	4.02014	5.19304
-1.92642	0.126006	1.93053	0.0323327	1.85253	4.00019	4.41644
-1.87649	-0.0727276	1.8779	-0.104054	-5.96187	4.00003	4.64575
-2.07962	-0.252852	2.09493	-0.0822539	-4.7128	4	4.17207
-1.97142	-0.112554	1.97463	0.0639605	3.66467	4	4.03334
-1.98154	-0.210755	1.99271	-0.0489298	-2.80347	4	4.0711
-1.97965	-0.173527	1.98724	0.018529	1.06163	4.00004	4.02439
-2.01264	-0.209516	2.02352	-0.0162941	-0.933584	4.0001	4.0289
-1.96495	-0.222851	1.97754	-0.00920455	-0.527382	4.00066	4.01685
-1.99745	-0.236867	2.01144	-0.00510297	-0.292378	4.00295	4.01048
-2.22819	-0.0478114	2.2287	0.0965794	5.53359	4.0098	4.0071
-2.10666	0.096703	2.10888	0.0673256	3.85747	4.00304	4.04883
-2.05707	0.0725823	2.05835	-0.0106016	-0.60743	4.00127	4.19314
-2.01834	0.0440725	2.01882	-0.0134371	-0.769891	4.00289	4.24369
-1.94506	-0.129489	1.94936	-0.0883076	-5.05965	4.00659	4.2655
-1.96304	-0.122024	1.96683	0.00439419	0.251769	4.05292	4.12344
-1.86236	-0.128682	1.86681	-0.00690562	-0.395663	4.08546	4.13817
-1.8816	-0.185197	1.8907	-0.0291227	-1.66861	4.14422	4.13746
-1.92164	-0.107896	1.92466	0.0420203	2.40759	4.22982	4.0985
-2.064	-0.25554	2.07976	-0.0670922	-3.8441	4.24681	4.1632
-2.08441	-0.24616	2.09889	0.00562965	0.322555	4.18575	4.05734
-1.96934	-0.219853	1.98158	0.00637374	0.365189	4.12078	4.04021
-1.80916	-0.304089	1.83454	-0.0553484	-3.17123	4.0807	4.02473
-1.84667	-0.318168	1.87388	-0.00409211	-0.234461	4.03404	4.00459
-1.92249	-0.354451	1.9549	-0.0117049	-0.670641	4.05687	4.00138
-1.97419	-0.36938	2.00844	-0.00264322	-0.151445	4.14485	4.00029
-1.92302	-0.295187	1.94555	0.0326538	1.87092	4.32201	4.0001
-1.93795	-0.168683	1.94528	0.0654892	3.75225	4.43834	4.00048
-1.97134	-0.125092	1.97531	0.0234532	1.34377	4.4033	4.01161
-2.01944	-0.253289	2.03527	-0.0614033	-3.51815	4.30236	4.08972
-2.12761	-0.310271	2.15011	-0.020037	-1.14804	4.34972	4.18375
-2.26475	-0.0277942	2.26492	0.132539	7.5939	4.65965	4.36973
-2.13879	-0.0474602	2.13932	-0.00991465	-0.568068	4.13407	4.28118
-1.92683	0.0673858	1.92801	0.0571447	3.27415	4.23995	4.11804
-1.90919	0.119706	1.91294	0.0276595	1.58477	4.15782	4.02511
-1.78352	0.268186	1.80357	0.0866334	4.96373	4.16809	4.00523
-1.96993	0.470315	2.02529	0.0851094	4.87641	4.0568	4.00045
-1.88578	0.528991	1.95857	0.0391263	2.24177	4.01337	4.00012
-1.92328	0.5306	1.99513	-0.00430021	-0.246384	4.00783	4.00124
-2.09004	0.661361	2.19218	0.0372793	2.13595	4.01814	4.00205
-1.92076	0.738298	2.05777	0.0605013	3.46647	4.01762	4.01271
-1.7811	0.747577	1.93162	0.0304304	1.74353	4.0078	4.12176
-1.70614	0.700458	1.84433	-0.0078288	-0.448557	4.00659	4.29408
-1.80247	0.593958	1.89781	-0.0712498	-4.08232	4.01441	4.33004
-1.85383	0.630108	1.95799	0.0093259	0.534335	4.12608	4.0951
-1.94406	0.530008	2.01501	-0.061484	-3.52277	4.19971	4.10357
-2.41522	0.686637	2.51092	0.0108273	0.620359	4.49322	4.01424
-2.25169	0.552116	2.3184	-0.036532	-2.09313	4.43934	4.00603
-2.12974	0.572461	2.20533	0.0221315	1.26804	4.12321	4.00041
-1.98123	0.328048	2.00821	-0.0984987	-5.64356	4.04401	4.00126
-1.90096	0.354157	1.93367	0.0201037	1.15186	4.00029	4.00003
-1.94549	0.328011	1.97295	-0.0171628	-0.983357	4.0002	4.00028
-1.99043	0.47041	2.04526	0.0650483	3.72699	4.00126	4.00023
-1.99565	0.534568	2.06601	0.0296443	1.69849	4.00052	4.00736
-2.12881	0.55115	2.199	-0.00838462	-0.480403	4.00074	4.03523
-2.0745	0.479603	2.12922	-0.02614	-1.49771	4.00424	4.03101
-2.05042	0.399449	2.08897	-0.0347942	-1.99356	4.02959	4.01174
-2.03135	0.54565	2.10336	0.0700165	4.01165	4.14376	4.00247
-1.86682	0.600382	1.96099	0.0487401	2.7926	4.08581	4.0277
-2.11171	0.611543	2.19848	-0.0292751	-1.67734	4.05903	4.08701
-2.01747	0.603622	2.10584	0.00883497	0.506206	4.16174	4.02519
-1.97193	0.790007	2.12429	0.0903257	5.17528	4.22157	4.01921
-1.79604	0.646881	1.90898	-0.0353383	-2.02474	4.07428	4.21917
-1.75193	0.640789	1.86544	0.0049396	0.283018	4.18616	4.10463
-1.73559	0.854339	1.93447	0.106779	6.11797	4.22164	4.11376
-1.9274	0.869632	2.11451	-0.033579	-1.92393	4.04082	4.55858
-1.85296	0.78638	2.01292	-0.0224922	-1.28871	4.07379	4.22063
-1.79973	0.717667	1.93754	-0.0219141	-1.25558	4.10482	4.04732
-1.79905	0.695111	1.92867	-0.0107336	-0.614989	4.13829	4.00546
-1.84406	0.878982	2.04284	0.0760907	4.35968	4.14741	4.00046
-1.84344	0.625628	1.94671	-0.117614	-6.73878	4.03854	4.00026
-1.51359	0.851092	1.73647	0.185053	10.6028	4.14702	4
-1.63825	0.873512	1.85658	-0.0223847	-1.28255	4.00561	4
-1.57255	0.732523	1.73479	-0.0539209	-3.08944	4.00324	4
-1.97892	0.817416	2.1411	-0.0442165	-2.53342	4.00384	4
-2.25867	0.940545	2.44667	0.00286275	0.164024	4.00361	4
-2.11762	0.796187	2.26235	-0.0349458	-2.00225	4.00129	4
-1.85587	0.723128	1.99177	0.0119156	0.682715	4.00137	4
-2.05592	0.630602	2.15045	-0.0739321	-4.236	4.00047	4
-2.00987	0.596018	2.09638	-0.00933136	-0.534648	4.00124	4
-1.9591	0.617826	2.05421	0.0172066	0.985867	4.00094	4
-2.0171	0.594037	2.10275	-0.0190866	-1.09358	4.00046	4
-2.01998	0.514895	2.08457	-0.0368185	-2.10954	4.00117	4
-2.07011	0.53819	2.13892	0.00476531	0.273032	4.00881	4
-1.85171	0.274978	1.87202	-0.106929	-6.12658	4.01584	4
-1.84526	0.461506	1.9021	0.097654	5.59516	5.79944	4
-1.9142	0.555362	1.99314	0.0372989	2.13707	4.19425	4
-1.94011	0.421217	1.98531	-0.0685825	-3.92949	4.1262	4
-1.89245	0.668451	2.00703	0.125749	7.20486	6.6358	4
-1.87736	0.683153	1.99779	0.00945454	0.541705	4.09489	4
-1.95789	0.645795	2.06164	-0.0303899	-1.74121	4.1352	4
-1.90972	0.712818	2.03842	0.0386368	2.21373	4.48677	4
-1.82205	0.735897	1.96505	0.0266072	1.52448	4.30072	4
-2.25515	0.767598	2.38221	-0.0557751	-3.19568	4.23716	4
-1.97947	0.870876	2.16258	0.086393	4.94995	5.19024	4
-1.81353	0.961833	2.0528	0.0731766	4.19271	4.41765	4
-1.78571	0.957801	2.02636	0.00467487	0.26785	4.07548	4
-1.77897	0.957845	2.02044	0.00159571	0.0914277	4.05999	4
-1.686	0.911853	1.91678	0.00186833	0.107047	4.05131	4
-1.80274	0.663427	1.92094	-0.143154	-8.20213	4.04252	4
-1.78417	0.616075	1.88754	-0.0201471	-1.15434	5.10539	4
-1.91505	0.84134	2.09171	0.081465	4.6676	5.67864	4
-1.8252	0.94622	2.05589	0.0643284	3.68575	4.68725	4
-2.02375	1.01321	2.26322	-0.0141001	-0.807874	4.22672	4
-1.74932	1.04063	2.03544	0.07247	4.15223	4.3654	4
-1.68485	1.06635	1.99395	0.0276178	1.58238	4.09129	4
-1.61089	1.16799	1.98977	0.0630838	3.61443	4.04991	4
-1.6568	1.43648	2.19282	0.0869439	4.98152	4.00935	4
-1.45104	1.60559	2.16412	0.121629	6.96883	4.00053	4
-1.41994	1.37488	1.97649	-0.0666425	-3.81833	4.00002	4
-1.34695	1.35367	1.90963	0.0186087	1.0662	4.00003	4
-1.20416	1.50662	1.92871	0.108627	6.22389	4.00006	4
-1.14763	1.53926	1.92	0.0336218	1.92639	4.00037	4.00135
-1.28448	1.59107	2.04484	-0.0385203	-2.20705	4.00216	4.03083
-1.22208	1.68888	2.08466	0.0527889	3.02458	4.02637	4.04435
-1.24885	1.67612	2.09022	-0.0139521	-0.799398	4.21099	4.34908
-1.24885	1.72373	2.12858	0.0133627	0.765629	4.63583	4.47102
-1.07282	1.83904	2.12909	0.0988889	5.66592	4.61864	4.54468
-0.97826	1.85196	2.09445	0.0421168	2.41311	4.60573	4.30505
-1.04894	1.70626	2.0029	-0.0652273	-3.73725	4.86644	5.97835
-1.09128	1.66412	1.99002	-0.0292164	-1.67398	5.10263	5.18843
-0.922247	1.52066	1.77847	0.0352512	2.01975	5.07469	5.22355
-1.128	1.58658	1.94669	-0.0728744	-4.17539	4.83903	4.51228
-0.866843	1.79187	1.99053	0.167468	9.59521	4.64542	4.10467
-0.663872	1.65373	1.78201	0.068829	3.94361	4.31652	4.04379
-0.675472	1.72141	1.84919	0.0078132	0.447663	4.1401	4.06462
-0.888512	2.01298	2.20035	-0.0417395	-2.3915	4.03872	4.01329
-0.868443	1.89089	2.08078	-0.0148704	-0.85201	4.00493	4.00201
-0.89123	1.82038	2.02684	-0.0247374	-1.41735	4.00062	4.00174
-0.795699	1.90737	2.06669	0.0600597	3.44116	4.00009	4.00129
-0.872716	1.74062	1.94715	-0.0695314	-3.98385	4.00001	4.00185
-0.904546	1.68344	1.91107	-0.0283031	-1.62165	4	4.00045
-0.863776	1.645	1.85799	0.0095361	0.546378	4	4.00012
-1.01445	1.73112	2.00646	-0.0465485	-2.66703	4	4.00003
-1.08685	1.79782	2.10081	-0.0136816	-0.783897	4	4.00001
-0.951549	1.77999	2.01837	0.0528209	3.02641	4	4
-1.12181	1.77838	2.10264	-0.0718347	-4.11582	4	4
-1.14207	1.73997	2.0813	-0.0180826	-1.03605	4	4
-1.09759	1.59281	1.93436	-0.0225193	-1.29026	4	4
-0.277048	1.9748	1.99414	0.463983	26.5843	54.2062	4.28282
0.205914	2.1065	2.11654	0.236824	13.569	13.3616	4.07049
0.364356	1.91984	1.95411	0.0901113	5.163	6.93033	4.16026
0.32535	1.76176	1.79155	-0.0049382	-0.282938	5.76179	4.28705
0.385373	1.60319	1.64885	0.0532881	3.05318	5.80849	4.28564
0.410157	1.69137	1.74039	0.00200375	0.114806	5.27106	4.46143
0.649328	1.64312	1.76677	0.138436	7.93181	5.17423	4.52699
0.625317	1.65821	1.77219	-0.0157291	-0.901213	4.45403	5.86368
0.543921	1.81849	1.89809	-0.0699786	-4.00948	4.4025	6.10225
0.382156	1.97488	2.01152	-0.09949	-5.70036	4.50078	5.57838
0.367369	2.1686	2.1995	-0.0233356	-1.33703	4.81189	4.88382
0.426266	2.15995	2.20161	0.0270361	1.54905	4.87785	4.83125
0.457406	1.9965	2.04823	0.0303702	1.74009	4.69857	5.15197
0.38228	1.86615	1.90491	-0.0231627	-1.32713	4.53823	5.64961
0.347118	2.02011	2.04972	-0.0318842	-1.82683	4.56361	5.58822
0.263318	2.03609	2.05304	-0.0415579	-2.38109	4.63338	5.40255
0.268859	1.9702	1.98846	0.00701297	0.401814	4.78041	5.10388
0.301783	1.97428	1.99721	0.0160586	0.920089	4.75234	5.18359
0.0114222	1.94505	1.94508	-0.145811	-8.35435	4.69247	5.34394
0.184667	1.84089	1.85013	0.0941072	5.39195	5.72228	4.4637
0.132833	1.88367	1.88835	-0.029578	-1.6947	5.11029	4.78878
0.366835	1.77353	1.81107	0.133561	7.65246	5.48891	4.58352
0.383311	1.88051	1.91917	-0.00288274	-0.165169	4.75742	5.31592
0.352633	1.9042	1.93658	-0.0179669	-1.02943	4.82615	5.24039
0.362469	1.93413	1.9678	0.0021448	0.122888	5.04561	5.02198
0.398868	1.94288	1.9834	0.0172266	0.98701	5.24855	4.91613
0.655929	1.89748	2.00765	0.130342	7.46802	5.4091	4.88107
0.560129	1.89835	1.97926	-0.0459061	-2.63023	4.74056	5.7235
0.699452	1.92006	2.04349	0.0624259	3.57674	5.23615	5.23313
0.785901	1.87153	2.02985	0.0482178	2.76268	5.04796	5.57959
0.667869	1.93378	2.04586	-0.0650191	-3.72532	4.96716	5.87252
0.641111	2.0167	2.11615	-0.0247465	-1.41787	6.11108	5.23628
0.807495	1.7791	1.95377	0.118278	6.77682	7.70526	4.96825
1.00627	1.6463	1.92947	0.122561	7.02221	6.34674	5.51322
1.03443	1.61074	1.9143	0.0222446	1.27452	5.29595	6.05897
0.943681	1.64264	1.89442	-0.0494307	-2.83217	5.41321	5.73687
1.22864	1.54522	1.97415	0.150308	8.612	6.67072	5.08373
1.34505	1.37169	1.92112	0.103836	5.94935	5.16306	5.43695
1.41392	1.50089	2.062	-0.0200217	-1.14716	4.62108	6.12707
1.35486	1.76047	2.22146	-0.0996449	-5.70923	4.84541	5.76099
1.40127	1.61974	2.14175	0.0572798	3.28189	6.33872	4.91877
1.42545	1.50599	2.07362	0.0447263	2.56263	6.03516	5.00314
1.49663	1.33208	2.00358	0.08557	4.9028	5.85376	5.07065
1.58143	1.28416	2.03715	0.0452656	2.59353	5.18161	5.44305
1.43636	1.47996	2.06237	-0.11832	-6.77924	4.9463	5.68362
1.59707	1.40411	2.12654	0.079157	4.53536	6.43991	4.91757
1.46951	1.48499	2.08917	-0.069449	-3.97913	5.66385	5.16832
1.54423	1.48427	2.14189	0.025038	1.43457	6.8	4.81534
1.62296	1.24373	2.04471	0.111729	6.40163	6.63504	4.84304
1.60044	1.24991	2.03069	-0.00916184	-0.524935	5.41643	5.4734
1.66627	1.23897	2.07642	0.0236673	1.35604	5.40779	5.62056
1.57089	1.32216	2.05324	-0.0602651	-3.45293	5.13026	6.35224
1.50845	1.36373	2.03351	-0.0354241	-2.02965	5.35821	6.1352
1.60285	1.17803	1.98919	0.101251	5.80126	5.41214	6.29385
1.62666	1.50234	2.21429	-0.111882	-6.41037	4.76453	10.3367
1.43799	1.69984	2.2265	-0.122968	-7.04552	4.93013	8.82445
1.3372	1.57626	2.06705	0.00138584	0.0794031	5.19372	7.24473
1.09401	1.72622	2.04369	-0.138651	-7.94412	4.93263	8.70939
0.836734	1.7559	1.94507	-0.120183	-6.88599	5.27728	6.72591
0.871169	1.80551	2.00469	0.00486199	0.278571	5.7956	5.65316
0.810905	1.86378	2.03255	-0.0391732	-2.24446	5.48046	6.19453
0.54779	2.32245	2.38618	-0.178749	-10.2415	5.44506	6.24948
0.67013	2.10805	2.21201	0.0761544	4.36333	6.79933	4.95561
0.616676	1.98621	2.07974	-0.00674585	-0.386509	5.72844	5.84281
0.559871	2.19291	2.26326	-0.0510728	-2.92626	5.47464	6.25899
0.114427	2.05724	2.06042	-0.194405	-11.1386	5.5125	6.12655
0.310051	1.9979	2.02182	0.098396	5.63768	7.39419	4.79014
0.296023	2.01105	2.03272	-0.00781164	-0.447574	5.97534	5.54508
0.336235	2.00215	2.03018	0.0202359	1.15943	5.77719	5.75477
0.146723	2.03796	2.04324	-0.0945137	-5.41523	5.3596	6.41843
0.215662	2.0688	2.08001	0.0319987	1.83339	5.84095	5.6297
0.0934665	2.24622	2.24817	-0.0622832	-3.56856	5.35331	6.35758
0.280395	2.04759	2.0667	0.0945059	5.41479	5.5681	5.94632
-0.14128	2.06393	2.06876	-0.204438	-11.7134	4.80509	8.18827
-0.315342	2.06745	2.09136	-0.0830153	-4.75643	5.97008	5.46144
-0.123546	1.99852	2.00233	0.0896205	5.13488	6.90747	4.95189
-0.129275	2.06872	2.07275	-0.000669477	-0.0383582	5.76499	5.71639
-0.133656	2.04749	2.05185	-0.00277577	-0.15904	5.59664	5.94713
-0.221426	1.99695	2.00919	-0.0452459	-2.5924	5.44348	6.21249
-0.312906	2.04217	2.066	-0.041609	-2.38402	5.63598	5.93713
-0.192008	2.03686	2.04589	0.0580515	3.3261	5.86199	5.70507
-0.426119	2.14448	2.18641	-0.102161	-5.85339	5.25769	6.78563
-0.568555	2.11224	2.18742	-0.0667897	-3.82677	5.88586	5.765
-0.495292	1.98555	2.0464	0.0184806	1.05886	6.49787	5.30793
-0.429291	1.98657	2.03242	0.0316342	1.8125	6.18236	5.60017
-0.228946	2.1362	2.14843	0.106057	6.07664	5.72735	6.22588
-0.454245	2.07137	2.12059	-0.109113	-6.25169	4.8932	9.18473
-0.525058	2.07163	2.13714	-0.0323443	-1.85319	5.21101	7.52268
-0.585951	2.24504	2.32024	-0.00707864	-0.405576	5.20343	7.5954
-0.589341	2.20559	2.28297	-0.00580042	-0.332339	5.03435	8.33724
-0.876416	2.05797	2.23682	-0.141498	-8.10726	4.86166	9.30939
-0.938321	1.93679	2.15212	-0.0485471	-2.78154	5.4362	6.93548
-1.01639	2.08488	2.31943	-0.00245152	-0.140462	5.64209	6.56286
-1.02626	1.65702	1.94908	-0.100918	-5.78216	5.4798	6.95649
-1.0893	1.71573	2.03232	-0.0111602	-0.639431	6.22383	5.86674
-1.25129	1.88114	2.25929	-0.0212933	-1.22002	6.21833	5.9229
-1.01747	1.57431	1.87449	0.013206	0.756649	6.28766	5.90457
-1.08065	1.63826	1.96258	-0.0093508	-0.535762	5.99794	6.29279
-1.01544	1.58302	1.88071	0.0127716	0.731761	5.89517	6.47828
-1.16324	1.52648	1.91918	-0.080818	-4.63053	5.59787	7.0562
-0.995476	1.5112	1.80962	0.0686745	3.93476	6.11381	6.21338
-1.27524	1.47902	1.95288	-0.129061	-7.39463	5.37777	7.6572
-1.46572	1.84601	2.35714	0.0404792	2.31929	6.30187	6.04383
-1.43397	1.85205	2.3423	0.0122227	0.700311	5.71144	6.89589
-1.36075	1.63243	2.1252	-0.0360334	-2.06456	5.39218	7.61809
-1.50762	1.45403	2.09455	-0.108608	-6.22279	5.44718	7.45017
-1.37843	1.43371	1.98887	0.0377451	2.16264	6.30312	6.14856
-1.48653	1.3466	2.00576	-0.0690065	-3.95378	5.81357	6.83013
-1.59039	1.25058	2.02319	-0.0696944	-3.9932	6.47061	6.14055
-1.48144	1.35755	2.00937	0.0754352	4.32212	7.58215	5.55525
-1.24348	1.32089	1.81411	0.0737879	4.22774	6.56395	6.44298
-1.4538	1.2761	1.93441	-0.0951809	-5.45346	5.78648	8.0074
-1.41268	1.16914	1.83372	-0.0290444	-1.66412	6.98795	6.86281
-1.29372	1.30804	1.83975	0.099551	5.70385	7.84092	6.80057
-1.44305	1.22941	1.89574	-0.0852742	-4.88585	6.78866	9.49019
-1.4596	1.25384	1.9242	0.0040854	0.234076	8.93572	8.41753
-1.48657	1.36015	2.01492	0.0313051	1.79365	10.8177	9.31432
-1.36516	1.5542	2.06863	0.109044	6.24778	13.3623	10.6333
-1.39715	1.57098	2.10238	-0.00616321	-0.353126	13.3945	13.2048
-1.22948	1.61047	2.02614	0.0748582	4.28906	16.6773	12.4631
-1.01682	1.79157	2.06001	0.135815	7.78164	19.3986	12.4602
-0.840083	2.00643	2.1752	0.119706	6.85865	19.7841	12.0682
-0.35997	1.91036	1.94398	0.210272	12.0477	21.3207	8.93723
0.165577	2.14904	2.15541	0.263141	15.0769	15.2814	5.86014
0.60153	1.90948	2.00198	0.228288	13.0799	8.67218	4.78855
0.702918	1.84387	1.97331	0.0590288	3.3821	5.93408	4.53309
0.859408	1.80848	2.00229	0.0794085	4.54977	5.92336	4.35292
0.826842	1.39379	1.6206	0.0918076	5.26019	5.69167	4.27345
0.947847	1.52164	1.79271	0.0216687	1.24152	5.28454	4.27438
1.05549	1.59348	1.91135	0.027933	1.60044	5.40345	4.22364
1.23095	1.57178	1.99643	0.0793571	4.54683	5.49112	4.19014
1.28945	1.52325	1.99574	0.0380788	2.18176	5.17676	4.2136
1.3129	1.52775	2.01438	0.00743993	0.426277	5.11128	4.21562
1.47835	1.40404	2.03883	0.101266	5.80214	5.21203	4.19533
1.53573	1.24273	1.97556	0.0792933	4.54317	4.77357	4.29087
1.80354	1.17889	2.15465	0.101394	5.80945	4.51821	4.43131
1.77016	0.891809	1.98212	0.112254	6.43168	4.28997	4.80113
1.65477	1.29708	2.10254	-0.198126	-11.3518	4.1476	5.75436
1.56957	1.30791	2.04308	-0.0299051	-1.71344	4.29214	4.74306
1.54698	1.14319	1.92355	0.0583037	3.34055	4.30241	4.71524
1.5476	1.08963	1.89272	0.0229542	1.31518	4.19956	5.1146
1.53502	1.23765	1.97182	-0.0650982	-3.72985	4.14861	5.51273
1.47603	1.17654	1.88757	0.00558448	0.319967	4.16369	5.29743
1.15497	1.31047	1.74679	-0.175415	-10.0505	4.13139	5.59549
1.37467	1.43042	1.98389	0.043116	2.47036	4.27452	4.73325
1.43283	1.33053	1.95533	0.0568763	3.25877	4.19643	5.01121
1.26827	1.46276	1.93602	-0.108096	-6.19344	4.12417	5.57606
1.09284	1.4835	1.84257	-0.0793942	-4.54896	4.18098	5.03886
1.13094	1.62628	1.98086	-0.0272696	-1.56244	4.25293	4.75579
1.2246	1.72126	2.11244	0.0107288	0.614712	4.27674	4.69655
1.18475	1.64211	2.02489	0.00662499	0.379584	4.24267	4.7814
1.2384	1.60283	2.02552	0.0328317	1.88112	4.21446	4.87204
0.869243	1.41554	1.66112	-0.107126	-6.13786	4.15954	5.14036
1.1699	1.63331	2.00907	0.0708643	4.06022	4.27024	4.70935
1.15296	1.70229	2.05599	-0.0262407	-1.50348	4.16843	5.08892
1.05823	1.71733	2.01719	-0.0430764	-2.4681	4.17648	5.04444
1.1762	1.9846	2.30697	-0.017241	-0.987834	4.20973	4.89763
1.06553	1.88543	2.16568	-0.0206155	-1.18118	4.21838	4.87041
0.655072	1.9508	2.05785	-0.190427	-10.9107	4.23465	4.81874
0.745646	1.98858	2.12378	0.034774	1.9924	4.73327	4.30323
0.790532	1.8981	2.05614	0.0358976	2.05678	4.66331	4.31661
0.830326	2.00911	2.17392	-0.00273431	-0.156665	4.57767	4.35254
0.811374	1.89576	2.06209	0.0125009	0.716251	4.61551	4.32985
0.881496	1.81432	2.01713	0.0478627	2.74233	4.5978	4.33978
0.805351	1.7958	1.96812	-0.0306919	-1.75852	4.4684	4.43981
1.11907	1.85703	2.16815	0.120763	6.91922	4.55395	4.37575
0.974398	1.88627	2.12308	-0.0655203	-3.75404	4.28608	4.77612
1.0097	1.8765	2.13091	0.0168241	0.963948	4.38069	4.58247
0.960953	1.7562	2.00191	0.00703223	0.402917	4.34206	4.67514
0.862	1.7184	1.92249	-0.0357249	-2.04689	4.32323	4.74483
0.829537	1.7594	1.94515	-0.0243688	-1.39623	4.38431	4.64798
0.819214	1.78288	1.96208	-0.00986321	-0.56512	4.44137	4.58788
0.813498	1.80291	1.97794	-0.00685372	-0.392689	4.47668	4.56757
0.810174	1.8126	1.98542	-0.00353362	-0.202461	4.50829	4.55297
0.837118	2.15077	2.30793	-0.049152	-2.8162	4.53283	4.54471
0.987227	1.98765	2.21931	0.0898116	5.14583	4.70604	4.43109
0.86443	2.06015	2.23415	-0.0637046	-3.65	4.48794	4.62093
0.815458	1.95026	2.11388	-0.00125001	-0.0716204	4.6926	4.47143
0.708528	1.86466	1.99474	-0.0329079	-1.88548	4.78844	4.45113
0.782889	1.82976	1.99021	0.0411672	2.35871	5.08145	4.38513
0.812609	1.77634	1.95339	0.0247474	1.41792	5.03537	4.42189
1.11666	1.59172	1.94435	0.182721	10.4691	5.02754	4.44796
1.24586	1.68288	2.09386	0.0255119	1.46173	4.55432	4.90041
1.29189	1.70001	2.13518	0.0125556	0.71938	4.50127	5.12448
1.057	1.53982	1.86769	-0.0482604	-2.76512	4.4227	5.37652
0.783353	1.46882	1.66465	-0.111621	-6.39541	4.34694	5.29263
0.687529	1.56427	1.70869	-0.0758431	-4.34549	4.3157	4.92465
0.670752	1.69537	1.82323	-0.0373645	-2.14083	4.33086	4.75168
0.750957	1.81013	1.95972	0.0165134	0.94615	4.35201	4.69206
0.678706	1.7576	1.88409	-0.0247393	-1.41746	4.31482	4.76152
0.682459	1.79089	1.91652	-0.00443159	-0.253912	4.34233	4.734
0.7037	1.741	1.87784	0.0200323	1.14776	4.34783	4.75423
0.718655	1.80739	1.94503	-0.00566262	-0.324444	4.32047	4.84671
0.568953	1.83849	1.92451	-0.0783332	-4.48816	4.32635	4.88847
0.458108	2.0865	2.1362	-0.083991	-4.81233	4.44205	4.7317
0.447234	2.01917	2.0681	0.00184615	0.105777	4.63011	4.59462
0.6857	2.07939	2.18954	0.100556	5.76142	4.64829	4.62376
0.602461	2.00732	2.09578	-0.0269522	-1.54424	4.47417	4.95497
0.398868	2.07416	2.11216	-0.101595	-5.82094	4.50362	5.02006
0.349678	2.16914	2.19715	-0.0301534	-1.72766	4.64207	4.86115
0.24652	2.05658	2.0713	-0.040531	-2.32225	4.679	4.91258
0.26724	2.07372	2.09086	0.00886406	0.507873	4.74754	4.92183
0.186073	2.12389	2.13203	-0.0407774	-2.33637	4.73027	5.01618
0.163077	2.07921	2.0856	-0.00911441	-0.522217	4.85468	4.94869
0.19748	2.03192	2.04149	0.0186128	1.06643	4.93184	4.87647
0.188703	1.96719	1.97622	-0.00125227	-0.07175	4.91779	4.78508
0.217773	1.99557	2.00742	0.0130655	0.748596	4.93184	4.65778
0.222906	1.97832	1.99083	0.0035036	0.200742	4.86735	4.55505
0.416869	1.9922	2.03534	0.094073	5.38999	4.77949	4.47447
0.41352	1.96967	2.01261	0.000663083	0.0379918	4.56666	4.58071
0.363598	1.99863	2.03143	-0.0269823	-1.54597	4.44419	4.59096
0.257997	2.03584	2.05212	-0.0538998	-3.08823	4.34153	4.54849
0.141957	1.95604	1.96118	-0.0536091	-3.07158	4.31048	4.45458
0.141975	1.95726	1.9624	-3.55341e-05	-0.00203595	4.38083	4.37569
0.264125	2.03696	2.05401	0.056536	3.23928	4.42219	4.38084
0.241577	2.02301	2.03738	-0.0100953	-0.578418	4.37019	4.51059
0.0780024	2.09934	2.10079	-0.0817131	-4.68182	4.37236	4.53781
-0.0742329	2.04886	2.0502	-0.0733542	-4.20288	4.35641	4.41164
-0.143979	1.9089	1.91433	-0.0390667	-2.23836	4.3179	4.32568
-0.145113	1.94431	1.94972	0.000785346	0.044997	4.29836	4.29216
0.0413456	2.21473	2.21512	0.0931632	5.33786	4.2622	4.30168
-0.0671134	2.02	2.02112	-0.0518785	-2.97242	4.15755	4.46097
-0.270319	1.99415	2.01239	-0.101522	-5.81681	4.15914	4.42027
-0.341074	1.91274	1.94291	-0.0417276	-2.39081	4.20536	4.32129
-0.386788	1.91747	1.95609	-0.0225845	-1.294	4.22063	4.29904
-0.391484	1.91997	1.95948	-0.00209692	-0.120144	4.22001	4.29487
-0.349649	2.13765	2.16605	0.0390122	2.23523	4.19563	4.31007
-0.408575	1.94293	1.98543	-0.0451361	-2.58611	4.12933	4.38318
-0.422044	1.93484	1.98033	-0.00749702	-0.429548	4.1372	4.35713
-0.438403	1.77437	1.82773	-0.027459	-1.57329	4.11931	4.37417
-0.475181	1.76375	1.82664	-0.0209423	-1.19991	4.12165	4.36042
-0.696099	1.92136	2.04357	-0.0844204	-4.83693	4.12193	4.35182
-0.758061	1.93455	2.07777	-0.0258777	-1.48268	4.20846	4.2764
-0.726269	2.12537	2.24603	0.0441898	2.53189	4.24608	4.38774
-0.705978	2.05685	2.17464	-0.00135892	-0.0778601	4.16792	5.28836
-0.763717	1.96267	2.10602	-0.0404604	-2.31821	4.15916	4.87309
-0.763997	1.8917	2.04015	-0.0127438	-0.730166	4.2102	4.33882
-0.83005	1.8511	2.02868	-0.0376936	-2.15968	4.23572	4.18219
