#1 AntVel X	#2 AntVel Y	#3 Speed	#4 Turning Angle Rad		#5 Turning Angle Deg	#6 Detected Phero Left	#7 Detected Phero Right	
0.00954063	0.0953972	0.0958731	0	0	0	0
0.00954063	0.0953972	0.0958731	0	0	0	0
0.00954063	0.0953972	0.0958731	0	0	0	0
0.00954063	0.0953972	0.0958731	0	0	0	0
0.00954063	0.0953972	0.0958731	0	0	0	0
0.00954063	0.0953972	0.0958731	0	0	0	0
0.00954063	0.0953972	0.0958731	0	0	0	0
0.00954063	0.0953972	0.0958731	0	0	0	0
0.00954063	0.0953972	0.0958731	0	0	0	0
0.00954063	0.0953972	0.0958731	0	0	0	0
0.00954063	0.0953972	0.0958731	0	0	0	0
0.00954063	0.0953972	0.0958731	0	0	0	0
0.00954063	0.0953972	0.0958731	0	0	0	0
0.00954063	0.0953972	0.0958731	0	0	0	0
0.00954063	0.0953972	0.0958731	0	0	0	0
0.00954063	0.0953972	0.0958731	0	0	0	0
0.00954063	0.0953972	0.0958731	0	0	0	0
0.00954063	0.0953972	0.0958731	0	0	0	0
0.00954063	0.0953972	0.0958731	0	0	0	0
0.00954063	0.0953972	0.0958731	0	0	0	0
0.00954063	0.0953972	0.0958731	0	0	0	0
0.00954063	0.0953972	0.0958731	0	0	0	0
0.00954063	0.0953972	0.0958731	0	0	0	0
0.00954063	0.0953972	0.0958731	0	0	0	0
0.00954063	0.0953972	0.0958731	0	0	0	0
0.00954063	0.0953972	0.0958731	0	0	0	0
0.00954063	0.0953972	0.0958731	0	0	0	0
0.00954063	0.0953972	0.0958731	0	0	0	0
0.00954063	0.0953972	0.0958731	0	0	0	0
0.00954063	0.0953972	0.0958731	0	0	0	0
0.00954063	0.0953972	0.0958731	0	0	0	0
0.00954063	0.0953972	0.0958731	0	0	0	0
0.00954063	0.0953972	0.0958731	0	0	0	0
0.00954063	0.0953972	0.0958731	0	0	0	0
0.00954063	0.0953972	0.0958731	0	0	0	0
0.00954063	0.0953972	0.0958731	0	0	0	0
0.00954063	0.0953972	0.0958731	0	0	0	0
0.00954063	0.0953972	0.0958731	0	0	0	0
0.00954063	0.0953972	0.0958731	0	0	0	0
0.00954063	0.0953972	0.0958731	0	0	0	0
0.00954063	0.0953972	0.0958731	0	0	0	0
0.00954063	0.0953972	0.0958731	0	0	0	0
0.00954063	0.0953972	0.0958731	0	0	0	0
0.00954063	0.0953972	0.0958731	0	0	0	0
0.00954063	0.0953972	0.0958731	0	0	0	0
0.00954063	0.0953972	0.0958731	0	0	0	0
0.00954063	0.0953972	0.0958731	0	0	0	0
0.00954063	0.0953972	0.0958731	0	0	0	0
0.00954063	0.0953972	0.0958731	0	0	0	0
0.00954063	0.0953972	0.0958731	0	0	0	0
0.00954063	0.0953972	0.0958731	0	0	0	0
0.00954063	0.0953972	0.0958731	0	0	0	0
0.00954063	0.0953972	0.0958731	0	0	0	0
0.00954063	0.0953972	0.0958731	0	0	0	0
0.00954063	0.0953972	0.0958731	0	0	0	0
0.00954063	0.0953972	0.0958731	0	0	0	0
0.00954063	0.0953972	0.0958731	0	0	0	0
0.00954063	0.0953972	0.0958731	0	0	0	0
0.00954063	0.0953972	0.0958731	0	0	0	0
0.00954063	0.0953972	0.0958731	0	0	0	0
0.00954063	0.0953972	0.0958731	0	0	0	0
0.00954063	0.0953972	0.0958731	0	0	0	0
0.00954063	0.0953972	0.0958731	0	0	0	0
0.00954063	0.0953972	0.0958731	0	0	0	0
0.00954063	0.0953972	0.0958731	0	0	0	0
0.00954063	0.0953972	0.0958731	0	0	0	0
0.00954063	0.0953972	0.0958731	0	0	0	0
0.00954063	0.0953972	0.0958731	0	0	0	0
0.00954063	0.0953972	0.0958731	0	0	0	0
0.00954063	0.0953972	0.0958731	0	0	0	0
0.00954063	0.0953972	0.0958731	0	0	0	0
0.00954063	0.0953972	0.0958731	0	0	0	0
0.00954063	0.0953972	0.0958731	0	0	0	0
0.00954063	0.0953972	0.0958731	0	0	0	0
0.00954063	0.0953972	0.0958731	0	0	0	0
0.00954063	0.0953972	0.0958731	0	0	0	0
0.00954063	0.0953972	0.0958731	0	0	0	0
0.00954063	0.0953972	0.0958731	0	0	0	0
0.00954063	0.0953972	0.0958731	0	0	0	0
0.00954063	0.0953972	0.0958731	0	0	0	0
0.00954063	0.0953972	0.0958731	0	0	0	0
0.00954063	0.0953972	0.0958731	0	0	0	0
0.00954063	0.0953972	0.0958731	0	0	0	0
0.00954063	0.0953972	0.0958731	0	0	0	0
0.00954063	0.0953972	0.0958731	0	0	0	0
0.00954063	0.0953972	0.0958731	0	0	0	0
0.00954063	0.0953972	0.0958731	0	0	0	0
0.00954063	0.0953972	0.0958731	0	0	0	0
0.00954063	0.0953972	0.0958731	0	0	0	0
0.00954063	0.0953972	0.0958731	0	0	0	0
0.00954063	0.0953972	0.0958731	0	0	0	0
0.00954063	0.0953972	0.0958731	0	0	0	0
0.00954063	0.0953972	0.0958731	0	0	0	0
0.00954063	0.0953972	0.0958731	0	0	0	0
0.00954063	0.0953972	0.0958731	0	0	0	0
0.00954063	0.0953972	0.0958731	0	0	0	0
0.00954063	0.0953972	0.0958731	0	0	0	0
0.00954063	0.0953972	0.0958731	0	0	0	0
0.00954063	0.0953972	0.0958731	0	0	0	0
0.00954063	0.0953972	0.0958731	0	0	0	0
0.00954063	0.0953972	0.0958731	0	0	0	0
0.00954063	0.0953972	0.0958731	0	0	0	0
0.00954063	0.0953972	0.0958731	0	0	0	0
0.00954063	0.0953972	0.0958731	0	0	0	0
0.00954063	0.0953972	0.0958731	0	0	0	0
0.00954063	0.0953972	0.0958731	0	0	0	0
0.00954063	0.0953972	0.0958731	0	0	0	0
0.00954063	0.0953972	0.0958731	0	0	0	0
0.00954063	0.0953972	0.0958731	0	0	0	0
0.00954063	0.0953972	0.0958731	0	0	0	0
0.00954063	0.0953972	0.0958731	0	0	0	0
0.00954063	0.0953972	0.0958731	0	0	0	0
0.00954063	0.0953972	0.0958731	0	0	0	0
0.00954063	0.0953972	0.0958731	0	0	0	0
0.00954063	0.0953972	0.0958731	0	0	0	0
0.00954063	0.0953972	0.0958731	0	0	0	0
0.00954063	0.0953972	0.0958731	0	0	0	0
0.00954063	0.0953972	0.0958731	0	0	0	0
0.00954063	0.0953972	0.0958731	0	0	0	0
0.00954063	0.0953972	0.0958731	0	0	0	0
0.00954063	0.0953972	0.0958731	0	0	0	0
0.00954063	0.0953972	0.0958731	0	0	0	0
0.00954063	0.0953972	0.0958731	0	0	0	0
0.00954063	0.0953972	0.0958731	0	0	0	0
0.00954063	0.0953972	0.0958731	0	0	0	0
0.410316	0.861476	0.954201	0.344826	19.757	5.52915	4
0.694661	1.10662	1.30659	0.116056	6.64954	4.00014	4
0.972162	1.42812	1.72761	0.037115	2.12653	4.00001	4
1.04364	1.58225	1.89545	-0.0145859	-0.835708	4	4
0.850079	1.71043	1.91002	-0.121846	-6.98125	4.00001	4
1.00179	1.7603	2.0254	0.0561474	3.21701	4.01016	4
0.845636	1.7142	1.91144	-0.0591088	-3.38668	4.00546	4
1.11125	1.62477	1.96844	0.141584	8.11216	4.24964	4
1.10616	1.71969	2.04473	-0.0282611	-1.61924	4.00406	4
1.11041	1.75295	2.07505	-0.00695124	-0.398276	4.03888	4
0.910241	1.50007	1.75464	-0.0192514	-1.10302	4.16096	4
0.97333	1.66881	1.93191	-0.0173914	-0.996454	4.47304	4
1.12735	1.61029	1.9657	0.0827745	4.74263	4.83108	4
1.37444	1.68851	2.17718	0.0724324	4.15007	4.34314	4
1.40033	1.60912	2.13312	0.0329115	1.88569	4.09518	4
1.3726	1.73785	2.21453	-0.0476206	-2.72846	4.04816	4
1.35545	1.53935	2.05106	0.0534467	3.06227	4.20422	4
1.15399	1.49443	1.88812	-0.0644016	-3.68994	4.06792	4
1.08117	1.60885	1.93838	-0.0658602	-3.77351	4.39952	4
0.870584	1.61574	1.83536	-0.0974798	-5.58518	4.93302	4
0.964522	1.63973	1.90237	0.0374988	2.14852	4.49166	4
1.04328	1.66815	1.96753	0.0271799	1.55729	4.59502	4
1.08872	1.69335	2.01314	0.0125043	0.716444	4.74069	4
1.26769	1.82869	2.22512	0.034768	1.99206	4.91528	4
1.36813	1.64771	2.14166	0.0867937	4.97292	5.09867	4
1.39638	1.52112	2.06487	0.0497103	2.84819	4.45917	4
1.44573	1.45946	2.0543	0.0380024	2.17738	4.07516	4
1.49253	1.39856	2.04539	0.0372167	2.13236	4.00544	4
1.50406	1.38484	2.0445	0.00875438	0.501589	4.00021	4
1.52029	1.26622	1.97854	0.0496853	2.84676	4.00002	4
1.47425	1.35369	2.00147	-0.0483219	-2.76864	4	4
1.47366	1.29936	1.96469	0.0201676	1.15552	4	4
1.49733	1.30873	1.98866	0.0043375	0.24852	4	4
1.13055	1.22746	1.66877	-0.108188	-6.19869	4	4
1.15958	1.22952	1.69007	0.0118064	0.67646	4	4
1.10614	1.3159	1.71905	-0.057122	-3.27285	4	4
1.19309	1.47598	1.89789	-0.019204	-1.10031	4	4
1.14205	1.74658	2.08683	-0.100707	-5.7701	4	4
1.11188	1.70715	2.03732	-0.00180083	-0.10318	4.00001	4
1.11449	1.60988	1.95801	0.0282315	1.61754	4.00001	4
1.19584	1.63439	2.02516	0.0261429	1.49788	4.00001	4
1.25582	1.57213	2.01213	0.0423401	2.42591	4	4
1.21613	1.62979	2.03352	-0.0329515	-1.88798	4	4
1.23093	1.62986	2.04246	0.00578493	0.331452	4.00001	4
1.21448	1.62385	2.02778	-0.00468628	-0.268504	4.00001	4
1.21149	1.74641	2.12548	-0.0356682	-2.04364	4.00003	4
1.15888	1.72232	2.0759	-0.0142105	-0.814201	4.00025	4
1.1471	1.75811	2.09924	-0.0141737	-0.812096	4.00091	4
1.12355	1.69744	2.0356	0.00659882	0.378085	4.00314	4
1.18133	1.60211	1.99055	0.05066	2.90261	4.00678	4
1.20259	1.34144	1.80158	0.0955131	5.4725	4.00589	4
1.25801	1.46071	1.92776	-0.0198973	-1.14003	4.00164	4
1.29165	1.66728	2.10907	-0.0518536	-2.97099	4.00684	4
1.19426	1.71483	2.08971	-0.0507999	-2.91062	4.05059	4
1.239	1.59172	2.01709	0.0531065	3.04278	4.17536	4
1.48639	1.56827	2.16075	0.0971694	5.5674	4.19087	4
1.47316	1.48826	2.09407	0.0216991	1.24326	4.1596	4.00055
1.37073	1.38937	1.95173	-0.00165693	-0.0949349	4.1983	4.07318
1.30668	1.41792	1.92819	-0.034049	-1.95086	4.2299	4.49218
1.29297	1.5552	2.02247	-0.0510073	-2.92251	4.19221	4.79847
1.11075	1.47477	1.84627	-0.0480601	-2.75364	4.07295	4.95092
1.07062	1.59739	1.92298	-0.0550594	-3.15467	4.01235	5.01566
0.946076	1.7211	1.96398	-0.0878603	-5.03403	4.00057	4.99802
0.935133	1.8184	2.04476	-0.0276159	-1.58227	4	4.80712
0.840551	1.92947	2.10461	-0.0641446	-3.67522	4	4.92296
0.587177	1.87332	1.96319	-0.107105	-6.13666	4	4.8629
0.658969	1.80899	1.92527	0.0455931	2.61229	4	4.27743
0.640945	1.91317	2.01768	-0.0260702	-1.49371	4	4.83253
0.487382	1.92763	1.98829	-0.0756155	-4.33245	4	4.83513
0.483973	1.84624	1.90862	0.00872126	0.499692	4	4.44399
0.404281	1.9039	1.94635	-0.0471353	-2.70066	4	4.75032
0.275591	2.10903	2.12696	-0.0793	-4.54355	4	4.51854
0.2707	2.0351	2.05302	0.00230391	0.132004	4	4.10864
0.103604	1.83004	1.83297	-0.0756869	-4.33654	4	4.09218
0.0453876	2.04222	2.04272	-0.0343315	-1.96705	4	4.00836
-0.0456354	1.94031	1.94085	-0.0457363	-2.6205	4	4.00131
0.083459	2.08024	2.08192	0.0636136	3.64479	4	4.0001
0.0763303	2.01301	2.01445	-0.00219798	-0.125935	4	4.00253
-0.153429	2.03439	2.04017	-0.113176	-6.48448	4	4.00478
-0.309448	1.88649	1.9117	-0.0873108	-5.00254	4	4.00003
-0.300124	1.9273	1.95053	0.00810391	0.46432	4	4
0.0123498	2.29074	2.29077	0.159873	9.16006	4	4
-0.0446936	2.14012	2.14058	-0.0262718	-1.50526	4	4.00129
-0.0430437	2.06764	2.06809	6.59608e-05	0.00377928	4	4.00099
-0.295248	2.05306	2.07418	-0.122014	-6.99091	4	4.00282
-0.224717	1.82266	1.83646	0.0201574	1.15493	4	4.00001
-0.204155	1.89199	1.90297	0.0151827	0.869903	4	4.00004
-0.300399	1.967	1.98981	-0.0440592	-2.5244	4	4.00013
-0.266751	1.92905	1.94741	0.0141389	0.810099	4	4.00002
-0.199987	1.89466	1.90519	0.032246	1.84756	4	4.00005
-0.170524	1.89332	1.90098	0.0153394	0.878884	4	4.00044
-0.253218	1.72252	1.74104	-0.0561346	-3.21628	4	4.00151
-0.328873	1.82779	1.85715	-0.0320655	-1.83722	4	4.00016
-0.450221	1.87717	1.93041	-0.0573703	-3.28707	4	4.00003
-0.239046	1.83425	1.84976	0.105801	6.06195	4	4
-0.458127	1.72833	1.78802	-0.129516	-7.42074	4	4.00017
-0.534052	1.80988	1.88703	-0.027823	-1.59414	4	4
-0.428664	2.03892	2.08349	0.0797099	4.56704	4	4
-0.361565	2.17473	2.20458	0.0424722	2.43348	4	4
-0.258754	2.11168	2.12748	0.0428238	2.45362	4	4
-0.342196	2.11037	2.13793	-0.0388242	-2.22446	4	4
-0.322572	2.13087	2.15515	0.0105113	0.602255	4	4
-0.378143	2.17169	2.20437	-0.0221559	-1.26944	4	4
-0.272022	2.05439	2.07232	0.040751	2.33486	4	4
-0.27878	2.1302	2.14836	0.0015135	0.0867173	4	4
-0.281931	2.10039	2.11923	-0.00329924	-0.189033	4	4
-0.163836	2.09546	2.10186	0.0554029	3.17435	4	4
-0.14179	2.06472	2.06958	0.00946178	0.54212	4	4
-0.204744	2.00043	2.01088	-0.0334294	-1.91536	4	4
-0.163122	1.81076	1.81809	0.0121523	0.696274	4	4
0.0111918	1.96242	1.96245	0.0955455	5.47436	4	4
0.254798	1.98051	1.99683	0.122247	7.00423	4	4
0.295936	1.92227	1.94492	0.0248021	1.42105	4	4
0.0736085	1.8824	1.88383	-0.113668	-6.51271	4	4
0.454208	1.82565	1.8813	0.204758	11.7318	4	4
0.437001	1.85777	1.90847	-0.012813	-0.734129	4	4
0.288667	1.99063	2.01146	-0.0870207	-4.98592	4	4
0.434759	1.91676	1.96544	0.0790379	4.52854	4	4
0.415739	1.76095	1.80936	0.0087962	0.503985	4	4
0.450883	1.75996	1.8168	0.0189525	1.0859	4	4.00002
0.470758	1.98881	2.04377	-0.0183697	-1.05251	4	4.00205
0.484495	1.94841	2.00775	0.0112931	0.647049	4	4.0152
0.277338	1.82848	1.84939	-0.0931888	-5.33933	4	4.19037
0.282163	1.92256	1.94315	-0.00480559	-0.27534	4	4.04247
0.373605	1.87007	1.90703	0.0514608	2.94849	4	4.17093
0.112133	1.72041	1.72406	-0.132099	-7.5687	4	4.82858
0.0797118	1.88146	1.88315	-0.0227445	-1.30316	4	4.27186
0.0772948	1.89668	1.89826	-0.00161156	-0.0923355	4	4.41382
-0.321918	1.9061	1.93309	-0.208039	-11.9198	4	4.69385
-0.164962	1.77537	1.78302	0.0746582	4.2776	4	4.01226
-0.220491	1.92041	1.93303	-0.0216627	-1.24118	4	4.27141
-0.34685	2.02102	2.05057	-0.0556515	-3.18859	4	4.32272
-0.401985	2.01248	2.05223	-0.027186	-1.55765	4	4.15074
-0.421211	1.97038	2.0149	-0.0134508	-0.770673	4	4.09945
-0.377432	1.91699	1.9538	0.0162012	0.928258	4	4.07345
-0.339804	1.79501	1.82689	0.00731031	0.41885	4	4.10793
-0.458118	1.91078	1.96493	-0.0482222	-2.76293	4	4.13667
-0.324164	1.82387	1.85245	0.0594152	3.40424	4	4.03785
-0.39701	1.9559	1.99579	-0.024362	-1.39584	4	4.13042
-0.155277	2.04798	2.05386	0.124585	7.13819	4	4.06142
-0.151108	2.07831	2.0838	0.00309512	0.177337	4	4.51611
-0.184926	2.04119	2.04955	-0.0177711	-1.01821	4	4.52518
0.0422083	1.84297	1.84345	0.113249	6.48869	4	4.52444
0.0545956	1.89471	1.8955	0.0059084	0.338526	4	4.43914
0.0550759	2.04279	2.04353	-0.00185208	-0.106116	4	4.2918
-0.0351492	1.99403	1.99434	-0.04458	-2.55425	4	4.21062
-0.158791	1.99782	2.00412	-0.0616901	-3.53458	4	4.36855
-0.225933	2.02132	2.03391	-0.0319974	-1.83332	4	4.65381
-0.29872	1.98192	2.00431	-0.0382834	-2.19348	4	4.73062
0.0394422	1.92039	1.92079	0.170132	9.74785	4	4.67329
0.00494779	1.95868	1.95868	-0.0180098	-1.03188	4	4.28979
-0.0546288	1.96198	1.96274	-0.0303626	-1.73965	4	4.42593
-0.149408	1.92744	1.93323	-0.049525	-2.83757	4	4.67236
-0.514451	1.90974	1.97782	-0.185775	-10.6441	4	4.75778
-0.53234	1.94817	2.0196	-0.00360253	-0.20641	4	4.07787
-0.413142	1.91242	1.95654	0.0539784	3.09273	4	4.01378
-0.508757	2.13934	2.199	-0.0207127	-1.18675	4	4.01137
-0.525601	2.14326	2.20677	-0.00701492	-0.401926	4	4.00161
-0.560925	2.02022	2.09665	-0.0303446	-1.73862	4	4.00025
-0.574468	2.17501	2.2496	0.0126078	0.722374	4	4.00001
-0.61817	1.94087	2.03693	-0.0501184	-2.87157	4	4
-0.606045	1.91876	2.0122	0.00240827	0.137984	4	4
-0.415874	1.97263	2.01599	0.098156	5.62392	4	4
-0.772436	2.1612	2.29509	-0.135482	-7.76253	4	4
-0.581322	2.02433	2.10614	0.063618	3.64504	4	4
-0.582084	1.82832	1.91874	-0.0285817	-1.63761	4	4
-0.40785	1.88641	1.92999	0.0952976	5.46015	4	4
-0.336577	1.94139	1.97035	0.0412647	2.36429	4	4
-0.420053	1.64056	1.69348	-0.0789951	-4.52609	4	4
-0.49863	1.80416	1.8718	-0.0189891	-1.08799	4	4
-0.57132	1.80298	1.89133	-0.0372195	-2.13252	4	4
-0.356905	1.90988	1.94294	0.122124	6.99718	4	4
-0.366583	1.97458	2.00832	0.00118107	0.0676702	4	4
-0.240337	2.00834	2.02267	0.0644581	3.69318	4	4
-0.141817	1.95209	1.95723	0.0465816	2.66893	4	4
-0.238211	1.97423	1.98855	-0.0475583	-2.72489	4	4
-0.222464	1.94714	1.95981	0.00632185	0.362216	4	4
-0.185929	2.08566	2.09393	0.0248469	1.42362	4	4
-0.339768	2.00502	2.0336	-0.0789533	-4.52369	4	4
-0.103272	1.79318	1.79615	0.110336	6.3218	4	4
-0.116642	1.8677	1.87134	-0.00484292	-0.277479	4	4
-0.0800991	1.95888	1.96052	0.0215037	1.23207	4	4
-0.0955682	1.84164	1.84412	-0.010979	-0.629049	4	4
0.0512779	1.98569	1.98635	0.0776644	4.44984	4	4
0.130553	1.91865	1.92309	0.0421215	2.41338	4	4
0.16262	1.56745	1.57586	0.035439	2.03051	4	4
0.158396	1.83459	1.84142	-0.0172536	-0.988557	4	4
0.0132805	1.83976	1.83981	-0.0789064	-4.52101	4	4.00001
-0.0529557	1.99639	1.9971	-0.033738	-1.93304	4	4
-0.139079	1.88365	1.88878	-0.0471813	-2.70329	4	4
0.070196	1.87239	1.87371	0.111173	6.36976	4	4
-0.101127	2.06505	2.06752	-0.086404	-4.95059	4	4.00249
-0.0760291	1.85145	1.85301	0.00789	0.452063	4	4.00022
-0.124161	1.98403	1.98791	-0.021457	-1.2294	4	4.00242
-0.121465	1.92283	1.92666	-0.000587407	-0.033656	4	4.00577
-0.211944	2.04598	2.05693	-0.0401362	-2.29963	4	4.02761
-0.0308334	2.10683	2.10705	0.0885883	5.07573	4	4.02626
-0.133891	2.12877	2.13298	-0.0481791	-2.76046	4	4.56009
-0.167955	2.03376	2.04068	-0.0195836	-1.12206	4	4.56262
-0.402219	2.11796	2.15581	-0.105277	-6.03195	4	4.67979
-0.444437	2.02632	2.07448	-0.0282395	-1.618	4	4.32033
-0.517241	2.00736	2.07293	-0.0362726	-2.07826	4	4.39128
-0.733035	2.00642	2.13614	-0.0980927	-5.6203	4	4.42561
-0.721435	1.93113	2.06149	-0.00724835	-0.4153	4	4.0978
-0.734491	1.90257	2.03942	-0.0108977	-0.62439	4	4.15301
-0.67916	1.79373	1.918	0.00647521	0.371002	4	4.23611
-0.754142	1.75214	1.90755	-0.0444954	-2.5494	4	4.40366
-0.794049	1.77275	1.94246	-0.0146773	-0.840948	4	4.26248
-0.840614	1.77405	1.96313	-0.0213787	-1.22491	4	4.26103
-0.885317	1.78693	1.99421	-0.0174933	-1.00229	4	4.21192
-0.925052	1.67767	1.91581	-0.0439153	-2.51616	4	4.22121
-0.942631	1.68846	1.93377	-0.00526643	-0.301744	4	4.14794
-0.974948	1.6856	1.94725	-0.0152082	-0.871366	4	4.19471
-1.2768	1.64856	2.08518	-0.13461	-7.71259	4	4.19999
-1.13035	1.61129	1.96823	0.0472498	2.70721	4	4.00636
-1.15625	1.62053	1.99074	-0.00798546	-0.457533	4	4.01785
-1.21485	1.61748	2.02289	-0.0244602	-1.40146	4	4.00881
-1.21005	1.60695	2.0116	-0.00123327	-0.0706614	4	4.00212
-1.15727	1.57628	1.95549	0.0121243	0.694673	4	4.00067
-0.902776	1.41212	1.67603	0.0644789	3.69437	4	4.00017
-0.996207	1.50478	1.80466	-0.0159642	-0.914682	4	4.00021
-0.924998	1.64414	1.88648	0.0723166	4.14344	4	4.00002
-0.994144	1.67732	1.9498	-0.0225654	-1.2929	4	4.00002
-0.981162	1.79813	2.0484	0.0355301	2.03572	4	4
-0.953476	1.72982	1.9752	-0.00426012	-0.244087	4	4
-0.891226	1.65556	1.8802	0.00992956	0.568922	4	4
-0.819434	1.74204	1.92514	0.0541549	3.10285	4	4
-0.792731	2.06925	2.2159	0.0738255	4.22989	4	4
-0.738779	1.82945	1.97299	-0.0179464	-1.02825	4	4
-0.745623	1.85484	1.9991	0.00158094	0.0905813	4	4
-0.742364	1.85358	1.99671	0.00127863	0.07326	4	4
-0.739492	1.86002	2.00163	0.00252814	0.144852	4	4
-0.752558	1.86266	2.00894	-0.00555846	-0.318476	4	4
-0.523042	2.09467	2.15899	0.139273	7.97977	4	4
-0.561714	2.06016	2.13537	-0.0214876	-1.23115	4	4
-0.675619	1.98748	2.09918	-0.0614972	-3.52353	4	4
-0.618049	2.01788	2.11041	0.030468	1.74569	4	4
-0.648018	1.8854	1.99366	-0.03384	-1.93889	4	4
-0.614708	1.94277	2.0377	0.0246124	1.41019	4	4
-0.619688	1.9228	2.02019	-0.0053318	-0.305489	4	4
-0.683432	1.95351	2.06961	-0.0247667	-1.41903	4	4
-0.637995	1.93766	2.04	0.01846	1.05768	4	4
-0.782852	1.91861	2.07218	-0.06933	-3.97232	4	4
-0.759035	1.75942	1.91617	-0.0198791	-1.13899	4	4
-0.776282	1.79723	1.95772	-0.000438372	-0.0251169	4	4
-0.741452	1.86742	2.00923	0.0297692	1.70565	4	4
-0.804585	1.7494	1.92556	-0.053114	-3.04321	4	4
-0.843118	1.88261	2.06279	0.0100126	0.573681	4	4
-0.854685	1.85058	2.03842	-0.0116016	-0.664725	4	4
-0.718199	1.75306	1.89447	0.0438349	2.51155	4	4
-0.83112	1.89167	2.0662	-0.0251414	-1.44049	4	4
-0.80602	1.65622	1.84193	-0.0389536	-2.23188	4	4
-0.859135	1.72442	1.92659	-0.00929915	-0.532802	4	4
-0.876341	1.8033	2.00496	0.00986262	0.565087	4	4
-1.18339	1.72027	2.088	-0.150207	-8.60623	4	4
-1.66032	1.63045	2.32702	-0.19191	-10.9956	4	4
-1.50076	1.4848	2.11114	0.00373185	0.213819	4	4
-1.43939	1.46462	2.05352	0.0140327	0.804015	4	4
-1.30627	1.28579	1.83292	-0.0165874	-0.950391	4	4
-1.20283	1.28279	1.75851	0.0400549	2.29498	4	4
-1.22032	1.40589	1.86164	0.0383876	2.19945	4	4
-1.54783	1.55806	2.19621	-0.0672476	-3.853	4	4
-1.5274	1.56589	2.18746	0.00914818	0.524152	4.00002	4
-1.43446	1.66685	2.1991	0.0623489	3.57233	4.00066	4
-1.4575	1.42666	2.03953	-0.0854847	-4.89791	4.00057	4
-1.3601	1.46845	2.00156	0.04898	2.80635	4.17174	4
-1.31503	1.51193	2.00381	0.0312473	1.79034	4.21402	4
-1.19028	1.62223	2.01206	0.082856	4.7473	4.36783	4
-1.05682	1.36161	1.72361	-0.0270217	-1.54823	4.19333	4
-0.955175	1.55689	1.82655	0.109731	6.28715	4.58666	4
-1.1328	1.46788	1.85416	-0.106961	-6.12843	4.19641	4
-1.15922	1.59181	1.96918	0.027829	1.59449	4.729	4
-1.01836	1.80141	2.06933	0.114903	6.58347	4.68076	4
-1.10385	1.63132	1.9697	-0.0803622	-4.60441	4.63981	4
-1.10445	1.61011	1.95251	-0.00634459	-0.363518	4.43616	4
-1.11617	1.68286	2.01937	0.0155948	0.893518	4.14722	4
-1.20358	1.51703	1.93649	-0.085055	-4.87329	4.06308	4
-1.06211	1.60964	1.92848	0.0874276	5.00923	4.00016	4
-1.13576	1.70361	2.0475	-0.00474373	-0.271796	4.00162	4
-1.00036	1.78147	2.04312	0.0763507	4.37457	4.00014	4
-1.01486	1.73839	2.01294	-0.0167578	-0.960151	4.00107	4
-1.14505	1.43234	1.83378	-0.145973	-8.36364	4.00006	4
-1.19126	1.50409	1.9187	0.00453916	0.260075	4	4
-1.28346	1.24192	1.78595	-0.131996	-7.5628	4	4
-1.39021	1.37282	1.9538	0.0101546	0.581815	4	4
-1.4133	1.5435	2.09281	0.0502992	2.88193	4	4
-1.37443	1.51568	2.04606	0.00482703	0.276568	4	4
-1.37905	1.60536	2.11635	0.0268514	1.53847	4	4
-1.40824	1.39535	1.98245	-0.0802818	-4.59981	4	4
-1.40199	1.41121	1.98924	0.00787619	0.451273	4	4
-1.55653	1.28898	2.02095	-0.0970272	-5.55925	4	4
-1.54366	1.51604	2.16362	0.0847209	4.85415	4	4
-1.44133	1.27624	1.92516	-0.0516472	-2.95917	4	4
-1.51595	1.11441	1.88149	-0.0908119	-5.20314	4	4
-1.5192	1.24406	1.96358	0.0522446	2.9934	4	4
-1.52415	1.19284	1.93544	-0.0220987	-1.26616	4	4
-1.24048	1.31744	1.80954	0.15142	8.67574	4	4
-1.30976	1.31465	1.85574	-0.0282127	-1.61647	4	4
-1.33423	1.37618	1.91677	0.0136088	0.779726	4	4
-1.49754	1.43691	2.07541	-0.0361339	-2.07032	4	4
-1.45066	1.42748	2.03522	0.0126058	0.722259	4	4
-1.39783	1.45263	2.01595	0.0272779	1.56291	4	4
-1.36165	1.41415	1.96314	-0.000313707	-0.0179741	4	4
-1.37406	1.42719	1.98114	5.32948e-05	0.00305357	4	4
-1.02837	1.50913	1.8262	0.168277	9.64156	4	4
-1.28323	1.64907	2.08952	-0.0631203	-3.61653	4	4
-1.25686	1.62837	2.05701	0.00393617	0.225526	4	4
-1.24422	1.66993	2.08249	0.0169997	0.974008	4	4
-1.22668	1.5663	1.98949	-0.0240546	-1.37823	4	4
-1.24031	1.56895	1.99999	-0.00454958	-0.260672	4	4
-1.20757	1.54388	1.96005	0.00517445	0.296474	4	4
-1.0002	1.54333	1.8391	0.0887463	5.08479	4	4
-1.0669	1.46185	1.80977	-0.0554448	-3.17675	4	4
-1.05147	1.68825	1.98891	0.0734393	4.20776	4	4
-1.1177	1.75567	2.08126	-0.00988455	-0.566343	4	4
-1.05661	1.52484	1.85514	-0.0390519	-2.23751	4	4
-1.04132	1.59006	1.9007	0.0261576	1.49872	4	4
-1.01964	1.58802	1.88719	0.00901941	0.516774	4	4
-0.934149	1.62517	1.87451	0.0491039	2.81344	4	4
-0.752475	1.62041	1.7866	0.086944	4.98152	4	4
-0.769202	1.69697	1.86316	0.00916336	0.525022	4	4
-0.650424	1.80504	1.91865	0.0797241	4.56785	4	4
-0.66353	1.84185	1.95772	7.42917e-05	0.0042566	4	4
-0.785134	1.93754	2.09058	-0.0392195	-2.24711	4	4
-0.722199	1.97314	2.10115	0.0341286	1.95543	4	4
-0.68956	2.0467	2.15974	0.0259011	1.48403	4	4
-0.664093	1.971	2.07987	-1.70511e-05	-0.000976955	4	4
-0.951304	2.04652	2.25682	-0.110139	-6.31052	4	4
-0.866363	1.86271	2.05433	-0.000220948	-0.0126594	4	4
-0.597246	2.00083	2.08807	0.145267	8.3232	4	4
-0.359072	2.182	2.21135	0.126981	7.27545	4	4
-0.345776	2.05469	2.08358	-0.0036251	-0.207703	4	4
-0.328667	1.99359	2.0205	0.00333158	0.190885	4	4
-0.289407	1.98616	2.00713	0.0186985	1.07135	4	4
-0.368119	1.97587	2.00987	-0.0395017	-2.26328	4	4
-0.480534	1.95179	2.01007	-0.0572047	-3.27759	4	4
-0.377425	1.96743	2.00331	0.0518665	2.97173	4	4
-0.227901	1.78386	1.79836	0.0624648	3.57897	4	4
-0.223983	1.78947	1.80343	0.00254897	0.146045	4	4
-0.122237	2.00439	2.00812	0.0636108	3.64463	4	4
-0.121234	1.98831	1.992	1.12322e-05	0.000643558	4.0332	4.04761
-0.27757	2.04166	2.06044	-0.0742269	-4.25289	4.01779	4.04553
-0.283144	1.98887	2.00892	-0.00628925	-0.360348	4.00479	4.04029
-0.248612	1.86604	1.88253	0.00896457	0.513632	4.00129	4.02654
-0.0472697	1.96688	1.96744	0.108421	6.21208	4.00033	4.01313
0.0192661	2.05547	2.05556	0.0334011	1.91374	4.00015	4.00191
-0.0662997	2.10532	2.10637	-0.0408539	-2.34075	4.00003	4.00028
-0.119893	1.89598	1.89977	-0.03167	-1.81456	4	4.00007
-0.135972	1.97181	1.9765	-0.00569769	-0.326453	4	4.00002
-0.116212	2.02971	2.03303	0.0116556	0.667814	4	4
-0.0878728	2.01737	2.01928	0.0136626	0.782811	4	4
-0.119947	1.95937	1.96304	-0.0176102	-1.00899	4	4
0.00785785	1.64998	1.65	0.0659031	3.77597	4	4
-0.0123216	1.70762	1.70766	-0.0119779	-0.686285	4	4
0.0845041	1.75752	1.75955	0.05526	3.16616	4	4
0.0972632	1.89129	1.89379	0.00333714	0.191204	4	4
0.162711	1.67255	1.68045	0.0455966	2.61249	4	4
0.141822	1.88504	1.89037	-0.0218844	-1.25388	4	4
0.240266	1.9096	1.92465	0.0500689	2.86873	4	4
0.20154	1.90442	1.91505	-0.0197274	-1.1303	4	4
0.214349	1.94613	1.9579	0.00426366	0.244289	4	4
0.251046	1.8787	1.8954	0.023142	1.32594	4	4
0.189235	1.98998	1.99896	-0.0380324	-2.1791	4	4
-0.141729	2.06113	2.06599	-0.163463	-9.36576	4	4
-0.199785	1.99654	2.00651	-0.0310784	-1.78066	4	4
-0.224436	2.1735	2.18506	-0.00316223	-0.181182	4	4
-0.160167	2.11056	2.11663	0.0271522	1.55571	4	4
-0.152711	2.02169	2.02745	0.000350327	0.0200722	4	4
-0.163899	2.04946	2.05601	-0.00440906	-0.25262	4	4
0.135619	1.76661	1.77181	0.156419	8.96218	4	4
0.228395	1.93598	1.94941	0.0408137	2.33846	4	4
0.212031	1.98342	1.99472	-0.0109338	-0.626461	4	4
0.208721	2.03428	2.04496	-0.00425354	-0.24371	4	4
0.246228	2.07927	2.0938	0.0156275	0.89539	4	4
0.221112	1.96653	1.97892	-0.005904	-0.338274	4	4
0.438284	1.89639	1.94638	0.11516	6.59816	4	4
0.6524	1.86136	1.97238	0.10999	6.30199	4	4
0.732148	1.7011	1.85197	0.0693153	3.97147	4	4
0.815543	1.71302	1.89725	0.0379003	2.17153	4.00006	4
0.886546	1.73974	1.95261	0.0269529	1.54429	4.00431	4
1.06664	1.92658	2.20214	0.0343504	1.96813	4.08502	4
1.11236	2.02804	2.31307	-0.00395342	-0.226514	4.42359	4
1.22602	1.78754	2.16758	0.0994975	5.70079	4.33594	4
1.52732	1.50544	2.14454	0.191432	10.9682	4.07033	4
1.48937	1.3492	2.00962	0.0421257	2.41363	4.02316	4.02091
1.49319	1.44525	2.07807	-0.0330257	-1.89224	4.00082	4.49568
1.41522	1.46738	2.03864	-0.0344037	-1.97119	4	4.47852
1.3215	1.49156	1.99276	-0.0422905	-2.42307	4	4.14107
1.12875	1.56703	1.93123	-0.100787	-5.77467	4	4.02005
0.983365	1.58085	1.86175	-0.0677574	-3.88221	4	4.01617
0.950841	1.61521	1.8743	-0.0244189	-1.3991	4	4.00623
1.00283	1.52734	1.82714	0.0489345	2.80374	4	4.00036
0.999382	1.53997	1.83583	-0.00534398	-0.306187	4	4
0.855671	1.51618	1.74097	-0.0618437	-3.54339	4	4
0.908471	1.4366	1.69975	0.0500842	2.86961	4	4
0.932485	1.48852	1.75648	-0.00424236	-0.243069	4	4
0.859844	1.38174	1.62744	-0.00299555	-0.171633	4	4
0.929964	1.39593	1.67734	0.0310281	1.77778	4	4
1.19936	1.54242	1.95385	0.0732463	4.19671	4	4
1.17673	1.54488	1.942	-0.00997488	-0.571519	4	4
1.28175	1.63451	2.07714	0.0140722	0.806279	4	4
1.27068	1.58444	2.03103	0.0109242	0.625911	4	4
1.27177	1.52444	1.98527	0.0193348	1.1078	4	4
1.18552	1.54734	1.94929	-0.0415112	-2.37842	4	4
1.12097	1.48616	1.86152	-0.00753983	-0.432001	4	4
1.16324	1.54941	1.93748	-0.00224005	-0.128345	4	4
1.2154	1.41684	1.86672	0.0650299	3.72594	4	4
1.24741	1.60355	2.0316	-0.0478932	-2.74408	4	4
1.37162	1.65358	2.14841	0.0313392	1.79561	4	4
1.39841	1.71574	2.21344	-0.00861378	-0.493533	4	4
1.54403	1.23334	1.97614	0.212949	12.2011	4	4
1.54772	1.25141	1.99034	-0.00593221	-0.339891	4	4
1.55892	1.28769	2.02197	-0.0104734	-0.600081	4	4
1.53868	1.27673	1.99939	-0.0022191	-0.127145	4	4
1.61214	1.30171	2.07206	0.0133603	0.765489	4	4
1.56847	1.24875	2.00486	0.00686925	0.393579	4	4
1.62765	1.24456	2.04895	0.0195907	1.12246	4	4
1.63228	1.1289	1.98463	0.0477308	2.73477	4	4
1.70049	1.07443	2.01148	0.0415717	2.38188	4	4
1.63083	1.09243	1.96291	-0.0267099	-1.53036	4.00001	4
1.65671	1.09491	1.98583	0.00621217	0.355931	4.00008	4
1.56543	1.11712	1.92315	-0.0358094	-2.05173	4.00028	4
1.69	0.952799	1.94008	0.106441	6.09862	4.00043	4
1.52883	0.631288	1.65404	0.121769	6.97687	4.00169	4
1.77783	0.848288	1.96984	-0.0536026	-3.0712	4.00533	4
1.86365	0.843498	2.04565	0.0201812	1.1563	4.00516	4
1.93652	0.709472	2.06239	0.0738396	4.23069	4.00568	4
1.79157	0.601253	1.88977	0.027388	1.56922	4.00958	4
1.80679	0.487125	1.8713	0.0604437	3.46317	4.00986	4
1.92694	0.484767	1.98698	0.0168874	0.967578	4.01406	4
1.94675	0.500859	2.01015	-0.00535841	-0.307014	4.01332	4
1.986	0.490451	2.04567	0.00970796	0.556225	4.01021	4
1.95746	0.474319	2.01411	0.00437874	0.250883	4.00941	4
1.99409	0.479804	2.05101	0.00160685	0.0920658	4.00878	4
1.97629	0.458203	2.02871	0.00829961	0.475533	4.00862	4
1.96606	0.468019	2.021	-0.00587537	-0.336634	4.00992	4
2.07333	0.314986	2.09712	0.0829298	4.75153	4.01081	4
2.13046	0.350906	2.15917	-0.012473	-0.714649	4.02498	4
2.24822	0.454547	2.29371	-0.0362488	-2.0769	4.03011	4
2.23505	0.22566	2.24642	0.0988687	5.66476	4.03128	4
2.27219	0.165874	2.27824	0.0277504	1.58998	4.06142	4
2.02758	0.27888	2.04667	-0.063813	-3.65622	4.07998	4
2.09305	0.15767	2.09898	0.0614973	3.52354	4.07787	4
2.03651	0.146287	2.04176	0.00347929	0.199349	4.09225	4
2.05897	0.147783	2.06426	5.65626e-05	0.0032408	4.0933	4
1.90004	0.177642	1.90832	-0.0215705	-1.2359	4.09005	4
2.17939	0.228169	2.1913	-0.0110909	-0.635462	4.08725	4
2.088	0.219825	2.09954	-0.000579918	-0.0332269	4.08195	4
2.35234	0.275587	2.36843	-0.0117292	-0.672034	4.07327	4
2.21618	0.143558	2.22082	0.0519361	2.97572	4.06464	4
2.20708	0.209305	2.21699	-0.0298637	-1.71106	4.04206	4
2.32873	0.0713884	2.32982	0.0639046	3.66146	4.03667	4
2.24051	0.137486	2.24473	-0.0306409	-1.7556	4.01808	4
2.17288	0.0542175	2.17355	0.0363401	2.08213	4.01513	4.00001
2.10374	0.0641514	2.10472	-0.00553769	-0.317286	4.00891	4.00012
1.96599	0.271825	1.9847	-0.106908	-6.12536	4.00894	4.00064
1.98279	0.273607	2.00158	0.000266988	0.0152973	4.02996	4.00122
1.98929	0.235544	2.00319	0.0192679	1.10397	4.05141	4.0045
1.93118	0.0243927	1.93133	0.105227	6.02906	4.08656	4.01455
2.00775	-0.0686674	2.00892	0.0468182	2.68249	4.09549	4.04704
1.96018	0.121101	1.96392	-0.09589	-5.49409	4.15564	4.09252
1.90326	0.112883	1.9066	0.00246129	0.141021	4.38045	4.11399
1.8755	0.0433995	1.876	0.0361047	2.06865	4.54126	4.1588
1.95011	-0.0176517	1.95019	0.0321875	1.84421	4.64257	4.21744
1.97644	-0.0645486	1.9775	0.0235959	1.35195	4.71413	4.28988
1.97009	-0.113853	1.97338	0.025079	1.43692	4.7424	4.38224
1.85873	-0.0178713	1.85882	-0.0481119	-2.75661	4.72819	4.49584
1.89364	0.0574193	1.89451	-0.0399274	-2.28767	4.74938	4.53796
1.8603	-0.164912	1.86759	0.11873	6.80272	6.45224	4.57472
1.85992	-0.481424	1.92122	0.164865	9.44609	7.97451	4.76555
1.79892	-0.230041	1.81357	-0.126095	-7.22472	8.08509	10.6294
1.88727	-0.121776	1.89119	-0.0627515	-3.5954	7.37926	9.63563
1.93379	-0.0709652	1.93509	-0.0277545	-1.59022	6.24669	7.61532
1.96164	0.0572656	1.96248	-0.0658655	-3.77381	5.57974	7.08093
1.83913	0.277397	1.85994	-0.120517	-6.90514	4.95038	5.99845
1.81755	0.561761	1.90238	-0.150061	-8.59786	4.60325	5.7778
1.79717	0.721173	1.93647	-0.0818481	-4.68955	4.48561	6.12918
1.75038	0.800519	1.92475	-0.0473311	-2.71187	4.4688	5.63162
1.75872	0.915538	1.98276	-0.0510254	-2.92354	4.48759	4.8407
1.77551	0.842888	1.96543	0.0367398	2.10504	4.53412	4.37487
1.75548	0.931228	1.98719	-0.0444963	-2.54945	4.58336	4.03977
1.77794	0.906098	1.99551	0.0163981	0.939544	4.68016	4.01785
1.72076	0.815159	1.90407	0.0289215	1.65708	4.75667	4.00465
1.85669	0.761355	2.00673	0.053255	3.05129	4.81633	4.0014
2.03638	0.674415	2.14515	0.0693342	3.97256	4.83904	4.00032
2.09304	0.557822	2.16609	0.0593559	3.40084	4.80843	4.00004
2.1651	0.507988	2.2239	0.0300025	1.71902	4.74131	4.00001
2.05369	0.167495	2.06051	0.149079	8.54158	4.66639	4.00002
2.07172	0.00549097	2.07172	0.0787276	4.51076	4.41192	4.00128
2.08939	-0.0314059	2.08963	0.0176804	1.01301	4.25614	4.01773
2.09973	-0.139232	2.10434	0.0511825	2.93254	4.14949	4.06904
1.89135	-0.333566	1.92054	0.108356	6.20833	4.07172	4.27492
1.94631	-0.275879	1.96577	-0.0337621	-1.93443	4.03275	4.80763
2.08752	-0.165882	2.0941	-0.0615092	-3.52422	4.01188	4.93508
2.02903	-0.115037	2.03229	-0.0226619	-1.29843	4.00354	4.97028
2.01421	-0.00393111	2.01421	-0.0546834	-3.13313	4.00101	5.00802
2.05721	0.102346	2.05975	-0.0516606	-2.95994	4.00027	4.98764
1.97945	0.232725	1.99309	-0.067324	-3.85738	4.00007	4.95962
2.11956	0.213121	2.13025	0.0168202	0.963725	4.00002	4.93663
1.98711	0.198922	1.99704	0.000438813	0.0251421	4	4.88005
1.90842	0.667464	2.02177	-0.236676	-13.5605	4	4.8092
1.81543	0.581022	1.90614	0.0267052	1.53009	4	4.89449
1.88538	0.709444	2.01444	-0.050153	-2.87356	4	4.91505
2.07356	0.923844	2.27005	-0.0592365	-3.394	4	4.93362
1.97445	0.893035	2.16702	-0.00562711	-0.32241	4	4.95978
1.68751	0.998216	1.96064	-0.109408	-6.26864	4	4.99159
1.90543	1.00297	2.15328	0.0496431	2.84434	4	4.9984
1.79362	1.06519	2.08607	-0.0513781	-2.94375	4	5.02223
1.71625	1.00668	1.9897	0.00542823	0.311014	4	5.03817
1.62141	0.970786	1.88981	-0.00900785	-0.516112	4	4.98034
1.61549	1.07797	1.94212	-0.0489364	-2.80385	4	4.9069
1.58989	1.14318	1.95822	-0.0349622	-2.00319	4	4.91861
1.80669	1.30677	2.22974	-0.00280603	-0.160774	4	4.90159
1.75543	1.31333	2.19234	-0.0161283	-0.924083	4	4.77141
1.19263	1.38792	1.82994	-0.218613	-12.5256	4	4.66514
1.30222	1.29878	1.83919	0.0768561	4.40353	4	5.10054
1.19587	1.44814	1.87809	-0.0964472	-5.52602	4	4.91135
1.00325	1.70316	1.97668	-0.157945	-9.04959	4	5.05209
0.84929	1.72513	1.92286	-0.0748579	-4.28904	4	5.12556
0.760735	1.78913	1.94415	-0.0554333	-3.1761	4	5.05936
0.692303	1.91946	2.0405	-0.0558851	-3.20198	4	4.96665
0.8047	1.92291	2.08449	0.0501829	2.87527	4	4.84268
0.67314	1.96037	2.07272	-0.0655759	-3.75722	4	4.87512
0.408002	1.98947	2.03087	-0.128484	-7.36159	4	4.73627
0.122352	1.93275	1.93662	-0.139056	-7.96731	4.00007	4.49996
0.0732242	1.96432	1.96568	-0.0259605	-1.48743	4.00195	4.29681
-0.0791976	2.1269	2.12838	-0.0744789	-4.26732	4.00763	4.20945
0.0446631	2.18381	2.18427	0.057668	3.30413	4.05118	4.11687
0.0983271	1.8891	1.89166	0.0315538	1.8079	4.06361	4.08301
0.110151	1.94683	1.94995	0.00451662	0.258783	4.08799	4.05884
0.122733	1.96062	1.96446	0.0059982	0.343672	4.14823	4.03601
0.089199	1.84076	1.84292	-0.0140978	-0.807747	4.22499	4.02059
0.235921	1.96413	1.97825	0.071122	4.07499	4.34388	4.01037
0.453746	1.90154	1.95492	0.114699	6.57176	4.32248	4.00715
0.440079	1.95424	2.00318	-0.0127439	-0.730172	4.22208	4.00767
0.495702	1.94768	2.00978	0.0277207	1.58828	4.31029	4.00399
0.530678	1.98383	2.05359	0.0121639	0.69694	4.33847	4.00269
0.41005	1.8884	1.93241	-0.0475594	-2.72495	4.39081	4.00166
0.343455	2.0211	2.05008	-0.0454958	-2.60672	4.55662	4.00064
0.422398	1.97306	2.01777	0.042573	2.43926	4.74105	4.00023
0.637182	1.77746	1.88821	0.13331	7.6381	4.75294	4.00018
0.683682	1.65821	1.79362	0.0468561	2.68466	4.55394	4.00047
0.718237	1.85548	1.98964	-0.0217373	-1.24546	4.50338	4.0007
0.78671	1.81954	1.98233	0.0387674	2.22121	4.58709	4.00056
0.617658	1.87168	1.97096	-0.0893459	-5.11914	4.547	4.0008
0.781511	1.74096	1.90832	0.103187	5.91218	4.76907	4.00051
0.830286	1.90341	2.07662	-0.0106096	-0.607886	4.59315	4.00107
1.11032	1.93109	2.22753	0.110487	6.33044	4.62489	4.00139
1.14311	1.93233	2.24513	0.0123822	0.709449	4.4256	4.00314
1.12568	1.85746	2.17194	0.0106483	0.610105	4.37969	4.00476
1.1101	1.74781	2.07054	0.0210107	1.20383	4.33544	4.00706
1.06698	1.85486	2.13985	-0.0438425	-2.51199	4.28218	4.01056
0.927169	1.77939	2.00646	-0.0416604	-2.38696	4.29854	4.01264
0.978654	1.81448	2.06158	0.0142835	0.818384	4.32611	4.01541
0.786954	1.66283	1.83964	-0.0526062	-3.01411	4.28973	4.0209
0.928551	1.77784	2.00573	0.0392909	2.25121	4.34013	4.02447
0.963661	1.71867	1.9704	0.0297027	1.70184	4.27425	4.03304
0.997262	1.74916	2.01348	0.00714873	0.409592	4.22141	4.04422
1.02629	1.49898	1.81665	0.082185	4.70885	4.19028	4.05654
1.08679	1.56798	1.9078	0.00573483	0.328581	4.11908	4.0855
1.03086	1.62683	1.92594	-0.0412888	-2.36567	4.09537	4.10571
1.0766	1.65103	1.97103	0.0130306	0.746598	4.08824	4.10936
1.08649	1.70192	2.01915	-0.00966329	-0.553666	4.06899	4.12566
0.75236	1.56735	1.73857	-0.120635	-6.91187	4.0578	4.12787
0.86955	1.74922	1.95343	0.0137956	0.790432	4.07478	4.08547
0.909674	1.85585	2.0668	-0.00558108	-0.319772	4.0643	4.0756
0.895231	1.93032	2.12781	-0.0215009	-1.23191	4.06322	4.05791
0.777849	1.83509	1.99314	-0.0333325	-1.90981	4.07397	4.03799
0.556405	1.83273	1.91533	-0.106167	-6.08293	4.10199	4.02212
0.588529	1.9182	2.00645	0.00294669	0.168833	4.23067	4.00888
0.592747	1.90515	1.99523	0.0039387	0.225671	4.27247	4.00434
0.617087	1.92535	2.02182	0.0085272	0.488573	4.30492	4.00211
0.497325	1.89914	1.96318	-0.0540445	-3.09652	4.32009	4.00109
0.291263	1.90931	1.9314	-0.104736	-6.00092	4.41266	4.00038
0.431703	1.81744	1.86801	0.0818289	4.68845	4.57184	4.00008
0.564684	1.95521	2.03512	0.0479482	2.74723	4.48396	4.00006
0.486162	2.0039	2.06203	-0.0431503	-2.47233	4.44049	4.00008
0.489841	2.00894	2.0678	0.0011543	0.0661366	4.48313	4.00017
0.473352	1.97232	2.02833	-0.00362069	-0.20745	4.48296	4.00201
0.479684	1.82261	1.88468	0.0218068	1.24944	4.48181	4.01812
0.425812	1.91529	1.96205	-0.0385842	-2.21071	4.47403	4.08239
0.621774	1.84643	1.94831	0.106052	6.07633	4.48009	4.17877
0.791528	1.89847	2.05687	0.0701974	4.02201	4.4653	4.20039
0.785022	1.99333	2.14234	-0.0198432	-1.13693	4.45046	4.08917
0.811332	1.69946	1.8832	0.0702376	4.02432	4.47966	4.02016
0.694105	1.68754	1.82471	-0.0551882	-3.16205	4.45891	4.00214
0.829801	1.69012	1.88284	0.066178	3.79172	4.60447	4.00026
1.038	1.74582	2.0311	0.0800137	4.58445	4.59023	4.00004
1.13361	1.8445	2.16501	0.0146649	0.840235	4.51268	4.00018
1.12665	1.81808	2.13887	0.00369579	0.211753	4.59121	4.00058
1.16183	1.71582	2.07217	0.0404389	2.31698	4.71788	4.00149
1.20722	1.68738	2.07476	0.0258007	1.47827	4.67357	4.00562
1.16867	1.50311	1.90398	0.0398576	2.28367	4.61982	4.01503
1.28656	1.55615	2.01912	0.0299759	1.71749	4.51146	4.03726
1.15167	1.6439	2.00718	-0.0797353	-4.56849	4.4031	4.07435
1.32971	1.83619	2.2671	0.0156534	0.896875	4.17246	4.0642
0.916493	1.77473	1.9974	-0.150072	-8.59852	4.06653	4.10361
0.826515	1.72748	1.91503	-0.0304316	-1.7436	4.01076	4.05553
0.853356	1.77547	1.96991	0.00177606	0.101761	4.00541	4.05821
0.850533	1.79099	1.98269	-0.00467315	-0.267752	4.00234	4.07457
0.851406	1.79298	1.98486	-3.28277e-05	-0.00188089	4.00099	4.09327
0.843191	1.80705	1.9941	-0.00674903	-0.386691	4.00039	4.12396
0.769454	1.92524	2.07331	-0.0563623	-3.22932	4.00016	4.16507
0.600851	1.52839	1.64225	-0.00565122	-0.323791	4.00011	4.16652
0.623128	1.75692	1.86415	-0.0337382	-1.93306	4.00007	4.21474
0.540247	1.8185	1.89705	-0.0520502	-2.98226	4.00005	4.24208
0.4107	1.90313	1.94694	-0.0762362	-4.36801	4.00006	4.241
0.424605	1.99944	2.04403	-0.00328966	-0.188484	4.0001	4.19846
0.258321	2.09839	2.11423	-0.0867654	-4.97129	4.00007	4.26007
0.244011	2.04863	2.06311	-0.00393753	-0.225604	4.00015	4.1934
0.281128	2.05244	2.07161	0.017575	1.00697	4.00012	4.23649
0.290873	2.07396	2.09425	0.00321582	0.184253	4.00007	4.31537
0.252234	2.03525	2.05082	-0.0160378	-0.918897	4.00005	4.36726
0.281075	1.97803	1.9979	0.0178499	1.02273	4.00005	4.37657
0.291637	1.90962	1.93176	0.0103954	0.595615	4.00003	4.40739
0.190573	1.88716	1.89676	-0.0509061	-2.9167	4.00002	4.40398
0.144572	1.99557	2.0008	-0.028323	-1.62279	4.00003	4.36017
0.0923531	2.01086	2.01298	-0.026425	-1.51404	4.00005	4.32416
-0.223937	2.12229	2.13407	-0.151022	-8.65294	4.00008	4.28836
-0.377427	2.12604	2.15928	-0.070568	-4.04325	4.00136	4.23075
-0.295638	2.09124	2.11203	0.0352562	2.02003	4.0062	4.19118
-0.320763	1.90924	1.93599	-0.0260119	-1.49037	4.00614	4.17227
-0.261048	1.92537	1.94298	0.0316898	1.81569	4.01256	4.14669
-0.237824	1.93207	1.94666	0.012285	0.703881	4.01266	4.11866
-0.113168	1.86358	1.86702	0.0618248	3.5423	4.01556	4.09174
-0.148941	1.94079	1.9465	-0.0159404	-0.913316	4.01059	4.0682
-0.22334	2.15515	2.16669	-0.0266702	-1.52809	4.01624	4.05165
-0.229576	1.76015	1.77506	-0.0264356	-1.51465	4.02779	4.0363
-0.109074	1.9158	1.9189	0.0728251	4.17257	4.04341	4.02598
-0.140776	1.75557	1.76121	-0.0231437	-1.32604	4.0298	4.02197
-0.0160756	1.89756	1.89762	0.071545	4.09922	4.04283	4.01535
0.052841	1.9362	1.93692	0.0357559	2.04866	4.03005	4.01712
0.252433	1.89529	1.91203	0.105126	6.02326	4.02709	4.01773
0.388223	2.05699	2.09331	0.0541293	3.10138	4.01347	4.03097
0.373895	1.97906	2.01406	0.000185592	0.0106336	4.00931	4.04042
0.600997	1.84333	1.93883	0.128445	7.35938	4.00983	4.03785
0.959327	2.01341	2.23027	0.129476	7.41843	4.00319	4.0857
0.865252	1.91969	2.10568	-0.0211901	-1.2141	4.00075	4.20897
0.832703	1.94736	2.11792	-0.0193796	-1.11037	4.0006	4.22948
0.536637	1.8098	1.88769	-0.115819	-6.63591	4.00045	4.25247
0.501435	1.75708	1.82723	-0.0102683	-0.58833	4.00093	4.15786
0.644215	1.7785	1.89158	0.0695325	3.98392	4.0008	4.16426
0.523909	1.88033	1.95195	-0.0757881	-4.34234	4.0003	4.267
0.430258	1.87081	1.91965	-0.0456806	-2.61731	4.00041	4.20291
0.456092	1.90243	1.95633	0.00924772	0.529855	4.00047	4.16726
0.248985	2.0663	2.08125	-0.115382	-6.61089	4.00031	4.18457
0.268885	2.04746	2.06504	0.0106592	0.610724	4.00075	4.08824
0.226543	1.99331	2.00614	-0.0174128	-0.99768	4.00053	4.08696
0.146473	1.95163	1.95712	-0.038255	-2.19185	4.0005	4.06946
0.113079	1.92121	1.92453	-0.0161204	-0.923633	4.00062	4.04551
0.0180574	2.10072	2.1008	-0.0501949	-2.87596	4.00066	4.03384
0.0019232	2.03786	2.03786	-0.00765189	-0.438421	4.00116	4.01791
3.42775e-05	2.04371	2.04371	-0.000926962	-0.053111	4.00134	4.01353
-0.0416155	2.02597	2.0264	-0.0205549	-1.17771	4.00145	4.0116
-0.0695911	2.04555	2.04673	-0.0134696	-0.771749	4.00199	4.00852
-0.0902117	2.01249	2.01451	-0.0107882	-0.61812	4.00253	4.00678
-0.0801913	2.1377	2.1392	0.00730057	0.418292	4.00309	4.00555
-0.0470259	1.96198	1.96254	0.0135313	0.775287	4.00297	4.00548
-0.097381	1.90088	1.90337	-0.0272207	-1.55963	4.00252	4.0059
-0.0480851	1.99678	1.99735	0.0271079	1.55317	4.00336	4.00398
-0.0492202	1.99559	1.9962	-0.000582768	-0.0333902	4.00236	4.00492
-0.169414	2.00626	2.0134	-0.0595833	-3.41387	4.00218	4.00458
-0.401928	1.93671	1.97797	-0.120384	-6.89751	4.00404	4.00197
-0.400701	1.95358	1.99425	0.00232227	0.133056	4.01561	4.00032
-0.517891	2.12483	2.18703	-0.0367664	-2.10656	4.01771	4.00019
-0.514289	2.01314	2.07779	-0.011046	-0.632888	4.02957	4.00006
-0.496241	1.97204	2.03351	0.00359677	0.20608	4.03875	4.00002
-0.483947	1.95973	2.0186	0.00441866	0.253171	4.04474	4.00001
-0.703918	1.97545	2.09711	-0.100205	-5.7413	4.05167	4.00001
-0.711346	1.93916	2.06552	-0.00928434	-0.531953	4.13485	4
-0.667675	1.93396	2.04597	0.0191658	1.09812	4.17944	4
-0.455354	1.51443	1.58141	0.0403471	2.31172	4.19623	4
-0.483438	1.74414	1.8099	0.0216878	1.24262	4.1807	4
-0.596166	1.91447	2.00515	-0.0314921	-1.80437	4.18185	4.00001
-0.637413	1.87759	1.98284	-0.0253943	-1.45499	4.23318	4
-0.446759	1.71947	1.77656	0.0730743	4.18685	4.27891	4
-0.505859	1.84492	1.91302	-0.0134109	-0.768386	4.22856	4.00002
-0.595182	1.97329	2.0611	-0.0253279	-1.45118	4.25175	4.00002
-0.674867	1.83949	1.95938	-0.0586892	-3.36265	4.28521	4.00002
-0.644987	1.86958	1.97771	0.0194253	1.11299	4.33851	4.00001
-0.747079	2.15188	2.27788	-0.0019511	-0.11179	4.34076	4.00001
-0.525192	2.29771	2.35697	0.109444	6.2707	4.35735	4.00001
-0.17961	1.97644	1.98459	0.134085	7.68251	4.29916	4.00004
-0.117039	1.89129	1.89491	0.0288221	1.65138	4.18624	4.00046
-0.204896	1.90855	1.91951	-0.0451431	-2.58651	4.14868	4.00101
-0.204655	1.80465	1.81622	-0.00597447	-0.342312	4.15756	4.00074
-0.143565	2.00942	2.01454	0.0415971	2.38334	4.14066	4.00087
-0.196789	1.85789	1.86829	-0.0342021	-1.95964	4.09495	4.00199
-0.170278	2.06308	2.07009	0.0231778	1.32799	4.09016	4.00159
-0.129174	2.07747	2.08149	0.0202507	1.16028	4.06298	4.00256
0.175582	2.2051	2.21208	0.141556	8.11056	4.04288	4.00392
0.254422	1.85999	1.87731	0.0564858	3.2364	4.01176	4.0232
0.236989	1.85623	1.8713	-0.00895809	-0.513261	4.00485	4.05125
0.444698	1.94141	1.99169	0.0981901	5.62588	4.00284	4.06634
0.408877	1.90021	1.9437	-0.0132316	-0.758112	4.00073	4.16785
0.267908	2.04664	2.0641	-0.0817828	-4.68581	4.00035	4.2095
0.252606	2.17747	2.19207	-0.014668	-0.840412	4.00032	4.1911
0.342788	1.79764	1.83003	0.0729332	4.17877	4.00018	4.23011
0.357036	1.87465	1.90835	-0.000225681	-0.0129306	4.00005	4.32126
0.27113	1.91833	1.93739	-0.0477937	-2.73838	4.00002	4.33766
0.394713	1.78027	1.8235	0.0777787	4.45639	4.00001	4.3338
0.23831	1.99594	2.01012	-0.0993508	-5.69238	4	4.29226
0.101186	1.89742	1.90011	-0.0655569	-3.75614	4	4.29961
0.107192	1.78985	1.79305	0.00653999	0.374714	4	4.29515
0.0809748	1.86528	1.86704	-0.0164334	-0.941562	4	4.2543
-0.0587356	1.93318	1.93407	-0.0737579	-4.22601	4	4.21943
0.0399612	1.98208	1.98248	0.0505321	2.89528	4	4.21977
0.0132921	2.14636	2.1464	-0.0139657	-0.800177	4	4.14746
0.322507	2.26435	2.2872	0.135284	7.75119	4	4.11551
0.275571	1.97916	1.99825	-0.00312971	-0.179319	4	4.07473
0.316737	2.02805	2.05263	0.0165799	0.949957	4	4.06964
0.399875	2.14766	2.18457	0.0291559	1.67051	4	4.06774
0.380423	2.05311	2.08805	-0.000868855	-0.0497817	4	4.06449
0.389458	2.0022	2.03973	0.00890197	0.510045	4	4.06037
0.409982	2.13418	2.1732	-0.00232512	-0.133219	4	4.05304
0.348304	1.95431	1.98511	-0.0134193	-0.768871	4	4.04563
0.184635	1.91653	1.92541	-0.0803296	-4.60255	4	4.04089
0.195219	1.99384	2.00338	0.00155833	0.0892856	4	4.04857
0.241446	1.92359	1.93868	0.0272654	1.56219	4	4.04389
0.203089	2.04278	2.05285	-0.0257731	-1.47669	4	4.03561
0.216657	2.07508	2.08636	0.00493971	0.283025	4	4.03594
0.273681	2.01103	2.02957	0.0312268	1.78916	4	4.03236
0.406106	1.8846	1.92786	0.076982	4.41074	4	4.02525
0.367367	1.8477	1.88387	-0.0159769	-0.915407	4	4.01296
0.32406	2.15511	2.17933	-0.0470136	-2.69368	4	4.01187
0.277346	2.1385	2.15641	-0.0202785	-1.16187	4	4.01388
0.485634	1.86846	1.93054	0.125313	7.17988	4	4.01358
0.409834	2.06219	2.10252	-0.0581032	-3.32907	4	4.00308
0.375415	2.05182	2.08588	-0.0152166	-0.871848	4	4.00381
0.42802	2.0346	2.07913	0.0263828	1.51162	4	4.00287
0.376247	1.8672	1.90473	-0.00850653	-0.487388	4	4.00111
0.328428	1.65642	1.68867	-0.00310372	-0.17783	4	4.00059
0.40291	1.64495	1.69358	0.0444708	2.54799	4	4.00027
0.463182	1.98956	2.04276	-0.0114756	-0.657502	4	4.00004
0.45479	1.9673	2.01919	-0.00154899	-0.0887503	4	4.00001
0.450656	1.96194	2.01303	-0.00140069	-0.0802538	4	4
0.305075	1.93354	1.95746	-0.0692926	-3.97018	4	4
0.341549	2.00393	2.03283	0.0123275	0.706314	4	4
0.111528	2.0875	2.09047	-0.115442	-6.61432	4	4
0.0493922	2.00328	2.00389	-0.0287253	-1.64584	4	4.00073
0.12566	2.03845	2.04232	0.0369163	2.11515	4	4.00115
0.185359	2.17338	2.18127	0.0235131	1.3472	4	4.00101
0.170833	2.15568	2.16244	-0.00599753	-0.343633	4	4.001
0.161051	2.07622	2.08246	-0.00166816	-0.0955787	4	4.00135
0.12674	2.04123	2.04516	-0.0154037	-0.882567	4	4.00176
0.113286	1.86267	1.86611	-0.00126646	-0.0725631	4	4.00261
0.273365	1.96576	1.98468	0.0774327	4.43657	4	4.00338
0.122488	1.99368	1.99744	-0.076816	-4.40124	4	4.00223
0.105723	2.0195	2.02227	-0.00905782	-0.518975	4	4.00511
0.0160786	2.05609	2.05616	-0.0444831	-2.5487	4	4.00714
-0.0218461	2.08997	2.09009	-0.0182723	-1.04692	4	4.01237
0.210254	1.77028	1.78273	0.128667	7.37207	4	4.01835
0.225804	1.84527	1.85903	0.00354937	0.203364	4	4.01262
0.247723	1.91061	1.9266	0.00717331	0.411	4	4.01514
0.302635	2.02327	2.04578	0.0195396	1.11954	4	4.01786
0.515107	2.04675	2.11057	0.0980739	5.61922	4	4.01981
0.485633	2.03839	2.09544	-0.0126674	-0.725789	4	4.01321
0.479402	1.93392	1.99246	0.00910962	0.521943	4	4.01507
0.401811	1.85977	1.90268	-0.0302094	-1.73087	4	4.01424
0.167822	1.94885	1.95607	-0.126882	-7.2698	4	4.01684
0.135501	1.97262	1.97726	-0.017318	-0.992247	4	4.03268
-0.121316	1.88028	1.88419	-0.133014	-7.62117	4	4.03659
-0.257991	1.94624	1.96327	-0.0673591	-3.85939	4	4.05374
-0.140718	2.01401	2.01892	0.0620336	3.55426	4	4.05966
-0.210931	1.92482	1.93634	-0.0393929	-2.25705	4	4.05927
-0.374959	2.1412	2.17378	-0.0642088	-3.67889	4	4.06051
-0.351295	2.05492	2.08473	0.00404125	0.231546	4	4.05564
-0.367027	1.99675	2.0302	-0.012466	-0.714248	4	4.0514
-0.48037	2.24847	2.29921	-0.0286957	-1.64414	4	4.04392
-0.567811	1.94754	2.02862	-0.0732114	-4.1947	4	4.03228
-0.551013	1.83179	1.91287	-0.00850525	-0.487315	4	4.01873
-0.613046	1.71018	1.81674	-0.052003	-2.97955	4	4.01457
-0.648779	1.82895	1.94061	0.00331755	0.190082	4.00002	4.0299
-0.708789	2.07435	2.1921	0.0116258	0.666107	4.00005	4.71385
-0.921761	1.87249	2.08707	-0.128185	-7.34447	4.00011	6.30942
-1.03333	1.72047	2.00694	-0.0834257	-4.77994	4.03569	5.43053
-0.844265	1.70822	1.90546	0.0818395	4.68906	4.69221	4.44564
-1.09773	1.84476	2.14666	-0.0777483	-4.45465	4.65044	4.00246
-0.753293	1.80993	1.96043	0.14238	8.15779	5.61054	4.00024
-0.568994	2.07559	2.15217	0.126832	7.26692	5.21217	4.00011
-0.415772	2.10636	2.147	0.0726792	4.16421	4.94807	4.00062
-0.280939	2.03636	2.05565	0.0577875	3.31098	5.19029	4.00246
-0.0478166	2.33085	2.33134	0.116584	6.67978	5.24326	4.00739
0.0462743	2.24892	2.2494	0.0410851	2.354	5.05529	4.01812
0.19909	2.08826	2.09773	0.0744772	4.26723	4.84685	4.03843
0.285361	2.02904	2.049	0.0446717	2.5595	4.87374	4.06412
0.335678	1.96506	1.99353	0.0294675	1.68836	4.57697	4.09373
0.255168	1.89611	1.91321	-0.035419	-2.02936	4.20296	4.12053
0.108058	1.80803	1.81125	-0.074076	-4.24424	4.00127	4.13256
0.13376	1.98471	1.98921	0.00759864	0.43537	4.00007	4.11891
0.112717	1.9474	1.95066	-0.00947669	-0.542974	4.00005	4.09701
0.0413894	2.01989	2.02032	-0.0373286	-2.13877	4.00005	4.06832
0.173872	1.99481	2.00237	0.0664543	3.80755	4.00007	4.03904
0.344943	1.68165	1.71666	0.115373	6.6104	4.00003	4.03176
0.304223	1.78975	1.81543	-0.0339444	-1.94487	4	4.04729
0.457147	1.88787	1.94243	0.069206	3.96521	4.00001	4.0354
0.180464	1.88153	1.89016	-0.141956	-8.13349	4	4.05205
-0.0996884	1.9815	1.984	-0.145888	-8.35878	4.00009	4.02559
-0.135367	2.0352	2.03969	-0.0161481	-0.925217	4.00361	4.01491
-0.0303213	2.02035	2.02058	0.0514086	2.94549	4.01201	4.01655
-0.038536	2.0608	2.06116	-0.00369057	-0.211454	4.01411	4.02294
0.104591	1.88219	1.88509	0.0742094	4.25188	4.03008	4.02595
-0.0207965	1.87466	1.87478	-0.0666051	-3.81619	4.02438	4.03503
-0.0135074	2.25954	2.25958	0.00511515	0.293077	4.07069	4.02962
0.104902	2.16106	2.1636	0.0544816	3.12156	4.10393	4.0283
0.202557	2.05968	2.06961	0.0495252	2.83759	4.10833	4.02939
0.0458519	2.01442	2.01494	-0.075271	-4.31271	4.11185	4.03031
0.0694289	2.06563	2.06679	0.010841	0.621144	4.16972	4.01917
0.0839758	1.92643	1.92826	0.00996483	0.570943	4.18082	4.01492
0.176967	1.87673	1.88505	0.0504538	2.89079	4.18307	4.01147
0.267048	2.05256	2.06986	0.0353607	2.02602	4.18614	4.01087
0.344431	2.04046	2.06932	0.0378464	2.16844	4.18689	4.01018
0.311495	1.93067	1.95563	-0.00726226	-0.416097	4.1878	4.01055
0.289457	2.02431	2.0449	-0.0179347	-1.02758	4.17827	4.00867
-0.0933455	2.10766	2.10973	-0.186287	-10.6735	4.15549	4.00649
-0.131218	2.19932	2.20323	-0.0153324	-0.87848	4.03775	4.00126
-0.118613	1.96759	1.97117	-0.000618601	-0.0354432	4.01758	4.0006
-0.139895	1.68739	1.69318	-0.0225065	-1.28953	4.00973	4.00032
-0.155713	1.83389	1.84049	-0.00198795	-0.113901	4.00603	4.00015
-0.110212	2.2548	2.25749	0.0358652	2.05492	4.0054	4.00007
-0.147902	1.91168	1.9174	-0.0283738	-1.6257	4.00549	4.00004
-0.20032	1.8913	1.90188	-0.0283098	-1.62203	4.00978	4.00001
-0.0667157	2.24706	2.24805	0.0758421	4.34543	4.01983	4
-0.120647	2.23649	2.23974	-0.0242112	-1.3872	4.01949	4
0.0493406	1.9381	1.93873	0.0793453	4.54615	4.03686	4
0.20977	1.91282	1.92429	0.0837764	4.80003	4.03401	4
0.199449	1.78806	1.79915	0.00185655	0.106373	4.02931	4
0.229141	1.8718	1.88577	0.0107258	0.614543	4.03886	4
0.394738	1.97988	2.01885	0.0749829	4.2962	4.04757	4
0.273544	1.97199	1.99087	-0.0589588	-3.37809	4.04432	4
0.439623	1.90396	1.95405	0.0890872	5.10432	4.06291	4
0.497895	2.01245	2.07313	0.0156141	0.894621	4.05951	4
0.559574	2.07319	2.14738	0.0210911	1.20843	4.06517	4
0.418151	2.01336	2.05633	-0.0588514	-3.37194	4.06889	4
0.313312	1.94886	1.97389	-0.0453738	-2.59972	4.06565	4
0.341408	1.84291	1.87427	0.0237753	1.36223	4.04832	4
0.443852	1.86094	1.91314	0.050957	2.91962	4.04214	4
0.411342	1.93323	1.97651	-0.0244874	-1.40302	4.04221	4
0.413985	1.94895	1.99243	-0.000344398	-0.0197326	4.02708	4
0.326522	2.08683	2.11222	-0.054094	-3.09936	4.01845	4
0.661651	2.2186	2.31516	0.134622	7.71329	4.00666	4
0.595971	2.07439	2.1583	-0.010067	-0.576796	4.01434	4
0.666166	1.95131	2.06189	0.0492234	2.82029	4.00922	4
0.860239	2.0106	2.18689	0.0752964	4.31417	4.01079	4
0.832177	1.9236	2.09589	0.00401736	0.230178	4.01714	4
0.705815	1.79376	1.92763	-0.0334259	-1.91516	4.01742	4
0.711815	1.78782	1.92431	0.00403271	0.231057	4.01396	4
0.734365	1.81128	1.95449	0.00627863	0.359739	4.01587	4
0.919308	1.70947	1.94099	0.10822	6.20054	4.01987	4
1.14877	1.69253	2.04556	0.102899	5.89568	4.05263	4
1.13739	1.7511	2.08806	-0.0202598	-1.1608	4.11614	4
1.1495	1.70455	2.05592	0.0172714	0.989577	4.1583	4
0.958921	1.80623	2.045	-0.10526	-6.03096	4.21917	4
0.945445	1.84918	2.07686	-0.0154289	-0.884009	4.20668	4
0.940205	1.89436	2.11484	-0.0119302	-0.683549	4.21919	4
0.887383	1.79712	2.00426	-0.00203805	-0.116771	4.22151	4
0.976702	1.93482	2.16736	0.00882284	0.505511	4.21846	4
0.911028	1.80524	2.02209	-0.00011639	-0.00666864	4.20835	4
1.04723	1.57571	1.89197	0.11921	6.83024	4.18769	4
1.02985	1.6078	1.90935	-0.0168845	-0.967409	4.1773	4
1.09275	1.57085	1.91355	0.0381008	2.18302	4.1468	4
1.08662	1.73344	2.04587	-0.0478584	-2.74208	4.12528	4.00001
1.08483	1.70941	2.02458	0.00555281	0.318153	4.09959	4.00001
1.10543	1.69217	2.02124	0.013177	0.754986	4.08519	4.00007
1.16187	1.68949	2.05045	0.023761	1.3614	4.07658	4.00043
1.2003	1.73671	2.11113	0.00232682	0.133317	4.07213	4.00238
1.20457	1.78412	2.15269	-0.0108928	-0.624113	4.06784	4.00723
1.01174	1.74657	2.01845	-0.0688197	-3.94308	4.06475	4.01515
1.14294	1.57949	1.94964	0.101357	5.80733	4.06448	4.01347
1.19659	1.55079	1.95877	0.0307847	1.76383	4.05852	4.05594
1.16834	1.54983	1.94087	-0.0112233	-0.643046	4.0505	4.08607
1.20227	1.66253	2.0517	-0.0198605	-1.13792	4.04418	4.09609
1.36729	1.63443	2.13093	0.0705377	4.04151	4.0376	4.09862
1.2219	1.73953	2.12579	-0.0842793	-4.82885	4.02259	4.06583
1.27057	1.78029	2.18719	0.00749503	0.429433	4.02048	4.07121
