#1 AntPos X	#2 AntVel X	#3 AntPos Y	#4 AntVel Y	#5 AntAngle	
0.0123205	0.246409	-0.0520352	-1.0407	-1.33831	
0.0312197	0.377985	-0.128881	-1.53691	-1.32964	
0.0505026	0.385657	-0.213987	-1.70213	-1.34799	
0.0575758	0.141464	-0.309392	-1.9081	-1.49679	
0.0633142	0.114768	-0.422029	-2.25273	-1.51989	
0.0718677	0.171071	-0.526653	-2.09249	-1.48922	
0.0750284	0.0632134	-0.629039	-2.04773	-1.53994	
0.085279	0.205011	-0.725746	-1.93414	-1.46519	
0.0907167	0.108754	-0.825624	-1.99756	-1.51641	
0.091358	0.0128274	-0.923022	-1.94796	-1.56421	
0.0875098	-0.0769654	-1.02022	-1.94399	-1.61037	
0.086017	-0.029856	-1.12772	-2.15001	-1.58468	
0.0870593	0.0208457	-1.2251	-1.94757	-1.56009	
0.0700937	-0.339312	-1.32023	-1.90256	-1.74729	
0.056787	-0.266134	-1.40632	-1.72181	-1.72415	
0.0428094	-0.279551	-1.49786	-1.83077	-1.72232	
0.0287018	-0.282151	-1.59174	-1.87761	-1.71995	
0.000682235	-0.560392	-1.68922	-1.94965	-1.85068	
-0.0238157	-0.489959	-1.78696	-1.95486	-1.81637	
-0.0408722	-0.341129	-1.88908	-2.04223	-1.73631	
-0.051193	-0.206417	-1.99051	-2.02862	-1.6722	
-0.0532424	-0.0409868	-2.09211	-2.03206	-1.59096	
-0.0569829	-0.0748112	-2.18929	-1.94364	-1.60927	
-0.0565488	0.00868365	-2.2887	-1.98824	-1.56643	
-0.0460903	0.20917	-2.37269	-1.67982	-1.44691	
-0.0361802	0.198201	-2.47099	-1.966	-1.47032	
-0.0257175	0.209253	-2.57003	-1.98067	-1.46554	
-0.0252047	0.0102576	-2.6583	-1.76552	-1.56499	
-0.0223116	0.0578611	-2.75994	-2.03282	-1.54234	
-0.0216978	0.0122766	-2.87197	-2.2405	-1.56532	
-0.0205233	0.0234887	-2.97753	-2.11115	-1.55967	
-0.0259157	-0.107847	-3.0797	-2.04343	-1.62352	
-0.0335486	-0.152657	-3.17872	-1.98046	-1.64773	
-0.0411293	-0.151614	-3.2796	-2.01766	-1.6458	
-0.0335613	0.151359	-3.38136	-2.0352	-1.49656	
-0.0299965	0.0712961	-3.48193	-2.01138	-1.53536	
-0.0228738	0.142453	-3.56412	-1.64365	-1.48434	
-0.0147497	0.162483	-3.65107	-1.73901	-1.47763	
-0.00978999	0.0991942	-3.74334	-1.84545	-1.5171	
-0.00487967	0.0982064	-3.83876	-1.90849	-1.51938	
-0.00233684	0.0508566	-3.94316	-2.08789	-1.54644	
0.00470417	0.14082	-4.0304	-1.74486	-1.49027	
0.01463	0.198516	-4.11648	-1.72164	-1.456	
0.0267468	0.242337	-4.20932	-1.85681	-1.44102	
0.0345329	0.155721	-4.30109	-1.8353	-1.48615	
0.0582058	0.473458	-4.4025	-2.02822	-1.34147	
0.0793373	0.42263	-4.49817	-1.9134	-1.35341	
0.089751	0.208274	-4.60665	-2.16971	-1.4751	
0.0951938	0.108855	-4.71122	-2.09134	-1.51879	
0.0949614	-0.00464668	-4.8182	-2.13957	-1.57297	
0.0895089	-0.10905	-4.9201	-2.03793	-1.62426	
0.0833693	-0.122792	-5.0226	-2.05016	-1.63062	
0.0757853	-0.15168	-5.12569	-2.06179	-1.64423	
0.0741981	-0.0317439	-5.23364	-2.15889	-1.5855	
0.0753299	0.0226348	-5.34277	-2.1827	-1.56043	
0.0792289	0.077981	-5.43758	-1.89612	-1.52969	
0.0765761	-0.053056	-5.52976	-1.84354	-1.59957	
0.0655671	-0.22018	-5.61618	-1.72837	-1.69751	
0.0512774	-0.285794	-5.71073	-1.89103	-1.72079	
0.0367667	-0.290216	-5.80425	-1.87049	-1.72472	
0.0139977	-0.455379	-5.902	-1.95489	-1.79966	
-0.0184182	-0.648317	-5.99723	-1.90469	-1.89887	
-0.0444091	-0.51982	-6.09715	-1.99832	-1.82528	
-0.0583599	-0.279016	-6.19965	-2.04999	-1.70607	
-0.0749907	-0.332615	-6.3108	-2.22298	-1.71932	
-0.0854995	-0.210176	-6.41809	-2.14582	-1.66843	
-0.0896565	-0.0831407	-6.52848	-2.20791	-1.60843	
-0.093141	-0.0696894	-6.63638	-2.15799	-1.60308	
-0.0854497	0.153825	-6.73874	-2.04724	-1.4958	
-0.0740594	0.227807	-6.8398	-2.02116	-1.45856	
-0.0641311	0.198566	-6.94794	-2.16286	-1.47925	
-0.0568552	0.145517	-7.05544	-2.14999	-1.50322	
-0.0461999	0.213106	-7.17089	-2.30901	-1.47876	
-0.0382732	0.158533	-7.27294	-2.04083	-1.49327	
-0.0402237	-0.03901	-7.3786	-2.11339	-1.58925	
-0.0327871	0.148733	-7.48696	-2.16711	-1.50227	
-0.0294998	0.0657456	-7.59428	-2.14636	-1.54017	
-0.0330086	-0.070176	-7.70057	-2.12588	-1.60379	
-0.0347783	-0.0353944	-7.80358	-2.06016	-1.58798	
-0.0516224	-0.336881	-7.92286	-2.38568	-1.71108	
-0.0678159	-0.32387	-8.03159	-2.17449	-1.71865	
-0.0713437	-0.0705571	-8.134	-2.04828	-1.60523	
-0.070741	0.012054	-8.23714	-2.06271	-1.56495	
-0.0647354	0.120114	-8.34085	-2.07425	-1.51295	
-0.0570069	0.15457	-8.44131	-2.00911	-1.49401	
-0.0455216	0.229705	-8.54235	-2.02086	-1.45762	
-0.0408098	0.0942352	-8.63679	-1.88888	-1.52095	
-0.032708	0.162038	-8.73279	-1.91988	-1.4866	
-0.0365809	-0.0774578	-8.8259	-1.86236	-1.61236	
-0.0407479	-0.0833411	-8.93307	-2.14334	-1.60966	
-0.0366206	0.0825468	-9.0297	-1.93252	-1.52811	
-0.0411179	-0.0899458	-9.12788	-1.96373	-1.61657	
-0.0479894	-0.13743	-9.21401	-1.72262	-1.65041	
-0.0428161	0.103465	-9.30931	-1.90596	-1.51656	
-0.0268259	0.319804	-9.4053	-1.91967	-1.40572	
-0.0137358	0.261803	-9.50662	-2.02657	-1.44232	
-0.00477408	0.179234	-9.61735	-2.21448	-1.49004	
0.00302408	0.155963	-9.7226	-2.10501	-1.49684	
0.00950968	0.129712	-9.82421	-2.03218	-1.50705	
0.00388499	-0.112494	-9.93802	-2.27615	-1.62018	
-0.00462194	-0.170139	-10.0468	-2.17626	-1.64882	
-0.00476283	-0.00281773	-10.1462	-1.98648	-1.57221	
-0.0083243	-0.0712294	-10.2385	-1.84769	-1.60933	
-0.0164433	-0.16238	-10.3389	-2.00685	-1.65153	
-0.00550155	0.218835	-10.4463	-2.14754	-1.46925	
0.0047602	0.205235	-10.5504	-2.08282	-1.47258	
0.0161289	0.227375	-10.6502	-1.99615	-1.45738	
0.0369972	0.417365	-10.7545	-2.08584	-1.37331	
0.0507935	0.275926	-10.8517	-1.94326	-1.42975	
0.0722014	0.428158	-10.9457	-1.88153	-1.34705	
0.0890143	0.336259	-11.0429	-1.94299	-1.39943	
0.100061	0.220943	-11.1382	-1.90711	-1.45546	
0.103178	0.0623208	-11.2353	-1.94138	-1.53871	
0.10409	0.018256	-11.3357	-2.00839	-1.56171	
0.101845	-0.0449018	-11.4318	-1.92166	-1.59416	
0.102045	0.00399645	-11.5345	-2.05419	-1.56885	
0.0955698	-0.129505	-11.6344	-1.99799	-1.63552	
0.0853014	-0.205369	-11.7303	-1.91662	-1.67754	
0.0578093	-0.549842	-11.8441	-2.2765	-1.80779	
0.0336933	-0.482319	-11.9508	-2.13373	-1.79311	
0.00249634	-0.623939	-12.0576	-2.13735	-1.85483	
-0.0252948	-0.555824	-12.1583	-2.01423	-1.84004	
-0.0473608	-0.441319	-12.2657	-2.14729	-1.7735	
-0.061455	-0.281884	-12.3838	-2.36183	-1.68958	
-0.0564907	0.0992858	-12.4794	-1.91298	-1.51894	
-0.049627	0.137274	-12.5729	-1.86839	-1.49746	
-0.0410445	0.17165	-12.6709	-1.96131	-1.4835	
-0.0274064	0.272761	-12.7726	-2.03358	-1.43746	
-0.025554	0.0370477	-12.8786	-2.1192	-1.55332	
-0.0353155	-0.195229	-12.9857	-2.14161	-1.6617	
-0.0412542	-0.118773	-13.0885	-2.05632	-1.62849	
-0.0410056	0.00497094	-13.1833	-1.8976	-1.56818	
-0.0504962	-0.189811	-13.2873	-2.07975	-1.66181	
-0.058142	-0.152917	-13.3939	-2.13112	-1.64243	
-0.0616785	-0.0707304	-13.4974	-2.07052	-1.60494	
-0.0599467	0.0346366	-13.6043	-2.13851	-1.5546	
-0.0564712	0.06951	-13.7021	-1.95494	-1.53526	
-0.0505883	0.117658	-13.8134	-2.22655	-1.518	
-0.0436973	0.137822	-13.9186	-2.10364	-1.50537	
-0.0317412	0.23912	-14.0164	-1.95691	-1.44921	
-0.00965022	0.44182	-14.1145	-1.96161	-1.34926	
0.0196314	0.585632	-14.2156	-2.02147	-1.28881	
0.0444363	0.496098	-14.3138	-1.96375	-1.32335	
0.0602986	0.317246	-14.4162	-2.04881	-1.41717	
0.0702242	0.198512	-14.5189	-2.05335	-1.47442	
0.0711971	0.0194589	-14.6086	-1.79399	-1.55995	
0.0670428	-0.0830857	-14.7047	-1.92304	-1.61397	
0.0606654	-0.127548	-14.8037	-1.97991	-1.63513	
0.0515061	-0.183187	-14.908	-2.08615	-1.65838	
0.0395627	-0.238867	-15.0143	-2.12423	-1.68277	
0.0235943	-0.319368	-15.113	-1.97509	-1.73111	
0.000202677	-0.467832	-15.2107	-1.95369	-1.80583	
-0.0205236	-0.414526	-15.3101	-1.98737	-1.77643	
-0.0323235	-0.235998	-15.4058	-1.91391	-1.69348	
-0.0428995	-0.21152	-15.5012	-1.90801	-1.6812	
-0.071033	-0.562669	-15.6069	-2.11499	-1.83081	
-0.091429	-0.407921	-15.7162	-2.18548	-1.75532	
-0.115612	-0.483664	-15.8237	-2.15119	-1.79195	
-0.127203	-0.231814	-15.9379	-2.28401	-1.67194	
-0.135671	-0.169368	-16.0384	-2.00938	-1.65489	
-0.138053	-0.0476307	-16.1368	-1.96761	-1.595	
-0.141885	-0.0766386	-16.2327	-1.91883	-1.61072	
-0.140219	0.0333116	-16.3321	-1.98803	-1.55404	
-0.133016	0.144054	-16.4395	-2.14734	-1.50381	
-0.115669	0.346952	-16.5461	-2.13281	-1.40954	
-0.0852032	0.609313	-16.6573	-2.22362	-1.30334	
-0.0518935	0.666193	-16.7682	-2.2173	-1.27892	
-0.0221719	0.594433	-16.8733	-2.10213	-1.29522	
0.0041741	0.52692	-16.9747	-2.02859	-1.31667	
0.0375122	0.666761	-17.0674	-1.85374	-1.22552	
0.0569852	0.38946	-17.1477	-1.60568	-1.33284	
0.0665064	0.190425	-17.2468	-1.98122	-1.47498	
0.0825536	0.320944	-17.3371	-1.80729	-1.39505	
0.0941838	0.232604	-17.4308	-1.87288	-1.44723	
0.0950742	0.0178073	-17.5264	-1.91333	-1.56149	
0.0988806	0.0761276	-17.629	-2.05067	-1.53369	
0.0986208	-0.00519553	-17.7333	-2.08754	-1.57329	
0.0920594	-0.131228	-17.8335	-2.00258	-1.63623	
0.0817386	-0.206417	-17.926	-1.84994	-1.68192	
0.0637456	-0.359859	-18.0303	-2.08568	-1.74165	
0.0457116	-0.360682	-18.1331	-2.05642	-1.74442	
0.0230927	-0.452376	-18.2266	-1.87075	-1.80806	
-0.00435434	-0.548942	-18.3194	-1.85608	-1.85835	
-0.036948	-0.651873	-18.4133	-1.87769	-1.90495	
-0.0605469	-0.471977	-18.5153	-2.0399	-1.79817	
-0.0742479	-0.274021	-18.6319	-2.33273	-1.68773	
-0.0827813	-0.170667	-18.7388	-2.1378	-1.65046	
-0.0903311	-0.150997	-18.8677	-2.57785	-1.6293	
-0.0955024	-0.103425	-18.9816	-2.27809	-1.61617	
-0.0956905	-0.00376334	-19.0884	-2.13547	-1.57256	
-0.0909195	0.0954214	-19.1923	-2.07842	-1.52492	
-0.0737681	0.343026	-19.3045	-2.24436	-1.41913	
-0.0557513	0.360337	-19.4065	-2.04013	-1.39597	
-0.0374282	0.366461	-19.5067	-2.00373	-1.38991	
-0.018548	0.377605	-19.5961	-1.78812	-1.36268	
0.00132022	0.397364	-19.6904	-1.88603	-1.36315	
0.0174559	0.322715	-19.7741	-1.67387	-1.38034	
0.0446357	0.543595	-19.8594	-1.70473	-1.26211	
0.070101	0.509306	-19.9376	-1.56545	-1.25626	
0.0881503	0.360985	-20.0307	-1.86167	-1.37927	
