#1 AntPos X	#2 AntPos Y	#3 Distance form nest	#4 Total Distance	#5 Total Y Distance
-0.0346963	0.0323106	0.047411	0.047411	0.0323106
-0.0849096	0.0979608	0.129638	0.129638	0.0979608
-0.12332	0.182162	0.219979	0.219979	0.182162
-0.156488	0.266849	0.309349	0.309349	0.266849
-0.184591	0.3593	0.403944	0.403944	0.3593
-0.195527	0.455224	0.495439	0.495439	0.455224
-0.198006	0.552968	0.58735	0.58735	0.552968
-0.183562	0.639413	0.66524	0.66524	0.639413
-0.156953	0.731012	0.747671	0.747671	0.731012
-0.120239	0.820294	0.82906	0.82906	0.820294
-0.0823136	0.921501	0.92517	0.92517	0.921501
-0.044282	1.01669	1.01765	1.01765	1.01669
-0.00525158	1.09811	1.09812	1.09812	1.09811
0.0226873	1.18737	1.18759	1.18759	1.18737
0.0518422	1.27433	1.27538	1.27538	1.27433
0.0848617	1.36772	1.37035	1.37035	1.36772
0.107841	1.46635	1.47031	1.47031	1.46635
0.124729	1.56709	1.57205	1.57205	1.56709
0.139014	1.66989	1.67567	1.67567	1.66989
0.148158	1.77554	1.78171	1.78171	1.77554
0.125632	1.86829	1.87251	1.87251	1.86829
0.088925	1.96113	1.96315	1.96315	1.96113
0.0491216	2.06276	2.06334	2.06334	2.06276
0.0126253	2.16336	2.1634	2.1634	2.16336
-0.020557	2.26227	2.26236	2.26236	2.26227
-0.0444249	2.3762	2.37662	2.37662	2.3762
-0.0583624	2.49075	2.49143	2.49143	2.49075
-0.069564	2.60172	2.60265	2.60265	2.60172
-0.0793848	2.6989	2.70007	2.70007	2.6989
-0.0946276	2.79284	2.79444	2.79444	2.79284
-0.0974435	2.88667	2.88831	2.88831	2.88667
-0.0939665	2.97541	2.97689	2.97689	2.97541
-0.0860189	3.0695	3.07071	3.07071	3.0695
-0.0697136	3.16998	3.17075	3.17075	3.16998
-0.0561147	3.2684	3.26888	3.26888	3.2684
-0.0417015	3.36968	3.36994	3.36994	3.36968
-0.0360373	3.47022	3.47041	3.47041	3.47022
-0.0266151	3.55766	3.55776	3.55776	3.55766
-0.0226121	3.64993	3.65	3.65	3.64993
-0.0251592	3.74249	3.74258	3.74258	3.74249
-0.0299334	3.85826	3.85838	3.85838	3.85826
-0.0226376	3.96575	3.96581	3.96581	3.96575
-0.0149476	4.06937	4.0694	4.0694	4.06937
-0.00679775	4.15794	4.15794	4.15794	4.15794
0.00962365	4.24293	4.24294	4.24294	4.24293
0.0232393	4.33566	4.33572	4.33572	4.33566
0.0368658	4.42079	4.42095	4.42095	4.42079
0.049933	4.50852	4.50879	4.50879	4.50852
0.0609595	4.5965	4.59691	4.59691	4.5965
0.0633406	4.6958	4.69622	4.69622	4.6958
0.0599831	4.79405	4.79443	4.79443	4.79405
0.0574579	4.8801	4.88044	4.88044	4.8801
0.0491418	4.97342	4.97367	4.97367	4.97342
0.0471079	5.05683	5.05705	5.05705	5.05683
0.0324175	5.14672	5.14682	5.14682	5.14672
0.0191475	5.24188	5.24191	5.24191	5.24188
0.005625	5.33506	5.33506	5.33506	5.33506
-0.00873433	5.4315	5.43151	5.43151	5.4315
-0.0204124	5.52174	5.52178	5.52178	5.52174
-0.0271874	5.61201	5.61207	5.61207	5.61201
-0.0236266	5.71007	5.71012	5.71012	5.71007
-0.0240371	5.80804	5.80809	5.80809	5.80804
-0.036701	5.90784	5.90795	5.90795	5.90784
-0.0468628	6.00824	6.00843	6.00843	6.00824
-0.0515936	6.11231	6.11253	6.11253	6.11231
-0.0564794	6.21259	6.21284	6.21284	6.21259
-0.0580501	6.31334	6.31361	6.31361	6.31334
-0.0578415	6.41664	6.4169	6.4169	6.41664
-0.0584654	6.52885	6.52912	6.52912	6.52885
-0.0521136	6.6345	6.6347	6.6347	6.6345
-0.0461949	6.73377	6.73393	6.73393	6.73377
-0.0364943	6.83293	6.83303	6.83303	6.83293
-0.0193799	6.92989	6.92992	6.92992	6.92989
-0.00710219	7.04462	7.04462	7.04462	7.04462
-0.00312091	7.15856	7.15856	7.15856	7.15856
0.00507641	7.2511	7.2511	7.2511	7.2511
0.0123657	7.34624	7.34625	7.34625	7.34624
0.0266096	7.4436	7.44365	7.44365	7.4436
0.0410319	7.54423	7.54434	7.54434	7.54423
0.0590246	7.64798	7.6482	7.6482	7.64798
0.0760969	7.7495	7.74987	7.74987	7.7495
0.0872843	7.84857	7.84906	7.84906	7.84857
0.0873393	7.9485	7.94898	7.94898	7.9485
0.0873153	8.05481	8.05529	8.05529	8.05481
0.0850958	8.16841	8.16885	8.16885	8.16841
0.075107	8.27402	8.27436	8.27436	8.27402
0.0616897	8.37918	8.3794	8.3794	8.37918
0.0404238	8.49465	8.49475	8.49475	8.49465
0.0203533	8.60151	8.60154	8.60154	8.60151
0.00200394	8.70405	8.70405	8.70405	8.70405
-0.0213511	8.80549	8.80551	8.80551	8.80549
-0.0343917	8.90223	8.9023	8.9023	8.90223
-0.0418676	8.99408	8.99418	8.99418	8.99408
-0.0467157	9.09024	9.09036	9.09036	9.09024
-0.0452758	9.19275	9.19286	9.19286	9.19275
-0.0272723	9.28636	9.2864	9.2864	9.28636
-0.00453059	9.36883	9.36883	9.36883	9.36883
0.0179019	9.46078	9.4608	9.4608	9.46078
0.0369007	9.55943	9.5595	9.5595	9.55943
0.0418479	9.67988	9.67997	9.67997	9.67988
0.0261676	9.78865	9.78868	9.78868	9.78865
0.0116584	9.89565	9.89566	9.89566	9.89565
0.00253628	10.0025	10.0025	10.0025	10.0025
-0.0039258	10.1112	10.1112	10.1112	10.1112
-0.00210759	10.2116	10.2116	10.2116	10.2116
-0.00975145	10.3262	10.3262	10.3262	10.3262
-0.00976315	10.433	10.433	10.433	10.433
-0.0097793	10.5348	10.5349	10.5349	10.5348
-0.00878044	10.6376	10.6376	10.6376	10.6376
-0.0105109	10.7367	10.7367	10.7367	10.7367
-0.0129514	10.8328	10.8328	10.8328	10.8328
-0.0210674	10.9281	10.9281	10.9281	10.9281
-0.0328242	11.0294	11.0294	11.0294	11.0294
-0.0503976	11.1334	11.1335	11.1335	11.1334
-0.0622926	11.2279	11.2281	11.2281	11.2279
-0.0756281	11.3196	11.3199	11.3199	11.3196
-0.0890494	11.4262	11.4266	11.4266	11.4262
-0.0908196	11.5425	11.5429	11.5429	11.5425
-0.0881248	11.6405	11.6409	11.6409	11.6405
-0.0876878	11.741	11.7413	11.7413	11.741
-0.0888293	11.8393	11.8397	11.8397	11.8393
-0.0848277	11.9377	11.938	11.938	11.9377
-0.0820847	12.0396	12.0399	12.0399	12.0396
-0.0783179	12.1422	12.1425	12.1425	12.1422
-0.0703548	12.2458	12.246	12.246	12.2458
-0.0529981	12.3559	12.356	12.356	12.3559
-0.0388619	12.4582	12.4582	12.4582	12.4582
-0.0246237	12.5583	12.5584	12.5584	12.5583
-0.014161	12.6602	12.6602	12.6602	12.6602
0.000998009	12.7598	12.7598	12.7598	12.7598
0.00961998	12.8464	12.8464	12.8464	12.8464
0.0272968	12.9429	12.9429	12.9429	12.9429
0.0443055	13.04	13.0401	13.0401	13.04
0.0527244	13.125	13.1251	13.1251	13.125
0.0801678	13.2171	13.2174	13.2174	13.2171
0.106233	13.3101	13.3105	13.3105	13.3101
0.110355	13.4104	13.4109	13.4109	13.4104
0.101035	13.5114	13.5118	13.5118	13.5114
0.0873411	13.6123	13.6126	13.6126	13.6123
0.0873414	13.7146	13.7148	13.7148	13.7146
0.0820757	13.8174	13.8177	13.8177	13.8174
0.0898796	13.9253	13.9256	13.9256	13.9253
0.0925525	14.0307	14.031	14.031	14.0307
0.095633	14.1346	14.1349	14.1349	14.1346
0.0934663	14.2338	14.2341	14.2341	14.2338
0.100122	14.3241	14.3244	14.3244	14.3241
0.102722	14.4217	14.4221	14.4221	14.4217
0.0992671	14.5131	14.5134	14.5134	14.5131
0.0875771	14.6057	14.6059	14.6059	14.6057
0.0688693	14.6996	14.6997	14.6997	14.6996
0.0567421	14.7813	14.7814	14.7814	14.7813
0.0351857	14.8691	14.8692	14.8692	14.8691
0.0126559	14.9629	14.9629	14.9629	14.9629
-0.000987742	15.063	15.063	15.063	15.063
-0.00876769	15.1571	15.1571	15.1571	15.1571
-0.0198345	15.2527	15.2527	15.2527	15.2527
-0.0312227	15.3505	15.3505	15.3505	15.3505
-0.0395398	15.4369	15.437	15.437	15.4369
-0.0490701	15.5303	15.5304	15.5304	15.5303
-0.05733	15.6243	15.6244	15.6244	15.6243
-0.0554155	15.716	15.7161	15.7161	15.716
-0.0474205	15.8122	15.8123	15.8123	15.8122
-0.0369612	15.909	15.909	15.909	15.909
-0.0287651	15.9906	15.9906	15.9906	15.9906
-0.0156865	16.0829	16.0829	16.0829	16.0829
0.000133273	16.1746	16.1746	16.1746	16.1746
0.0230838	16.2646	16.2646	16.2646	16.2646
0.0226502	16.3579	16.3579	16.3579	16.3579
0.0205725	16.4506	16.4506	16.4506	16.4506
0.0181631	16.5455	16.5455	16.5455	16.5455
0.0207039	16.663	16.663	16.663	16.663
0.0221152	16.775	16.775	16.775	16.775
0.0227949	16.8799	16.8799	16.8799	16.8799
0.023412	16.9828	16.9828	16.9828	16.9828
0.0255127	17.0847	17.0847	17.0847	17.0847
0.0144271	17.1938	17.1938	17.1938	17.1938
0.00537892	17.2946	17.2946	17.2946	17.2946
0.000226629	17.395	17.395	17.395	17.395
0.00160567	17.4997	17.4997	17.4997	17.4997
0.00425431	17.596	17.596	17.596	17.596
0.00109828	17.6896	17.6896	17.6896	17.6896
-0.00221926	17.7801	17.7801	17.7801	17.7801
-0.00497907	17.8746	17.8746	17.8746	17.8746
-0.000612522	17.9556	17.9556	17.9556	17.9556
0.00499209	18.0454	18.0454	18.0454	18.0454
0.00837739	18.1537	18.1537	18.1537	18.1537
0.00959489	18.2635	18.2635	18.2635	18.2635
0.0122028	18.3763	18.3763	18.3763	18.3763
0.023661	18.4792	18.4793	18.4793	18.4792
0.0344669	18.578	18.578	18.578	18.578
0.0353849	18.6786	18.6787	18.6787	18.6786
0.0213082	18.771	18.771	18.771	18.771
0.00714263	18.8667	18.8667	18.8667	18.8667
-0.0060841	18.9704	18.9704	18.9704	18.9704
-0.0209193	19.069	19.069	19.069	19.069
-0.0420772	19.1638	19.1638	19.1638	19.1638
-0.0559395	19.2652	19.2653	19.2653	19.2652
-0.059479	19.3802	19.3803	19.3803	19.3802
-0.0584944	19.4873	19.4874	19.4874	19.4873
-0.0618868	19.5982	19.5983	19.5983	19.5982
