#1 AntPos X	#2 AntVel X	#3 AntPos Y	#4 AntVel Y	#5 AntAngle	
0.0192916	0.385833	0.0556368	1.11274	1.23703	
0.0478656	0.571479	0.1286	1.45927	1.19753	
0.0606667	0.256023	0.22428	1.91359	1.43779	
0.0812063	0.410791	0.323018	1.97477	1.3657	
0.091053	0.196934	0.424918	2.038	1.47446	
0.108313	0.345204	0.517553	1.85269	1.38658	
0.115742	0.148571	0.620687	2.06269	1.49889	
0.119175	0.068672	0.719409	1.97443	1.53603	
0.116553	-0.0524565	0.818948	1.99078	1.59714	
0.110935	-0.11236	0.918529	1.99163	1.62715	
0.093031	-0.35807	1.02132	2.05579	1.74324	
0.075749	-0.345639	1.10709	1.71548	1.76962	
0.0605862	-0.303257	1.20125	1.88312	1.73046	
0.0430375	-0.350975	1.29842	1.94344	1.74947	
0.0201454	-0.457842	1.39402	1.91198	1.80583	
-0.0138344	-0.679595	1.4914	1.94763	1.90652	
-0.0471484	-0.66628	1.59524	2.07679	1.88125	
-0.0738764	-0.53456	1.70421	2.17942	1.81132	
-0.0943905	-0.410282	1.80951	2.10601	1.7632	
-0.12603	-0.632781	1.91428	2.09532	1.86408	
-0.143337	-0.346147	2.01133	1.94113	1.74726	
-0.150698	-0.147231	2.10998	1.97298	1.64528	
-0.141835	0.177274	2.22445	2.28939	1.49352	
-0.135911	0.118479	2.32603	2.03156	1.51254	
-0.137555	-0.0328906	2.42647	2.00881	1.58717	
-0.133756	0.0759917	2.53008	2.07226	1.53414	
-0.109889	0.477344	2.61987	1.79577	1.31099	
-0.0829299	0.539174	2.71112	1.82486	1.28351	
-0.0547918	0.562761	2.79317	1.64105	1.24044	
-0.0290476	0.514885	2.87794	1.69543	1.27596	
0.00541798	0.689312	2.9693	1.82727	1.21007	
0.0326714	0.545068	3.06651	1.94415	1.29745	
0.0585547	0.517666	3.16126	1.89489	1.30411	
0.0673784	0.176475	3.25873	1.94939	1.48051	
0.0748175	0.148783	3.35798	1.985	1.49598	
0.065928	-0.177791	3.46159	2.07231	1.65638	
0.0492061	-0.334438	3.57317	2.23161	1.71955	
0.0381472	-0.221177	3.68279	2.19228	1.67134	
0.0217385	-0.328174	3.79024	2.14902	1.72233	
0.00643276	-0.306115	3.89408	2.07689	1.71713	
0.00355861	-0.057483	3.99134	1.94516	1.60034	
0.00771056	0.0830391	4.09364	2.04594	1.53023	
0.00712762	-0.0116589	4.20557	2.23875	1.576	
-0.00497434	-0.242039	4.32988	2.48613	1.66785	
-0.010913	-0.118773	4.42644	1.93124	1.63222	
-0.00582151	0.10183	4.53539	2.17892	1.5241	
-0.000848215	0.0994659	4.65013	2.29488	1.52748	
0.00258567	0.0686778	4.76363	2.27003	1.54055	
-0.000694985	-0.0656132	4.86805	2.08836	1.6022	
-0.00440081	-0.0741166	4.9685	2.00899	1.60767	
-0.00695459	-0.0510755	5.06712	1.97245	1.59669	
-0.00808872	-0.0226825	5.16556	1.96865	1.58232	
-0.00552726	0.051229	5.26777	2.04423	1.54574	
0.00890359	0.288617	5.35642	1.77309	1.40943	
0.00788222	-0.0204274	5.45151	1.90171	1.58154	
0.00390887	-0.0794669	5.55485	2.06689	1.60922	
0.0175639	0.2731	5.6523	1.94893	1.43157	
0.0321163	0.29105	5.74392	1.83239	1.41328	
0.0385222	0.128117	5.82745	1.67057	1.49426	
0.0565707	0.36097	5.92151	1.88132	1.38123	
0.0790462	0.449511	6.01783	1.92635	1.34155	
0.0928924	0.276924	6.12061	2.0557	1.43689	
0.0974181	0.0905137	6.22052	1.99811	1.52553	
0.104427	0.140179	6.32476	2.08484	1.50366	
0.108855	0.0885587	6.43039	2.11248	1.5289	
0.103825	-0.100596	6.53275	2.04731	1.61989	
0.109275	0.108996	6.64249	2.19469	1.52117	
0.102074	-0.14401	6.75189	2.18812	1.63652	
0.0967977	-0.105535	6.85342	2.03056	1.62272	
0.0915536	-0.104883	6.95606	2.05281	1.62184	
0.0746711	-0.33765	7.06325	2.14378	1.72702	
0.0507551	-0.47832	7.16656	2.0663	1.79828	
0.0313846	-0.387409	7.26886	2.04597	1.75793	
0.00145852	-0.598522	7.36779	1.97849	1.86456	
-0.0254799	-0.538768	7.47968	2.23785	1.80705	
-0.0386404	-0.263211	7.5774	1.95439	1.70467	
-0.0470514	-0.16822	7.67638	1.97951	1.65557	
-0.0473431	-0.00583477	7.77483	1.96904	1.57376	
-0.0480533	-0.0142027	7.87502	2.00395	1.57788	
-0.0441042	0.0789824	7.97267	1.95294	1.53038	
-0.050417	-0.126257	8.07749	2.09645	1.63095	
-0.048601	0.0363195	8.1669	1.78804	1.55049	
-0.0439616	0.0927884	8.25212	1.70454	1.51641	
-0.0307949	0.263335	8.3366	1.6896	1.41618	
-0.0154819	0.30626	8.42246	1.71721	1.3943	
-0.000327804	0.303081	8.5125	1.80076	1.40405	
0.0116378	0.239312	8.60736	1.89708	1.44531	
0.0157129	0.0815018	8.70866	2.026	1.53059	
0.0347818	0.381378	8.81484	2.12375	1.39311	
0.0532501	0.369367	8.91421	1.98727	1.38703	
0.0652379	0.239755	9.01318	1.97937	1.45026	
0.072852	0.152283	9.11392	2.01488	1.49536	
0.0805303	0.153566	9.20662	1.8541	1.48816	
0.0837209	0.0638108	9.30352	1.93792	1.53788	
0.0821945	-0.0305279	9.40053	1.94024	1.58653	
0.0796092	-0.0517055	9.4994	1.9773	1.59694	
0.078226	-0.0276637	9.59239	1.85986	1.58567	
0.0697956	-0.168608	9.6943	2.03826	1.65333	
0.0532459	-0.330995	9.80297	2.17328	1.72194	
0.0289399	-0.486119	9.9073	2.08672	1.79967	
0.0079361	-0.420077	10.0101	2.0555	1.77239	
-0.0129915	-0.418552	10.112	2.03903	1.77325	
-0.0259876	-0.259921	10.2178	2.11565	1.69304	
-0.0452467	-0.385183	10.3172	1.9887	1.76211	
-0.0612648	-0.320361	10.4225	2.10585	1.72177	
-0.0783157	-0.341018	10.5346	2.2409	1.72182	
-0.0714097	0.13812	10.6384	2.07566	1.50435	
-0.0637568	0.153058	10.7525	2.28213	1.50383	
-0.0429885	0.415366	10.8561	2.07188	1.37294	
-0.0169876	0.520018	10.9594	2.06668	1.32429	
0.00576361	0.455023	11.0599	2.00973	1.34814	
0.034656	0.577848	11.1646	2.09355	1.30149	
0.0527176	0.36123	11.2756	2.22144	1.4096	
0.0792106	0.529861	11.3868	2.22327	1.33684	
0.096807	0.351928	11.4896	2.05652	1.40131	
0.108304	0.229937	11.5933	2.07263	1.46031	
0.0996564	-0.17295	11.6781	1.69599	1.67242	
0.0724235	-0.544657	11.7714	1.86742	1.85459	
0.0469136	-0.510197	11.8724	2.0186	1.81836	
0.0207065	-0.524143	11.9747	2.04721	1.82144	
-0.0026165	-0.46646	12.0752	2.00935	1.7989	
-0.00722283	-0.0921265	12.189	2.27597	1.61125	
-0.0212832	-0.281208	12.2929	2.07891	1.70525	
-0.0414954	-0.404243	12.4009	2.16031	1.75578	
-0.0585742	-0.341577	12.5013	2.00791	1.7393	
-0.0616548	-0.0616108	12.5912	1.79619	1.60508	
-0.0502454	0.228187	12.6866	1.9087	1.45181	
-0.0354072	0.296764	12.7839	1.94644	1.4195	
-0.0218203	0.271739	12.8819	1.959	1.43296	
0.00914213	0.619248	12.9815	1.99181	1.26937	
0.0392265	0.601687	13.094	2.25159	1.30967	
0.0631766	0.479003	13.1992	2.10349	1.3469	
0.0767203	0.270873	13.2944	1.90382	1.42947	
0.0812952	0.0914976	13.3921	1.95437	1.52401	
0.0894247	0.16259	13.4844	1.84629	1.48296	
0.0937576	0.0866584	13.581	1.93164	1.52596	
0.0840029	-0.195094	13.6782	1.94288	1.67088	
0.0692767	-0.294525	13.7767	1.96993	1.71921	
0.0429605	-0.526323	13.8711	1.88956	1.84245	
0.0168851	-0.521507	13.9635	1.8484	1.84579	
-0.00681635	-0.47403	14.0587	1.90318	1.8149	
-0.024869	-0.361052	14.1581	1.98828	1.75043	
-0.0490134	-0.482888	14.251	1.85658	1.82525	
-0.0695877	-0.411487	14.3481	1.94217	1.77958	
-0.0710955	-0.0301552	14.4525	2.08924	1.58523	
-0.0707192	0.0075249	14.5535	2.02004	1.56707	
-0.0769963	-0.125541	14.6508	1.94466	1.63526	
-0.0736561	0.066804	14.7434	1.85229	1.53475	
-0.08069	-0.140678	14.8357	1.84726	1.6468	
-0.0691294	0.231211	14.9264	1.81427	1.44404	
-0.0522939	0.33671	15.0269	2.00976	1.4048	
-0.0256553	0.532773	15.1319	2.09841	1.32216	
-0.0023114	0.466878	15.2329	2.02009	1.34367	
0.023951	0.525248	15.3451	2.24578	1.34104	
0.0462303	0.445586	15.4467	2.03099	1.35483	
0.0630241	0.335877	15.5466	1.99783	1.40423	
0.0777136	0.29379	15.6433	1.93478	1.4201	
0.0866414	0.178556	15.743	1.99315	1.48145	
0.0897193	0.061557	15.8431	2.00285	1.54007	
0.0883708	-0.0269686	15.943	1.99775	1.5843	
0.0767239	-0.232939	16.0356	1.85253	1.69588	
0.0615483	-0.303513	16.1266	1.82002	1.73604	
0.0445646	-0.339672	16.2213	1.89227	1.74841	
0.0336734	-0.217826	16.317	1.91479	1.68407	
0.0269451	-0.134565	16.4098	1.85685	1.64314	
0.010112	-0.336662	16.4998	1.7983	1.75587	
-0.00948507	-0.391942	16.5995	1.99465	1.76482	
-0.0310263	-0.430824	16.7066	2.1427	1.76922	
-0.0474398	-0.32827	16.81	2.06774	1.72824	
-0.0610843	-0.272891	16.9089	1.97808	1.70789	
-0.0548494	0.124699	17.0054	1.93004	1.50628	
-0.0481624	0.13374	17.1029	1.94897	1.50228	
-0.0334443	0.294362	17.2097	2.13752	1.43395	
-0.0184966	0.298954	17.3125	2.05562	1.42638	
-0.00135599	0.342812	17.4206	2.16091	1.41347	
0.00350834	0.0972868	17.5317	2.22287	1.52706	
0.0111852	0.153537	17.6414	2.19465	1.50095	
0.018191	0.140115	17.7501	2.17311	1.50641	
0.0250315	0.136812	17.8529	2.05541	1.50433	
0.0309099	0.117567	17.9541	2.02403	1.51278	
0.0435094	0.251991	18.0544	2.00714	1.4459	
0.0526797	0.183406	18.1547	2.00484	1.47957	
0.0557906	0.0622169	18.2455	1.81725	1.53657	
0.0590057	0.0643035	18.3433	1.95508	1.53792	
0.0571632	-0.0368507	18.45	2.1337	1.58807	
0.0525416	-0.0924318	18.5589	2.17856	1.6132	
0.0422466	-0.2059	18.6643	2.10901	1.66812	
0.0265816	-0.3133	18.758	1.87231	1.73659	
0.00932606	-0.345111	18.8471	1.78275	1.76202	
-0.00368189	-0.260159	18.9391	1.83977	1.71127	
-0.0180603	-0.287567	19.0376	1.96946	1.71578	
-0.0388442	-0.41568	19.1395	2.03889	1.77192	
-0.0492294	-0.207704	19.2395	2.00039	1.67426	
-0.0538432	-0.0922758	19.3431	2.07059	1.61533	
-0.0505084	0.0666962	19.436	1.8594	1.53494	
-0.0473993	0.0621817	19.5396	2.07223	1.5408	
-0.0405251	0.137485	19.6417	2.04182	1.50356	
-0.0400752	0.00899811	19.7552	2.27008	1.56683	
-0.04944	-0.187297	19.8635	2.1652	1.65709	
-0.0512688	-0.0365767	19.9741	2.21198	1.58733	
