#1 AntVel X	#2 AntVel Y	#3 Speed	#4 Turning Angle Rad		#5 Turning Angle Deg	#6 Detected Phero Left	#7 Detected Phero Right	
0.246409	-1.0407	1.06948	0.498795	28.5789	1.8374	1.53936
0.377985	-1.53691	1.58271	-0.00866203	-0.496298	1.57353	1.50428
0.385657	-1.70213	1.74527	0.0183412	1.05087	1.58814	1.49696
0.141464	-1.9081	1.91334	0.148808	8.52607	1.59614	1.49058
0.114768	-2.25273	2.25565	0.0231011	1.3236	1.56629	1.49496
0.171071	-2.09249	2.09947	-0.0306712	-1.75733	1.56565	1.49456
0.0632134	-2.04773	2.0487	0.0507132	2.90565	1.57655	1.48951
0.205011	-1.93414	1.94497	-0.0747418	-4.28239	1.56937	1.49196
0.108754	-1.99756	2.00052	0.0512123	2.93425	1.59038	1.48374
0.0128274	-1.94796	1.94801	0.0478047	2.73901	1.58349	1.48504
-0.0769654	-1.94399	1.94551	0.0461558	2.64453	1.57557	1.48833
-0.029856	-2.15001	2.15022	-0.0256853	-1.47166	1.56652	1.49377
0.0208457	-1.94757	1.94768	-0.0245886	-1.40883	1.56915	1.49189
-0.339312	-1.90256	1.93258	0.187193	10.7254	1.57353	1.48944
-0.266134	-1.72181	1.74226	-0.0231371	-1.32566	1.54407	1.51834
-0.279551	-1.83077	1.85199	-0.00182707	-0.104683	1.5386	1.52046
-0.282151	-1.87761	1.89869	-0.00236972	-0.135775	1.53177	1.52654
-0.560392	-1.94965	2.02859	0.130731	7.49034	1.52523	1.53288
-0.489959	-1.95486	2.01533	-0.0343092	-1.96577	1.50858	1.57826
-0.341129	-2.04223	2.07053	-0.0800684	-4.58758	1.4996	1.58446
-0.206417	-2.02862	2.0391	-0.0641059	-3.673	1.49588	1.57494
-0.0409868	-2.03206	2.03248	-0.0812361	-4.65449	1.49549	1.56761
-0.0748112	-1.94364	1.94508	0.018304	1.04874	1.50073	1.5549
0.00868365	-1.98824	1.98826	-0.0428388	-2.45448	1.4978	1.55986
0.20917	-1.67982	1.69279	-0.119514	-6.84765	1.50172	1.55327
0.198201	-1.966	1.97596	0.0234064	1.34109	1.52063	1.53529
0.209253	-1.98067	1.99169	-0.00478239	-0.274011	1.5216	1.53226
0.0102576	-1.76552	1.76555	0.0994476	5.69793	1.52712	1.52688
0.0578611	-2.03282	2.03364	-0.0226459	-1.29751	1.5145	1.5365
0.0122766	-2.2405	2.24053	0.0229764	1.31645	1.5183	1.53244
0.0234887	-2.11115	2.11128	-0.00564623	-0.323505	1.51597	1.53479
-0.107847	-2.04343	2.04628	0.0638538	3.65856	1.51709	1.53354
-0.152657	-1.98046	1.98633	0.0242014	1.38664	1.50863	1.54486
-0.151614	-2.01766	2.02335	-0.00192704	-0.110411	1.5037	1.55289
0.151359	-2.0352	2.04083	-0.149236	-8.55062	1.50094	1.55683
0.0712961	-2.01138	2.01265	0.0388023	2.22321	1.51911	1.53329
0.142453	-1.64365	1.64981	-0.0510212	-2.9233	1.51578	1.53546
0.162483	-1.73901	1.74658	-0.00671085	-0.384504	1.52565	1.52708
0.0991942	-1.84545	1.84811	0.0394645	2.26115	1.53049	1.52277
0.0982064	-1.90849	1.91101	0.0022867	0.131018	1.52717	1.52395
0.0508566	-2.08789	2.0885	0.0270593	1.55038	1.52919	1.52193
0.14082	-1.74486	1.75053	-0.056178	-3.21876	1.52686	1.52345
0.198516	-1.72164	1.73305	-0.0342683	-1.96343	1.53815	1.51519
0.242337	-1.85681	1.87256	-0.0149797	-0.858272	1.54913	1.50861
0.155721	-1.8353	1.84189	0.0451339	2.58598	1.55875	1.50291
0.473458	-2.02822	2.08275	-0.144684	-8.28976	1.55477	1.50277
0.42263	-1.9134	1.95952	0.0119407	0.68415	1.60352	1.48783
0.208274	-2.16971	2.17968	0.121689	6.97228	1.61556	1.48135
0.108855	-2.09134	2.09417	0.0436954	2.50356	1.59125	1.48286
-0.00464668	-2.13957	2.13957	0.0541751	3.10401	1.586	1.48377
-0.10905	-2.03793	2.04085	0.0512873	2.93855	1.57648	1.48785
-0.122792	-2.05016	2.05383	0.00636321	0.364585	1.56596	1.49445
-0.15168	-2.06179	2.06736	0.0136126	0.779943	1.56155	1.49733
-0.0317439	-2.15889	2.15913	-0.0587321	-3.3651	1.55564	1.50167
0.0226348	-2.1827	2.18281	-0.0250725	-1.43655	1.56195	1.49614
0.077981	-1.89612	1.89772	-0.0307337	-1.76091	1.56628	1.49352
-0.053056	-1.84354	1.8443	0.0698749	4.00354	1.5737	1.48975
-0.22018	-1.72837	1.74234	0.0979379	5.61143	1.56145	1.49663
-0.285794	-1.89103	1.91251	0.0232864	1.33421	1.54508	1.51261
-0.290216	-1.87049	1.89287	0.00393136	0.225251	1.53604	1.52239
-0.455379	-1.95489	2.00723	0.0749347	4.29344	1.52872	1.52981
-0.648317	-1.90469	2.012	0.0992165	5.68469	1.51514	1.55691
-0.51982	-1.99832	2.06482	-0.0735898	-4.21638	1.50095	1.60667
-0.279016	-2.04999	2.06889	-0.119214	-6.83043	1.49202	1.60124
-0.332615	-2.22298	2.24773	0.0132488	0.759102	1.49112	1.57918
-0.210176	-2.14582	2.15609	-0.0508885	-2.9157	1.48499	1.59337
-0.0831407	-2.20791	2.20947	-0.0599973	-3.43759	1.4841	1.58878
-0.0696894	-2.15799	2.15911	-0.00535556	-0.306851	1.48653	1.57972
0.153825	-2.04724	2.05301	-0.107279	-6.14665	1.48578	1.58103
0.227807	-2.02116	2.03395	-0.0372408	-2.13374	1.49822	1.56103
0.198566	-2.16286	2.17196	0.0206871	1.18528	1.50714	1.55088
0.145517	-2.14999	2.15491	0.0239707	1.37342	1.50844	1.54737
0.213106	-2.30901	2.31882	-0.024453	-1.40105	1.50841	1.54586
0.158533	-2.04083	2.04698	0.0145075	0.83122	1.516	1.53797
-0.03901	-2.11339	2.11375	0.0959815	5.49934	1.51748	1.53531
0.148733	-2.16711	2.17221	-0.0869811	-4.98365	1.50592	1.54748
0.0657456	-2.14636	2.14737	0.037903	2.17168	1.51869	1.53345
-0.070176	-2.12588	2.12704	0.06362	3.64516	1.51543	1.53575
-0.0353944	-2.06016	2.06047	-0.0158197	-0.9064	1.50747	1.54569
-0.336881	-2.38568	2.40934	0.123104	7.05332	1.50821	1.5444
-0.32387	-2.17449	2.19847	0.00757169	0.433826	1.49321	1.57599
-0.0705571	-2.04828	2.04949	-0.113421	-6.49852	1.48735	1.58832
0.012054	-2.06271	2.06274	-0.0402772	-2.30771	1.49297	1.56772
0.120114	-2.07425	2.07772	-0.0519989	-2.97932	1.49658	1.56117
0.15457	-2.00911	2.01504	-0.0189406	-1.08522	1.50414	1.55119
0.229705	-2.02086	2.03388	-0.0363978	-2.08544	1.50948	1.54501
0.0942352	-1.88888	1.89123	0.0633329	3.62871	1.51928	1.53584
0.162038	-1.91988	1.9267	-0.0343523	-1.96824	1.51289	1.53936
-0.0774578	-1.86236	1.86397	0.125768	7.20596	1.52085	1.53197
-0.0833411	-2.14334	2.14496	-0.00270306	-0.154874	1.50531	1.54889
0.0825468	-1.93252	1.93428	-0.0815528	-4.67263	1.50391	1.55075
-0.0899458	-1.96373	1.96578	0.0884603	5.0684	1.51381	1.538
-0.13743	-1.72262	1.72809	0.0338395	1.93886	1.50319	1.55202
0.103465	-1.90596	1.90877	-0.133843	-7.66863	1.49806	1.56161
0.319804	-1.91967	1.94612	-0.110846	-6.35099	1.51258	1.53992
0.261803	-2.02657	2.04341	0.0366032	2.09721	1.53668	1.52345
0.179234	-2.21448	2.22172	0.0477129	2.73375	1.53671	1.51976
0.155963	-2.10501	2.11078	0.00680494	0.389895	1.53345	1.5193
0.129712	-2.03218	2.03632	0.0102139	0.585216	1.53629	1.51645
-0.112494	-2.27615	2.27893	0.113125	6.48158	1.53802	1.51452
-0.170139	-2.17626	2.1829	0.0286381	1.64084	1.52167	1.52938
-0.00281773	-1.98648	1.98649	-0.0766022	-4.38899	1.51543	1.53772
-0.0712294	-1.84769	1.84906	0.0371131	2.12642	1.5227	1.52743
-0.16238	-2.00685	2.01341	0.0422054	2.41819	1.51729	1.53383
0.218835	-2.14754	2.15866	-0.182287	-10.4443	1.51025	1.54425
0.205235	-2.08282	2.09291	0.00333001	0.190796	1.53634	1.518
0.227375	-1.99615	2.00906	-0.015198	-0.870783	1.54102	1.51383
0.417365	-2.08584	2.12719	-0.0840682	-4.81675	1.54969	1.50809
0.275926	-1.94326	1.96275	0.0564374	3.23363	1.58023	1.49606
0.428158	-1.88153	1.92964	-0.082699	-4.73831	1.57564	1.49347
0.336259	-1.94299	1.97188	0.0523825	3.0013	1.61213	1.48343
0.220943	-1.90711	1.91986	0.0560266	3.21009	1.60937	1.47973
0.0623208	-1.94138	1.94238	0.0832482	4.76977	1.60297	1.4787
0.018256	-2.00839	2.00847	0.0230007	1.31784	1.58762	1.4826
-0.0449018	-1.92166	1.92218	0.0324516	1.85934	1.58421	1.48399
0.00399645	-2.05419	2.05419	-0.0253074	-1.45001	1.57765	1.48737
-0.129505	-1.99799	2.00219	0.0666725	3.82005	1.58169	1.4852
-0.205369	-1.91662	1.92759	0.0420174	2.40742	1.56824	1.49347
-0.549842	-2.2765	2.34196	0.130246	7.46255	1.55769	1.50204
-0.482319	-2.13373	2.18756	-0.0146813	-0.841179	1.53512	1.53535
-0.623939	-2.13735	2.22656	0.0617204	3.53632	1.52408	1.54461
-0.555824	-2.01423	2.08951	-0.0147819	-0.84694	1.50927	1.57829
-0.441319	-2.14729	2.19217	-0.0665462	-3.81281	1.49865	1.59235
-0.281884	-2.36183	2.37859	-0.0839137	-4.8079	1.49222	1.58843
0.0992858	-1.91298	1.91555	-0.170643	-9.7771	1.4909	1.57755
0.137274	-1.86839	1.87343	-0.0214854	-1.23102	1.50671	1.54737
0.17165	-1.96131	1.96881	-0.0139555	-0.799592	1.51209	1.54148
0.272761	-2.03358	2.05179	-0.0460371	-2.63773	1.51759	1.5358
0.0370477	-2.1192	2.11952	0.115853	6.63786	1.53081	1.52564
-0.195229	-2.14161	2.15049	0.108389	6.21022	1.51563	1.53528
-0.118773	-2.05632	2.05975	-0.0332126	-1.90294	1.50204	1.55633
0.00497094	-1.8976	1.8976	-0.0603156	-3.45583	1.50218	1.554
-0.189811	-2.07975	2.08839	0.093634	5.36483	1.50763	1.54505
-0.152917	-2.13112	2.1366	-0.019383	-1.11056	1.49639	1.56519
-0.0707304	-2.07052	2.07173	-0.0374841	-2.14768	1.49492	1.5662
0.0346366	-2.13851	2.13879	-0.0503425	-2.88441	1.49644	1.56191
0.06951	-1.95494	1.95617	-0.019346	-1.10844	1.50157	1.55359
0.117658	-2.22655	2.22966	-0.0172527	-0.988507	1.50491	1.54924
0.137822	-2.10364	2.10815	-0.0126285	-0.723557	1.5092	1.54412
0.23912	-1.95691	1.97147	-0.0561675	-3.21816	1.51359	1.53922
0.44182	-1.96161	2.01075	-0.0999465	-5.72652	1.52684	1.52849
0.585632	-2.02147	2.10459	-0.0604503	-3.46355	1.55767	1.51351
0.496098	-1.96375	2.02545	0.0345369	1.97882	1.59236	1.50062
0.317246	-2.04881	2.07322	0.0938255	5.3758	1.59911	1.49213
0.198512	-2.05335	2.06292	0.0572465	3.27998	1.58468	1.48961
0.0194589	-1.79399	1.79409	0.0855315	4.90059	1.57846	1.48917
-0.0830857	-1.92304	1.92483	0.0540249	3.0954	1.56389	1.49494
-0.127548	-1.97991	1.98402	0.0211536	1.21201	1.55417	1.50164
-0.183187	-2.08615	2.09417	0.0232545	1.33238	1.54825	1.50649
-0.238867	-2.12423	2.13762	0.0243917	1.39754	1.54109	1.51314
-0.319368	-1.97509	2.00074	0.0483322	2.76923	1.53299	1.52177
-0.467832	-1.95369	2.00893	0.0747242	4.28138	1.52225	1.53742
-0.414526	-1.98737	2.03014	-0.0294026	-1.68465	1.50921	1.5665
-0.235998	-1.91391	1.92841	-0.0829445	-4.75237	1.50191	1.57184
-0.21152	-1.90801	1.9197	-0.0122797	-0.703572	1.50119	1.56058
-0.562669	-2.11499	2.18856	0.149607	8.57187	1.49796	1.56439
-0.407921	-2.18548	2.22323	-0.0754886	-4.32518	1.48313	1.62298
-0.483664	-2.15119	2.20489	0.0366313	2.09882	1.47858	1.61491
-0.231814	-2.28401	2.29574	-0.12001	-6.87608	1.47078	1.6461
-0.169368	-2.00938	2.01651	-0.0170582	-0.977361	1.47161	1.61977
-0.0476307	-1.96761	1.96818	-0.059887	-3.43127	1.47013	1.62216
-0.0766386	-1.91883	1.92036	0.0157163	0.90048	1.47284	1.61081
0.0333116	-1.98803	1.98831	-0.0566735	-3.24716	1.47083	1.61693
0.144054	-2.14734	2.15217	-0.0502299	-2.87796	1.47505	1.60487
0.346952	-2.13281	2.16085	-0.0942769	-5.40167	1.48134	1.59215
0.609313	-2.22362	2.30559	-0.106192	-6.08438	1.49774	1.57111
0.666193	-2.2173	2.31522	-0.0244182	-1.39906	1.5284	1.54857
0.594433	-2.10213	2.18456	0.016291	0.933406	1.55102	1.53116
0.52692	-2.02859	2.09591	0.0214502	1.229	1.56382	1.51768
0.666761	-1.85374	1.97	-0.091146	-5.22228	1.57416	1.50702
0.38946	-1.60568	1.65224	0.10732	6.14901	1.62766	1.49407
0.190425	-1.98122	1.99035	0.142135	8.14376	1.60524	1.48805
0.320944	-1.80729	1.83557	-0.0799296	-4.57963	1.57598	1.49046
0.232604	-1.87288	1.88727	0.0521873	2.99011	1.60582	1.48156
0.0178073	-1.91333	1.91341	0.114256	6.54641	1.60074	1.48009
0.0761276	-2.05067	2.05208	-0.0277996	-1.5928	1.57838	1.48689
-0.00519553	-2.08754	2.08754	0.0395951	2.26863	1.58567	1.4836
-0.131228	-2.00258	2.00688	0.0629469	3.60659	1.57876	1.48667
-0.206417	-1.84994	1.86142	0.045685	2.61756	1.56604	1.49479
-0.359859	-2.08568	2.11649	0.0597354	3.42258	1.55526	1.50396
-0.360682	-2.05642	2.08781	0.00277074	0.158751	1.54108	1.52021
-0.452376	-1.87075	1.92467	0.0636344	3.64598	1.53189	1.529
-0.548942	-1.85608	1.93555	0.0502956	2.88173	1.51886	1.55375
-0.651873	-1.87769	1.98762	0.046593	2.66958	1.50648	1.58377
-0.471977	-2.0399	2.09379	-0.106778	-6.11791	1.49419	1.62293
-0.274021	-2.33273	2.34877	-0.11044	-6.32774	1.4871	1.60463
-0.170667	-2.1378	2.1446	-0.037268	-2.1353	1.48671	1.58548
-0.150997	-2.57785	2.58227	-0.0211565	-1.21218	1.48601	1.58322
-0.103425	-2.27809	2.28044	-0.013139	-0.752808	1.48489	1.58402
-0.00376334	-2.13547	2.13547	-0.0436064	-2.49846	1.48411	1.58495
0.0954214	-2.07842	2.08061	-0.0476406	-2.72961	1.48729	1.57756
0.343026	-2.24436	2.27042	-0.105787	-6.06117	1.49319	1.56776
0.360337	-2.04013	2.07171	-0.0231561	-1.32675	1.51284	1.54761
0.366461	-2.00373	2.03696	-0.00606871	-0.347711	1.52451	1.53678
0.377605	-1.78812	1.82756	-0.0272261	-1.55994	1.53434	1.52755
0.397364	-1.88603	1.92744	0.000465725	0.0266841	1.54967	1.5178
0.322715	-1.67387	1.7047	0.0171923	0.985046	1.56078	1.50942
0.543595	-1.70473	1.7893	-0.118224	-6.77372	1.56633	1.50363
0.509306	-1.56545	1.64621	-0.00585904	-0.335698	1.6195	1.49145
0.360985	-1.86167	1.89634	0.123014	7.0482	1.64231	1.48306
