0.0449725	0.0576291	
0.0304226	-0.0496792	
-0.0119054	0.0522591	
0.0370698	-0.0363989	
0.0360069	0.0393345	
-0.0563086	0.022548	
0.0290105	0.0459844	
0.0401787	-0.0473314	
-0.0156442	-0.0576524	
0.0506638	0.0283078	
-0.0131012	-0.0439457	
0.0296879	0.0488699	
0.0143144	-0.0406893	
-0.0346963	0.0323106	
9.81949e-05	-0.0475968	
0.0324784	-0.0489554	
0.0308351	-0.0462614	
0.0123205	-0.0520352	
0.0192916	0.0556368	
-0.00999157	-0.0483812	

0.0863559	0.133605	
0.0610848	-0.116934	
-0.0218709	0.138187	
0.0762972	-0.104693	
0.0792217	0.104237	
-0.108407	0.0902294	
0.0627472	0.128681	
0.0816099	-0.117817	
-0.0354971	-0.113421	
0.103201	0.0959395	
-0.0321133	-0.11012	
0.0479657	0.122757	
0.0471395	-0.0920433	
-0.0849096	0.0979608	
-0.000220225	-0.132467	
0.0586704	-0.12434	
0.0659824	-0.121974	
0.0312197	-0.128881	
0.0478656	0.1286	
-0.0152326	-0.10681	

0.111518	0.227083	
0.0885759	-0.199693	
-0.0288921	0.228521	
0.116914	-0.195625	
0.11694	0.184736	
-0.146727	0.176423	
0.10374	0.233415	
0.118432	-0.19315	
-0.0505198	-0.187787	
0.137552	0.16004	
-0.0408996	-0.187395	
0.0609297	0.213655	
0.0765693	-0.176504	
-0.12332	0.182162	
0.00184638	-0.221199	
0.0793669	-0.213182	
0.0847697	-0.201456	
0.0505026	-0.213987	
0.0606667	0.22428	
-0.0178752	-0.185554	

0.128431	0.336646	
0.113481	-0.293036	
-0.0290963	0.340228	
0.143462	-0.286949	
0.145134	0.276798	
-0.15461	0.277284	
0.134232	0.326893	
0.143801	-0.279107	
-0.0629035	-0.274487	
0.166949	0.238092	
-0.0480877	-0.279338	
0.0668574	0.309155	
0.0985802	-0.267978	
-0.156488	0.266849	
-0.022859	-0.307682	
0.0951112	-0.305089	
0.0996524	-0.29637	
0.0575758	-0.309392	
0.0812063	0.323018	
-0.0146575	-0.269939	

0.141573	0.436243	
0.129709	-0.392905	
-0.0282066	0.446391	
0.159467	-0.383073	
0.16886	0.372704	
-0.177731	0.379541	
0.156401	0.440254	
0.158182	-0.373787	
-0.0710008	-0.368649	
0.1828	0.336084	
-0.0550791	-0.380787	
0.0686819	0.402872	
0.114748	-0.366611	
-0.184591	0.3593	
-0.0433965	-0.396458	
0.0940665	-0.399298	
0.109808	-0.392265	
0.0633142	-0.422029	
0.091053	0.424918	
-0.0170622	-0.36336	

0.128347	0.531338	
0.136041	-0.495732	
-0.0301204	0.551262	
0.162176	-0.488215	
0.177276	0.470943	
-0.192112	0.482037	
0.142042	0.550112	
0.159343	-0.471078	
-0.0740961	-0.467016	
0.194181	0.440803	
-0.0450846	-0.479282	
0.0696301	0.503277	
0.122352	-0.459214	
-0.195527	0.455224	
-0.0573866	-0.511149	
0.0970209	-0.488744	
0.11742	-0.493315	
0.0718677	-0.526653	
0.108313	0.517553	
-0.0225719	-0.466057	

0.101776	0.624325	
0.147456	-0.6068	
-0.0210833	0.649514	
0.166906	-0.59834	
0.180961	0.566893	
-0.188401	0.577011	
0.114	0.648576	
0.155368	-0.565706	
-0.0836433	-0.569155	
0.194117	0.544085	
-0.0372467	-0.573233	
0.0699303	0.606037	
0.127725	-0.567197	
-0.198006	0.552968	
-0.077497	-0.621964	
0.0891589	-0.581944	
0.120137	-0.595434	
0.0750284	-0.629039	
0.115742	0.620687	
-0.0222931	-0.573491	

0.0500009	0.705513	
0.147614	-0.710297	
-0.0134079	0.750626	
0.177901	-0.704214	
0.173953	0.667434	
-0.182612	0.673202	
0.0771598	0.747577	
0.143626	-0.672465	
-0.0848263	-0.672456	
0.183552	0.640704	
-0.0284441	-0.670948	
0.0682083	0.710699	
0.129025	-0.665158	
-0.183562	0.639413	
-0.0925887	-0.716579	
0.0733368	-0.682421	
0.112558	-0.70054	
0.085279	-0.725746	
0.119175	0.719409	
-0.012244	-0.679996	

-0.0044577	0.793466	
0.150923	-0.811716	
-0.00881396	0.853355	
0.172837	-0.80957	
0.139507	0.77064	
-0.158385	0.766426	
0.0465764	0.83792	
0.126525	-0.776597	
-0.0769667	-0.777336	
0.166867	0.742207	
-0.00711934	-0.762842	
0.0535589	0.810701	
0.111331	-0.75499	
-0.156953	0.731012	
-0.101908	-0.817329	
0.0558552	-0.781508	
0.104366	-0.793111	
0.0907167	-0.825624	
0.116553	0.818948	
-0.00303449	-0.782963	

-0.0483831	0.875247	
0.142484	-0.909255	
-0.00273566	0.957407	
0.161177	-0.897011	
0.109062	0.864112	
-0.127276	0.860439	
0.0167058	0.939412	
0.109972	-0.86981	
-0.0680209	-0.8801	
0.142668	0.839824	
0.00627042	-0.862938	
0.0363534	0.91159	
0.075166	-0.851251	
-0.120239	0.820294	
-0.103847	-0.919735	
0.0360678	-0.876232	
0.0967049	-0.882478	
0.091358	-0.923022	
0.110935	0.918529	
0.0139792	-0.888388	

-0.0959005	0.944883	
0.13105	-1.0148	
0.00291527	1.05943	
0.142963	-0.990035	
0.078985	0.960387	
-0.067126	0.959263	
-0.00847243	1.04018	
0.0861985	-0.973131	
-0.0508294	-0.983076	
0.119447	0.949763	
0.0177658	-0.963392	
-0.00383866	1.01194	
0.0476696	-0.953927	
-0.0823136	0.921501	
-0.116325	-1.02127	
0.0134916	-0.971444	
0.0768148	-0.972864	
0.0875098	-1.02022	
0.093031	1.02132	
0.0356985	-0.9953	

-0.134682	1.0336	
0.111117	-1.11311	
0.00401413	1.1537	
0.145223	-1.07375	
0.0490714	1.06615	
-0.0124997	1.07138	
-0.0262737	1.14205	
0.0716266	-1.08392	
-0.016995	-1.09094	
0.0906452	1.05859	
0.0418952	-1.05484	
-0.0349897	1.10728	
0.0178337	-1.05581	
-0.044282	1.01669	
-0.121675	-1.12248	
-0.00224286	-1.07257	
0.0563895	-1.0729	
0.086017	-1.12772	
0.075749	1.10709	
0.0515351	-1.09712	

-0.157597	1.1334	
0.0880975	-1.21077	
0.0167609	1.26274	
0.144653	-1.15622	
0.0217658	1.15932	
0.0255378	1.18283	
-0.0456827	1.2426	
0.0580543	-1.18648	
0.0138233	-1.19325	
0.0623107	1.16055	
0.063721	-1.15768	
-0.0402057	1.19294	
-0.00848258	-1.1512	
-0.00525158	1.09811	
-0.119495	-1.2267	
-0.0138733	-1.17324	
0.0288947	-1.17321	
0.0870593	-1.2251	
0.0605862	1.20125	
0.0653942	-1.19779	

-0.175702	1.22597	
0.0645684	-1.29979	
0.0268555	1.36709	
0.157156	-1.23946	
-0.0128048	1.24775	
0.0532339	1.29244	
-0.0518388	1.34131	
0.0447254	-1.28576	
0.0392817	-1.30114	
0.0312743	1.25841	
0.0593693	-1.25408	
-0.044898	1.2809	
-0.0389019	-1.25641	
0.0226873	1.18737	
-0.122536	-1.32814	
-0.0207586	-1.25148	
-0.00920568	-1.26124	
0.0700937	-1.32023	
0.0430375	1.29842	
0.0740312	-1.29823	

-0.182504	1.32246	
0.0496952	-1.38997	
0.0356861	1.46762	
0.151968	-1.33806	
-0.0395593	1.33715	
0.0733781	1.39809	
-0.0535687	1.44012	
0.0348433	-1.39935	
0.0534454	-1.40521	
0.0107345	1.3627	
0.0564084	-1.35438	
-0.0486809	1.36903	
-0.0500549	-1.36051	
0.0518422	1.27433	
-0.120206	-1.43036	
-0.0304753	-1.33685	
-0.0400885	-1.35656	
0.056787	-1.40632	
0.0201454	1.39402	
0.0733095	-1.39732	

-0.170876	1.41907	
0.0160501	-1.48326	
0.0418411	1.57818	
0.158469	-1.42799	
-0.0608391	1.42556	
0.0886848	1.52112	
-0.0529214	1.53961	
0.0291925	-1.49453	
0.0555652	-1.49864	
-0.0176223	1.47168	
0.0432167	-1.46011	
-0.0544723	1.45732	
-0.0628368	-1.45926	
0.0848617	1.36772	
-0.107552	-1.52816	
-0.0394888	-1.43196	
-0.0568135	-1.4572	
0.0428094	-1.49786	
-0.0138344	1.4914	
0.0725933	-1.49249	

-0.15412	1.51604	
-0.00309327	-1.57451	
0.0304323	1.68459	
0.159165	-1.52108	
-0.0783042	1.52526	
0.101607	1.63942	
-0.0546569	1.63804	
0.0319241	-1.59642	
0.0550904	-1.59383	
-0.0412252	1.58627	
0.034226	-1.55713	
-0.054081	1.55386	
-0.0727893	-1.5584	
0.107841	1.46635	
-0.0879722	-1.62765	
-0.0410469	-1.52084	
-0.0675707	-1.55485	
0.0287018	-1.59174	
-0.0471484	1.59524	
0.0735542	-1.59012	

-0.137656	1.60937	
-0.0180315	-1.67711	
0.0200696	1.78765	
0.159173	-1.62155	
-0.088485	1.62029	
0.111278	1.75074	
-0.0545473	1.73672	
0.0489404	-1.70506	
0.0518459	-1.69348	
-0.0618096	1.69349	
0.0193174	-1.66095	
-0.0528176	1.64306	
-0.081928	-1.66381	
0.124729	1.56709	
-0.0716366	-1.72796	
-0.0350418	-1.6143	
-0.0691344	-1.64939	
0.000682235	-1.68922	
-0.0738764	1.70421	
0.0741755	-1.69664	

-0.108379	1.70552	
-0.0284914	-1.77893	
0.0103763	1.88874	
0.150975	-1.72187	
-0.0868467	1.71621	
0.109855	1.8552	
-0.0526608	1.84171	
0.0613767	-1.80774	
0.0452791	-1.7928	
-0.0741652	1.81228	
0.0157513	-1.76255	
-0.0459108	1.74054	
-0.0857457	-1.76307	
0.139014	1.66989	
-0.0618932	-1.82048	
-0.0127771	-1.72091	
-0.0680975	-1.74557	
-0.0238157	-1.78696	
-0.0943905	1.80951	
0.0704946	-1.79994	

-0.077597	1.80117	
-0.0369711	-1.8818	
-0.00140984	1.99256	
0.137438	-1.81998	
-0.0805549	1.81263	
0.102689	1.95281	
-0.0534817	1.95263	
0.0591848	-1.91589	
0.0261068	-1.88261	
-0.0916037	1.93852	
0.00960611	-1.86971	
-0.0311711	1.83401	
-0.0811885	-1.87028	
0.148158	1.77554	
-0.0643928	-1.91753	
0.014522	-1.82582	
-0.0609972	-1.83676	
-0.0408722	-1.88908	
-0.12603	1.91428	
0.06733	-1.90188	

-0.0410491	1.89931	
-0.0424792	-1.98278	
-0.00709863	2.09488	
0.128191	-1.91989	
-0.0706484	1.91285	
0.0865475	2.05534	
-0.0467732	2.06488	
0.0431169	-2.02748	
0.0074568	-1.97823	
-0.0984902	2.05549	
0.00356873	-1.97438	
-0.0125867	1.92053	
-0.0870611	-1.96527	
0.125632	1.86829	
-0.0591848	-2.01178	
0.0382294	-1.92153	
-0.0515815	-1.93216	
-0.051193	-1.99051	
-0.143337	2.01133	
0.0613883	-2.00269	

-0.00758799	1.99694	
-0.0451693	-2.08244	
-0.0124698	2.19624	
0.113625	-2.01896	
-0.0561238	2.0223	
0.0684021	2.15432	
-0.0524337	2.168	
0.0288992	-2.13213	
-0.00936924	-2.07544	
-0.101998	2.16238	
0.0072214	-2.07434	
-0.0105136	2.00563	
-0.0897417	-2.06581	
0.088925	1.96113	
-0.0476189	-2.11529	
0.0597249	-2.01866	
-0.0376165	-2.0201	
-0.0532424	-2.09211	
-0.150698	2.10998	
0.0522956	-2.10228	

0.0229049	2.09297	
-0.0523384	-2.17218	
-0.0177897	2.29666	
0.084744	-2.12315	
-0.0336406	2.1159	
0.0570415	2.25302	
-0.0560583	2.27503	
0.015912	-2.23268	
-0.0248106	-2.16631	
-0.102735	2.27883	
-0.00264299	-2.1722	
-0.00168215	2.10201	
-0.0936862	-2.16809	
0.0491216	2.06276	
-0.036528	-2.21611	
0.0773438	-2.11295	
-0.0280776	-2.10695	
-0.0569829	-2.18929	
-0.141835	2.22445	
0.0417948	-2.20185	

0.0390634	2.19066	
-0.0608603	-2.27089	
-0.0244774	2.39961	
0.05689	-2.22349	
-0.00287426	2.21306	
0.0411909	2.36306	
-0.0475887	2.37167	
0.00297615	-2.33009	
-0.03799	-2.26141	
-0.0974921	2.40429	
-0.0121647	-2.26665	
0.00633892	2.19583	
-0.0975044	-2.2562	
0.0126253	2.16336	
-0.0343755	-2.31507	
0.0831157	-2.21994	
-0.0239483	-2.2047	
-0.0565488	-2.2887	
-0.135911	2.32603	
0.0219693	-2.29492	

0.040427	2.28827	
-0.06552	-2.36996	
-0.0291379	2.50147	
0.0266346	-2.31764	
0.0235996	2.31691	
0.0190419	2.46509	
-0.0406966	2.4724	
-0.0074551	-2.42904	
-0.0446439	-2.36023	
-0.0894317	2.52279	
-0.018345	-2.36061	
0.00787112	2.2816	
-0.101026	-2.35028	
-0.020557	2.26227	
-0.0334086	-2.41747	
0.085576	-2.32462	
-0.0200535	-2.30185	
-0.0460903	-2.37269	
-0.137555	2.42647	
0.00160003	-2.39006	

0.0389775	2.38695	
-0.0616242	-2.48097	
-0.0318706	2.60273	
-0.00461151	-2.41257	
0.0450269	2.41756	
0.000696275	2.55834	
-0.0534421	2.55989	
-0.0168041	-2.52584	
-0.0422183	-2.46017	
-0.0738397	2.64464	
-0.0229401	-2.46549	
0.013229	2.36429	
-0.0970768	-2.45178	
-0.0444249	2.3762	
-0.0409133	-2.52057	
0.0798426	-2.44331	
-0.0169196	-2.39758	
-0.0361802	-2.47099	
-0.133756	2.53008	
-0.022503	-2.49066	

0.0415329	2.47408	
-0.0685477	-2.58764	
-0.0300555	2.71012	
-0.031709	-2.50922	
0.0659712	2.51976	
-0.0193814	2.65653	
-0.0550358	2.64598	
-0.0301448	-2.61595	
-0.0251141	-2.56309	
-0.0601551	2.73857	
-0.0343245	-2.56809	
0.0210541	2.44653	
-0.0945324	-2.54751	
-0.0583624	2.49075	
-0.0471747	-2.62092	
0.0848703	-2.55214	
-0.00597717	-2.49662	
-0.0257175	-2.57003	
-0.109889	2.61987	
-0.0453145	-2.59167	

0.0451945	2.57023	
-0.0692086	-2.69114	
-0.0260497	2.81389	
-0.0532417	-2.60684	
0.0736201	2.62104	
-0.0448233	2.75756	
-0.0622891	2.73875	
-0.0426058	-2.71465	
-0.00939809	-2.66486	
-0.0322732	2.82964	
-0.0400671	-2.67395	
0.0460679	2.53362	
-0.106486	-2.64155	
-0.069564	2.60172	
-0.0470068	-2.72512	
0.0780067	-2.65984	
0.000136144	-2.59388	
-0.0252047	-2.6583	
-0.0829299	2.71112	
-0.0532576	-2.69644	

0.0531618	2.67567	
-0.0628831	-2.80458	
-0.0156715	2.91801	
-0.0688464	-2.70171	
0.103152	2.71739	
-0.0598749	2.85166	
-0.0642812	2.83652	
-0.0471045	-2.81469	
0.00438232	-2.76527	
-0.0207761	2.93685	
-0.0433463	-2.77858	
0.0587773	2.62775	
-0.119139	-2.74105	
-0.0793848	2.6989	
-0.0457599	-2.82133	
0.067831	-2.76238	
0.00566552	-2.69266	
-0.0223116	-2.75994	
-0.0547918	2.79317	
-0.0660261	-2.79805	

0.0457529	2.79119	
-0.0465589	-2.90817	
-0.00121546	3.02296	
-0.0695568	-2.80424	
0.124262	2.81572	
-0.069499	2.94849	
-0.0580986	2.92823	
-0.0474338	-2.90849	
0.0162209	-2.8649	
-0.0101429	3.0303	
-0.0520281	-2.87708	
0.072752	2.72266	
-0.136474	-2.83419	
-0.0946276	2.79284	
-0.0374782	-2.94017	
0.0558154	-2.86424	
0.0124755	-2.79116	
-0.0216978	-2.87197	
-0.0290476	2.87794	
-0.0808304	-2.89379	

0.0386226	2.89897	
-0.0339812	-3.00676	
0.0138551	3.12296	
-0.0573566	-2.89832	
0.135346	2.91754	
-0.0745407	3.04782	
-0.0544888	3.01591	
-0.0318871	-3.00338	
0.0361466	-2.97734	
0.0031437	3.13266	
-0.0531096	-2.98649	
0.0752593	2.81006	
-0.144139	-2.92304	
-0.0974435	2.88667	
-0.0398936	-3.04299	
0.036149	-2.97127	
0.0165904	-2.88623	
-0.0205233	-2.97753	
0.00541798	2.9693	
-0.103216	-3.0083	

0.030901	3.01424	
-0.00870442	-3.09855	
0.0204707	3.22142	
-0.0432899	-2.9941	
0.137532	3.03143	
-0.0800698	3.14901	
-0.054772	3.10566	
-0.0148898	-3.09804	
0.0507652	-3.08324	
0.0173693	3.23446	
-0.0474736	-3.0864	
0.0715617	2.90641	
-0.141958	-3.01935	
-0.0939665	2.97541	
-0.0396048	-3.15355	
0.0212028	-3.07415	
0.0199587	-2.99239	
-0.0259157	-3.0797	
0.0326714	3.06651	
-0.115615	-3.12435	

0.0241305	3.1238	
0.00899741	-3.19343	
0.0258974	3.32089	
-0.0228216	-3.08637	
0.133366	3.1356	
-0.0761219	3.25536	
-0.065398	3.20691	
0.00702976	-3.19668	
0.0555693	-3.18286	
0.0323737	3.3306	
-0.0402634	-3.18464	
0.0679178	3.00744	
-0.123702	-3.1102	
-0.0860189	3.0695	
-0.0309446	-3.25636	
0.0042528	-3.17119	
0.0168954	-3.09699	
-0.0335486	-3.17872	
0.0585547	3.16126	
-0.120323	-3.22263	

0.0250101	3.23314	
0.0255515	-3.29747	
0.030645	3.42374	
-0.00163688	-3.18259	
0.122671	3.23424	
-0.065651	3.36358	
-0.0693971	3.30214	
0.023244	-3.28956	
0.065255	-3.30047	
0.0430389	3.43546	
-0.0322841	-3.29244	
0.0500644	3.1	
-0.102671	-3.20064	
-0.0697136	3.16998	
-0.0361193	-3.34615	
0.00374885	-3.26767	
0.0118957	-3.20202	
-0.0411293	-3.2796	
0.0673784	3.25873	
-0.118418	-3.33394	

0.0209379	3.32946	
0.0366787	-3.39742	
0.0302257	3.52109	
0.018005	-3.27876	
0.106293	3.33738	
-0.0555796	3.46825	
-0.073337	3.39505	
0.0389233	-3.3845	
0.0598455	-3.41602	
0.0501873	3.53222	
-0.0230208	-3.39626	
0.033998	3.19715	
-0.0788675	-3.29949	
-0.0561147	3.2684	
-0.0393136	-3.44113	
0.000924546	-3.36495	
0.0112133	-3.29744	
-0.0335613	-3.38136	
0.0748175	3.35798	
-0.118892	-3.45125	

0.00684131	3.42295	
0.0390011	-3.49839	
0.030898	3.61607	
0.033201	-3.39358	
0.0917842	3.43635	
-0.0428716	3.56662	
-0.0720712	3.48489	
0.0502246	-3.48806	
0.0529902	-3.52429	
0.0520296	3.62307	
0.0032451	-3.51005	
0.0242721	3.29591	
-0.0669587	-3.38755	
-0.0417015	3.36968	
-0.0381363	-3.54551	
0.0068708	-3.46286	
0.0100738	-3.39513	
-0.0299965	-3.48193	
0.065928	3.46159	
-0.112967	-3.55755	

-0.0120466	3.51957	
0.0425126	-3.60128	
0.0181609	3.71294	
0.0436648	-3.50203	
0.0885593	3.52154	
-0.0359836	3.67296	
-0.0795445	3.58213	
0.0562418	-3.59102	
0.0414742	-3.63716	
0.0448864	3.72575	
0.0260796	-3.60593	
0.0138035	3.40394	
-0.0521889	-3.48051	
-0.0360373	3.47022	
-0.0272705	-3.64644	
0.0135539	-3.56787	
0.00717332	-3.49901	
-0.0228738	-3.56412	
0.0492061	3.57317	
-0.10634	-3.66225	

-0.0350334	3.615	
0.0388622	-3.70081	
-0.00284795	3.8225	
0.0488857	-3.58853	
0.0786461	3.61889	
-0.0275627	3.78034	
-0.0880757	3.67277	
0.0645366	-3.69333	
0.0239276	-3.74465	
0.0330286	3.83003	
0.0442294	-3.70217	
0.00474726	3.50425	
-0.0376804	-3.57687	
-0.0266151	3.55766	
-0.0163089	-3.7466	
0.0138852	-3.68023	
0.0114483	-3.59361	
-0.0147497	-3.65107	
0.0381472	3.68279	
-0.106484	-3.76544	

-0.0584006	3.70737	
0.0283501	-3.80557	
-0.0188628	3.92783	
0.0597005	-3.68946	
0.0710325	3.71984	
-0.0140445	3.88424	
-0.0741161	3.7648	
0.0845088	-3.7842	
0.00831258	-3.84902	
0.0137794	3.93199	
0.0637706	-3.80268	
-0.000399733	3.60013	
-0.0223658	-3.66602	
-0.0226121	3.64993	
0.0107974	-3.86036	
0.0175721	-3.79269	
0.0107529	-3.68321	
-0.00978999	-3.74334	
0.0217385	3.79024	
-0.107153	-3.87431	

-0.0759238	3.80309	
0.0243677	-3.9159	
-0.0284861	4.02115	
0.0624163	-3.79118	
0.0661143	3.82393	
-0.00114781	3.98527	
-0.0529729	3.86817	
0.107803	-3.87937	
-0.00670252	-3.95215	
0.00144987	4.04176	
0.0776468	-3.90133	
-0.00674906	3.69661	
-0.0071635	-3.75441	
-0.0251592	3.74249	
0.0226727	-3.97858	
0.0225829	-3.89266	
0.00276429	-3.7748	
-0.00487967	-3.83876	
0.00643276	3.89408	
-0.101864	-3.98595	

-0.0972424	3.90098	
0.0113801	-4.0199	
-0.0367383	4.1261	
0.068633	-3.88984	
0.0504514	3.92967	
-0.00567361	4.09522	
-0.0358387	3.96718	
0.122295	-3.97804	
-0.0331829	-4.05284	
-0.00495845	4.14629	
0.0829568	-4.00094	
-0.0300174	3.80954	
-0.0107844	-3.85178	
-0.0299334	3.85826	
0.0228009	-4.09193	
0.0338252	-4.00288	
-0.00253622	-3.86666	
-0.00233684	-3.94316	
0.00355861	3.99134	
-0.0933175	-4.09254	

-0.103238	3.99818	
-0.00302609	-4.12173	
-0.0409509	4.23109	
0.0830034	-3.98173	
0.0309452	4.03495	
-0.00743138	4.19881	
-0.00641919	4.06955	
0.123611	-4.06298	
-0.0428515	-4.15214	
-0.0103084	4.24606	
0.0872817	-4.10252	
-0.0354771	3.92453	
-0.0170981	-3.9512	
-0.0226376	3.96575	
0.019017	-4.20283	
0.0376321	-4.1131	
-0.00646687	-3.95764	
0.00470417	-4.0304	
0.00771056	4.09364	
-0.0939141	-4.2151	

-0.104142	4.09283	
-0.00509561	-4.21797	
-0.0289369	4.32334	
0.0974128	-4.07299	
0.0199151	4.13467	
-0.00730891	4.30998	
0.022606	4.16152	
0.118804	-4.14976	
-0.0361664	-4.24389	
-0.00721957	4.34053	
0.0713498	-4.20806	
-0.034971	4.02911	
-0.0123479	-4.03778	
-0.0149476	4.06937	
0.0123131	-4.31273	
0.0393329	-4.21941	
-0.0105523	-4.05198	
0.01463	-4.11648	
0.00712762	4.20557	
-0.0906565	-4.32601	

-0.101004	4.18458	
0.00436075	-4.30754	
-0.0215958	4.40909	
0.104016	-4.16212	
0.00981904	4.23489	
-0.00429305	4.41831	
0.0630122	4.24915	
0.113619	-4.24005	
-0.0366723	-4.33349	
-0.0011655	4.44025	
0.0631875	-4.30725	
-0.0338676	4.13134	
-0.00691667	-4.13387	
-0.00679775	4.15794	
0.0105215	-4.41636	
0.0402407	-4.32184	
-0.0146508	-4.14732	
0.0267468	-4.20932	
-0.00497434	4.32988	
-0.0825548	-4.43181	

-0.0920886	4.28176	
0.00309721	-4.40278	
-0.0215523	4.50276	
0.101693	-4.26007	
0.000689816	4.33894	
-0.00182399	4.52268	
0.0846553	4.33776	
0.104863	-4.3337	
-0.0346846	-4.42949	
0.00749812	4.53642	
0.0506172	-4.39095	
-0.0401944	4.24553	
-0.00939038	-4.2275	
0.00962365	4.24293	
0.011008	-4.50413	
0.0310815	-4.43471	
-0.0209744	-4.24144	
0.0345329	-4.30109	
-0.010913	4.42644	
-0.0711528	-4.53609	

-0.0759089	4.37954	
0.00860517	-4.49635	
-0.0200759	4.61235	
0.0836427	-4.36176	
-0.0083443	4.43587	
0.00479622	4.62953	
0.105032	4.43864	
0.0931421	-4.4189	
-0.0339852	-4.53831	
0.01829	4.64039	
0.0392703	-4.48079	
-0.0446924	4.33617	
-0.0141144	-4.32583	
0.0232393	4.33566	
0.0108422	-4.59785	
0.0214822	-4.54704	
-0.0252415	-4.3373	
0.0582058	-4.4025	
-0.00582151	4.53539	
-0.0484759	-4.64219	

-0.0442484	4.48014	
0.0105997	-4.59071	
-0.00928432	4.70895	
0.062751	-4.46477	
-0.020877	4.53585	
0.0127665	4.72753	
0.110222	4.53583	
0.0886281	-4.52145	
-0.0319907	-4.64326	
0.0300052	4.73915	
0.0255002	-4.58079	
-0.0592432	4.42616	
-0.0166356	-4.412	
0.0368658	4.42079	
0.0103337	-4.69472	
0.0118916	-4.653	
-0.0352647	-4.42442	
0.0793373	-4.49817	
-0.000848215	4.65013	
-0.0321043	-4.74255	

-0.00839053	4.56579	
0.015707	-4.68665	
0.00115779	4.81017	
0.0418883	-4.56523	
-0.0306511	4.63888	
0.0189011	4.82142	
0.112637	4.64009	
0.0783199	-4.6237	
-0.0171901	-4.75745	
0.0356745	4.83627	
0.0211833	-4.67541	
-0.0699561	4.52002	
-0.0192205	-4.51412	
0.049933	4.50852	
0.0154095	-4.79356	
0.014055	-4.75983	
-0.0421177	-4.52347	
0.089751	-4.60665	
0.00258567	4.76363	
-0.0174098	-4.83508	

0.0238477	4.65586	
0.0197811	-4.7909	
5.1634e-05	4.91352	
0.022685	-4.66082	
-0.0538268	4.75519	
0.0105775	4.91324	
0.0971899	4.74999	
0.0709131	-4.72513	
-0.0089335	-4.86029	
0.0324229	4.92233	
0.0165096	-4.77215	
-0.0776278	4.60744	
-0.020012	-4.6144	
0.0609595	4.5965	
0.0194786	-4.89286	
0.0171229	-4.85657	
-0.0404544	-4.63055	
0.0951938	-4.71122	
-0.000694985	4.86805	
-0.00367933	-4.93091	

0.050725	4.7516	
0.0196412	-4.88489	
-0.002065	5.0155	
0.0137173	-4.75771	
-0.0764643	4.85906	
0.0028778	5.00541	
0.0817531	4.85496	
0.0585167	-4.82557	
0.0116673	-4.95057	
0.0299433	5.01519	
0.00545696	-4.86106	
-0.0819736	4.70419	
0.00242229	-4.71143	
0.0633406	4.6958	
0.0331767	-4.98791	
0.032008	-4.95467	
-0.0391144	-4.73152	
0.0949614	-4.8182	
-0.00440081	4.9685	
0.0112221	-5.03144	

0.0737171	4.84844	
0.016287	-4.98218	
0.000504497	5.12152	
0.0207763	-4.86292	
-0.0942773	4.96265	
-0.0120236	5.10479	
0.0707261	4.95543	
0.0508928	-4.92682	
0.0264497	-5.0418	
0.020462	5.10389	
-0.000424535	-4.95343	
-0.0845359	4.79916	
0.0289156	-4.81303	
0.0599831	4.79405	
0.0363594	-5.09539	
0.0454984	-5.05203	
-0.0326719	-4.82093	
0.0895089	-4.9201	
-0.00695459	5.06712	
0.0170663	-5.13771	

0.0899626	4.94669	
0.0103546	-5.08442	
-0.000746804	5.22624	
0.0119663	-4.95243	
-0.110518	5.06579	
-0.0242449	5.20366	
0.0448896	5.06554	
0.03927	-5.02547	
0.0335589	-5.13807	
0.0126134	5.18908	
-0.00644826	-5.03525	
-0.06599	4.90275	
0.0486319	-4.91716	
0.0574579	4.8801	
0.0372042	-5.19428	
0.0682663	-5.15428	
-0.0255534	-4.92167	
0.0833693	-5.0226	
-0.00808872	5.16556	
0.0257352	-5.24303	

0.104934	5.04208	
0.00510668	-5.18535	
-0.000560917	5.32597	
0.0130068	-5.05165	
-0.115854	5.16996	
-0.0183002	5.3135	
0.0129574	5.17025	
0.0265084	-5.12459	
0.0426336	-5.23714	
0.0122924	5.26914	
-0.0184461	-5.13077	
-0.0500599	5.00646	
0.0643289	-5.02029	
0.0491418	4.97342	
0.0452698	-5.30119	
0.0795487	-5.26288	
-0.0169336	-5.02452	
0.0757853	-5.12569	
-0.00552726	5.26777	
0.0333991	-5.3379	

0.111377	5.13661	
-0.00419523	-5.28572	
-0.00446791	5.42731	
0.0165555	-5.16009	
-0.114292	5.29426	
-0.0113242	5.40973	
-0.0135036	5.26716	
0.0196924	-5.21246	
0.04854	-5.33694	
0.0161757	5.34457	
-0.0298557	-5.22723	
-0.0531983	5.10002	
0.0776654	-5.12616	
0.0471079	5.05683	
0.0491936	-5.40496	
0.085222	-5.37929	
0.000995221	-5.10914	
0.0741981	-5.23364	
0.00890359	5.35642	
0.0400059	-5.42708	

0.10947	5.22015	
-0.0142338	-5.38976	
-0.00892682	5.52526	
0.0189829	-5.26281	
-0.107325	5.40697	
0.00210496	5.50694	
-0.0339886	5.36528	
0.00926551	-5.30787	
0.0611386	-5.43656	
0.0229995	5.43238	
-0.0255678	-5.31483	
-0.0578025	5.18703	
0.088771	-5.22772	
0.0324175	5.14672	
0.0502355	-5.50707	
0.077264	-5.48553	
0.0274712	-5.18505	
0.0753299	-5.34277	
0.00788222	5.45151	
0.0485134	-5.51141	

0.0993752	5.31135	
-0.0275083	-5.49416	
-0.00608519	5.63084	
0.012769	-5.36286	
-0.101673	5.51633	
0.0169439	5.60133	
-0.0434948	5.46708	
0.0049072	-5.40883	
0.0667071	-5.5304	
0.0328406	5.52322	
-0.0229943	-5.4125	
-0.0614979	5.28903	
0.0932541	-5.3355	
0.0191475	5.24188	
0.046905	-5.62024	
0.072141	-5.58992	
0.0483634	-5.27338	
0.0792289	-5.43758	
0.00390887	5.55485	
0.0522757	-5.60885	

0.0855197	5.40622	
-0.0433278	-5.59293	
-0.0040817	5.74241	
0.00608595	-5.46194	
-0.0890725	5.62599	
0.0363181	5.69488	
-0.0501528	5.55997	
-0.00176463	-5.50478	
0.0699651	-5.62871	
0.0394688	5.61823	
-0.0195727	-5.51133	
-0.0527609	5.38835	
0.0915566	-5.44745	
0.005625	5.33506	
0.0365308	-5.72571	
0.0653188	-5.69284	
0.0719749	-5.37223	
0.0765761	-5.52976	
0.0175639	5.6523	
0.0592921	-5.7136	

0.0696128	5.49911	
-0.0566064	-5.69549	
-0.00296803	5.85465	
-0.00259995	-5.56038	
-0.0750287	5.72749	
0.0551682	5.79664	
-0.0535145	5.65673	
-0.00853522	-5.60027	
0.0780865	-5.73749	
0.0511446	5.7235	
-0.014576	-5.61724	
-0.0329417	5.49218	
0.0869396	-5.56332	
-0.00873433	5.4315	
0.0294208	-5.82952	
0.0608077	-5.79763	
0.0933364	-5.47222	
0.0655671	-5.61618	
0.0321163	5.74392	
0.064762	-5.81629	

0.0442809	5.58906	
-0.0638344	-5.7856	
0.00906511	5.95385	
-0.0113493	-5.65974	
-0.0620448	5.83213	
0.0648806	5.90004	
-0.0557544	5.75655	
-0.0257743	-5.7034	
0.090826	-5.83416	
0.0573202	5.83106	
-0.0104663	-5.72023	
-0.0138899	5.59275	
0.0797218	-5.67687	
-0.0204124	5.52174	
0.0281084	-5.9248	
0.0500248	-5.89916	
0.105703	-5.5747	
0.0512774	-5.71073	
0.0385222	5.82745	
0.0676793	-5.91707	

0.0162199	5.67726	
-0.0680245	-5.88198	
0.000460462	6.05856	
-0.0200133	-5.75974	
-0.0507257	5.9282	
0.0699482	6.00105	
-0.0700477	5.85235	
-0.0435693	-5.79739	
0.0975105	-5.94031	
0.056511	5.93199	
-0.00230119	-5.82808	
0.00537472	5.6928	
0.0699668	-5.78919	
-0.0271874	5.61201	
0.0301542	-6.03715	
0.0368871	-5.99807	
0.122079	-5.66514	
0.0367667	-5.80425	
0.0565707	5.92151	
0.0725636	-6.02466	

-0.0141132	5.77537	
-0.0706771	-5.97709	
-0.00384588	6.15218	
-0.0241978	-5.86353	
-0.037658	6.02993	
0.0735728	6.10448	
-0.0803766	5.95577	
-0.0643021	-5.90952	
0.0992519	-6.04402	
0.0570675	6.03131	
0.00830847	-5.92701	
0.0227587	5.79712	
0.0691436	-5.89451	
-0.0236266	5.71007	
0.0319994	-6.1421	
0.0206984	-6.09519	
0.138782	-5.76225	
0.0139977	-5.902	
0.0790462	6.01783	
0.0629189	-6.1247	

-0.0433781	5.87324	
-0.068467	-6.07413	
-0.0167276	6.2561	
-0.0272421	-5.96407	
-0.0278874	6.12658	
0.0868984	6.22019	
-0.0854313	6.05715	
-0.0794281	-6.0121	
0.0934505	-6.15385	
0.0546696	6.13565	
0.0132148	-6.02228	
0.0366513	5.89921	
0.0609885	-5.99503	
-0.0240371	5.80804	
0.0438341	-6.24841	
0.00496907	-6.19664	
0.145657	-5.86121	
-0.0184182	-5.99723	
0.0928924	6.12061	
0.0514694	-6.22223	

-0.0694017	5.97553	
-0.0660637	-6.17249	
-0.0264602	6.36407	
-0.0289336	-6.06843	
-0.0123664	6.22728	
0.0838179	6.33285	
-0.0870976	6.15945	
-0.0885678	-6.11059	
0.0854328	-6.2578	
0.0525745	6.23652	
0.0255997	-6.12107	
0.0517872	6.00279	
0.0472541	-6.09059	
-0.036701	5.90784	
0.0527742	-6.34991	
-0.0105954	-6.3104	
0.142148	-5.96082	
-0.0444091	-6.09715	
0.0974181	6.22052	
0.0551603	-6.31965	

-0.0897177	6.07811	
-0.0673673	-6.26187	
-0.0337937	6.46794	
-0.0418648	-6.17015	
-0.00741237	6.33219	
0.0758491	6.43686	
-0.0919409	6.25434	
-0.0928407	-6.20953	
0.0999836	-6.3641	
0.0526715	6.33498	
0.0352976	-6.22254	
0.0584879	6.09872	
0.0225026	-6.19352	
-0.0468628	6.00824	
0.0584271	-6.4592	
-0.0207008	-6.42328	
0.140437	-6.06621	
-0.0583599	-6.19965	
0.104427	6.32476	
0.0568398	-6.42679	

-0.0955065	6.17935	
-0.0625662	-6.36286	
-0.0438246	6.56643	
-0.0501681	-6.26885	
0.00346452	6.43651	
0.0568915	6.5291	
-0.0882007	6.36141	
-0.0984392	-6.31685	
0.117107	-6.47141	
0.0504018	6.43431	
0.0435535	-6.32542	
0.0550515	6.19977	
-0.00560881	-6.29661	
-0.0515936	6.11231	
0.0565894	-6.57369	
-0.028781	-6.52904	
0.118088	-6.17235	
-0.0749907	-6.3108	
0.108855	6.43039	
0.0597122	-6.52905	

-0.0950429	6.28464	
-0.0595713	-6.45824	
-0.0400018	6.66466	
-0.0636954	-6.37106	
0.00653328	6.52235	
0.0333454	6.61231	
-0.0809435	6.46253	
-0.0930971	-6.41331	
0.131741	-6.56347	
0.0453274	6.54249	
0.0487467	-6.42609	
0.0556139	6.3002	
-0.0334533	-6.39491	
-0.0564794	6.21259	
0.0543525	-6.68929	
-0.0297241	-6.63325	
0.0967229	-6.26984	
-0.0854995	-6.41809	
0.103825	6.53275	
0.0556605	-6.63012	

-0.0900564	6.38901	
-0.0605991	-6.55193	
-0.0311373	6.77766	
-0.0839477	-6.47493	
0.000431552	6.61588	
0.013384	6.69948	
-0.0795605	6.57183	
-0.0833808	-6.5185	
0.141747	-6.66183	
0.0389768	6.64659	
0.0487925	-6.51909	
0.0531231	6.40071	
-0.0540553	-6.49551	
-0.0580501	6.31334	
0.054573	-6.79235	
-0.0297945	-6.73593	
0.0743056	-6.36718	
-0.0896565	-6.52848	
0.109275	6.64249	
0.0538674	-6.7298	

-0.0871563	6.49352	
-0.0594872	-6.64893	
-0.0216797	6.88581	
-0.100159	-6.58359	
0.00500229	6.70258	
0.000118416	6.78599	
-0.0721224	6.67525	
-0.0657508	-6.61642	
0.134458	-6.76474	
0.0282383	6.75462	
0.0440119	-6.61395	
0.0482419	6.49802	
-0.0690789	-6.59533	
-0.0578415	6.41664	
0.0486519	-6.8912	
-0.0346001	-6.81974	
0.0489643	-6.46287	
-0.093141	-6.63638	
0.102074	6.75189	
0.0514299	-6.8348	

-0.0713191	6.60499	
-0.0470629	-6.74749	
-0.0106841	6.99183	
-0.100217	-6.68183	
0.00462847	6.80455	
-0.0135126	6.88012	
-0.0589105	6.78529	
-0.0470887	-6.71432	
0.125867	-6.86437	
0.0171208	6.85727	
0.0355201	-6.7078	
0.0523757	6.57966	
-0.0809953	-6.70228	
-0.0584654	6.52885	
0.0422589	-6.9971	
-0.0371417	-6.91047	
0.024468	-6.55798	
-0.0854497	-6.73874	
0.0967977	6.85342	
0.047789	-6.9302	

-0.0524593	6.70013	
-0.0276625	-6.85247	
-0.00648259	7.10225	
-0.0922781	-6.78074	
-0.00965403	6.90069	
-0.0208436	6.97677	
-0.0452079	6.88993	
-0.0281824	-6.81255	
0.10878	-6.98882	
0.00417769	6.95534	
0.0265233	-6.81091	
0.0611001	6.65663	
-0.0863305	-6.80843	
-0.0521136	6.6345	
0.0345247	-7.09981	
-0.044146	-7.01335	
0.00242653	-6.66373	
-0.0740594	-6.8398	
0.0915536	6.95606	
0.0469236	-7.0249	

-0.0268379	6.78547	
-0.00909504	-6.94563	
-0.00870514	7.20999	
-0.0742919	-6.88238	
-0.0248688	6.99767	
-0.0243414	7.07372	
-0.0347215	6.99385	
-0.0105943	-6.9107	
0.0931665	-7.09835	
-0.00917833	7.05229	
0.0229829	-6.92128	
0.066286	6.73498	
-0.085913	-6.91632	
-0.0461949	6.73377	
0.0243487	-7.206	
-0.0552487	-7.11003	
-0.00111478	-6.7765	
-0.0641311	-6.94794	
0.0746711	7.06325	
0.0187982	-7.13753	

-0.00162426	6.8765	
0.00427483	-7.04218	
-0.00966728	7.30473	
-0.0486525	-6.96592	
-0.0411058	7.10778	
-0.0331761	7.16425	
-0.0328307	7.09221	
0.00144345	-7.00844	
0.0764837	-7.20199	
-0.0224265	7.14884	
0.0103102	-7.02482	
0.05506	6.83626	
-0.0611912	-7.02	
-0.0364943	6.83293	
0.0145955	-7.31667	
-0.0628274	-7.20815	
-0.00270803	-6.88735	
-0.0568552	-7.05544	
0.0507551	7.16656	
0.00125834	-7.24385	

0.0217717	6.97394	
0.0167633	-7.14221	
-0.00892799	7.40196	
-0.0218304	-7.05454	
-0.0594996	7.20944	
-0.0389579	7.25995	
-0.0364972	7.1899	
0.0121347	-7.10713	
0.080904	-7.30297	
-0.0305394	7.24093	
0.00109617	-7.12095	
0.0429676	6.93713	
-0.0224046	-7.10161	
-0.0193799	6.92989	
0.00967928	-7.40868	
-0.0582467	-7.30199	
-0.00362766	-6.99293	
-0.0461999	-7.17089	
0.0313846	7.26886	
-0.0180102	-7.34414	

0.039744	7.07333	
0.0272222	-7.25796	
-0.0143674	7.49213	
0.00339536	-7.14748	
-0.0739779	7.31018	
-0.02039	7.34353	
-0.0379067	7.28936	
0.0298934	-7.19771	
0.0828815	-7.40175	
-0.0430265	7.34275	
-0.00962378	-7.22171	
0.0281524	7.03827	
0.0140219	-7.18971	
-0.00710219	7.04462	
0.0121698	-7.50402	
-0.0673477	-7.40014	
-0.00507597	-7.09018	
-0.0382732	-7.27294	
0.00145852	7.36779	
-0.0389258	-7.43279	

0.0371418	7.15932	
0.0422403	-7.36161	
-0.0261688	7.5889	
0.0226092	-7.24362	
-0.0855292	7.41908	
0.000591213	7.43389	
-0.0400244	7.38829	
0.0465963	-7.28914	
0.0804494	-7.49974	
-0.0494534	7.43993	
-0.0144819	-7.32364	
0.0156431	7.13527	
0.0440743	-7.28226	
-0.00312091	7.15856	
0.013397	-7.60422	
-0.0649623	-7.49581	
-0.0023576	-7.1892	
-0.0402237	-7.3786	
-0.0254799	7.47968	
-0.05516	-7.52709	

0.0414794	7.23754	
0.0500162	-7.47063	
-0.0318715	7.69003	
0.0379969	-7.35006	
-0.0888824	7.52495	
0.0215151	7.53062	
-0.0392104	7.48299	
0.0589796	-7.38384	
0.078959	-7.60044	
-0.0515598	7.53294	
-0.0193118	-7.43013	
0.0143436	7.23417	
0.0695339	-7.37698	
0.00507641	7.2511	
0.00222785	-7.71691	
-0.058898	-7.59317	
-0.00211294	-7.28032	
-0.0327871	-7.48696	
-0.0386404	7.5774	
-0.0702601	-7.62454	

0.0388004	7.32794	
0.0741549	-7.5779	
-0.022211	7.79934	
0.0581243	-7.45143	
-0.0887942	7.62789	
0.0435255	7.62663	
-0.0343508	7.5768	
0.0646621	-7.47273	
0.0629275	-7.71351	
-0.0525578	7.6296	
-0.0261407	-7.52583	
0.0193149	7.33074	
0.0884508	-7.47593	
0.0123657	7.34624	
-0.00708707	-7.82282	
-0.0457308	-7.69402	
-0.00105139	-7.37605	
-0.0294998	-7.59428	
-0.0470514	7.67638	
-0.0786546	-7.7256	

0.0349708	7.41187	
0.0904943	-7.68202	
-0.0142061	7.91124	
0.0770256	-7.54507	
-0.0716056	7.72978	
0.0600637	7.72305	
-0.0303382	7.67667	
0.0670347	-7.56642	
0.0421452	-7.82506	
-0.0502242	7.73696	
-0.0317228	-7.62332	
0.0190177	7.42406	
0.103028	-7.57321	
0.0266096	7.4436	
-0.0172919	-7.92931	
-0.0315381	-7.7928	
-0.00187993	-7.4715	
-0.0330086	-7.70057	
-0.0473431	7.77483	
-0.0979515	-7.83264	

0.029559	7.50225	
0.10668	-7.78172	
-0.00521395	8.01322	
0.0847088	-7.64006	
-0.0484211	7.82181	
0.0701671	7.82253	
-0.0280959	7.78229	
0.0711205	-7.66776	
0.0257268	-7.91855	
-0.0472955	7.844	
-0.0288106	-7.72862	
0.0189697	7.51893	
0.109123	-7.66685	
0.0410319	7.54423	
-0.0270587	-8.03141	
-0.0226484	-7.89646	
0.00685759	-7.57268	
-0.0347783	-7.80358	
-0.0480533	7.87502	
-0.110999	-7.9422	

0.023896	7.59671	
0.114006	-7.87967	
-0.00181058	8.11252	
0.0899494	-7.74053	
-0.0161287	7.91885	
0.0754551	7.92381	
-0.0221935	7.87229	
0.0726166	-7.76805	
0.0149123	-8.01653	
-0.0413877	7.94689	
-0.0294683	-7.84189	
0.0174663	7.62589	
0.103588	-7.75911	
0.0590246	7.64798	
-0.0322152	-8.12023	
-0.00670664	-7.99144	
0.00838222	-7.6648	
-0.0516224	-7.92286	
-0.0441042	7.97267	
-0.117694	-8.0485	

0.0157235	7.68842	
0.120192	-7.97808	
0.00138339	8.21212	
0.0909888	-7.84062	
0.00551449	8.00685	
0.0916992	8.02506	
-0.00274028	7.96108	
0.0646154	-7.86947	
-0.00387693	-8.10819	
-0.0334112	8.05977	
-0.0246328	-7.95134	
0.0155102	7.7282	
0.0946579	-7.84685	
0.0760969	7.7495	
-0.0346218	-8.21207	
0.018823	-8.08761	
0.00958478	-7.76303	
-0.0678159	-8.03159	
-0.050417	8.07749	
-0.116673	-8.14568	

0.0161765	7.77838	
0.121238	-8.07802	
0.00383649	8.31204	
0.0859722	-7.93971	
0.0240948	8.10005	
0.100397	8.12648	
-0.000438205	8.03629	
0.054528	-7.96974	
-0.0253441	-8.197	
-0.0310355	8.16973	
-0.0238166	-8.04313	
0.0179609	7.82761	
0.0900669	-7.95258	
0.0872843	7.84857	
-0.0380729	-8.3124	
0.0460956	-8.17188	
0.00816212	-7.8663	
-0.0713437	-8.134	
-0.048601	8.1669	
-0.111933	-8.24107	

0.0152244	7.86902	
0.114915	-8.17634	
0.00587847	8.41196	
0.0738871	-8.01607	
0.0412523	8.19949	
0.105315	8.2273	
0.00154416	8.12433	
0.0373443	-8.07705	
-0.0451019	-8.28956	
-0.0157897	8.27697	
-0.0226602	-8.13706	
0.018186	7.92757	
0.0827757	-8.05718	
0.0873393	7.9485	
-0.0361981	-8.41292	
0.0674292	-8.26032	
0.00974336	-7.96705	
-0.070741	-8.23714	
-0.0439616	8.25212	
-0.0959747	-8.3384	

0.0118829	7.96005	
0.104435	-8.26717	
0.00502985	8.50808	
0.0529676	-8.12035	
0.0554684	8.30065	
0.112358	8.31995	
0.000944322	8.20761	
0.0264746	-8.18941	
-0.0689905	-8.39899	
-0.000524514	8.38099	
-0.0316014	-8.24231	
0.0170301	8.02384	
0.0688528	-8.1579	
0.0873153	8.05481	
-0.0435163	-8.51034	
0.0857994	-8.36807	
0.0104409	-8.07081	
-0.0647354	-8.34085	
-0.0307949	8.3366	
-0.0753792	-8.44425	

0.0266564	8.05714	
0.098149	-8.36494	
0.00835886	8.61905	
0.0315016	-8.20443	
0.0729712	8.40066	
0.116094	8.41549	
0.000313354	8.30076	
0.0198546	-8.30362	
-0.0819072	-8.51453	
-0.00329002	8.47732	
-0.0306231	-8.34255	
0.0137989	8.12241	
0.0545409	-8.25828	
0.0850958	8.16841	
-0.0549847	-8.62156	
0.110381	-8.48003	
0.0211464	-8.16269	
-0.0570069	-8.44131	
-0.0154819	8.42246	
-0.0405196	-8.54763	

0.0382221	8.15542	
0.0956903	-8.46464	
0.00422262	8.72226	
0.00512208	-8.29493	
0.0860976	8.49327	
0.115785	8.50797	
-0.000326821	8.39732	
0.0138706	-8.4088	
-0.0887078	-8.62213	
9.37671e-05	8.57418	
-0.0281172	-8.44246	
-0.0114823	8.23065	
0.0414279	-8.36014	
0.075107	8.27402	
-0.0564591	-8.72543	
0.13034	-8.58951	
0.0243231	-8.25377	
-0.0455216	-8.54235	
-0.000327804	8.5125	
-0.00237775	-8.65068	

0.0455426	8.25194	
0.0783414	-8.58286	
0.00226734	8.82799	
-0.018804	-8.38584	
0.0823991	8.59736	
0.110555	8.60694	
-0.0122988	8.49221	
0.00773528	-8.51014	
-0.109385	-8.7276	
-0.00451989	8.68387	
-0.0236952	-8.54114	
-0.0315167	8.33049	
0.0279026	-8.46036	
0.0616897	8.37918	
-0.0572551	-8.82689	
0.128299	-8.6881	
0.0250089	-8.35008	
-0.0408098	-8.63679	
0.0116378	8.60736	
0.0439226	-8.75086	

0.0525276	8.34702	
0.0459371	-8.69455	
-0.00410155	8.92517	
-0.0558288	-8.48663	
0.0739653	8.70345	
0.0734054	8.71651	
-0.0235487	8.58368	
0.0122156	-8.60985	
-0.125032	-8.83993	
-0.0142682	8.78644	
-0.00486804	-8.63396	
-0.0402228	8.4246	
0.0149851	-8.56032	
0.0404238	8.49465	
-0.0451681	-8.92883	
0.124097	-8.7914	
0.0229186	-8.44752	
-0.032708	-8.73279	
0.0157129	8.70866	
0.0777125	-8.85106	

0.0509547	8.45237	
0.0126355	-8.80061	
-0.00400166	9.02127	
-0.0843891	-8.58697	
0.062769	8.80551	
0.0387524	8.81942	
-0.032851	8.68116	
0.0169735	-8.70652	
-0.136239	-8.94634	
-0.0223911	8.88681	
0.00657831	-8.73219	
-0.0279259	8.52557	
0.0109365	-8.65724	
0.0203533	8.60151	
-0.0306292	-9.02627	
0.107853	-8.89409	
0.00504105	-8.54948	
-0.0365809	-8.8259	
0.0347818	8.81484	
0.108052	-8.96162	

0.0481088	8.54309	
-0.0297119	-8.90662	
-0.00757082	9.11784	
-0.0980634	-8.68998	
0.0540068	8.91604	
0.00137107	8.91464	
-0.0265891	8.78822	
0.0306373	-8.80331	
-0.148495	-9.04524	
-0.0299655	8.98858	
0.0164375	-8.82021	
-0.0169685	8.62554	
0.0053583	-8.76418	
0.00200394	8.70405	
-0.0238708	-9.11897	
0.0952831	-8.9961	
-0.00980941	-8.64985	
-0.0407479	-8.93307	
0.0532501	8.91421	
0.133999	-9.06673	

0.045794	8.64056	
-0.0645378	-9.01275	
0.000130215	9.22935	
-0.106838	-8.79302	
0.0488727	9.02119	
-0.0293036	9.01478	
-0.0202459	8.89089	
0.038968	-8.90134	
-0.158472	-9.1541	
-0.0401587	9.07285	
0.0245731	-8.91446	
-0.0102516	8.73586	
-0.0171651	-8.87412	
-0.0213511	8.80549	
0.000311369	-9.22119	
0.0710775	-9.09746	
-0.0330801	-8.74704	
-0.0366206	-9.0297	
0.0652379	9.01318	
0.133416	-9.17455	

0.0408405	8.73861	
-0.0894554	-9.11416	
0.0169024	9.33828	
-0.0993213	-8.89355	
0.041905	9.1235	
-0.0596052	9.11132	
-0.0179954	8.98661	
0.0432272	-9.00032	
-0.158118	-9.26244	
-0.0405269	9.16589	
0.0298814	-9.01414	
-0.0129153	8.83464	
-0.0351531	-8.978	
-0.0343917	8.90223	
0.0182417	-9.30121	
0.0597856	-9.18763	
-0.051996	-8.84531	
-0.0411179	-9.12788	
0.072852	9.11392	
0.12352	-9.27827	

0.0309637	8.83757	
-0.104464	-9.21537	
0.031328	9.44363	
-0.0797792	-8.98129	
0.0352644	9.22558	
-0.0908267	9.20079	
-0.0216197	9.0872	
0.0450417	-9.0994	
-0.150949	-9.3644	
-0.0312191	9.26324	
0.0173818	-9.10507	
-0.0168292	8.94545	
-0.0628328	-9.08583	
-0.0418676	8.99408	
0.0474876	-9.39491	
0.0517817	-9.27866	
-0.066794	-8.95297	
-0.0479894	-9.21401	
0.0805303	9.20662	
0.108658	-9.37687	

0.0339945	8.93863	
-0.107111	-9.31248	
0.0234155	9.54583	
-0.0563821	-9.07671	
0.0251101	9.31691	
-0.113836	9.2927	
-0.0249589	9.18991	
0.0432327	-9.19769	
-0.139802	-9.47139	
-0.0145885	9.3634	
0.00388255	-9.20469	
-0.0221818	9.04609	
-0.0767641	-9.18695	
-0.0467157	9.09024	
0.0766267	-9.47346	
0.0415958	-9.38341	
-0.0802416	-9.08048	
-0.0428161	-9.30931	
0.0837209	9.30352	
0.0896084	-9.47838	

0.050845	9.04634	
-0.104988	-9.41105	
0.00887674	9.64643	
-0.0281957	-9.17846	
0.0135722	9.41351	
-0.129528	9.38909	
-0.0347191	9.30136	
0.0327166	-9.29506	
-0.128414	-9.56812	
-0.00317375	9.44796	
0.00183242	-9.31404	
-0.022925	9.14839	
-0.0945055	-9.29198	
-0.0452758	9.19275	
0.103018	-9.57052	
0.0219468	-9.48163	
-0.0885603	-9.19322	
-0.0268259	-9.4053	
0.0821945	9.40053	
0.0684878	-9.56443	

0.0639314	9.15224	
-0.105499	-9.52158	
-0.0175875	9.7343	
-0.00286763	-9.28392	
0.00489257	9.50922	
-0.149713	9.48604	
-0.0446087	9.39931	
0.0171045	-9.39687	
-0.117916	-9.67657	
0.00940452	9.53911	
0.00416088	-9.41651	
-0.0226907	9.24977	
-0.103306	-9.3963	
-0.0272723	9.28636	
0.103807	-9.67016	
0.00502649	-9.58079	
-0.0935564	-9.29577	
-0.0137358	-9.50662	
0.0796092	9.4994	
0.0454317	-9.65312	

0.0635865	9.25974	
-0.109985	-9.61807	
-0.0416608	9.83038	
0.0171723	-9.39745	
-0.00481953	9.6062	
-0.154238	9.58778	
-0.0498021	9.50036	
-0.00226807	-9.49651	
-0.0956929	-9.78778	
0.018934	9.6355	
-0.00270709	-9.52966	
-0.0263102	9.35853	
-0.0984419	-9.49603	
-0.00453059	9.36883	
0.099395	-9.77153	
-0.00509924	-9.678	
-0.102554	-9.42372	
-0.00477408	-9.61735	
0.078226	9.59239	
0.0263395	-9.74288	

0.0701983	9.35587	
-0.118534	-9.71368	
-0.0548135	9.9248	
0.0202567	-9.49815	
-0.0133189	9.70456	
-0.146959	9.6938	
-0.0438636	9.59863	
-0.0198452	-9.5964	
-0.0717924	-9.88624	
0.0268905	9.72727	
-0.0171757	-9.63101	
-0.0338573	9.46814	
-0.0910914	-9.59637	
0.0179019	9.46078	
0.0975464	-9.87306	
-0.0111063	-9.78067	
-0.0950506	-9.54783	
0.00302408	-9.7226	
0.0697956	9.6943	
0.00753437	-9.83547	

0.0735519	9.46128	
-0.115472	-9.80977	
-0.0646867	10.023	
0.0197096	-9.59816	
-0.0148777	9.80321	
-0.134623	9.79554	
-0.0356435	9.6987	
-0.0333211	-9.6963	
-0.0451803	-9.9859	
0.0237642	9.82597	
-0.0278622	-9.73575	
-0.0373287	9.57759	
-0.0833143	-9.69679	
0.0369007	9.55943	
0.0905278	-9.97489	
-0.00887378	-9.87436	
-0.0870838	-9.66001	
0.00950968	-9.82421	
0.0532459	9.80297	
-0.0102375	-9.931	

0.0710235	9.56446	
-0.100328	-9.89202	
-0.0741675	10.1224	
0.0200655	-9.70967	
-0.00779175	9.89635	
-0.0954019	9.91376	
-0.0337078	9.79785	
-0.0408923	-9.7966	
-0.0191723	-10.0829	
0.0100453	9.93038	
-0.0328714	-9.83854	
-0.0438182	9.68508	
-0.0891238	-9.79226	
0.0418479	9.67988	
0.0826943	-10.0771	
-0.00896386	-9.96475	
-0.0798786	-9.75669	
0.00388499	-9.93802	
0.0289399	9.9073	
-0.0228861	-10.0305	

0.0691475	9.66271	
-0.079881	-9.98188	
-0.0795146	10.223	
0.0195159	-9.81555	
0.0022848	9.99581	
-0.0676141	10.0258	
-0.0484624	9.90875	
-0.0351369	-9.89272	
0.00596761	-10.1818	
-0.0218757	10.0274	
-0.0358185	-9.94107	
-0.0351123	9.78891	
-0.0884936	-9.87624	
0.0261676	9.78865	
0.0748508	-10.1757	
-0.0111902	-10.0618	
-0.0720754	-9.85455	
-0.00462194	-10.0468	
0.0079361	10.0101	
-0.0331084	-10.1303	

0.0627201	9.75107	
-0.0507206	-10.0647	
-0.0796194	10.3219	
0.0146985	-9.9172	
0.00706578	10.1046	
-0.0429453	10.1257	
-0.0641844	10.0124	
-0.0386994	-9.98875	
0.0266382	-10.2879	
-0.0490004	10.127	
-0.0271322	-10.0504	
-0.0250841	9.89171	
-0.0892186	-9.96762	
0.0116584	9.89565	
0.0648486	-10.2855	
-0.0127424	-10.1606	
-0.0609229	-9.95249	
-0.00476283	-10.1462	
-0.0129915	10.112	
-0.038266	-10.2313	

0.0531407	9.84172	
-0.0239246	-10.1558	
-0.074994	10.4209	
0.00452547	-10.006	
0.00920605	10.2082	
-0.0199947	10.2285	
-0.079751	10.11	
-0.0370836	-10.091	
0.0344662	-10.3952	
-0.0721695	10.2263	
-0.0218924	-10.1568	
-0.0120763	10.0004	
-0.064413	-10.0637	
0.00253628	10.0025	
0.0529389	-10.3847	
-0.0159958	-10.2625	
-0.0641389	-10.0577	
-0.0083243	-10.2385	
-0.0259876	10.2178	
-0.034921	-10.3371	

0.0433643	9.9412	
0.00142679	-10.2514	
-0.0683618	10.5177	
-0.00241078	-10.1029	
0.00724512	10.3014	
-0.007959	10.3256	
-0.091377	10.2146	
-0.0340288	-10.1922	
0.0367312	-10.5001	
-0.0829199	10.3169	
-0.0142948	-10.2639	
6.50031e-05	10.105	
-0.0410935	-10.1588	
-0.0039258	10.1112	
0.0446417	-10.4792	
-0.02771	-10.3627	
-0.0689917	-10.1631	
-0.0164433	-10.3389	
-0.0452467	10.3172	
-0.0323476	-10.4432	

0.0385028	10.0228	
0.0239977	-10.3481	
-0.055557	10.6074	
-0.00798083	-10.1994	
0.00521025	10.3978	
-0.000296245	10.426	
-0.0969591	10.3174	
-0.0269962	-10.2899	
0.0416621	-10.605	
-0.0876831	10.412	
-0.00823534	-10.3746	
0.0117935	10.2064	
-0.0320645	-10.2709	
-0.00210759	10.2116	
0.0360784	-10.5729	
-0.0356686	-10.4582	
-0.072269	-10.2656	
-0.00550155	-10.4463	
-0.0612648	10.4225	
-0.0286312	-10.5425	

0.0273602	10.1162	
0.0403492	-10.4534	
-0.0409131	10.7011	
-0.00927034	-10.2869	
0.0168994	10.5044	
0.00466438	10.5005	
-0.0932375	10.4075	
-0.0161674	-10.3956	
0.0452258	-10.7082	
-0.0886423	10.5098	
-0.0109327	-10.4759	
0.019599	10.3073	
-0.0213383	-10.3771	
-0.00975145	10.3262	
0.0402116	-10.6662	
-0.0395017	-10.5575	
-0.0746853	-10.3627	
0.0047602	-10.5504	
-0.0783157	10.5346	
-0.0402565	-10.6473	

0.0125268	10.2138	
0.0529967	-10.5654	
-0.0213145	10.7933	
-0.00860968	-10.3746	
0.0262541	10.6025	
0.00948375	10.5873	
-0.0842317	10.5046	
-0.00551361	-10.5003	
0.0447754	-10.8006	
-0.0920051	10.6097	
-0.0129268	-10.5765	
0.0253499	10.4079	
-0.0047058	-10.4845	
-0.00976315	10.433	
0.0517895	-10.7541	
-0.0360186	-10.6561	
-0.076588	-10.458	
0.0161289	-10.6502	
-0.0714097	10.6384	
-0.0503073	-10.7421	

0.00179038	10.3119	
0.0686563	-10.6769	
0.00173192	10.8849	
-0.0097012	-10.4655	
0.0416533	10.6978	
0.0160894	10.6771	
-0.0715968	10.6136	
0.00647478	-10.6118	
0.0464204	-10.8839	
-0.0842215	10.7079	
-0.0097665	-10.6775	
0.0298805	10.5083	
0.0115725	-10.5933	
-0.0097793	10.5348	
0.0603861	-10.8534	
-0.030201	-10.7555	
-0.0751966	-10.5558	
0.0369972	-10.7545	
-0.0637568	10.7525	
-0.0574977	-10.8434	

-0.00915722	10.412	
0.0791357	-10.7848	
0.0212151	10.9794	
-0.0086428	-10.5525	
0.051648	10.7988	
0.0327473	10.7663	
-0.0492248	10.7285	
0.0144797	-10.7167	
0.0416832	-10.977	
-0.0717769	10.8078	
-0.0138577	-10.7828	
0.0405904	10.6061	
0.0235276	-10.6975	
-0.00878044	10.6376	
0.0605118	-10.942	
-0.0392139	-10.8652	
-0.070967	-10.6541	
0.0507935	-10.8517	
-0.0429885	10.8561	
-0.0633614	-10.9451	

-0.0216372	10.51	
0.0733068	-10.8809	
0.03946	11.0742	
-0.0112606	-10.6504	
0.055298	10.8981	
0.0307225	10.8596	
-0.020739	10.8304	
0.0167968	-10.8104	
0.0286372	-11.0737	
-0.0659008	10.8962	
-0.0223056	-10.8779	
0.0352257	10.7208	
0.0325814	-10.8002	
-0.0105109	10.7367	
0.0565232	-11.039	
-0.0400942	-10.9644	
-0.0561951	-10.7453	
0.0722014	-10.9457	
-0.0169876	10.9594	
-0.0573664	-11.0458	

-0.0318114	10.6088	
0.0630798	-10.9748	
0.0533369	11.1649	
-0.012338	-10.7494	
0.0561848	10.998	
0.0182602	10.9596	
-0.00018043	10.9361	
0.00811008	-10.9162	
0.0163799	-11.1689	
-0.0513529	10.9888	
-0.0263211	-10.9687	
0.0157274	10.8174	
0.0377519	-10.899	
-0.0129514	10.8328	
0.0456646	-11.1301	
-0.0397479	-11.0628	
-0.0521874	-10.8393	
0.0890143	-11.0429	
0.00576361	11.0599	
-0.0491967	-11.1454	

-0.0382071	10.7117	
0.0628633	-11.0755	
0.0654428	11.2594	
0.00856084	-10.8531	
0.0554782	11.0985	
0.01179	11.053	
0.0153869	11.0495	
0.00147109	-11.0188	
0.00708236	-11.2662	
-0.0259769	11.0785	
-0.0300874	-11.0619	
-0.0142374	10.916	
0.0410549	-10.9965	
-0.0210674	10.9281	
0.0331655	-11.2301	
-0.0588888	-11.1563	
-0.044406	-10.9374	
0.100061	-11.1382	
0.034656	11.1646	
-0.0344181	-11.2273	

-0.0245178	10.8011	
0.0606081	-11.1772	
0.0671493	11.3517	
0.024213	-10.9461	
0.0537996	11.1928	
0.00632787	11.1441	
0.0336477	11.1574	
-0.00593395	-11.1112	
0.0194979	-11.3756	
0.00177422	11.1727	
-0.0302719	-11.1634	
-0.0237987	11.0235	
0.050199	-11.0939	
-0.0328242	11.0294	
0.0156792	-11.3145	
-0.0730305	-11.2531	
-0.0331143	-11.0514	
0.103178	-11.2353	
0.0527176	11.2756	
-0.0222265	-11.3296	

-0.00244169	10.8951	
0.0530489	-11.2764	
0.0679914	11.4667	
0.0365367	-11.0336	
0.0509412	11.2896	
0.00250719	11.235	
0.0413897	11.2626	
-0.0312072	-11.1995	
0.0311567	-11.4822	
0.0357026	11.2632	
-0.0217025	-11.2549	
-0.0392963	11.1248	
0.0506623	-11.1931	
-0.0503976	11.1334	
0.0167759	-11.4048	
-0.0807141	-11.3505	
-0.0219141	-11.1619	
0.10409	-11.3357	
0.0792106	11.3868	
-0.00958021	-11.4277	

0.0373534	10.9902	
0.0343096	-11.3625	
0.0676093	11.5513	
0.0542974	-11.1345	
0.0450001	11.3906	
-0.0101318	11.33	
0.0423054	11.3623	
-0.0524216	-11.2928	
0.0436119	-11.5849	
0.0703191	11.369	
-0.0117131	-11.3569	
-0.0394964	11.2199	
0.0540858	-11.2802	
-0.0622926	11.2279	
0.0136439	-11.5059	
-0.0755145	-11.4573	
-0.010316	-11.2613	
0.101845	-11.4318	
0.096807	11.4896	
0.00576125	-11.5216	

0.0791201	11.0818	
0.0162019	-11.4541	
0.0657875	11.6483	
0.0664863	-11.2342	
0.0378468	11.4937	
-0.0185016	11.4173	
0.0420218	11.4619	
-0.0690732	-11.3899	
0.0499075	-11.6829	
0.0972262	11.473	
-0.00706869	-11.4591	
-0.0185293	11.3072	
0.0565701	-11.3691	
-0.0756281	11.3196	
-0.000312227	-11.6055	
-0.0745692	-11.5806	
0.0109039	-11.3547	
0.102045	-11.5345	
0.108304	11.5933	
0.0155979	-11.6158	

0.109811	11.1778	
-0.00672716	-11.5436	
0.0618533	11.7468	
0.065533	-11.3367	
0.0293175	11.6083	
-0.0207015	11.5168	
0.0343017	11.5606	
-0.081354	-11.4796	
0.0540527	-11.7815	
0.10519	11.5644	
-0.0128962	-11.5558	
0.00238083	11.3943	
0.0500694	-11.4639	
-0.0890494	11.4262	
-0.0202658	-11.695	
-0.0704781	-11.6941	
0.0222394	-11.463	
0.0955698	-11.6344	
0.0996564	11.6781	
0.0267105	-11.7134	

0.129843	11.2746	
-0.0291839	-11.6391	
0.0506728	11.8324	
0.0619113	-11.4382	
-0.000143902	11.7237	
-0.0217134	11.6121	
0.0254529	11.6604	
-0.0887547	-11.5748	
0.0536382	-11.8798	
0.130767	11.6571	
-0.0177808	-11.654	
0.0222064	11.4722	
0.0231698	-11.5874	
-0.0908196	11.5425	
-0.0402407	-11.786	
-0.0609088	-11.7892	
0.0308399	-11.5673	
0.0853014	-11.7303	
0.0724235	11.7714	
0.0500853	-11.8183	

0.141827	11.371	
-0.0475683	-11.7364	
0.0350738	11.9284	
0.0449979	-11.5289	
-0.0375235	11.8562	
-0.0145621	11.7208	
0.0172714	11.7627	
-0.0841886	-11.6693	
0.0516496	-11.9791	
0.1486	11.757	
-0.0258549	-11.7524	
0.0385793	11.5574	
-0.000622868	-11.6987	
-0.0881248	11.6405	
-0.0586629	-11.8939	
-0.0492758	-11.8937	
0.0286113	-11.6852	
0.0578093	-11.8441	
0.0469136	11.8724	
0.066235	-11.9213	

0.148159	11.4703	
-0.0624655	-11.8297	
0.0199925	12.0254	
0.0223226	-11.6235	
-0.0658417	11.9734	
-0.0123531	11.8265	
0.00769889	11.8764	
-0.0859228	-11.7713	
0.042988	-12.0826	
0.148595	11.8451	
-0.0293364	-11.8479	
0.0524472	11.6494	
-0.0237895	-11.8071	
-0.0876878	11.741	
-0.0677372	-12.0072	
-0.0370863	-11.9952	
0.0323961	-11.7738	
0.0336933	-11.9508	
0.0207065	11.9747	
0.0752554	-12.0212	

0.158192	11.5746	
-0.067645	-11.9181	
0.00265986	12.1233	
0.00254461	-11.7137	
-0.0878891	12.0835	
-0.0120219	11.9211	
0.000103091	11.9921	
-0.0898068	-11.8595	
0.0391471	-12.1968	
0.149729	11.9369	
-0.0291341	-11.9449	
0.0614862	11.7463	
-0.0424847	-11.9112	
-0.0888293	11.8393	
-0.0633812	-12.1028	
-0.0278545	-12.0943	
0.0396462	-11.8672	
0.00249634	-12.0576	
-0.0026165	12.0752	
0.0784831	-12.1251	

0.153249	11.673	
-0.0682831	-12.0127	
-0.0161905	12.2251	
-0.0280929	-11.8198	
-0.105978	12.1925	
-0.0115795	12.0192	
-0.00524575	12.1014	
-0.0869656	-11.952	
0.0426861	-12.3045	
0.143608	12.0334	
-0.0301046	-12.055	
0.0693891	11.8521	
-0.0518301	-12.0146	
-0.0848277	11.9377	
-0.0610331	-12.2005	
-0.0251599	-12.1941	
0.0479565	-11.9629	
-0.0252948	-12.1583	
-0.00722283	12.189	
0.0764999	-12.2277	

0.137016	11.7723	
-0.0673504	-12.1151	
-0.0339072	12.3239	
-0.0567938	-11.9219	
-0.118279	12.2878	
0.0038382	12.1336	
-0.0036801	12.2057	
-0.0784737	-12.0521	
0.0470027	-12.4154	
0.131919	12.1283	
-0.0304879	-12.1672	
0.0701305	11.9508	
-0.0536968	-12.1168	
-0.0820847	12.0396	
-0.0673934	-12.2947	
-0.0348001	-12.2896	
0.0576624	-12.0647	
-0.0473608	-12.2657	
-0.0212832	12.2929	
0.0705206	-12.328	

0.106576	11.8773	
-0.0644187	-12.2146	
-0.0481214	12.4232	
-0.0825364	-12.0256	
-0.115388	12.383	
0.0151744	12.2376	
-5.16189e-05	12.3095	
-0.0685652	-12.1534	
0.0478177	-12.5187	
0.114563	12.2185	
-0.0301868	-12.268	
0.064304	12.0483	
-0.0622905	-12.2119	
-0.0783179	12.1422	
-0.0777454	-12.3875	
-0.0413401	-12.3876	
0.0638938	-12.1655	
-0.061455	-12.3838	
-0.0414954	12.4009	
0.0627547	-12.4273	

0.0714595	11.9768	
-0.0611513	-12.3143	
-0.0644399	12.5285	
-0.101997	-12.1266	
-0.111168	12.4672	
0.0156886	12.34	
-0.0154529	12.4024	
-0.0565149	-12.2535	
0.0476054	-12.629	
0.099305	12.305	
-0.0233549	-12.3664	
0.076641	12.1543	
-0.0597728	-12.3081	
-0.0703548	12.2458	
-0.0816189	-12.4882	
-0.0297991	-12.4871	
0.059927	-12.2642	
-0.0564907	-12.4794	
-0.0585742	12.5013	
0.0499357	-12.5296	

0.0446144	12.0701	
-0.0553333	-12.412	
-0.0772383	12.6249	
-0.111923	-12.2285	
-0.103488	12.5612	
0.013189	12.4403	
-0.0360028	12.4957	
-0.0477435	-12.3402	
0.05173	-12.7381	
0.0799901	12.3912	
-0.0174569	-12.467	
0.0808939	12.2562	
-0.0583227	-12.4058	
-0.0529981	12.3559	
-0.0890598	-12.5912	
-0.0192778	-12.5834	
0.0482903	-12.3605	
-0.049627	-12.5729	
-0.0616548	12.5912	
0.0366972	-12.6294	

0.0307069	12.1816	
-0.0606785	-12.5061	
-0.0840411	12.7169	
-0.117685	-12.3336	
-0.0948957	12.656	
0.00671028	12.5386	
-0.0622453	12.5867	
-0.0376751	-12.4333	
0.0566148	-12.844	
0.0595684	12.4842	
-0.0206814	-12.5725	
0.0811795	12.3565	
-0.0548817	-12.5019	
-0.0388619	12.4582	
-0.092045	-12.6933	
-0.00692699	-12.6832	
0.0356011	-12.4572	
-0.0410445	-12.6709	
-0.0502454	12.6866	
0.0303028	-12.7464	

0.0143258	12.2873	
-0.0682807	-12.6023	
-0.0869514	12.8084	
-0.116525	-12.4428	
-0.0777336	12.748	
0.00646632	12.6452	
-0.0781458	12.6812	
-0.0263456	-12.5242	
0.0450399	-12.9432	
0.0336805	12.5787	
-0.00995915	-12.6754	
0.0836661	12.465	
-0.048746	-12.6009	
-0.0246237	12.5583	
-0.0894321	-12.7939	
0.00824913	-12.7872	
0.0152276	-12.5615	
-0.0274064	-12.7726	
-0.0354072	12.7839	
0.026085	-12.8562	

-0.0026351	12.3807	
-0.0715987	-12.7007	
-0.0767193	12.9174	
-0.111321	-12.5479	
-0.0557842	12.8329	
0.00158699	12.7416	
-0.0846206	12.7785	
-0.0153236	-12.6197	
0.0268659	-13.027	
0.0121948	12.6725	
-0.0010477	-12.7756	
0.0825752	12.5689	
-0.0474268	-12.7098	
-0.014161	12.6602	
-0.0962176	-12.894	
0.0210058	-12.8892	
-0.00460787	-12.6561	
-0.025554	-12.8786	
-0.0218203	12.8819	
0.0296235	-12.954	

-0.0155678	12.4745	
-0.0738947	-12.8074	
-0.0621688	13.021	
-0.101258	-12.6512	
-0.0260211	12.9297	
-0.00332354	12.8398	
-0.0896417	12.8736	
-0.00384569	-12.7232	
0.00363768	-13.1217	
-0.0145343	12.7588	
0.000356408	-12.8744	
0.0779992	12.6679	
-0.0418727	-12.7958	
0.000998009	12.7598	
-0.108804	-12.9942	
0.0312091	-12.9902	
-0.019763	-12.7583	
-0.0353155	-12.9857	
0.00914213	12.9815	
0.0290899	-13.0525	

-0.0348788	12.558	
-0.0712776	-12.9103	
-0.0424119	13.1101	
-0.0973981	-12.7566	
0.000465757	13.0271	
-0.0134834	12.9358	
-0.0837716	12.9723	
0.0152414	-12.8171	
-0.0178297	-13.2215	
-0.0369098	12.8477	
0.00481121	-12.9782	
0.0700998	12.7633	
-0.0333603	-12.8903	
0.00961998	12.8464	
-0.113964	-13.0995	
0.0338702	-13.0858	
-0.031338	-12.8589	
-0.0412542	-13.0885	
0.0392265	13.094	
0.00944799	-13.1468	

-0.0466101	12.6485	
-0.070859	-13.0249	
-0.0220967	13.203	
-0.0980282	-12.866	
0.0237331	13.1246	
-0.0275288	13.0345	
-0.0716986	13.0748	
0.033196	-12.9099	
-0.0435409	-13.3092	
-0.0540177	12.9402	
0.0126396	-13.0785	
0.056778	12.863	
-0.0179	-12.9884	
0.0272968	12.9429	
-0.115199	-13.2018	
0.0344436	-13.1836	
-0.032717	-12.967	
-0.0410056	-13.1833	
0.0631766	13.1992	
-0.0074177	-13.238	

-0.055039	12.7435	
-0.0680869	-13.1448	
0.00961534	13.302	
-0.0951609	-12.981	
0.0393196	13.2206	
-0.0404119	13.1278	
-0.0607878	13.1705	
0.0277019	-13.0125	
-0.0635689	-13.4031	
-0.0703209	13.0462	
0.0300601	-13.1815	
0.0417983	12.9561	
-0.00606714	-13.0848	
0.0443055	13.04	
-0.11841	-13.3022	
0.0318364	-13.2903	
-0.0352173	-13.069	
-0.0504962	-13.2873	
0.0767203	13.2944	
-0.0206352	-13.3301	

-0.0579585	12.8435	
-0.0622454	-13.2553	
0.0497616	13.4145	
-0.0843553	-13.0816	
0.0563755	13.3177	
-0.0489644	13.2261	
-0.0401992	13.2747	
0.0199133	-13.1131	
-0.0718909	-13.5023	
-0.080275	13.1605	
0.0437332	-13.2828	
0.0245692	13.0409	
0.0175258	-13.1785	
0.0527244	13.125	
-0.11998	-13.414	
0.0292946	-13.3941	
-0.0286064	-13.162	
-0.058142	-13.3939	
0.0812952	13.3921	
-0.0323709	-13.4233	

-0.0578339	12.9433	
-0.0541322	-13.3527	
0.0752543	13.5138	
-0.0743646	-13.1758	
0.0679535	13.4178	
-0.0595243	13.334	
-0.0159858	13.3753	
0.0155921	-13.2232	
-0.0713413	-13.6075	
-0.0863919	13.2736	
0.0576408	-13.3849	
-0.00410102	13.1431	
0.0382687	-13.2729	
0.0801678	13.2171	
-0.116378	-13.521	
0.0296513	-13.4948	
-0.0259924	-13.2561	
-0.0616785	-13.4974	
0.0894247	13.4844	
-0.0400601	-13.5196	

-0.0552727	13.0375	
-0.0549533	-13.4523	
0.0918769	13.611	
-0.0615519	-13.2724	
0.0608372	13.5281	
-0.0601143	13.4341	
0.00776675	13.4844	
0.0062199	-13.3435	
-0.0528494	-13.7101	
-0.0709305	13.3953	
0.0699179	-13.4889	
-0.0220102	13.2388	
0.0521891	-13.3694	
0.106233	13.3101	
-0.101616	-13.6279	
0.0224268	-13.5959	
-0.0116231	-13.3508	
-0.0599467	-13.6043	
0.0937576	13.581	
-0.0449742	-13.6179	

-0.0492452	13.1348	
-0.0602837	-13.5472	
0.101722	13.7152	
-0.0386658	-13.364	
0.0547179	13.6299	
-0.05644	13.531	
0.0291172	13.5907	
0.00153997	-13.451	
-0.0333721	-13.8129	
-0.0617539	13.5084	
0.0772045	-13.598	
-0.0395121	13.332	
0.0617216	-13.468	
0.110355	13.4104	
-0.077589	-13.7187	
0.0106051	-13.7101	
-0.0102891	-13.4485	
-0.0564712	-13.7021	
0.0840029	13.6782	
-0.0425208	-13.7019	

-0.0413272	13.2352	
-0.0659384	-13.6477	
0.101322	13.8157	
-0.0190023	-13.4584	
0.049049	13.7347	
-0.0429917	13.6295	
0.0537466	13.6926	
-0.00317424	-13.5531	
-0.017903	-13.9219	
-0.0462171	13.6142	
0.0806513	-13.7067	
-0.0570802	13.4286	
0.0702203	-13.5673	
0.101035	13.5114	
-0.0562566	-13.8039	
0.000178727	-13.8181	
-0.00660454	-13.549	
-0.0505883	-13.8134	
0.0692767	13.7767	
-0.0630602	-13.8009	

-0.0291588	13.3277	
-0.0700587	-13.7475	
0.0974666	13.9153	
-0.00914997	-13.5503	
0.0386432	13.8412	
-0.0381565	13.7281	
0.0813816	13.7943	
-0.0218249	-13.6555	
-0.00108426	-14.0125	
-0.0326857	13.7045	
0.0819095	-13.8112	
-0.0690987	13.5296	
0.0746501	-13.6676	
0.0873411	13.6123	
-0.029982	-13.8954	
-0.0116292	-13.9248	
-0.00458346	-13.6389	
-0.0436973	-13.9186	
0.0429605	13.8711	
-0.0831473	-13.9112	

-0.0246141	13.4344	
-0.0678452	-13.8469	
0.0817797	14.013	
0.00492075	-13.6498	
0.0295059	13.9492	
-0.0409677	13.8214	
0.101007	13.8944	
-0.0358527	-13.7567	
0.0233779	-14.1114	
-0.0154313	13.7953	
0.0841567	-13.9099	
-0.0753367	13.6259	
0.0847248	-13.7612	
0.0873414	13.7146	
-0.0160283	-13.9934	
-0.0313542	-14.0233	
-0.00139118	-13.7344	
-0.0317412	-14.0164	
0.0168851	13.9635	
-0.0941056	-14.0131	

-0.00780253	13.538	
-0.0625042	-13.9466	
0.0624409	14.1119	
0.0192623	-13.7605	
0.0232602	14.0545	
-0.0283471	13.9187	
0.11083	13.9914	
-0.048674	-13.8676	
0.0412897	-14.2072	
-0.00117893	13.89	
0.0836871	-14.0189	
-0.0796431	13.7237	
0.0934648	-13.8581	
0.0820757	13.8174	
-0.00876377	-14.0974	
-0.0523015	-14.1163	
-0.00937492	-13.8274	
-0.00965022	-14.1145	
-0.00681635	14.0587	
-0.0987928	-14.1045	

0.00125172	13.6328	
-0.0532071	-14.0457	
0.0543714	14.1864	
0.023774	-13.8694	
0.0205376	14.162	
-0.0209295	14.0084	
0.114252	14.0903	
-0.0594198	-13.9747	
0.0553744	-14.3048	
0.0115992	13.9966	
0.0838615	-14.1211	
-0.0762069	13.8261	
0.0984455	-13.9531	
0.0898796	13.9253	
-0.0131538	-14.19	
-0.0663254	-14.2132	
-0.0204789	-13.9174	
0.0196314	-14.2156	
-0.024869	14.1581	
-0.0906752	-14.2064	

0.0132428	13.7294	
-0.060366	-14.1247	
0.0589121	14.2786	
0.0336435	-13.9739	
0.0172421	14.2658	
-0.0211728	14.1091	
0.112487	14.1913	
-0.0657971	-14.0824	
0.0696252	-14.4061	
0.0229756	14.1015	
0.0804947	-14.2255	
-0.0664735	13.9239	
0.0975967	-14.0585	
0.0925525	14.0307	
-0.0158935	-14.2839	
-0.0666112	-14.3102	
-0.0294362	-14.012	
0.0444363	-14.3138	
-0.0490134	14.251	
-0.084598	-14.3011	

0.0155099	13.8342	
-0.0636067	-14.2128	
0.053022	14.3795	
0.0415812	-14.0844	
0.00735918	14.3703	
-0.0196223	14.207	
0.097357	14.296	
-0.0675542	-14.1771	
0.0785794	-14.5069	
0.0208872	14.197	
0.0740611	-14.3279	
-0.0528464	14.0224	
0.0963146	-14.1521	
0.095633	14.1346	
-0.0130857	-14.3772	
-0.0638744	-14.4056	
-0.0363057	-14.1096	
0.0602986	-14.4162	
-0.0695877	14.3481	
-0.0857737	-14.4034	

0.0156735	13.9355	
-0.0668763	-14.315	
0.0462134	14.4801	
0.0478501	-14.1872	
-0.00197805	14.4735	
-0.0173228	14.305	
0.0861472	14.397	
-0.0666271	-14.2761	
0.0932686	-14.5969	
0.0376499	14.2972	
0.0659467	-14.4278	
-0.0264855	14.1206	
0.101187	-14.262	
0.0934663	14.2338	
-0.0109915	-14.4788	
-0.0579441	-14.5009	
-0.0403728	-14.2127	
0.0702242	-14.5189	
-0.0710955	14.4525	
-0.0822755	-14.496	

0.0173162	14.02	
-0.0686372	-14.4144	
0.0333852	14.5707	
0.0425934	-14.2913	
0.000907962	14.579	
-0.00170074	14.4034	
0.0688628	14.496	
-0.0585365	-14.3764	
0.107105	-14.6993	
0.0522875	14.397	
0.0597227	-14.5223	
0.00562847	14.2112	
0.0960202	-14.3657	
0.100122	14.3241	
-0.00967925	-14.5815	
-0.0549765	-14.5927	
-0.0328652	-14.3113	
0.0711971	-14.6086	
-0.0707192	14.5535	
-0.068803	-14.6052	

0.0269984	14.1063	
-0.0767015	-14.5135	
0.00968652	14.6707	
0.0320299	-14.391	
-0.00349953	14.6793	
0.00786727	14.5017	
0.04266	14.5955	
-0.0515541	-14.4774	
0.113988	-14.801	
0.0618124	14.4968	
0.0488872	-14.6195	
0.0255718	14.3	
0.0918269	-14.4756	
0.102722	14.4217	
-0.0090464	-14.6834	
-0.0483163	-14.6848	
-0.00590306	-14.4137	
0.0670428	-14.7047	
-0.0769963	14.6508	
-0.0585402	-14.7162	

0.039756	14.1961	
-0.0938816	-14.6096	
-0.0103671	14.7643	
0.026178	-14.5041	
-0.00851582	14.7813	
0.019094	14.5995	
0.0159917	14.6876	
-0.0430465	-14.5773	
0.113221	-14.9026	
0.0536981	14.5972	
0.030514	-14.7046	
0.047403	14.4008	
0.083835	-14.5869	
0.0992671	14.5131	
-0.00806632	-14.784	
-0.0389486	-14.7812	
0.0143509	-14.5102	
0.0606654	-14.8037	
-0.0736561	14.7434	
-0.0477463	-14.8258	

0.0559062	14.2914	
-0.0908945	-14.7053	
-0.0334116	14.8717	
0.0161939	-14.6089	
-0.0123968	14.8824	
0.0464997	14.6984	
-0.0040402	14.7728	
-0.0305222	-14.6764	
0.107923	-15.0049	
0.0440533	14.6972	
0.0103708	-14.8071	
0.0683004	14.4944	
0.0798775	-14.6952	
0.0875771	14.6057	
-0.00785592	-14.8837	
-0.0125292	-14.8729	
0.035048	-14.6013	
0.0515061	-14.908	
-0.08069	14.8357	
-0.0349838	-14.9307	

0.0676058	14.3891	
-0.0840217	-14.8016	
-0.0472037	14.9908	
0.021851	-14.7057	
-0.0143596	14.9829	
0.0658235	14.8033	
-0.0247854	14.8606	
-0.0207779	-14.776	
0.105484	-15.1099	
0.0265654	14.8026	
-0.0103261	-14.915	
0.0780999	14.5934	
0.0718318	-14.8032	
0.0688693	14.6996	
-0.0167168	-14.9768	
0.0193405	-14.9709	
0.0662026	-14.7059	
0.0395627	-15.0143	
-0.0691294	14.9264	
-0.0269119	-15.0254	

0.071531	14.4904	
-0.0716363	-14.8965	
-0.0554471	15.1059	
0.0281314	-14.7955	
-0.0149627	15.0834	
0.0713502	14.9066	
-0.0406659	14.9569	
-0.0202029	-14.87	
0.104965	-15.1973	
-0.00448957	14.9109	
-0.00877875	-15.0185	
0.0848587	14.6912	
0.062848	-14.9003	
0.0567421	14.7813	
-0.023541	-15.0684	
0.0473426	-15.0685	
0.0893295	-14.8081	
0.0235943	-15.113	
-0.0522939	15.0269	
-0.0130127	-15.1245	

0.07493	14.5938	
-0.0386122	-15.004	
-0.0750055	15.2193	
0.0255609	-14.8911	
-0.0299024	15.181	
0.0685276	15.0113	
-0.050939	15.0544	
-0.0338262	-14.9671	
0.0995181	-15.291	
-0.0250491	15.013	
-0.0154295	-15.1074	
0.0926374	14.7917	
0.0511649	-14.9955	
0.0351857	14.8691	
-0.0174366	-15.1655	
0.0715518	-15.1688	
0.104402	-14.9136	
0.000202677	-15.2107	
-0.0256553	15.1319	
0.00440286	-15.2279	

0.0742565	14.6876	
0.000505584	-15.1057	
-0.1078	15.3258	
0.0100615	-14.9693	
-0.0423731	15.2816	
0.0655783	15.1102	
-0.0630354	15.1554	
-0.0441437	-15.0657	
0.0807151	-15.3949	
-0.0383354	15.1084	
-0.0193604	-15.1985	
0.0779005	14.8837	
0.0343446	-15.1008	
0.0126559	14.9629	
-0.00698195	-15.2641	
0.103945	-15.269	
0.117152	-15.0132	
-0.0205236	-15.3101	
-0.0023114	15.2329	
0.0183676	-15.3327	

0.0714387	14.7783	
0.0333525	-15.203	
-0.131444	15.4319	
0.00239176	-15.0668	
-0.0555406	15.3872	
0.0604776	15.213	
-0.0710119	15.2431	
-0.0481912	-15.1663	
0.0610931	-15.4989	
-0.0434314	15.1898	
-0.024252	-15.2936	
0.0692966	14.9662	
0.0136746	-15.2007	
-0.000987742	15.063	
-0.00369699	-15.3693	
0.128208	-15.3668	
0.119737	-15.1117	
-0.0323235	-15.4058	
0.023951	15.3451	
0.0215403	-15.4254	

0.0667868	14.8665	
0.071628	-15.2948	
-0.153227	15.5215	
-0.00265439	-15.1457	
-0.069176	15.4849	
0.0397946	15.3162	
-0.0765989	15.3378	
-0.0568593	-15.2668	
0.0352946	-15.601	
-0.0451719	15.2799	
-0.0171568	-15.3955	
0.0604879	15.0487	
-0.00216149	-15.3057	
-0.00876769	15.1571	
-0.00198468	-15.4712	
0.144195	-15.4791	
0.116239	-15.2092	
-0.0428995	-15.5012	
0.0462303	15.4467	
0.0204739	-15.5277	

0.0634422	14.9642	
0.105483	-15.3986	
-0.167081	15.6198	
-0.00837457	-15.2409	
-0.0788672	15.5851	
0.0166952	15.4146	
-0.0780701	15.4354	
-0.0616232	-15.3665	
0.00184105	-15.7008	
-0.0428767	15.3768	
-0.0115474	-15.4962	
0.0391196	15.1418	
0.00115843	-15.4167	
-0.0198345	15.2527	
0.00434019	-15.5743	
0.151904	-15.5864	
0.11331	-15.3077	
-0.071033	-15.6069	
0.0630241	15.5466	
0.0219462	-15.6283	

0.0589673	15.0646	
0.12954	-15.4923	
-0.169627	15.7197	
-0.00829222	-15.336	
-0.0837616	15.6864	
0.00276592	15.5125	
-0.089058	15.5466	
-0.0613058	-15.4536	
-0.0212024	-15.796	
-0.0385314	15.4729	
-0.0117859	-15.597	
0.0197751	15.2409	
0.00385957	-15.5222	
-0.0312227	15.3505	
0.0145837	-15.6794	
0.15139	-15.6908	
0.105484	-15.4092	
-0.091429	-15.7162	
0.0777136	15.6433	
0.0152004	-15.7331	

0.04714	15.1594	
0.148764	-15.5906	
-0.164598	15.8199	
-0.00817163	-15.4361	
-0.0871364	15.7889	
-0.00846258	15.6112	
-0.0997633	15.653	
-0.0705587	-15.5485	
-0.0383235	-15.8901	
-0.0329895	15.5707	
-0.0240132	-15.711	
-0.00227673	15.3422	
0.00155499	-15.6239	
-0.0395398	15.4369	
0.0236172	-15.7814	
0.153436	-15.7993	
0.0932	-15.5098	
-0.115612	-15.8237	
0.0866414	15.743	
-0.00255028	-15.8332	

0.036391	15.2594	
0.14525	-15.6833	
-0.138745	15.9211	
0.0022468	-15.5282	
-0.0922181	15.8892	
-0.0122227	15.7261	
-0.100964	15.7527	
-0.0807161	-15.6466	
-0.0428462	-16.0033	
-0.0229679	15.6667	
-0.0329491	-15.8172	
-0.0210252	15.4515	
0.00947165	-15.7281	
-0.0490701	15.5303	
0.0185413	-15.8885	
0.156523	-15.9044	
0.076079	-15.6203	
-0.127203	-15.9379	
0.0897193	15.8431	
-0.0214076	-15.9356	

0.025175	15.3591	
0.127259	-15.7805	
-0.106812	16.0187	
0.0114482	-15.6356	
-0.0976456	15.9906	
-0.0141267	15.8208	
-0.0987326	15.8545	
-0.0809064	-15.745	
-0.0389207	-16.1113	
-0.00834519	15.7648	
-0.0435045	-15.9219	
-0.0394821	15.5467	
0.0147231	-15.8309	
-0.05733	15.6243	
0.00535939	-15.998	
0.162631	-16.0111	
0.0581248	-15.7247	
-0.135671	-16.0384	
0.0883708	15.943	
-0.0393115	-16.0367	

0.0163948	15.4504	
0.0976197	-15.8854	
-0.073911	16.1146	
0.0166635	-15.7348	
-0.102416	16.1115	
-0.0152536	15.9181	
-0.0916217	15.9555	
-0.0847911	-15.8364	
-0.0343883	-16.2155	
0.00525083	15.8638	
-0.0557766	-16.0234	
-0.053898	15.6453	
0.017035	-15.9261	
-0.0554155	15.716	
-0.012504	-16.1158	
0.154997	-16.1074	
0.0509089	-15.8188	
-0.138053	-16.1368	
0.0767239	16.0356	
-0.0584013	-16.134	

0.00836616	15.5454	
0.0697758	-15.9945	
-0.0476678	16.2128	
0.00343382	-15.8367	
-0.0983702	16.2182	
-0.0164728	16.0032	
-0.08082	16.0557	
-0.0868071	-15.9343	
-0.0232221	-16.3231	
0.028362	15.9586	
-0.0626488	-16.123	
-0.0649749	15.7468	
0.0266174	-16.034	
-0.0474205	15.8122	
-0.0276242	-16.2184	
0.149342	-16.204	
0.0365366	-15.9223	
-0.141885	-16.2327	
0.0615483	16.1266	
-0.0703376	-16.2315	

0.00637989	15.6408	
0.0428518	-16.084	
-0.0209753	16.3048	
0.000784395	-15.9472	
-0.0807185	16.3106	
-0.0241198	16.104	
-0.064193	16.1574	
-0.0823388	-16.0206	
-0.0129571	-16.4261	
0.0493005	16.0466	
-0.0710914	-16.2143	
-0.0722525	15.8475	
0.0391704	-16.1319	
-0.0369612	15.909	
-0.0443244	-16.3201	
0.133236	-16.2993	
0.0194484	-16.025	
-0.140219	-16.3321	
0.0445646	16.2213	
-0.0789798	-16.3305	

0.00742641	15.7372	
0.016582	-16.1772	
0.000893186	16.4103	
0.00502811	-16.0485	
-0.0674263	16.4115	
-0.0224488	16.2017	
-0.027961	16.2409	
-0.0655262	-16.1246	
-0.0129321	-16.5288	
0.0664679	16.136	
-0.0636396	-16.3147	
-0.0593325	15.9519	
0.0517723	-16.2365	
-0.0287651	15.9906	
-0.0619751	-16.4202	
0.1202	-16.3929	
-0.00491617	-16.1211	
-0.133016	-16.4395	
0.0336734	16.317	
-0.0831376	-16.4304	

0.0060833	15.8338	
-0.00918136	-16.2749	
0.0199011	16.5119	
0.00717247	-16.1503	
-0.0508537	16.5153	
-0.0266449	16.3001	
0.0168003	16.3343	
-0.0452634	-16.2176	
-0.00688546	-16.6158	
0.0821153	16.2246	
-0.0583388	-16.4152	
-0.0439681	16.0427	
0.0570941	-16.3339	
-0.0156865	16.0829	
-0.0746399	-16.5233	
0.109862	-16.4913	
-0.0263278	-16.2167	
-0.115669	-16.5461	
0.0269451	16.4098	
-0.0736093	-16.5313	

-0.00310144	15.9425	
-0.0338651	-16.3706	
0.0267017	16.6276	
0.018413	-16.2486	
-0.0290512	16.6184	
-0.0303508	16.3924	
0.0652426	16.4352	
-0.033483	-16.2995	
-0.00140264	-16.7082	
0.0862406	16.3176	
-0.0492278	-16.5036	
-0.0242493	16.135	
0.0591804	-16.4327	
0.000133273	16.1746	
-0.0749808	-16.6288	
0.104874	-16.5955	
-0.0438417	-16.3142	
-0.0852032	-16.6573	
0.010112	16.4998	
-0.0642318	-16.629	

-0.00503135	16.0388	
-0.0541168	-16.4766	
0.0172216	16.7351	
0.0251469	-16.3539	
-0.00584818	16.7174	
-0.015408	16.485	
0.102765	16.5377	
-0.0191829	-16.3844	
-0.0029091	-16.7988	
0.0870064	16.4144	
-0.0360941	-16.5978	
-0.00986775	16.2263	
0.0485774	-16.5271	
0.0230838	16.2646	
-0.0867103	-16.7261	
0.106905	-16.6929	
-0.0443124	-16.4162	
-0.0518935	-16.7682	
-0.00948507	16.5995	
-0.0529758	-16.7269	

-0.00214446	16.135	
-0.0710024	-16.5973	
0.00287067	16.8433	
0.0325546	-16.4482	
0.0191491	16.8126	
0.00607851	16.5795	
0.126846	16.6407	
-0.00466804	-16.4774	
-0.0109205	-16.8974	
0.0830987	16.514	
-0.0256496	-16.6899	
0.0159994	16.3118	
0.0353649	-16.6196	
0.0226502	16.3579	
-0.088854	-16.8407	
0.104919	-16.7976	
-0.0469436	-16.5241	
-0.0221719	-16.8733	
-0.0310263	16.7066	
-0.0526984	-16.8146	

0.00554154	16.2294	
-0.0938101	-16.7097	
0.00115795	16.9388	
0.0372021	-16.5493	
0.0403047	16.9096	
0.0212084	16.6729	
0.13996	16.7427	
0.00767703	-16.575	
-0.0289026	-17.0106	
0.0825917	16.604	
-0.0174107	-16.7844	
0.0377839	16.4063	
0.0258752	-16.7272	
0.0205725	16.4506	
-0.0866502	-16.9485	
0.0916861	-16.8946	
-0.0493809	-16.6278	
0.0041741	-16.9747	
-0.0474398	16.81	
-0.0495827	-16.9112	

0.0155869	16.3262	
-0.107847	-16.8178	
-0.000224748	17.0346	
0.0363313	-16.6524	
0.0647346	17.0096	
0.0325588	16.7714	
0.144748	16.8442	
0.0106595	-16.6692	
-0.0464617	-17.117	
0.0840718	16.6932	
-0.0162922	-16.89	
0.0531163	16.5143	
0.0163439	-16.831	
0.0181631	16.5455	
-0.0804732	-17.0444	
0.0822431	-16.9829	
-0.0466975	-16.7372	
0.0375122	-17.0674	
-0.0610843	16.9089	
-0.0473948	-17.0351	

0.0176379	16.4175	
-0.11481	-16.9266	
0.00850149	17.1232	
0.033635	-16.7513	
0.0877309	17.1117	
0.0378179	16.8855	
0.143973	16.9471	
0.00453015	-16.7672	
-0.0603519	-17.2223	
0.0852856	16.8004	
-0.00888666	-16.9927	
0.0779065	16.6279	
0.0172734	-16.9368	
0.0207039	16.663	
-0.0716861	-17.1408	
0.0676668	-17.0665	
-0.0351475	-16.8253	
0.0569852	-17.1477	
-0.0548494	17.0054	
-0.0425783	-17.1463	

0.0129378	16.5041	
-0.10262	-17.0251	
0.0157271	17.204	
0.0298138	-16.8491	
0.100571	17.2134	
0.040101	16.9927	
0.137127	17.043	
0.00262922	-16.8636	
-0.0609144	-17.324	
0.0786925	16.9042	
-0.00742735	-17.0911	
0.0953002	16.7352	
0.00537403	-17.0413	
0.0221152	16.775	
-0.0575018	-17.2248	
0.0510983	-17.1566	
-0.0272976	-16.9123	
0.0665064	-17.2468	
-0.0481624	17.1029	
-0.0414805	-17.2495	

0.0155281	16.6025	
-0.0831984	-17.122	
0.0197686	17.2961	
0.018828	-16.9508	
0.104532	17.3142	
0.0395265	17.0987	
0.124737	17.1379	
0.000171069	-16.9678	
-0.0650966	-17.4355	
0.0732119	17.0002	
-0.00576671	-17.1886	
0.106891	16.8386	
-0.00479856	-17.1424	
0.0227949	16.8799	
-0.0478628	-17.3128	
0.0327584	-17.2481	
-0.0164026	-17.0069	
0.0825536	-17.3371	
-0.0334443	17.2097	
-0.0332584	-17.3489	

0.0112069	16.7078	
-0.0666748	-17.2284	
0.0181176	17.395	
0.00864047	-17.0513	
0.102984	17.4146	
0.0459558	17.198	
0.107246	17.2436	
-0.00303869	-17.0675	
-0.0682417	-17.5441	
0.0580957	17.0942	
-0.0112721	-17.2969	
0.108999	16.941	
-0.0127223	-17.2459	
0.023412	16.9828	
-0.0471315	-17.4095	
0.00694619	-17.33	
-0.00544175	-17.1036	
0.0941838	-17.4308	
-0.0184966	17.3125	
-0.0133002	-17.4449	

0.00494453	16.8134	
-0.0551099	-17.3261	
0.016164	17.4953	
0.00611183	-17.1516	
0.0897264	17.5133	
0.0470736	17.2913	
0.0790746	17.3558	
0.000994013	-17.1681	
-0.0688677	-17.6524	
0.0469911	17.1883	
-0.01676	-17.4029	
0.105966	17.0425	
-0.0185619	-17.3453	
0.0255127	17.0847	
-0.0407047	-17.5056	
-0.0156118	-17.4198	
0.0103302	-17.1936	
0.0950742	-17.5264	
-0.00135599	17.4206	
0.00459038	-17.5423	

-0.000160072	16.9135	
-0.0482333	-17.4391	
0.0211289	17.5801	
0.00343445	-17.2505	
0.0898869	17.6102	
0.0494076	17.3889	
0.0537973	17.4579	
0.00565419	-17.2659	
-0.0682511	-17.7567	
0.037644	17.2779	
-0.0195691	-17.5099	
0.101085	17.143	
-0.0288452	-17.455	
0.0144271	17.1938	
-0.0341144	-17.6102	
-0.0233346	-17.5213	
0.0199123	-17.2787	
0.0988806	-17.629	
0.00350834	17.5317	
0.0086214	-17.6396	

-0.00141979	17.0093	
-0.0465277	-17.5461	
0.0299732	17.6744	
0.000700859	-17.35	
0.0974186	17.7184	
0.0422496	17.4876	
0.0251413	17.5672	
0.011255	-17.3633	
-0.0630162	-17.8502	
0.0148962	17.3627	
-0.0219476	-17.6146	
0.0873205	17.2508	
-0.0345836	-17.5654	
0.00537892	17.2946	
-0.0273262	-17.7088	
-0.0314566	-17.6205	
0.0275491	-17.3709	
0.0986208	-17.7333	
0.0111852	17.6414	
0.0137547	-17.7477	

-0.00419398	17.1146	
-0.0435201	-17.6473	
0.0421754	17.7745	
-0.00199635	-17.4497	
0.0869759	17.8155	
0.0288612	17.5844	
-0.00767057	17.6654	
0.0188093	-17.4642	
-0.0503056	-17.951	
-0.00705766	17.454	
-0.0280471	-17.7262	
0.0764587	17.3569	
-0.0387275	-17.6505	
0.000226629	17.395	
-0.0239298	-17.8067	
-0.0287226	-17.7162	
0.0380186	-17.4613	
0.0920594	-17.8335	
0.018191	17.7501	
0.0116307	-17.8531	

-0.0097478	17.2099	
-0.0373783	-17.7483	
0.0508044	17.875	
-0.0125186	-17.563	
0.0745766	17.9137	
0.0197778	17.6796	
-0.0348445	17.7612	
0.0232703	-17.564	
-0.0334964	-18.0349	
-0.0261745	17.5496	
-0.0170943	-17.8283	
0.0655376	17.4423	
-0.0431206	-17.7381	
0.00160567	17.4997	
-0.0245823	-17.8906	
-0.0239074	-17.813	
0.0571327	-17.5619	
0.0817386	-17.926	
0.0250315	17.8529	
0.00733973	-17.9529	

-0.0160942	17.3183	
-0.0357343	-17.8369	
0.0390749	17.9753	
-0.0201508	-17.6706	
0.0594658	18.0118	
0.0118828	17.7833	
-0.0594016	17.8635	
0.0238362	-17.6571	
-0.0119163	-18.1226	
-0.041537	17.6585	
-0.00199372	-17.933	
0.0507361	17.5299	
-0.0537286	-17.8351	
0.00425431	17.596	
-0.0339361	-17.9872	
-0.0165431	-17.9185	
0.0516962	-17.6635	
0.0637456	-18.0303	
0.0309099	17.9541	
0.00631968	-18.0525	

-0.0203247	17.4231	
-0.0406987	-17.9212	
0.0234331	18.0741	
-0.0335408	-17.76	
0.0499365	18.1029	
-0.0107416	17.8862	
-0.0800056	17.9639	
0.0151198	-17.7501	
0.00680947	-18.2174	
-0.050585	17.7606	
0.0081348	-18.0338	
0.0344967	17.6232	
-0.0540267	-17.9299	
0.00109828	17.6896	
-0.0411193	-18.083	
-0.0105249	-18.0232	
0.0451116	-17.7573	
0.0457116	-18.1331	
0.0435094	18.0544	
0.00196135	-18.1513	

-0.0275193	17.5193	
-0.0321958	-18.0201	
0.00765364	18.1748	
-0.0448006	-17.8447	
0.0419748	18.1964	
-0.0269773	17.9903	
-0.0927063	18.0619	
0.010621	-17.8529	
0.0208621	-18.307	
-0.0584506	17.8617	
0.0315102	-18.1332	
0.0198567	17.7217	
-0.0611286	-18.0335	
-0.00221926	17.7801	
-0.0569753	-18.1782	
-0.015626	-18.1342	
0.0366053	-17.8535	
0.0230927	-18.2266	
0.0526797	18.1547	
-0.00432963	-18.2503	

-0.0315828	17.6205	
-0.0206113	-18.12	
-0.0163922	18.272	
-0.0495612	-17.9406	
0.0330359	18.2928	
-0.0392527	18.0875	
-0.0809878	18.1645	
0.00953487	-17.9547	
0.0448051	-18.404	
-0.0665067	17.9614	
0.0542009	-18.2366	
0.0052791	17.8188	
-0.070436	-18.1433	
-0.00497907	17.8746	
-0.071074	-18.2757	
-0.0218887	-18.2284	
0.0157987	-17.9553	
-0.00435434	-18.3194	
0.0557906	18.2455	
-0.0112591	-18.35	

-0.0381175	17.7218	
0.000937499	-18.2115	
-0.0272319	18.3755	
-0.0651671	-18.0325	
0.0212175	18.3929	
-0.0385484	18.1858	
-0.0697491	18.2774	
0.00584883	-18.0537	
0.0562145	-18.5073	
-0.0844675	18.064	
0.076907	-18.3477	
-0.0073969	17.9233	
-0.0745922	-18.2478	
-0.000612522	17.9556	
-0.0797976	-18.3751	
-0.0271976	-18.324	
-0.00372681	-18.0715	
-0.036948	-18.4133	
0.0590057	18.3433	
-0.014009	-18.4534	

-0.0305753	17.8226	
0.0209727	-18.3065	
-0.0352074	18.4812	
-0.0806734	-18.1217	
0.0257547	18.4934	
-0.0357828	18.2849	
-0.054211	18.3837	
0.00160545	-18.153	
0.0663271	-18.6106	
-0.097886	18.1666	
0.0926245	-18.4546	
-0.012453	18.023	
-0.0686212	-18.3582	
0.00499209	18.0454	
-0.0832321	-18.4724	
-0.0432786	-18.4277	
-0.0189178	-18.1803	
-0.0605469	-18.5153	
0.0571632	18.45	
-0.0180398	-18.5486	

-0.0227126	17.9225	
0.0409793	-18.3998	
-0.0528796	18.5799	
-0.0900544	-18.2083	
0.0288349	18.5924	
-0.0232526	18.3821	
-0.0473832	18.4878	
-0.010205	-18.2532	
0.0687168	-18.7169	
-0.105344	18.2664	
0.102031	-18.5582	
-0.0163608	18.123	
-0.069684	-18.4733	
0.00837739	18.1537	
-0.0780313	-18.5697	
-0.0551048	-18.531	
-0.0264969	-18.2932	
-0.0742479	-18.6319	
0.0525416	18.5589	
-0.0144888	-18.6425	

-0.0144696	18.0208	
0.0437707	-18.4858	
-0.0504809	18.6891	
-0.0978782	-18.3068	
0.0282	18.7006	
-0.0133022	18.4814	
-0.0419802	18.5954	
-0.0230784	-18.3526	
0.0690746	-18.8195	
-0.108431	18.3689	
0.106993	-18.658	
-0.0279698	18.2221	
-0.0595877	-18.5776	
0.00959489	18.2635	
-0.073541	-18.6794	
-0.0486316	-18.6564	
-0.0297236	-18.3962	
-0.0827813	-18.7388	
0.0422466	18.6643	
-0.00449521	-18.7202	

-0.00864062	18.1213	
0.045563	-18.5812	
-0.0516718	18.7919	
-0.0955036	-18.3985	
0.0261697	18.8065	
-0.00423212	18.5803	
-0.0180761	18.6959	
-0.0341551	-18.4554	
0.0752929	-18.9128	
-0.103208	18.4681	
0.105339	-18.7675	
-0.0352166	18.3198	
-0.0468707	-18.6744	
0.0122028	18.3763	
-0.0663056	-18.7841	
-0.0478636	-18.7951	
-0.0272451	-18.4951	
-0.0903311	-18.8677	
0.0265816	18.758	
0.00252469	-18.8069	

-0.00376179	18.2216	
0.0477031	-18.6775	
-0.0464815	18.8956	
-0.0962969	-18.502	
0.0249047	18.9182	
0.00588428	18.6808	
0.0062044	18.7916	
-0.0387123	-18.554	
0.0845154	-19.0161	
-0.0898868	18.5764	
0.0995443	-18.8763	
-0.0506467	18.408	
-0.0332856	-18.7723	
0.023661	18.4792	
-0.0556047	-18.888	
-0.0449021	-18.9144	
-0.0193041	-18.592	
-0.0955024	-18.9816	
0.00932606	18.8471	
0.0106028	-18.8889	

0.00545867	18.3269	
0.048982	-18.7634	
-0.0437835	18.9961	
-0.088974	-18.6148	
0.013841	19.0239	
0.0178113	18.7927	
0.034464	18.8876	
-0.0356932	-18.6655	
0.0864283	-19.1188	
-0.0723922	18.6756	
0.0795264	-18.9846	
-0.0699596	18.4958	
-0.0253378	-18.8712	
0.0344669	18.578	
-0.039818	-18.99	
-0.0215035	-19.0245	
-0.0105289	-18.6895	
-0.0956905	-19.0884	
-0.00368189	18.9391	
0.0216294	-18.9747	

0.00868622	18.4337	
0.0294544	-18.8521	
-0.0436269	19.0986	
-0.0784004	-18.718	
0.00315334	19.1194	
0.0261696	18.8995	
0.0557292	18.9767	
-0.0280901	-18.7752	
0.07893	-19.2128	
-0.071457	18.7707	
0.0587642	-19.0874	
-0.0810622	18.5896	
-0.0164554	-18.9727	
0.0353849	18.6786	
-0.0278005	-19.0984	
-0.00270222	-19.134	
-0.00791054	-18.7891	
-0.0909195	-19.1923	
-0.0180603	19.0376	
0.030242	-19.067	

0.00606774	18.544	
0.013487	-18.9521	
-0.0279545	19.1895	
-0.0677399	-18.8162	
-0.00370941	19.2169	
0.0411998	18.9998	
0.06925	19.058	
-0.0174916	-18.8805	
0.0681453	-19.3114	
-0.0659594	18.8707	
0.0384159	-19.1878	
-0.081799	18.6919	
-0.0106091	-19.0693	
0.0213082	18.771	
-0.00331929	-19.2099	
0.0186579	-19.2357	
-0.00484515	-18.8844	
-0.0737681	-19.3045	
-0.0388442	19.1395	
0.0205839	-19.1627	

0.00424433	18.6468	
-0.000785052	-19.0517	
-0.017014	19.2765	
-0.0609635	-18.9146	
-0.014699	19.3086	
0.0519682	19.0964	
0.0812725	19.1498	
-0.015415	-18.9843	
0.051672	-19.3997	
-0.0528042	18.9708	
0.0226167	-19.2817	
-0.0839713	18.7916	
-0.00812583	-19.1683	
0.00714263	18.8667	
0.0165134	-19.3216	
0.0362461	-19.3363	
-0.00485895	-18.976	
-0.0557513	-19.4065	
-0.0492294	19.2395	
0.0156802	-19.2578	

0.00263362	18.7489	
-0.0173179	-19.1518	
-0.00528349	19.3621	
-0.0533375	-19.0233	
-0.0244756	19.415	
0.0588066	19.1953	
0.0928207	19.2317	
-0.019906	-19.0716	
0.0326973	-19.4964	
-0.0376947	19.074	
0.00127809	-19.3935	
-0.0772733	18.8782	
-0.00865548	-19.2678	
-0.0060841	18.9704	
0.0328178	-19.4406	
0.0441397	-19.4312	
-0.0178922	-19.0663	
-0.0374282	-19.5067	
-0.0538432	19.3431	
0.00978559	-19.356	

0.00180914	18.8476	
-0.0299767	-19.2512	
5.41281e-06	19.4648	
-0.0584713	-19.1333	
-0.0429431	19.5329	
0.0721011	19.3041	
0.110087	19.3149	
-0.0260098	-19.1627	
0.0167938	-19.6019	
-0.027069	19.1585	
-0.0166331	-19.4986	
-0.0781613	18.979	
-0.0102748	-19.3658	
-0.0209193	19.069	
0.0461665	-19.5455	
0.0490738	-19.5294	
-0.0389106	-19.1624	
-0.018548	-19.5961	
-0.0505084	19.436	
0.0182723	-19.443	

-0.0113383	18.9483	
-0.0446663	-19.3647	
0.0187913	19.5703	
-0.0631769	-19.228	
-0.0524495	19.6522	
0.0826739	19.4121	
0.122742	19.4074	
-0.021856	-19.2569	
0.00241217	-19.7049	
-0.0154183	19.2477	
-0.0317397	-19.6015	
-0.084953	19.0729	
-0.01658	-19.4605	
-0.0420772	19.1638	
0.0559297	-19.6332	
0.0453457	-19.6339	
-0.0462011	-19.2799	
0.00132022	-19.6904	
-0.0473993	19.5396	
0.0288599	-19.5363	

-0.0233797	19.0488	
-0.0556155	-19.4693	
0.039338	19.6664	
-0.0583158	-19.3414	
-0.0574656	19.7621	
0.086158	19.519	
0.134279	19.5115	
-0.0145009	-19.3537	
-0.0100042	-19.8036	
-0.000672118	19.3544	
-0.0367871	-19.7015	
-0.0907668	19.1656	
-0.0248236	-19.5619	
-0.0559395	19.2652	
0.0530968	-19.7384	
0.0407588	-19.7363	
-0.0540519	-19.3882	
0.0174559	-19.7741	
-0.0405251	19.6417	
0.0333367	-19.6183	

-0.0308039	19.1492	
-0.0618859	-19.5716	
0.0534904	19.7564	
-0.0534896	-19.4472	
-0.0590405	19.8686	
0.095175	19.6186	
0.135476	19.6096	
-0.00370912	-19.4569	
-0.0198359	-19.9032	
0.0144446	19.4618	
-0.0442856	-19.8132	
-0.0918068	19.2613	
-0.042991	-19.6677	
-0.059479	19.3802	
0.042189	-19.8415	
0.0316283	-19.8311	
-0.0688201	-19.4885	
0.0446357	-19.8594	
-0.0400752	19.7552	
0.02827	-19.7	

-0.0469005	19.2556	
-0.066033	-19.6736	
0.0633684	19.8484	
-0.0492473	-19.5492	
-0.0611183	19.9783	
0.0996922	19.7178	
0.134728	19.7131	
0.0125408	-19.5662	
-0.0263542	-19.9969	
0.0222247	19.5727	
-0.0491036	-19.9187	
-0.0857592	19.3633	
-0.047677	-19.7734	
-0.0584944	19.4873	
0.0432086	-19.9532	
0.0220689	-19.9316	
-0.0787061	-19.5892	
0.070101	-19.9376	
-0.04944	19.8635	
0.0175008	-19.7985	

-0.0614325	19.3453	
-0.0809635	-19.7849	
0.0659503	19.9404	
-0.0381228	-19.6526	
-0.0532378	20.0906	
0.0988373	19.818	
0.124556	19.815	
0.0372478	-19.6627	
-0.0355801	-20.097	
0.0345887	19.6734	
-0.0491389	-20.0234	
-0.0788466	19.4568	
-0.0490712	-19.8765	
-0.0618868	19.5982	
0.0438329	-20.0529	
0.00897938	-20.0267	
-0.0820999	-19.6884	
0.0881503	-20.0307	
-0.0512688	19.9741	
0.0125361	-19.8962	

