0.0748318	-0.0997199
0.0748318	-0.0997199
0.0748318	-0.0997199
0.0748318	-0.0997199
0.0748318	-0.0997199
0.0748318	-0.0997199
0.0748318	-0.0997199
0.0748318	-0.0997199
0.0748318	-0.0997199
0.0748318	-0.0997199
0.0748318	-0.0997199
0.0748318	-0.0997199
0.0748318	-0.0997199
0.0748318	-0.0997199
0.0748318	-0.0997199
0.0748318	-0.0997199
0.0748318	-0.0997199
0.0748318	-0.0997199
0.0748318	-0.0997199
0.0748318	-0.0997199
0.0748318	-0.0997199
0.0748318	-0.0997199
0.0748318	-0.0997199
0.0748318	-0.0997199
0.0748318	-0.0997199
0.0748318	-0.0997199
0.0748318	-0.0997199
0.0748318	-0.0997199
0.0748318	-0.0997199
0.0748318	-0.0997199
0.0748318	-0.0997199
0.0748318	-0.0997199
0.0748318	-0.0997199
0.0748318	-0.0997199
0.0748318	-0.0997199
0.0748318	-0.0997199
0.0748318	-0.0997199
0.0748318	-0.0997199
0.0748318	-0.0997199
0.0748318	-0.0997199
0.0748318	-0.0997199
0.0748318	-0.0997199
0.0748318	-0.0997199
0.0748318	-0.0997199
0.0748318	-0.0997199
0.0748318	-0.0997199
0.0748318	-0.0997199
0.0748318	-0.0997199
0.0748318	-0.0997199
0.0748318	-0.0997199
0.0748318	-0.0997199
0.0748318	-0.0997199
0.0748318	-0.0997199
0.0748318	-0.0997199
0.0748318	-0.0997199
0.0748318	-0.0997199
0.0748318	-0.0997199
0.0748318	-0.0997199
0.0748318	-0.0997199
0.0748318	-0.0997199
0.0748318	-0.0997199
0.0748318	-0.0997199
0.0748318	-0.0997199
0.0748318	-0.0997199
0.0748318	-0.0997199
0.0748318	-0.0997199
0.0748318	-0.0997199
0.0748318	-0.0997199
0.0748318	-0.0997199
0.0748318	-0.0997199
0.0748318	-0.0997199
0.0748318	-0.0997199
0.0748318	-0.0997199
0.0748318	-0.0997199
0.0748318	-0.0997199
0.0748318	-0.0997199
0.0748318	-0.0997199
0.0748318	-0.0997199
0.0748318	-0.0997199
0.0748318	-0.0997199
0.0748318	-0.0997199
0.0748318	-0.0997199
0.0748318	-0.0997199
0.0748318	-0.0997199
0.0748318	-0.0997199
0.0748318	-0.0997199
0.0748318	-0.0997199
0.0748318	-0.0997199
0.0748318	-0.0997199
0.0748318	-0.0997199
0.0748318	-0.0997199
0.0748318	-0.0997199
0.0748318	-0.0997199
0.0748318	-0.0997199
0.0748318	-0.0997199
0.0748318	-0.0997199
0.0748318	-0.0997199
0.0748318	-0.0997199
0.0748318	-0.0997199
0.0748318	-0.0997199
0.0748318	-0.0997199
0.0748318	-0.0997199
0.0748318	-0.0997199
0.0748318	-0.0997199
0.0748318	-0.0997199
0.0748318	-0.0997199
0.0748318	-0.0997199
0.0748318	-0.0997199
0.0748318	-0.0997199
0.0748318	-0.0997199
0.0748318	-0.0997199
0.0748318	-0.0997199
0.0748318	-0.0997199
0.0748318	-0.0997199
0.0748318	-0.0997199
0.0748318	-0.0997199
0.0748318	-0.0997199
0.0748318	-0.0997199
0.0748318	-0.0997199
0.0748318	-0.0997199
0.0748318	-0.0997199
0.0748318	-0.0997199
0.0748318	-0.0997199
0.0748318	-0.0997199
0.0748318	-0.0997199
0.0748318	-0.0997199
0.0748318	-0.0997199
0.0748318	-0.0997199
0.0748318	-0.0997199
0.0748318	-0.0997199
0.0748318	-0.0997199
0.0748318	-0.0997199
0.0748318	-0.0997199
0.0748318	-0.0997199
0.0748318	-0.0997199
0.0748318	-0.0997199
0.0748318	-0.0997199
0.0748318	-0.0997199
0.0748318	-0.0997199
0.0748318	-0.0997199
0.0748318	-0.0997199
0.0748318	-0.0997199
0.0748318	-0.0997199
0.0748318	-0.0997199
0.0748318	-0.0997199
0.0748318	-0.0997199
0.0748318	-0.0997199
0.0748318	-0.0997199
0.0748318	-0.0997199
0.0748318	-0.0997199
0.0748318	-0.0997199
0.0748318	-0.0997199
0.0748318	-0.0997199
0.0748318	-0.0997199
0.0748318	-0.0997199
0.0748318	-0.0997199
0.0748318	-0.0997199
0.0748318	-0.0997199
0.0748318	-0.0997199
0.0748318	-0.0997199
0.0748318	-0.0997199
0.0748318	-0.0997199
0.0748318	-0.0997199
0.0748318	-0.0997199
0.0748318	-0.0997199
0.135297	-0.182981
0.139493	-0.194936
0.165431	-0.230587
0.179097	-0.247671
0.185385	-0.255434
0.168113	-0.232613
0.197205	-0.260182
0.184759	-0.282656
0.180175	-0.276522
0.18142	-0.270953
0.192997	-0.268942
0.198222	-0.260393
0.171643	-0.280762
0.178374	-0.275738
0.142155	-0.292637
0.230919	-0.230803
0.235419	-0.252129
0.229417	-0.242777
0.271608	-0.258476
0.247153	-0.283915
0.229319	-0.257011
0.242345	-0.261148
0.270747	-0.24275
0.228156	-0.231316
0.228608	-0.227146
0.228869	-0.227561
0.257608	-0.262892
0.231014	-0.258106
0.227248	-0.251685
0.223724	-0.258483
0.221802	-0.265492
0.210521	-0.266446
0.207771	-0.233625
0.2169	-0.231965
0.220564	-0.255781
0.218257	-0.246492
0.24526	-0.239788
0.243583	-0.207217
0.222976	-0.214288
0.214181	-0.221104
0.220084	-0.229783
0.227987	-0.239493
0.223031	-0.238744
0.22841	-0.265017
0.22252	-0.242366
0.220694	-0.207529
0.22658	-0.201962
0.226259	-0.213806
0.232	-0.219205
0.229459	-0.227736
0.238563	-0.199072
0.242622	-0.194873
0.233478	-0.202778
0.24452	-0.190385
0.220228	-0.190018
0.230742	-0.219289
0.228217	-0.215756
0.208687	-0.199047
0.200506	-0.215188
0.211344	-0.227812
0.199741	-0.238707
0.176097	-0.232098
0.203343	-0.19892
0.236615	-0.186914
0.261364	-0.178441
0.266997	-0.185426
0.27293	-0.165261
0.261712	-0.153324
0.263399	-0.140701
0.278224	-0.159304
0.262056	-0.141072
0.259598	-0.142738
0.277676	-0.154294
0.289038	-0.126163
0.282612	-0.128568
0.308736	-0.122281
0.309279	-0.103423
0.321395	-0.0962871
0.302494	-0.0987269
0.310151	-0.0159503
0.337017	0.0219649
0.339988	-0.0391195
0.337339	-0.0536653
0.331746	-0.0442391
0.283575	-0.0631278
0.292981	-0.0514942
0.312348	-0.0166446
0.306538	-0.04844
0.313626	-0.0805312
0.30996	-0.100245
0.276465	-0.143617
0.278247	-0.145296
0.278187	-0.147367
0.284784	-0.147711
0.332689	-0.166666
0.32034	-0.174774
0.310944	-0.195365
0.30215	-0.191463
0.283013	-0.175559
0.280885	-0.172089
0.267176	-0.187856
0.28036	-0.187044
0.276316	-0.185055
0.266579	-0.176423
0.310271	-0.189005
0.302659	-0.172328
0.313822	-0.166218
0.310444	-0.140858
0.313661	-0.133852
0.330316	-0.162227
0.311404	-0.153329
0.319875	-0.147197
0.314167	-0.117911
0.30854	-0.0707529
0.3147	-0.0714468
0.285341	-0.0370491
0.312131	-0.0102814
0.288041	-0.0228154
0.3064	-0.0249953
0.316569	-0.0258139
0.356378	0.0304331
0.349543	-0.0608779
0.336043	-0.058481
0.323553	-0.0621272
0.322784	-0.0656057
0.355356	-0.0711847
0.328783	-0.0724897
0.31571	-0.0637614
0.318261	-0.0724288
0.308374	-0.0718278
0.31034	-0.0834254
0.310289	-0.0866701
0.31745	-0.0996242
0.311915	-0.129102
0.31883	-0.167046
0.303846	-0.15993
0.295154	-0.161652
0.306828	-0.150037
0.324742	-0.160563
0.321379	-0.150299
0.315212	-0.13459
0.317209	-0.148119
0.285112	-0.167786
0.321745	-0.157185
0.257785	-0.138402
0.256394	-0.143868
0.271783	-0.151615
0.268852	-0.135319
0.27951	-0.140821
0.281134	-0.148654
0.287456	-0.152868
0.290564	-0.176869
0.29452	-0.174483
0.259861	-0.186739
0.261529	-0.187492
0.262719	-0.169304
0.282708	-0.185981
0.301796	-0.198547
0.268311	-0.167466
0.300947	-0.143425
0.301584	-0.138701
0.29968	-0.138226
0.292905	-0.134606
0.317769	-0.188287
0.307849	-0.173282
0.325733	-0.161454
0.303408	-0.156746
0.252733	-0.143745
0.26892	-0.150777
0.284116	-0.117377
0.329631	-0.0877915
0.271361	-0.0531448
0.291462	-0.0644796
0.296154	-0.0651844
0.306584	-0.0728008
0.311858	-0.0783044
0.316634	-0.0885905
0.304699	-0.128677
0.354741	-0.164685
0.352615	-0.164208
0.319367	-0.137697
0.29793	-0.0884297
0.333955	-0.0571947
0.323867	-0.0528283
0.326925	-0.0928622
0.329795	-0.0976937
0.347636	-0.0918819
0.34388	-0.0933016
0.347571	-0.0456436
0.336822	-0.0539875
0.339132	-0.0647464
0.302841	-0.0566391
0.317555	-0.0548395
0.331247	-0.0442577
0.32902	-0.0509758
0.350821	-0.0243975
0.333189	-0.0418633
0.324318	-0.017202
0.325078	-0.0476393
0.318704	-0.0546989
0.321728	-0.0480395
0.283841	-0.042136
0.292245	-0.0515981
0.308815	-0.0470881
0.321557	-0.0334585
0.325929	-0.0376291
0.32491	-0.03789
0.346603	-0.0373326
0.329234	-0.00800367
0.345338	-0.0236622
0.337603	-0.0151129
0.341834	-0.0177487
0.337418	-0.0631048
0.32404	-0.05788
0.318744	-0.0525087
0.330082	-0.0527622
0.307792	-0.0347542
0.31635	-0.0357751
0.314055	-0.0328415
0.331515	-0.0446144
0.32589	-0.0451424
0.315639	-0.0473996
0.330186	-0.0669225
0.311917	-0.0839956
0.322573	-0.0782124
0.351725	-0.0859617
0.334124	-0.0686717
0.347146	-0.0721946
0.340399	-0.0521779
0.284632	-0.0765261
0.3091	-0.10206
0.331583	-0.0914009
0.318035	-0.0987522
0.359618	-0.101701
0.321098	-0.0441297
0.361751	-0.027039
0.320176	-0.02682
0.311058	-0.0146669
0.321629	-0.00591852
0.31587	0.00015908
0.353338	0.0122197
0.351287	-0.0025973
0.334448	0.0657436
0.350313	0.0757279
0.333142	0.0524545
0.320726	0.118357
0.344079	0.0362912
0.334931	0.160917
0.329585	0.123387
0.301816	0.212184
0.29774	0.207219
0.263702	0.212195
0.190701	0.271844
0.142195	0.243753
0.193324	0.234265
0.131838	0.289294
0.193071	0.26283
0.0974611	0.310696
0.199194	0.287079
0.105094	0.348794
0.175013	0.303537
0.0776423	0.305239
0.141614	0.301907
0.0398286	0.345227
0.0806714	0.333788
0.0625161	0.318628
0.0233054	0.31027
0.0185888	0.306204
0.0256338	0.302725
0.101292	0.322315
-0.00664967	0.352145
0.0365719	0.302102
-0.0426415	0.311752
-0.00945298	0.33107
-0.0416392	0.302791
-0.012573	0.29424
-0.0725231	0.327901
-0.0679648	0.337819
-0.0767876	0.347725
-0.086422	0.31981
-0.0743622	0.327215
-0.0856599	0.296863
-0.0896623	0.313088
-0.105248	0.320774
-0.0704054	0.316359
-0.104139	0.299448
-0.078978	0.287199
-0.0996961	0.284663
-0.129404	0.282818
-0.144747	0.309222
-0.145983	0.301075
-0.140851	0.281946
-0.160439	0.272233
-0.172771	0.246816
-0.159399	0.265109
-0.19571	0.267771
-0.19076	0.259049
-0.198756	0.260511
-0.226554	0.28239
-0.240401	0.262873
-0.192652	0.199176
-0.209545	0.211189
-0.232019	0.221568
-0.247012	0.143315
-0.230757	0.131887
-0.258255	0.147162
-0.316024	0.146368
-0.313758	0.130727
-0.30106	0.124462
-0.321486	0.171681
-0.287324	0.136329
-0.278126	0.125935
-0.282539	0.120171
-0.272298	0.119237
-0.268938	0.160322
-0.280489	0.163469
-0.304063	0.185426
-0.322301	0.183383
-0.32238	0.173698
-0.315135	0.160207
-0.308511	0.16257
-0.298924	0.16081
-0.299962	0.149327
-0.308995	0.13366
-0.287867	0.154138
-0.305801	0.160841
-0.273541	0.156972
-0.269979	0.138471
-0.311293	0.135701
-0.30058	0.135974
-0.295077	0.144986
-0.294343	0.172979
-0.287495	0.172222
-0.285482	0.214147
-0.252403	0.233657
-0.228254	0.225343
-0.225509	0.226406
-0.233029	0.220529
-0.264749	0.253272
-0.214865	0.272129
-0.220906	0.241953
-0.213929	0.246882
-0.252711	0.257042
-0.240706	0.244634
-0.233298	0.255687
-0.213418	0.244315
-0.20196	0.243318
-0.22541	0.244704
-0.210891	0.205054
-0.222959	0.217811
-0.238559	0.223379
-0.2655	0.204938
-0.256559	0.189366
-0.292889	0.170673
-0.288086	0.167961
-0.27283	0.155653
-0.285208	0.152508
-0.284654	0.155392
-0.286317	0.154368
-0.283011	0.160452
-0.26305	0.157619
-0.27255	0.137769
-0.274451	0.143808
-0.282376	0.145197
-0.28246	0.135412
-0.28986	0.122827
-0.280788	0.143367
-0.281268	0.141141
-0.242501	0.130168
-0.27383	0.120343
-0.329805	0.112
-0.342912	0.117901
-0.334519	0.135227
-0.296281	0.120315
-0.297718	0.123861
-0.278094	0.152636
-0.293448	0.152727
-0.286587	0.108087
-0.344642	0.147691
-0.333339	0.156912
-0.314765	0.14913
-0.304753	0.145004
-0.297131	0.145576
-0.287771	0.118428
-0.289811	0.0894048
-0.321061	0.128962
-0.32658	0.109255
-0.283897	0.109608
-0.289322	0.116348
-0.280157	0.114587
-0.29202	0.11902
-0.303352	0.14233
-0.308401	0.13379
-0.309144	0.0968541
-0.317176	0.117846
-0.318408	0.0772591
-0.339548	0.0965907
-0.31776	0.0662241
-0.370221	0.0471378
-0.361986	0.0412279
-0.336166	0.0252302
-0.32714	0.0240331
-0.331247	0.0485709
-0.305642	0.0430295
-0.305656	0.0270808
-0.314992	0.0312511
-0.329959	0.00496537
-0.375354	-0.0341416
-0.338704	0.0129881
-0.331696	0.0249026
-0.33597	0.0184584
-0.342441	-0.0119827
-0.330275	-0.00862235
-0.327846	0.0575827
-0.294896	0.051747
-0.389453	0.0572775
-0.332485	0.0429359
-0.328326	0.0441901
-0.319431	0.0602384
-0.323031	0.0676136
-0.322125	0.0647432
-0.357675	0.0806701
-0.319753	0.0743616
-0.304226	0.0799397
-0.326665	0.0713628
-0.327689	0.0749843
-0.324828	0.0838446
-0.321067	0.0649407
-0.312334	0.0641784
-0.319997	0.0591835
-0.306168	0.0173663
-0.307981	0.129302
-0.310033	0.136398
-0.32812	0.130068
-0.310719	0.117427
-0.30716	0.118295
-0.301133	0.11426
-0.271617	0.106248
-0.284385	0.125912
-0.336131	0.131562
-0.338569	0.136894
-0.314696	0.118988
-0.309712	0.117171
-0.304676	0.110565
-0.298427	0.106282
-0.301815	0.111892
-0.302619	0.137243
-0.320127	0.110547
-0.345195	0.0718134
-0.328089	0.16605
-0.280104	0.181871
-0.264853	0.188001
-0.25416	0.196133
-0.264636	0.196162
-0.302104	0.186307
-0.323969	0.173619
-0.282847	0.129625
-0.275707	0.109483
-0.28737	0.102048
-0.312269	0.127402
-0.305832	0.119938
-0.329673	0.132631
-0.317872	0.11943
-0.328423	0.0927598
-0.290923	0.0883649
-0.275166	0.116453
-0.298399	0.148314
-0.275124	0.155943
-0.275558	0.202221
-0.267392	0.211251
-0.240625	0.236698
-0.242685	0.225282
-0.23506	0.235058
-0.21908	0.223388
-0.237466	0.229736
-0.227192	0.231992
-0.173729	0.200504
-0.198171	0.209224
-0.23515	0.201656
-0.248602	0.198061
-0.266658	0.212174
-0.234314	0.205292
-0.237836	0.237127
-0.232707	0.228031
-0.207202	0.242608
-0.219266	0.2559
-0.213437	0.251068
-0.204153	0.295595
-0.168258	0.250395
-0.184866	0.254995
-0.180629	0.308088
-0.17308	0.261459
-0.1607	0.305272
-0.159581	0.301251
-0.152634	0.294588
-0.136362	0.291509
-0.184289	0.297368
-0.179172	0.289323
-0.187812	0.279746
-0.183333	0.272918
-0.167472	0.322052
-0.1644	0.305886
-0.155564	0.291658
-0.163128	0.284929
-0.14392	0.283716
-0.229443	0.273185
-0.204547	0.274527
-0.200005	0.268428
-0.167757	0.261323
-0.136804	0.254871
-0.237972	0.194358
-0.247158	0.228784
-0.242113	0.239414
-0.245331	0.23461
-0.247348	0.266738
-0.205912	0.266279
-0.244401	0.229409
-0.236747	0.23329
-0.213912	0.244717
-0.211288	0.235043
-0.222679	0.269611
-0.290097	0.199099
-0.297831	0.173478
-0.291986	0.167241
-0.288305	0.163013
-0.281061	0.169264
-0.293593	0.127686
-0.289963	0.128808
-0.290576	0.115834
-0.303401	0.122972
-0.284938	0.137484
-0.296671	0.134243
-0.30526	0.149477
-0.287372	0.159386
-0.297364	0.17172
-0.287861	0.166752
-0.242143	0.164493
-0.297057	0.162038
-0.287118	0.162971
-0.325289	0.138501
-0.316743	0.136875
-0.315811	0.0968222
-0.329388	0.0879038
-0.336405	0.078115
-0.326489	0.0960389
-0.318608	0.108192
-0.307536	0.108231
-0.33959	0.100883
-0.344688	0.109612
-0.304346	0.110253
-0.315486	0.0992203
-0.318644	0.102539
-0.347954	0.109376
-0.36086	0.0559894
-0.344859	0.0486772
-0.305884	0.0280501
-0.31101	0.0241443
-0.296181	0.0469724
-0.321188	0.0353862
-0.320984	-2.21141e-05
-0.329937	0.00809108
-0.333092	0.0356837
-0.329703	0.034023
-0.327566	0.0352017
-0.31313	0.0501074
-0.312154	0.0753677
-0.31335	0.0681307
-0.314977	0.0742015
-0.321518	0.0711876
-0.29564	0.0757091
-0.295916	0.0489025
-0.322212	0.0652689
-0.295037	0.0141606
-0.332079	-0.000990505
-0.334724	-0.00962348
-0.335934	-0.0271753
-0.327442	-0.0299089
-0.309166	-0.0432287
-0.326215	-0.0489812
-0.32453	-0.0485348
-0.324823	-0.0449628
-0.370395	-0.0460301
-0.347003	-0.0446983
-0.355012	-0.0137791
-0.335496	0.0260116
-0.345639	0.0058644
-0.326558	0.0124518
-0.318829	0.0134144
-0.323577	0.00583818
-0.333755	0.0184926
-0.338347	0.0236743
-0.355819	0.0757576
-0.335989	0.0671609
-0.32184	0.0667581
-0.354364	0.0686157
-0.34503	0.0887283
-0.334597	0.0859679
-0.325846	0.071581
-0.329242	0.082734
-0.323272	0.0817013
-0.354608	0.0776407
-0.325072	0.0739271
-0.321868	0.0743347
-0.32022	0.07399
-0.305761	0.0846883
-0.317342	0.00658029
-0.315009	0.00132383
-0.340692	0.0089911
-0.320763	0.00229097
-0.299757	0.0129809
-0.314537	0.00853693
-0.299631	-0.0160496
-0.292072	0.00899004
-0.298999	-0.0187674
-0.306784	0.00620633
-0.307417	-0.00110087
-0.322927	0.00641479
-0.310885	-0.0374856
-0.316113	-0.0400153
-0.346481	-0.0181947
-0.364374	-0.0403065
-0.356557	-0.0516816
-0.338632	-0.0509428
-0.295003	-0.075014
-0.296174	-0.0915219
-0.319487	-0.078699
-0.320758	-0.0979762
-0.299718	-0.10392
-0.288341	-0.112177
-0.295153	-0.112448
-0.300253	-0.114393
-0.311938	-0.106331
-0.317758	-0.110156
-0.314795	-0.1088
-0.320875	-0.123024
-0.303394	-0.125897
-0.301258	-0.128888
-0.275552	-0.13905
-0.292139	-0.166164
-0.30554	-0.187166
-0.292732	-0.166547
-0.306606	-0.155633
-0.280733	-0.186593
-0.264394	-0.176772
-0.268334	-0.184988
-0.241445	-0.17858
-0.251296	-0.198688
-0.271923	-0.195324
-0.26139	-0.19039
-0.224297	-0.218461
-0.229087	-0.231191
-0.207082	-0.220336
-0.200079	-0.222658
-0.231259	-0.23254
-0.199878	-0.271119
-0.197778	-0.269876
-0.215764	-0.250428
-0.200035	-0.266207
-0.192016	-0.2866
-0.189733	-0.290124
-0.188506	-0.274166
-0.233821	-0.287736
-0.187177	-0.299375
-0.191574	-0.291876
-0.206615	-0.278094
-0.151814	-0.294195
-0.154346	-0.296738
-0.173782	-0.288977
-0.173595	-0.283435
-0.141826	-0.284608
-0.167339	-0.262983
-0.0938453	-0.319647
-0.090384	-0.283033
-0.076006	-0.295109
-0.107889	-0.320962
-0.115266	-0.315293
-0.0948647	-0.312395
-0.0923276	-0.327584
-0.0862131	-0.306467
-0.111685	-0.283947
-0.105406	-0.29693
-0.0914828	-0.302034
-0.102021	-0.323511
-0.0894937	-0.301206
-0.0811078	-0.298836
-0.0824533	-0.308509
-0.0747367	-0.304182
-0.0786174	-0.322613
-0.0966673	-0.325902
-0.05225	-0.347574
-0.0385746	-0.362761
-0.0248408	-0.345075
0.00361617	-0.306859
0.014503	-0.329255
0.0117519	-0.331281
0.0211093	-0.313825
-0.00895178	-0.32445
-0.0135199	-0.299463
-0.022598	-0.319721
-0.0211079	-0.322236
-0.0203303	-0.349692
-0.00728301	-0.344303
-0.0235076	-0.299294
-0.0176226	-0.301833
-0.0188156	-0.267092
-0.0313208	-0.328522
-0.0378012	-0.339773
-0.0422282	-0.35349
-0.0343093	-0.336469
-0.0694888	-0.379702
-0.11264	-0.338771
-0.0701579	-0.354
-0.072827	-0.343305
-0.0727808	-0.340829
-0.0527559	-0.336426
-0.0505021	-0.317178
-0.0508906	-0.316437
-0.0471359	-0.306941
-0.043317	-0.274588
-0.0197803	-0.311544
-0.00877029	-0.318795
-0.03739	-0.33524
-0.015445	-0.343036
-0.0324898	-0.320837
-0.0152304	-0.312295
-0.0120794	-0.335965
-0.00734057	-0.319247
-0.00931618	-0.320904
0.00761799	-0.291508
-0.00104535	-0.347249
-0.0133459	-0.341564
-0.0170542	-0.329655
-0.0203097	-0.334119
-0.0199283	-0.330351
-0.0237014	-0.316544
-0.0393708	-0.364885
-0.0543814	-0.345471
-0.0616007	-0.348176
-0.0242159	-0.321373
-0.0266894	-0.340636
-0.0261061	-0.331309
-0.0372182	-0.324832
-0.0163821	-0.319111
-0.0256296	-0.3169
0.00680681	-0.297851
-0.0165834	-0.359359
0.0270582	-0.364084
0.0383564	-0.370795
0.0395133	-0.336549
0.0124059	-0.343951
0.0175818	-0.346503
-0.0098533	-0.323943
-0.00679999	-0.330325
0.0615122	-0.293615
0.0296317	-0.311148
0.02467	-0.324753
0.0259015	-0.313879
0.0365417	-0.320063
0.0219856	-0.305847
0.0250386	-0.315389
0.022766	-0.324655
0.0140794	-0.33887
0.0401035	-0.322185
0.0395017	-0.321582
0.00887589	-0.300824
0.0182122	-0.300392
0.0386087	-0.28221
0.00179109	-0.261783
0.0313929	-0.299714
0.0177592	-0.331506
0.000714386	-0.311064
-0.00541655	-0.292929
0.0423337	-0.303799
-0.0640044	-0.331359
-0.0616221	-0.322956
-0.0600348	-0.328847
-0.0488629	-0.333579
-0.0609769	-0.3382
-0.0623154	-0.333894
-0.0667915	-0.357968
-0.0880106	-0.3642
-0.0987074	-0.382083
-0.0935651	-0.348344
-0.0782702	-0.289076
-0.0250034	-0.295467
-0.0609041	-0.304124
-0.052087	-0.329124
-0.0642616	-0.306651
-0.0984785	-0.299688
-0.0982087	-0.299327
-0.142469	-0.29965
-0.128186	-0.300575
-0.130318	-0.302284
-0.135887	-0.357666
-0.109313	-0.348462
-0.100801	-0.333269
-0.10964	-0.32154
-0.0846606	-0.316869
-0.0463055	-0.28123
-0.013976	-0.296264
-0.0793281	-0.323986
-0.0766979	-0.282171
-0.0814141	-0.299929
-0.0610533	-0.350217
-0.047894	-0.342702
-0.0529766	-0.336757
-0.0591936	-0.337218
-0.0673238	-0.331723
-0.0737345	-0.330499
-0.0809162	-0.320982
-0.0542423	-0.302981
-0.0553136	-0.279472
-0.0633689	-0.269233
-0.0743816	-0.269877
-0.0779341	-0.289851
-0.131455	-0.311885
-0.141595	-0.312816
-0.13326	-0.310481
-0.154296	-0.328186
-0.154463	-0.306829
-0.14536	-0.314599
-0.133639	-0.312773
-0.0978569	-0.286608
-0.101904	-0.295459
-0.127419	-0.302589
-0.122127	-0.303994
-0.150707	-0.275285
-0.157538	-0.268402
-0.136411	-0.317909
-0.134507	-0.31097
-0.0956519	-0.31272
-0.0977451	-0.313394
-0.109908	-0.345982
-0.132759	-0.302726
-0.105124	-0.324557
-0.121373	-0.338043
-0.117154	-0.341748
-0.137371	-0.317553
-0.1293	-0.303883
-0.129122	-0.303856
-0.112437	-0.325984
-0.140392	-0.319588
-0.151372	-0.310945
-0.148607	-0.30193
-0.153231	-0.297039
-0.0952252	-0.301803
-0.193655	-0.269086
-0.191517	-0.267213
-0.200089	-0.264028
-0.215204	-0.292937
-0.180649	-0.263436
-0.170078	-0.273183
-0.188923	-0.282232
-0.175366	-0.245969
-0.181984	-0.254744
-0.183257	-0.283191
-0.153909	-0.261297
-0.160714	-0.276694
-0.152377	-0.309626
-0.202427	-0.284868
-0.168426	-0.304743
-0.190416	-0.265264
-0.175779	-0.264393
-0.165962	-0.263137
-0.186108	-0.282122
-0.194038	-0.279039
-0.185829	-0.268666
-0.185113	-0.255479
-0.21227	-0.260903
-0.217056	-0.257613
-0.214832	-0.232283
-0.23682	-0.234201
-0.239951	-0.234957
-0.236546	-0.227287
-0.240487	-0.230092
-0.244354	-0.217714
-0.212091	-0.190059
-0.285132	-0.217684
-0.26282	-0.206534
-0.256322	-0.218766
-0.260513	-0.22754
-0.28009	-0.240111
-0.256665	-0.24206
-0.289544	-0.208094
-0.287103	-0.197851
-0.28162	-0.173805
-0.279304	-0.183936
-0.277101	-0.183764
-0.263998	-0.170508
-0.282383	-0.168219
-0.2749	-0.177116
-0.272903	-0.176487
-0.257555	-0.194271
-0.26984	-0.220674
-0.267923	-0.226982
-0.236566	-0.245146
-0.218181	-0.216474
-0.223849	-0.224103
-0.224242	-0.228189
-0.213889	-0.236401
-0.212963	-0.247219
-0.233382	-0.232481
-0.232949	-0.2148
-0.280649	-0.175047
-0.280623	-0.173084
-0.262198	-0.177996
-0.304074	-0.155329
-0.342772	-0.0957461
-0.337234	-0.0894786
-0.364562	-0.0422142
-0.376381	-0.0156932
-0.359888	-0.000803705
-0.334821	-0.0144964
-0.319249	0.00762767
-0.29184	-0.103545
-0.299217	-0.109033
-0.248375	-0.117753
-0.277614	-0.128727
-0.299039	-0.11614
-0.329359	-0.111723
-0.295002	-0.142468
-0.31355	-0.147827
-0.311347	-0.108922
-0.326245	-0.0889457
-0.319142	-0.0840476
-0.285576	-0.0448929
-0.292102	-0.125872
-0.315642	-0.1829
-0.311983	-0.201078
-0.283858	-0.207669
-0.268433	-0.210691
-0.247302	-0.235815
-0.216104	-0.200375
-0.218267	-0.183615
-0.237139	-0.191599
-0.24948	-0.186323
-0.232987	-0.190365
-0.24973	-0.192565
-0.247149	-0.196213
-0.255518	-0.181217
-0.249027	-0.185393
-0.248468	-0.190836
-0.241155	-0.215782
-0.24296	-0.217548
-0.249174	-0.219532
-0.251673	-0.237672
-0.242471	-0.230422
-0.231554	-0.23081
-0.240597	-0.245715
-0.21782	-0.238355
-0.212523	-0.247826
-0.224638	-0.249525
-0.220741	-0.245746
-0.188407	-0.231167
-0.166159	-0.250736
-0.157934	-0.277414
-0.159101	-0.282087
-0.1557	-0.308926
-0.170767	-0.256788
-0.155507	-0.230373
-0.165407	-0.252249
-0.177554	-0.278536
-0.178641	-0.278149
-0.192966	-0.224706
-0.204922	-0.217784
-0.217769	-0.226873
-0.272969	-0.217469
-0.271802	-0.239212
-0.264207	-0.211422
-0.250524	-0.199103
-0.258014	-0.198656
-0.25103	-0.204834
-0.239271	-0.197964
-0.230212	-0.214094
-0.282094	-0.19718
-0.152286	-0.296474
-0.156563	-0.29677
-0.131357	-0.305196
-0.138031	-0.291461
-0.133949	-0.294491
-0.1365	-0.294402
-0.133875	-0.281484
-0.11432	-0.272164
-0.144404	-0.28773
-0.153369	-0.295529
-0.144702	-0.267472
-0.146586	-0.247631
-0.143606	-0.261251
-0.124336	-0.286599
-0.146531	-0.301714
-0.138463	-0.294245
-0.138976	-0.294186
-0.136109	-0.325434
-0.106331	-0.340176
-0.0914701	-0.324827
-0.111252	-0.296152
-0.103357	-0.28098
-0.114873	-0.303577
-0.142433	-0.276297
-0.152742	-0.25933
-0.199151	-0.301332
-0.177652	-0.292751
-0.179293	-0.273587
-0.175494	-0.280532
-0.185846	-0.25757
-0.190988	-0.242966
-0.207031	-0.251832
-0.211984	-0.229662
-0.195195	-0.224936
-0.208306	-0.22541
-0.204107	-0.236442
-0.201234	-0.245383
-0.199427	-0.237462
-0.185921	-0.286054
-0.18226	-0.287675
-0.158901	-0.306965
-0.125969	-0.284377
-0.14296	-0.296598
-0.131554	-0.286995
-0.136729	-0.288626
-0.179117	-0.285379
-0.176735	-0.28146
-0.128205	-0.285698
-0.131916	-0.307032
-0.118634	-0.314497
-0.109953	-0.316974
-0.129206	-0.335335
-0.11681	-0.318109
-0.111983	-0.310729
-0.110753	-0.320646
-0.112656	-0.308337
-0.101459	-0.308367
-0.102374	-0.31155
-0.0989263	-0.329829
-0.0935384	-0.319967
-0.0937352	-0.320861
-0.0704243	-0.36032
-0.0925586	-0.367689
-0.0860571	-0.342491
-0.0874472	-0.323431
-0.084925	-0.318675
-0.0845628	-0.304695
-0.0797706	-0.31028
-0.0925622	-0.25928
-0.10174	-0.247326
-0.108688	-0.293136
-0.1104	-0.266903
-0.085965	-0.3085
-0.0920224	-0.31437
-0.0271789	-0.330437
-0.0208927	-0.340999
-0.0604667	-0.338936
-0.061956	-0.335166
-0.0805186	-0.329699
-0.0745046	-0.323674
-0.0766601	-0.314063
-0.0912269	-0.295547
-0.0876474	-0.299669
-0.0916877	-0.306845
-0.0856613	-0.300654
-0.0886355	-0.306437
-0.101819	-0.304977
-0.100612	-0.328127
-0.101106	-0.328412
-0.0946809	-0.32239
-0.0960077	-0.316385
-0.0910946	-0.310289
-0.0868167	-0.302427
-0.0775954	-0.328254
-0.0725419	-0.324685
-0.0718681	-0.32197
-0.0759192	-0.308707
-0.0780361	-0.315839
-0.0345436	-0.300392
-0.0207902	-0.321335
0.0146663	-0.29789
0.035349	-0.318183
0.0216099	-0.351494
0.0310044	-0.320451
0.0397729	-0.323538
0.0266162	-0.327868
0.0236466	-0.335077
-0.00518938	-0.306177
-0.0260569	-0.307288
-0.0428876	-0.28285
-0.0531134	-0.284802
-0.0574107	-0.293507
-0.075216	-0.303495
-0.0760178	-0.315846
-0.0516857	-0.32568
-0.045357	-0.314138
-0.0301272	-0.328514
-0.0355647	-0.317957
-0.0373834	-0.287317
-0.0226462	-0.252984
-0.0210576	-0.304121
-0.014953	-0.319466
-0.0508581	-0.314175
-0.0557612	-0.311586
-0.0535449	-0.340136
-0.00230715	-0.30122
-0.0373736	-0.331613
-0.0475097	-0.324352
-0.0704356	-0.31136
-0.0666695	-0.322422
-0.0425936	-0.329712
-0.0428928	-0.361116
-0.0328667	-0.338473
-0.0216491	-0.34234
-0.0329082	-0.328462
-0.0423172	-0.335887
-0.0503322	-0.329639
-0.0358947	-0.34081
-0.0766136	-0.349788
-0.0678037	-0.326093
-0.055723	-0.328963
-0.0536398	-0.338839
-0.0621833	-0.330884
-0.0695531	-0.323267
-0.113971	-0.316712
-0.124663	-0.358714
-0.12308	-0.362441
-0.0954841	-0.332176
-0.0692216	-0.310941
-0.0538691	-0.316281
-0.0547842	-0.325061
-0.0528037	-0.323869
-0.0302529	-0.300377
-0.0203854	-0.312863
0.0038034	-0.307794
0.0216304	-0.312708
0.0272233	-0.335974
0.0388831	-0.322183
0.0268892	-0.330102
0.0423795	-0.33941
0.0315997	-0.308184
0.0332182	-0.293807
0.0552246	-0.305883
0.0562748	-0.313998
0.048096	-0.314813
0.0312804	-0.338793
0.034007	-0.313343
0.0333273	-0.318563
0.0246051	-0.326454
0.00808767	-0.402482
0.00105987	-0.350098
0.00720211	-0.354967
0.0132575	-0.33766
-0.0064457	-0.324982
-0.00848104	-0.322068
-0.0411881	-0.307347
-0.0201178	-0.30982
-0.028198	-0.331676
-0.022012	-0.335394
-0.02172	-0.330848
-0.0153727	-0.340432
-0.0239444	-0.318099
-0.0243145	-0.329722
-0.0122902	-0.351395
-0.009485	-0.320213
-0.00277463	-0.330288
0.0338882	-0.327462
0.0330073	-0.332586
0.0332956	-0.326846
0.0135611	-0.300835
0.0353483	-0.361129
0.0236868	-0.340897
0.0459282	-0.296528
0.0499113	-0.308194
0.0461862	-0.315216
0.0337981	-0.314799
-0.00913172	-0.336259
0.000763274	-0.351254
0.0033854	-0.336494
-0.00682463	-0.349654
-0.0384989	-0.309059
-0.0419535	-0.312945
-0.0454651	-0.320659
-0.0496562	-0.323258
-0.0735952	-0.325954
-0.0703752	-0.334222
-0.0813656	-0.315546
-0.0986544	-0.325315
-0.0944131	-0.302891
-0.077538	-0.303717
-0.0917549	-0.33033
-0.0341417	-0.308937
-0.0513318	-0.302054
-0.0731742	-0.305516
-0.0221618	-0.333699
-0.0481754	-0.330843
-0.0251141	-0.327597
-0.0205328	-0.35062
-0.0182328	-0.333416
-0.0344432	-0.341638
-0.0290912	-0.340136
-0.0241016	-0.335538
-0.037799	-0.310491
-0.0242212	-0.317635
-0.0243794	-0.30476
-0.0259116	-0.363354
-0.0146819	-0.323357
-0.022005	-0.335849
-0.0394035	-0.304266
-0.0641077	-0.335596
-0.0994845	-0.284466
-0.104713	-0.294537
-0.103753	-0.301825
-0.130087	-0.276767
-0.134262	-0.281945
-0.136844	-0.304411
-0.148604	-0.316313
-0.145915	-0.292351
-0.146522	-0.284746
-0.153662	-0.27309
-0.149439	-0.258747
-0.141843	-0.265931
-0.167544	-0.306175
-0.16978	-0.274893
-0.166063	-0.289059
-0.146969	-0.299313
-0.144033	-0.299924
-0.143647	-0.299747
-0.166154	-0.311855
-0.180537	-0.291938
-0.162609	-0.252959
-0.178424	-0.283445
-0.179073	-0.285301
-0.176037	-0.333634
-0.147229	-0.316251
-0.123542	-0.319567
-0.0986816	-0.291259
-0.09746	-0.297806
-0.0918227	-0.308009
-0.0957711	-0.360297
-0.0819571	-0.342009
-0.0796111	-0.329792
-0.0942124	-0.332222
-0.0679982	-0.342736
-0.0664129	-0.332098
-0.0403833	-0.355873
-0.0293247	-0.336382
-0.0407752	-0.324722
-0.0460438	-0.325204
-0.0543405	-0.32061
-0.0340424	-0.321133
-0.0492689	-0.312215
-0.0603567	-0.279705
-0.0644915	-0.304879
-0.079655	-0.334534
-0.0465339	-0.331519
-0.0690871	-0.325318
-0.0799634	-0.321013
-0.0641859	-0.313149
-0.0693428	-0.311682
-0.0695439	-0.304813
-0.0584879	-0.308527
-0.0398706	-0.313118
-0.019653	-0.305678
-0.0227385	-0.316003
-0.0425486	-0.351023
-0.0226151	-0.317083
-0.0409988	-0.33356
-0.0382022	-0.300496
-0.0180306	-0.314236
-0.0162118	-0.312321
-0.0111686	-0.332353
-0.00937842	-0.337216
-0.013222	-0.331698
-0.0215164	-0.332465
-0.0137851	-0.347639
-0.0350097	-0.330281
-0.0116053	-0.323554
-0.0172605	-0.317532
-0.0267242	-0.311078
-0.0284535	-0.32943
-0.0293924	-0.324113
-0.0271392	-0.324988
-0.028858	-0.313286
-0.030887	-0.327217
-0.0301615	-0.336094
-0.0358885	-0.280626
-0.0315304	-0.300416
-0.0120712	-0.317386
-0.0196486	-0.336675
-0.0206537	-0.333022
-0.0123632	-0.290834
-0.0215556	-0.310134
-0.0200463	-0.322101
-0.012455	-0.324412
-0.00584398	-0.342168
-0.019157	-0.317807
-0.0147825	-0.298848
-0.0791719	-0.305464
-0.0769593	-0.317037
-0.0670305	-0.318642
-0.0340774	-0.351556
-0.00788962	-0.327212
0.00830675	-0.309844
-0.0125714	-0.311648
-0.028726	-0.31354
-0.0536808	-0.315348
-0.0659079	-0.311919
-0.0875518	-0.303899
-0.0878495	-0.305594
-0.0497332	-0.349906
-0.0308336	-0.337147
-0.0460236	-0.356829
-0.0775261	-0.343108
-0.0481637	-0.34043
-0.0290357	-0.361866
-0.0271982	-0.342973
-0.0303507	-0.367407
-0.0582801	-0.299919
-0.0626847	-0.321444
-0.0591468	-0.3189
-0.0616217	-0.315264
-0.0636734	-0.305666
-0.0680422	-0.304187
-0.047471	-0.325742
-0.0654506	-0.33499
-0.0654258	-0.37175
-0.0603629	-0.296795
-0.0627666	-0.309376
-0.0937293	-0.31742
-0.0774176	-0.321809
-0.103332	-0.319723
-0.108268	-0.336211
-0.122733	-0.329215
-0.137242	-0.31374
-0.151668	-0.321559
-0.137018	-0.274814
-0.153467	-0.282713
-0.131991	-0.318345
-0.119658	-0.297748
