0.0904443	-0.0976948
0.0904443	-0.0976948
0.0904443	-0.0976948
0.0904443	-0.0976948
0.0904443	-0.0976948
0.0904443	-0.0976948
0.0904443	-0.0976948
0.0904443	-0.0976948
0.0904443	-0.0976948
0.0904443	-0.0976948
0.0904443	-0.0976948
0.0904443	-0.0976948
0.0904443	-0.0976948
0.0904443	-0.0976948
0.0904443	-0.0976948
0.0904443	-0.0976948
0.0904443	-0.0976948
0.0904443	-0.0976948
0.0904443	-0.0976948
0.0904443	-0.0976948
0.0904443	-0.0976948
0.0904443	-0.0976948
0.0904443	-0.0976948
0.0904443	-0.0976948
0.0904443	-0.0976948
0.0904443	-0.0976948
0.0904443	-0.0976948
0.0904443	-0.0976948
0.0904443	-0.0976948
0.0904443	-0.0976948
0.0904443	-0.0976948
0.0904443	-0.0976948
0.0904443	-0.0976948
0.0904443	-0.0976948
0.0904443	-0.0976948
0.0904443	-0.0976948
0.0904443	-0.0976948
0.0904443	-0.0976948
0.0904443	-0.0976948
0.0904443	-0.0976948
0.0904443	-0.0976948
0.0904443	-0.0976948
0.0904443	-0.0976948
0.0904443	-0.0976948
0.0904443	-0.0976948
0.0904443	-0.0976948
0.0904443	-0.0976948
0.0904443	-0.0976948
0.0904443	-0.0976948
0.0904443	-0.0976948
0.0904443	-0.0976948
0.0904443	-0.0976948
0.0904443	-0.0976948
0.0904443	-0.0976948
0.0904443	-0.0976948
0.0904443	-0.0976948
0.0904443	-0.0976948
0.0904443	-0.0976948
0.0904443	-0.0976948
0.0904443	-0.0976948
0.0904443	-0.0976948
0.0904443	-0.0976948
0.131912	-0.16897
0.208475	-0.219176
0.237606	-0.231852
0.24712	-0.234692
0.24823	-0.227438
0.253165	-0.204738
0.247121	-0.228318
0.261905	-0.225169
0.229571	-0.191361
0.243296	-0.197578
0.258165	-0.230693
0.25838	-0.229089
0.255065	-0.229968
0.253115	-0.218498
0.241332	-0.207275
0.2646	-0.234927
0.278207	-0.214551
0.246969	-0.235366
0.240946	-0.205449
0.244623	-0.207324
0.289714	-0.20558
0.310347	-0.146284
0.295146	-0.123255
0.29603	-0.122312
0.322826	-0.111272
0.317205	-0.0881528
0.323621	-0.0966339
0.309996	-0.0977382
0.349961	-0.107571
0.343189	-0.104874
0.321794	-0.133145
0.350501	-0.194396
0.283009	-0.16868
0.283155	-0.170709
0.269293	-0.167606
0.280675	-0.183026
0.282198	-0.178849
0.300452	-0.209541
0.268407	-0.19548
0.246791	-0.164321
0.236874	-0.198671
0.230503	-0.202137
0.175778	-0.178906
0.185112	-0.215265
0.202341	-0.249608
0.157846	-0.286597
0.157615	-0.285841
0.160737	-0.28373
0.163881	-0.325681
0.178034	-0.314902
0.15708	-0.304622
0.159888	-0.302304
0.15503	-0.278603
0.143869	-0.269563
0.139111	-0.276196
0.124286	-0.320749
0.153131	-0.283799
0.171358	-0.362274
0.15276	-0.32602
0.145511	-0.310851
0.157928	-0.31674
0.179132	-0.302358
0.217303	-0.251297
0.199804	-0.243079
0.224005	-0.237123
0.193635	-0.250906
0.196365	-0.260751
0.214476	-0.253831
0.188087	-0.281661
0.183916	-0.280249
0.138713	-0.269114
0.153891	-0.227442
0.201104	-0.222712
0.210281	-0.232492
0.212413	-0.233987
0.210155	-0.282733
0.20799	-0.280243
0.205644	-0.272845
0.208663	-0.256218
0.226094	-0.243124
0.224747	-0.235839
0.25217	-0.224742
0.263281	-0.215507
0.257532	-0.207848
0.258375	-0.21287
0.255035	-0.208252
0.249914	-0.211725
0.290672	-0.196543
0.303849	-0.178173
0.287568	-0.189551
0.282012	-0.177252
0.288799	-0.166992
0.309843	-0.182994
0.297576	-0.168967
0.312709	-0.146724
0.307586	-0.122867
0.325736	-0.124726
0.314036	-0.12
0.309292	-0.119447
0.321462	-0.105569
0.293959	-0.109396
0.309888	-0.109342
0.303781	-0.126073
0.303656	-0.127804
0.300067	-0.0938884
0.302659	-0.0741194
0.333613	-0.0968353
0.348749	-0.0879662
0.289053	-0.0879515
0.321924	-0.0973728
0.317361	-0.0913108
0.314983	-0.090344
0.312345	-0.0806598
0.294941	-0.0936127
0.324329	-0.0822005
0.312506	-0.0931406
0.313372	-0.0923191
0.308891	-0.0997991
0.298404	-0.109672
0.283509	-0.108026
0.312057	-0.122907
0.256669	-0.120656
0.269847	-0.129954
0.277649	-0.132595
0.2856	-0.132519
0.292287	-0.138093
0.264074	-0.112581
0.269257	-0.106193
0.287608	-0.112543
0.300449	-0.105266
0.305659	-0.0980622
0.3067	-0.0969209
0.307977	-0.0964839
0.314288	-0.107903
0.311526	-0.104252
0.299794	-0.112609
0.287461	-0.131541
0.300925	-0.155949
0.290527	-0.158453
0.294466	-0.18463
0.212944	-0.170502
0.246504	-0.186948
0.270577	-0.18872
0.25936	-0.199308
0.258449	-0.200304
0.247555	-0.190209
0.263131	-0.20021
0.267433	-0.193075
0.277332	-0.196176
0.274663	-0.181915
0.269923	-0.183137
0.27382	-0.181801
0.285621	-0.180808
0.213942	-0.168095
0.237662	-0.19714
0.23357	-0.202477
0.226127	-0.198449
0.194178	-0.216435
0.214103	-0.226336
0.222044	-0.232918
0.241287	-0.242567
0.229924	-0.227711
0.229809	-0.188584
0.256218	-0.191319
0.25393	-0.175556
0.237095	-0.180627
0.262266	-0.151098
0.276377	-0.148685
0.298887	-0.151337
0.297729	-0.139177
0.306313	-0.139956
0.314252	-0.124358
0.318763	-0.130014
0.309811	-0.127796
0.363771	-0.083453
0.373713	-0.0440515
0.346163	-0.0353533
0.334255	-0.0226333
0.311981	-0.0602119
0.341857	-0.0425565
0.305513	-0.0632395
0.306709	-0.0617888
0.290992	-0.0928143
0.339725	-0.110311
0.325083	-0.10319
0.317347	-0.115426
0.3121	-0.118282
0.286032	-0.110842
0.275605	-0.143301
0.298784	-0.141844
0.336971	-0.136794
0.316051	-0.130972
0.268437	-0.120594
0.286762	-0.121087
0.289508	-0.134415
0.286086	-0.138528
0.267429	-0.129916
0.264177	-0.132156
0.276584	-0.141564
0.293062	-0.138476
0.324926	-0.124936
0.326793	-0.0590225
0.338269	-0.0554534
0.303844	-0.0340273
0.333529	-0.0313139
0.293098	-0.0226034
0.295152	-0.0428533
0.307215	-0.0471387
0.356125	-0.0489835
0.31814	-0.0458736
0.334074	-0.0350743
0.329675	-0.0421742
0.326783	-0.0420392
0.344775	-0.00919083
0.32853	-0.00423503
0.309491	-0.0473051
0.320892	-0.0469979
0.271699	-0.0155352
0.294853	-0.0294462
0.268707	-0.0464038
0.285581	-0.0413692
0.293637	-0.0507153
0.307957	-0.0531998
0.279842	-0.0417203
0.308247	-0.0119741
0.320573	-0.00771807
0.342198	-0.00196752
0.336485	0.00222576
0.322151	-1.35425e-05
0.330909	0.00879284
0.313845	0.0423244
0.29706	0.0365073
0.302068	0.0163774
0.295631	-0.0208787
0.316108	0.00189882
0.295122	0.00149984
0.302732	0.0123954
0.28001	0.0122104
0.312424	0.00553375
0.343475	-0.0342733
0.337089	-0.0301163
0.319185	-0.0384724
0.282044	-0.0383888
0.296906	-0.0604432
0.294105	-0.0383017
0.357443	-0.0118286
0.326226	-0.0327111
0.366637	-0.0428366
0.362256	-0.0268846
0.323543	-0.0259356
0.323449	-0.0247583
0.325921	-0.0299104
0.324798	-0.0300484
0.322512	-0.0275343
0.332336	-0.073092
0.335266	-0.0234485
0.356057	0.000542377
0.341546	0.0115055
0.330135	0.0731739
0.32178	0.0767908
0.281895	0.0806792
0.308624	0.135278
0.335985	-0.0141955
0.313228	0.055036
0.287835	0.152811
0.299989	0.148332
0.262415	0.186775
0.265871	0.185531
0.265657	0.196018
0.248774	0.212613
0.246176	0.195972
0.196414	0.254461
0.198646	0.219276
0.178049	0.247999
0.137754	0.252331
0.142872	0.258598
0.172774	0.267023
0.1966	0.217909
0.138925	0.28425
0.132997	0.287476
0.174374	0.283539
0.172832	0.282251
0.148908	0.295865
0.144987	0.289429
0.142055	0.291889
0.127779	0.321763
0.117215	0.316829
0.058502	0.312584
0.0674449	0.31951
0.0705617	0.324968
0.0359036	0.341249
0.0223982	0.335955
-0.0119136	0.346674
-0.0209383	0.339102
0.00716001	0.340714
0.00511954	0.333096
0.000127437	0.316625
0.0185777	0.300251
-0.122627	0.320432
-0.115956	0.328685
-0.162527	0.311523
-0.124369	0.293345
-0.110372	0.293771
-0.131341	0.292546
-0.130307	0.297944
-0.123128	0.31899
-0.11268	0.345734
-0.112628	0.37505
-0.151855	0.355034
-0.131472	0.341879
-0.121151	0.317072
-0.163054	0.338495
-0.154674	0.31079
-0.142651	0.316682
-0.136732	0.314758
-0.109241	0.280184
-0.133816	0.279383
-0.120607	0.295689
-0.143614	0.335865
-0.157532	0.310122
-0.152046	0.299552
-0.166943	0.276041
-0.162154	0.272876
-0.159606	0.30558
-0.163857	0.233658
-0.171207	0.244039
-0.179592	0.254862
-0.142622	0.31478
-0.267225	0.252947
-0.208991	0.225965
-0.244815	0.215646
-0.246222	0.216057
-0.226063	0.225451
-0.255126	0.2323
-0.235402	0.21187
-0.239889	0.21408
-0.239017	0.188641
-0.204392	0.206669
-0.206669	0.21234
-0.197655	0.22612
-0.215938	0.225898
-0.209429	0.219249
-0.225471	0.249673
-0.250189	0.229451
-0.251496	0.230077
-0.240872	0.228973
-0.252681	0.221824
-0.241288	0.216794
-0.257351	0.234431
-0.264859	0.211675
-0.255935	0.206899
-0.240776	0.201971
-0.247142	0.203553
-0.248552	0.191954
-0.255373	0.191064
-0.277983	0.182707
-0.268838	0.180285
-0.231528	0.173198
-0.208474	0.180291
-0.24816	0.174282
-0.28487	0.190263
-0.305429	0.153542
-0.288266	0.148348
-0.287431	0.158948
-0.2832	0.157117
-0.288607	0.176687
-0.286743	0.170346
-0.281887	0.168743
-0.262858	0.16778
-0.261084	0.187194
-0.250144	0.159827
-0.229604	0.16388
-0.286816	0.179167
-0.264049	0.172822
-0.267769	0.175779
-0.253727	0.174183
-0.279192	0.15211
-0.281652	0.161794
-0.287827	0.159533
-0.239119	0.152249
-0.245507	0.162107
-0.23562	0.176032
-0.253113	0.178756
-0.236163	0.162702
-0.27848	0.170657
-0.285574	0.166806
-0.276876	0.137916
-0.282779	0.125745
-0.286805	0.101057
-0.290729	0.100979
-0.293769	0.0794755
-0.31558	0.105325
-0.34669	0.108449
-0.346205	0.08495
-0.304507	0.0927798
-0.298961	0.104823
-0.329974	0.140136
-0.309923	0.149049
-0.297176	0.127922
-0.29873	0.128605
-0.298293	0.136455
-0.310998	0.156961
-0.295968	0.162982
-0.297708	0.167742
-0.300162	0.150289
-0.337583	0.140969
-0.319434	0.129127
-0.311356	0.110805
-0.309048	0.10901
-0.305375	0.114189
-0.236063	0.0744529
-0.243296	0.0828937
-0.261301	0.11566
-0.259092	0.107118
-0.281635	0.119382
-0.300005	0.107934
-0.303476	0.104883
-0.292216	0.109572
-0.278171	0.103693
-0.297847	0.1038
-0.301472	0.102538
-0.300286	0.111558
-0.283994	0.161256
-0.305152	0.139151
-0.299277	0.130856
-0.29529	0.147559
-0.303335	0.130475
-0.300891	0.131115
-0.255582	0.098864
-0.301547	0.137558
-0.310981	0.157784
-0.302327	0.140899
-0.312421	0.189114
-0.27742	0.166675
-0.267149	0.160366
-0.277051	0.165061
-0.304121	0.167154
-0.293819	0.134002
-0.314295	0.153209
-0.301094	0.161595
-0.294972	0.166466
-0.294192	0.13509
-0.298116	0.136117
-0.299883	0.144408
-0.301521	0.138842
-0.299191	0.128081
-0.289219	0.135546
-0.308574	0.167604
-0.303212	0.176708
-0.253868	0.120262
-0.317045	0.114351
-0.299418	0.0976158
-0.314898	0.084457
-0.318729	0.0885193
-0.329323	0.0910345
-0.329966	0.100957
-0.315229	0.0755152
-0.322883	0.0862835
-0.321743	0.081823
-0.320363	0.0813211
-0.318116	0.0688209
-0.323383	0.100204
-0.315353	0.0687757
-0.303868	0.0609936
-0.310955	0.0612918
-0.315456	0.0714131
-0.31638	0.0772332
-0.333318	0.0471925
-0.338392	0.0706963
-0.357458	0.0829641
-0.329368	0.0758273
-0.328823	0.0761795
-0.336359	0.0888852
-0.326422	0.174116
-0.295885	0.160123
-0.28607	0.169351
-0.301635	0.163049
-0.293909	0.146011
-0.307649	0.146317
-0.325025	0.127881
-0.315276	0.12306
-0.316833	0.126621
-0.294932	0.0997101
-0.245861	0.100954
-0.252472	0.105537
-0.28065	0.1162
-0.291859	0.12504
-0.297941	0.149942
-0.272	0.134954
-0.268596	0.160736
-0.292213	0.170901
-0.269195	0.15183
-0.26665	0.144233
-0.287913	0.136652
-0.307649	0.119309
-0.292719	0.126206
-0.322752	0.117779
-0.333149	0.106531
-0.333243	0.128756
-0.319881	0.153199
-0.311347	0.177556
-0.291049	0.167629
-0.290007	0.177818
-0.277842	0.17425
-0.276527	0.167143
-0.271948	0.171513
-0.276037	0.178754
-0.27301	0.19084
-0.284828	0.162445
-0.29266	0.197595
-0.28164	0.190352
-0.286741	0.133713
-0.307299	0.119537
-0.283298	0.12385
-0.316386	0.104411
-0.337691	0.121297
-0.316597	0.10558
-0.280216	0.140365
-0.243447	0.110348
-0.27095	0.129121
-0.310361	0.13812
-0.30544	0.141209
-0.323002	0.157887
-0.300393	0.151237
-0.297794	0.125669
-0.278259	0.139714
-0.309076	0.124374
-0.311158	0.132695
-0.327632	0.129188
-0.312352	0.121902
-0.310936	0.122785
-0.3132	0.120016
-0.316697	0.119907
-0.302978	0.131901
-0.326269	0.137097
-0.313696	0.13126
-0.348419	0.126489
-0.32981	0.131043
-0.300409	0.1269
-0.270314	0.104252
-0.303109	0.143187
-0.280387	0.174672
-0.279857	0.162584
-0.296576	0.197985
-0.291347	0.18574
-0.276935	0.168992
-0.250899	0.185433
-0.24191	0.170571
-0.23436	0.200276
-0.243778	0.205822
-0.291205	0.262645
-0.296758	0.239725
-0.287356	0.227527
-0.270922	0.236938
-0.265308	0.23344
-0.242322	0.182305
-0.238359	0.23888
-0.243945	0.238992
-0.290662	0.187058
-0.301097	0.195958
-0.270215	0.158595
-0.270688	0.158491
-0.254485	0.154564
-0.293548	0.169124
-0.28902	0.173584
-0.28444	0.1706
-0.278218	0.158424
-0.281869	0.160376
-0.290093	0.161999
-0.30453	0.160236
-0.262922	0.138571
-0.280151	0.135512
-0.286782	0.138827
-0.278279	0.110507
-0.314637	0.123367
-0.29511	0.112896
-0.307629	0.104712
-0.308883	0.129421
-0.30318	0.174796
-0.310445	0.146984
-0.306418	0.134475
-0.292782	0.0961223
-0.301921	0.0992459
-0.296364	0.0898758
-0.298466	0.0836873
-0.298147	0.0839731
-0.333824	0.109149
-0.292366	0.128144
-0.26975	0.107175
-0.287003	0.0620827
-0.268986	0.0510982
-0.290511	0.0592973
-0.296185	0.0625752
-0.318607	0.0645025
-0.321856	0.0682835
-0.320262	0.0692259
-0.319768	0.0420647
-0.318164	0.0413371
-0.33067	0.0114353
-0.322106	0.0118805
-0.327571	0.0213693
-0.322421	0.0385149
-0.321355	0.038793
-0.307296	0.0310061
-0.313323	0.0499398
-0.301492	0.0952634
-0.300499	0.0989031
-0.312029	0.104049
-0.310846	0.104589
-0.295207	0.0658393
-0.308236	0.0713684
-0.361944	0.0883349
-0.34099	0.0893061
-0.301319	0.0626037
-0.34628	0.0682037
-0.313308	0.0731679
-0.314156	0.065914
-0.313949	0.072759
-0.302567	0.0774682
-0.31227	0.0835729
-0.31834	0.0522492
-0.310421	0.0631832
-0.320281	0.0539792
-0.324506	0.0500144
-0.36664	0.0466268
-0.328304	0.031074
-0.331994	0.0320661
-0.332004	0.0492954
-0.350163	0.0113828
-0.32052	0.00634335
-0.324383	0.00758428
-0.327786	0.0107182
-0.32715	0.00796284
-0.359961	-0.00867268
-0.310524	-0.0122146
-0.322255	-0.0479205
-0.329339	-0.0529729
-0.327019	-0.0706427
-0.298253	-0.0757589
-0.301782	-0.0481022
-0.317402	-0.0428623
-0.301411	0.00621278
-0.316901	-0.0257475
-0.334967	-0.0376476
-0.303929	-0.0371613
-0.329486	-0.0283513
-0.338856	-0.0446574
-0.371184	-0.0286677
-0.35505	-0.0437155
-0.345966	-0.0503356
-0.308697	-0.0709311
-0.319097	-0.0708469
-0.339794	-0.131309
-0.341249	-0.115247
-0.273796	-0.138097
-0.292412	-0.133821
-0.268909	-0.141719
-0.279206	-0.147065
-0.284818	-0.149239
-0.28544	-0.161757
-0.263822	-0.177556
-0.275024	-0.175204
-0.276754	-0.176064
-0.257622	-0.191433
-0.25987	-0.19391
-0.260565	-0.194875
-0.258309	-0.205925
-0.270958	-0.199192
-0.279579	-0.213112
-0.29243	-0.205832
-0.309391	-0.197046
-0.244199	-0.175407
-0.266731	-0.20186
-0.271643	-0.228729
-0.271226	-0.201275
-0.250473	-0.181624
-0.244707	-0.202824
-0.195847	-0.222072
-0.23159	-0.235452
-0.232368	-0.22984
-0.211837	-0.21159
-0.183678	-0.215016
-0.198273	-0.229436
-0.238822	-0.227336
-0.231212	-0.213709
-0.236663	-0.235603
-0.199759	-0.257739
-0.178382	-0.250933
-0.180601	-0.262547
-0.138056	-0.276078
-0.124832	-0.270278
-0.134157	-0.251208
-0.143782	-0.269282
-0.144839	-0.271729
-0.11632	-0.298211
-0.0893121	-0.296894
-0.0852822	-0.28753
-0.0824121	-0.292054
-0.0509095	-0.293405
-0.0654749	-0.293689
-0.0703098	-0.319162
-0.0178664	-0.324877
-0.0268575	-0.302348
-0.0199524	-0.339472
-0.0353769	-0.33853
-0.00960266	-0.322403
-0.0200673	-0.331666
-0.0203243	-0.33394
-0.0314415	-0.299254
-0.0344321	-0.279838
-0.0599686	-0.312024
-0.0648643	-0.330714
-0.0651172	-0.309786
-0.0413385	-0.340451
-0.0254295	-0.371265
-0.0212904	-0.350176
-0.0244688	-0.338655
-0.0211084	-0.334202
0.00666284	-0.329357
0.00664043	-0.327904
-0.0114703	-0.345308
-0.0146512	-0.331016
-0.00720033	-0.304463
-0.0353445	-0.35379
-0.0198014	-0.317154
-0.00640393	-0.316031
-0.00135947	-0.324379
0.0258613	-0.294826
0.00534715	-0.277444
0.0160818	-0.299148
0.0327306	-0.323662
0.0343202	-0.32415
0.0383787	-0.329034
0.0390362	-0.332101
0.0250877	-0.335713
-0.0157588	-0.328888
0.00792133	-0.320093
0.00909211	-0.321195
0.0132374	-0.31865
0.0139032	-0.310074
0.0095816	-0.336594
-0.00121077	-0.367021
-0.00350521	-0.337546
-0.0385669	-0.31043
-0.045254	-0.317518
-0.0484303	-0.340853
-0.0466945	-0.331511
-0.0436737	-0.348738
-0.0404703	-0.337814
-0.0408037	-0.34909
-0.0270544	-0.323978
-0.0271847	-0.327163
-0.00431861	-0.340475
-0.0529244	-0.35998
-0.0576516	-0.33712
-0.0477207	-0.337865
-0.0674705	-0.318271
-0.0636546	-0.318932
-0.0621452	-0.320856
-0.0540428	-0.317557
-0.0793569	-0.314174
-0.0783237	-0.319343
-0.105061	-0.324656
-0.121068	-0.321385
-0.0955952	-0.329113
-0.0311482	-0.327834
-0.0294614	-0.328613
-0.0300092	-0.326585
-0.0291892	-0.322601
-0.0232454	-0.325977
-0.0233606	-0.325475
-0.0303411	-0.308362
-0.06888	-0.307834
-0.0796726	-0.317032
-0.0857374	-0.317376
-0.0868015	-0.316361
-0.0659444	-0.358172
-0.0398987	-0.380113
-0.093432	-0.332239
-0.0977436	-0.308844
-0.0718746	-0.299197
-0.0934224	-0.316499
-0.127898	-0.324079
-0.120413	-0.319213
-0.123748	-0.352323
-0.159755	-0.300627
-0.155999	-0.286786
-0.172389	-0.320562
-0.184587	-0.286066
-0.183879	-0.280745
-0.197712	-0.28886
-0.189431	-0.27857
-0.221614	-0.294875
-0.220871	-0.283478
-0.216022	-0.288178
-0.212817	-0.289289
-0.153704	-0.275101
-0.149058	-0.271488
-0.141233	-0.273111
-0.15808	-0.282485
-0.163828	-0.279618
-0.177638	-0.31028
-0.198637	-0.261879
-0.205723	-0.236822
-0.211628	-0.239414
-0.194303	-0.252438
-0.197797	-0.254065
-0.192875	-0.256964
-0.193555	-0.259289
-0.176268	-0.259106
-0.162485	-0.276456
-0.151941	-0.259481
-0.141418	-0.273246
-0.150296	-0.276694
-0.151721	-0.283959
-0.156971	-0.301616
-0.154562	-0.297559
-0.15065	-0.296005
-0.149823	-0.292689
-0.148815	-0.286684
-0.140461	-0.28101
-0.138835	-0.3082
-0.148829	-0.281041
-0.163474	-0.284589
-0.190618	-0.300392
-0.178705	-0.307709
-0.16601	-0.30288
-0.177486	-0.285773
-0.158256	-0.294223
-0.141728	-0.294121
-0.12668	-0.314379
-0.110706	-0.334188
-0.121906	-0.298258
-0.130866	-0.298618
-0.122056	-0.28389
-0.101641	-0.287304
-0.10555	-0.299601
-0.115757	-0.314696
-0.115478	-0.310903
-0.114658	-0.308691
-0.114839	-0.300819
-0.111374	-0.300655
-0.0590871	-0.304232
-0.0300825	-0.318341
-0.0396045	-0.317452
-0.0605405	-0.333199
-0.0806949	-0.326901
-0.0685211	-0.287814
-0.0768275	-0.296836
-0.119789	-0.280862
-0.116448	-0.293883
-0.124803	-0.301439
-0.139868	-0.302592
-0.100579	-0.320767
-0.115387	-0.321085
-0.102294	-0.305875
-0.100799	-0.31176
-0.128777	-0.324357
-0.132112	-0.315489
-0.108332	-0.298506
-0.107266	-0.338865
-0.102084	-0.305647
-0.113675	-0.311852
-0.125348	-0.300446
-0.134758	-0.300327
-0.113935	-0.316617
-0.144271	-0.315977
-0.152097	-0.313632
-0.192881	-0.285182
-0.193269	-0.26999
-0.195316	-0.262317
-0.19251	-0.262835
-0.201482	-0.279788
-0.198727	-0.279999
-0.193926	-0.277098
-0.171149	-0.255367
-0.17204	-0.252281
-0.196337	-0.260098
-0.195613	-0.256698
-0.200816	-0.262285
-0.2072	-0.255144
-0.203913	-0.295392
-0.179077	-0.323742
-0.140571	-0.260427
-0.194658	-0.287915
-0.168441	-0.259846
-0.192383	-0.287648
-0.17972	-0.266339
-0.172648	-0.236366
-0.1845	-0.250272
-0.185118	-0.254652
-0.226217	-0.262239
-0.240989	-0.244398
-0.237179	-0.206581
-0.236934	-0.218282
-0.241443	-0.217546
-0.254485	-0.184072
-0.224671	-0.191832
-0.229827	-0.183534
-0.243572	-0.227216
-0.236179	-0.232848
-0.225066	-0.237595
-0.284925	-0.234347
-0.277388	-0.218826
-0.239469	-0.202965
-0.240587	-0.225229
-0.245707	-0.243351
-0.224523	-0.257859
-0.205233	-0.25219
-0.200028	-0.244028
-0.195551	-0.27096
-0.206583	-0.252141
-0.207596	-0.253477
-0.192997	-0.271285
-0.195592	-0.272604
-0.192176	-0.261879
-0.22678	-0.278994
-0.221122	-0.26215
-0.253123	-0.269068
-0.217691	-0.220389
-0.223697	-0.22626
-0.258617	-0.226131
-0.247011	-0.21284
-0.256059	-0.222863
-0.255347	-0.244697
-0.26281	-0.222543
-0.244433	-0.24093
-0.242027	-0.228093
-0.250194	-0.243259
-0.2479	-0.232938
-0.284181	-0.225373
-0.251165	-0.21316
-0.221635	-0.1927
-0.258294	-0.227476
-0.270369	-0.237736
-0.262816	-0.228692
-0.21635	-0.214757
-0.221114	-0.223919
-0.248648	-0.21824
-0.257999	-0.220805
-0.270394	-0.212473
-0.250741	-0.183646
-0.256963	-0.181405
-0.223815	-0.197693
-0.233527	-0.208552
-0.226076	-0.215779
-0.232939	-0.240167
-0.23002	-0.246261
-0.240414	-0.232752
-0.238791	-0.23043
-0.239287	-0.234697
-0.236278	-0.23193
-0.218473	-0.207363
-0.22413	-0.200454
-0.227655	-0.230721
-0.229725	-0.230537
-0.232994	-0.237596
-0.211268	-0.22682
-0.228903	-0.225367
-0.230813	-0.218055
-0.234223	-0.22133
-0.229903	-0.222795
-0.237661	-0.229162
-0.234941	-0.228588
-0.241502	-0.238093
-0.242664	-0.242141
-0.224787	-0.254362
-0.205656	-0.231219
-0.235787	-0.238372
-0.233347	-0.243971
-0.212099	-0.234834
-0.20232	-0.231967
-0.210658	-0.242789
-0.252935	-0.263565
-0.268559	-0.245542
-0.252074	-0.219415
-0.230969	-0.250582
-0.226274	-0.280329
-0.16469	-0.290047
-0.141415	-0.284906
-0.135076	-0.296957
-0.160769	-0.330621
-0.15575	-0.31397
-0.14329	-0.296043
-0.172915	-0.286167
-0.175384	-0.263086
-0.163976	-0.24272
-0.176354	-0.256724
-0.178797	-0.256852
-0.180924	-0.261792
-0.186142	-0.266433
-0.18044	-0.259246
-0.156718	-0.28138
-0.171565	-0.289426
-0.166539	-0.289917
-0.113819	-0.265842
-0.0922696	-0.25408
-0.108114	-0.279219
-0.119317	-0.287488
-0.097471	-0.31196
-0.0722655	-0.344031
-0.0729976	-0.349089
-0.0726961	-0.343462
-0.116746	-0.321787
-0.150847	-0.285758
-0.149457	-0.284296
-0.13528	-0.283944
-0.14187	-0.28369
-0.175757	-0.301599
-0.172947	-0.298236
-0.161891	-0.288935
-0.161883	-0.293761
-0.144589	-0.31571
-0.142809	-0.312852
-0.140507	-0.291271
-0.147144	-0.293651
-0.127967	-0.285648
-0.130688	-0.29204
-0.128375	-0.291854
-0.126072	-0.291697
-0.130544	-0.285379
-0.140625	-0.285892
-0.148761	-0.278171
-0.185238	-0.295918
-0.128641	-0.303757
-0.109685	-0.298062
-0.122123	-0.298136
-0.131971	-0.288409
-0.131816	-0.288595
-0.129322	-0.293529
-0.126643	-0.293173
-0.131929	-0.299332
-0.132542	-0.299379
-0.130424	-0.300073
-0.119917	-0.29795
-0.104634	-0.325633
-0.0967502	-0.373588
-0.117671	-0.348464
-0.13388	-0.307194
-0.149011	-0.317889
-0.136284	-0.296515
-0.15543	-0.309097
-0.150538	-0.30173
-0.162385	-0.304291
-0.123954	-0.322875
-0.123115	-0.311109
-0.129882	-0.30654
-0.124123	-0.314367
-0.100879	-0.280611
-0.109762	-0.288765
-0.133734	-0.312593
-0.125982	-0.314501
-0.126909	-0.321357
-0.125853	-0.300871
-0.107163	-0.313361
-0.12898	-0.304591
-0.11964	-0.312817
-0.169898	-0.321536
-0.145946	-0.300756
-0.139978	-0.289631
-0.152547	-0.321277
-0.118185	-0.297898
-0.119602	-0.30088
-0.117661	-0.299312
-0.0972401	-0.304821
-0.08151	-0.288957
-0.114743	-0.323657
-0.0987638	-0.316945
-0.0786567	-0.317586
-0.0480312	-0.311883
-0.0486652	-0.330302
-0.0491038	-0.326663
-0.0501606	-0.325144
-0.096977	-0.297495
-0.0885364	-0.298157
-0.090108	-0.306487
-0.0886196	-0.328973
-0.0650322	-0.326298
-0.100255	-0.35088
-0.0842258	-0.358703
-0.0719603	-0.337047
-0.0454224	-0.338196
-0.0140876	-0.355055
-0.0146279	-0.343906
-0.00883997	-0.344614
-0.00552341	-0.342021
-0.0454675	-0.315135
-0.0440473	-0.333369
-0.0137842	-0.331703
-0.0569289	-0.324567
-0.0586278	-0.336086
-0.0991592	-0.315731
-0.080984	-0.295799
-0.0993689	-0.319922
-0.0677302	-0.312519
-0.108795	-0.332128
-0.0755042	-0.300722
-0.0677023	-0.313608
-0.0639051	-0.322636
-0.051892	-0.293825
-0.0543606	-0.310315
-0.0661169	-0.300069
-0.0591209	-0.328007
-0.0577219	-0.322992
-0.061138	-0.310945
-0.0813028	-0.325978
-0.0812858	-0.325312
-0.0760275	-0.318425
-0.0768308	-0.316483
-0.106501	-0.345922
-0.0705595	-0.339949
-0.0692356	-0.330704
-0.0541464	-0.279341
-0.0677477	-0.304638
-0.0655078	-0.316358
-0.0739551	-0.319643
-0.0743068	-0.298094
-0.0702814	-0.327689
-0.0786066	-0.344284
-0.0762484	-0.330782
-0.0799676	-0.311053
-0.0517624	-0.335721
-0.0409145	-0.316727
-0.066022	-0.348418
-0.0291655	-0.290671
-0.0308289	-0.308086
-0.0281265	-0.267878
-0.0294062	-0.292961
-0.039327	-0.310317
-0.0362992	-0.306788
-0.0442324	-0.319825
0.0109557	-0.328254
0.0542657	-0.341093
0.0477174	-0.336817
0.0556745	-0.323039
0.0510781	-0.319144
0.0483337	-0.320296
0.0264187	-0.324363
0.0547011	-0.34629
0.0378796	-0.340155
0.0138968	-0.283128
-0.0182586	-0.344817
0.0328083	-0.316647
0.00785904	-0.313873
0.0124429	-0.322678
0.0185908	-0.358778
0.00614835	-0.326731
0.0157282	-0.313709
0.0134901	-0.322862
-0.0173752	-0.304001
-0.0154623	-0.317954
-0.00837206	-0.330855
-0.0245401	-0.326605
-0.0252712	-0.329888
-0.0286001	-0.322273
-0.0344907	-0.333798
-0.034551	-0.324409
-0.0266522	-0.292408
-0.0165242	-0.323629
0.00717328	-0.351661
0.0144052	-0.320808
0.0256962	-0.329635
0.0263792	-0.330925
0.0270245	-0.331301
0.0301016	-0.326032
0.00987355	-0.298949
0.0125908	-0.331938
0.0173074	-0.329065
0.0192391	-0.346747
0.0225093	-0.339636
0.0104587	-0.319563
0.00687327	-0.305679
0.00549887	-0.276019
0.00790981	-0.306931
-0.0228287	-0.320741
-0.0801443	-0.282386
-0.0844996	-0.343344
-0.0809157	-0.292341
-0.0598734	-0.299662
-0.0598785	-0.309555
-0.0715024	-0.351535
-0.0655657	-0.334439
-0.00666726	-0.288882
-0.0076022	-0.30808
-0.0492768	-0.360542
-0.0309335	-0.3472
-0.0278176	-0.331025
-0.0377859	-0.324605
-0.0608658	-0.302371
-0.0866603	-0.316183
-0.0625998	-0.328966
-0.0552488	-0.294732
-0.0377153	-0.315218
-0.0475813	-0.323331
-0.0318645	-0.356694
-0.0458654	-0.338536
-0.0511061	-0.362492
-0.0572569	-0.329642
-0.0853901	-0.344172
-0.0901519	-0.291994
-0.0928958	-0.369089
-0.084811	-0.332953
-0.0765852	-0.324629
-0.0696049	-0.27223
-0.0786507	-0.260458
-0.0913556	-0.327657
-0.0636591	-0.317103
-0.056671	-0.307665
-0.06105	-0.307254
-0.0731788	-0.329516
-0.0795145	-0.309591
-0.0906177	-0.336581
-0.066122	-0.342761
-0.0649919	-0.322521
-0.0677087	-0.314739
-0.0832858	-0.342289
-0.0926974	-0.316389
-0.0929867	-0.316439
-0.0916189	-0.311029
-0.0870894	-0.334426
-0.0821119	-0.299919
-0.0861928	-0.306526
-0.104365	-0.324095
-0.0784118	-0.337173
-0.0764646	-0.328367
-0.0826561	-0.324716
-0.0924342	-0.29096
-0.091089	-0.348481
-0.0872609	-0.333071
-0.0912172	-0.282586
-0.0972476	-0.300347
-0.0944247	-0.306272
-0.0829602	-0.30982
-0.0855814	-0.307569
-0.0704202	-0.325333
-0.0688563	-0.322835
-0.0590365	-0.315415
-0.0523039	-0.334126
-0.0640925	-0.336347
-0.054472	-0.369453
-0.056197	-0.405413
-0.0709239	-0.35603
-0.0810328	-0.334143
-0.0786305	-0.326253
-0.0734528	-0.333101
-0.0884645	-0.336328
-0.0912141	-0.351503
-0.0811001	-0.312633
-0.0656003	-0.332105
-0.064431	-0.326466
-0.0449936	-0.339454
-0.0306	-0.298999
-0.0337986	-0.286811
-0.0362242	-0.303529
-0.0585537	-0.365161
-0.0632614	-0.343662
-0.0552111	-0.333431
-0.0744242	-0.327926
-0.0746899	-0.327169
-0.0598752	-0.328933
-0.0704345	-0.317055
-0.0577093	-0.242004
-0.0740903	-0.289845
-0.0829734	-0.269054
-0.1173	-0.292588
-0.111459	-0.31593
-0.102921	-0.31436
-0.0981126	-0.318199
-0.0996941	-0.340773
-0.115282	-0.325899
-0.129648	-0.284653
-0.114582	-0.287056
-0.0694347	-0.323421
-0.0660378	-0.314369
-0.0754415	-0.345603
-0.0703149	-0.359203
-0.122209	-0.300915
-0.123856	-0.29215
-0.0885899	-0.286931
-0.0853812	-0.297992
-0.0994967	-0.242024
-0.0858093	-0.231152
-0.0807264	-0.277321
-0.0925463	-0.296542
-0.0788571	-0.348691
-0.0750561	-0.32432
-0.069755	-0.331154
-0.0693585	-0.315986
-0.0403523	-0.364327
-0.0470555	-0.333112
-0.075835	-0.329267
-0.0405767	-0.346954
-0.0381321	-0.329354
-0.048373	-0.33943
-0.0316409	-0.331252
-0.037928	-0.332348
-0.0490513	-0.339123
-0.0354518	-0.36189
-0.0326899	-0.337848
-0.031759	-0.33162
-0.019752	-0.332058
-2.74721e-05	-0.341623
-2.42971e-05	-0.334106
0.0387645	-0.296581
0.0189882	-0.31028
0.0195304	-0.318603
0.0190568	-0.316756
0.0160648	-0.323562
-0.00174073	-0.318788
-0.00322451	-0.322535
-0.0167692	-0.320868
-0.0166756	-0.325228
-0.0318184	-0.333605
-0.0188248	-0.311924
-0.015558	-0.32055
-0.0160901	-0.323112
-0.0242733	-0.329385
-0.0239037	-0.346138
-0.0230421	-0.336091
-0.0209822	-0.325903
-0.0436281	-0.377475
-0.0807341	-0.418941
-0.069426	-0.371677
-0.0645886	-0.36092
-0.0500398	-0.344544
-0.0471618	-0.322119
-0.0438112	-0.320045
-0.0438186	-0.322393
-0.088344	-0.299124
-0.0955593	-0.334203
-0.088562	-0.3225
-0.100651	-0.312288
-0.0943089	-0.355483
-0.0767875	-0.331724
-0.0730469	-0.324593
-0.0711455	-0.304869
-0.0936062	-0.327684
-0.0938188	-0.319796
-0.0927462	-0.31317
-0.0594605	-0.350493
-0.0579831	-0.358157
-0.054334	-0.353707
-0.0484283	-0.339416
-0.0529069	-0.292556
-0.0489308	-0.296139
-0.0470843	-0.310889
-0.0523007	-0.321916
-0.0528691	-0.316794
-0.0599886	-0.295991
-0.0776025	-0.277725
-0.0522161	-0.285104
-0.0610108	-0.29087
-0.0587674	-0.298349
-0.0531096	-0.311544
-0.0187137	-0.321915
-0.026119	-0.250948
-0.0100006	-0.254095
-0.00484464	-0.284824
-0.00554816	-0.275191
0.0626912	-0.279662
0.0947568	-0.309026
0.0797038	-0.312531
0.0881124	-0.306588
0.106605	-0.306151
0.102129	-0.307187
0.102402	-0.304247
0.0723818	-0.314389
0.0918355	-0.341415
0.0914153	-0.360253
0.0587497	-0.326586
0.0543635	-0.328342
0.0673214	-0.333081
0.0593433	-0.323846
0.0912777	-0.340272
0.123308	-0.308093
0.133425	-0.321363
0.13755	-0.31907
0.163095	-0.315898
0.171159	-0.296967
0.137088	-0.313382
0.136188	-0.311241
0.126235	-0.299142
0.0890434	-0.37383
0.0449379	-0.320901
0.0475433	-0.3312
0.0827632	-0.297118
0.0719327	-0.338627
0.0705041	-0.328627
0.0624971	-0.30332
0.0134669	-0.312596
0.00141719	-0.327914
-0.000882527	-0.329357
0.0276454	-0.365779
0.026304	-0.346816
-0.030134	-0.366081
-0.0289437	-0.341778
-0.048027	-0.348564
-0.0956975	-0.311723
-0.0669927	-0.319072
-0.0824856	-0.304861
-0.0816846	-0.311412
-0.088434	-0.350954
-0.074702	-0.348611
-0.0702315	-0.3345
-0.0615867	-0.334016
-0.0714108	-0.362487
-0.0579113	-0.351303
-0.0537737	-0.345405
-0.0527468	-0.335386
-0.0519622	-0.329167
-0.0640662	-0.322501
-0.0994449	-0.338486
-0.126809	-0.367662
-0.106849	-0.344772
-0.0919223	-0.31949
-0.123127	-0.29575
-0.132172	-0.27904
-0.132442	-0.294483
-0.132713	-0.286949
-0.132235	-0.335191
-0.133924	-0.318871
-0.102248	-0.299446
-0.112084	-0.35296
-0.0945875	-0.34847
-0.0832775	-0.281981
-0.0712716	-0.284908
-0.0730155	-0.309538
-0.101337	-0.307596
-0.088252	-0.305389
-0.0795143	-0.319836
-0.0739342	-0.32163
-0.0387685	-0.297164
-0.0435453	-0.3038
-0.0413417	-0.32628
-0.0448859	-0.32019
-0.038603	-0.344774
-0.0268014	-0.334273
-0.0363704	-0.347438
