0	0
0	0
0	0
0	0
0	0
0	0
0	0
0	0
0	0
0	0
0	0
0	0
0	0
0	0
0	0
0	0
0	0
0	0
0	0
0	0
0	0
0	0
0	0
0	0
0	0
0	0
0	0
0	0
0	0
0	0
0.0129607	-0.00173021
0.0271989	-0.00329052
0.0417311	-0.00479008
0.056741	-0.00568491
0.0724963	-0.00650124
0.087599	-0.00664169
0.10248	-0.00655415
0.115397	-0.00577342
0.128556	-0.00558255
0.142798	-0.00461913
0.157704	-0.00278433
0.172668	-0.000569365
0.190593	0.00228517
0.207973	0.00597467
0.223951	0.0100233
0.238772	0.0145612
0.253636	0.0200205
0.268254	0.0267687
0.28451	0.0349088
0.302337	0.0403934
0.319862	0.045018
0.337131	0.0478115
0.353944	0.0520326
0.372005	0.0583813
0.390041	0.0633208
0.40558	0.0693057
0.42148	0.0740198
0.434776	0.0770695
0.451998	0.0813376
0.469743	0.086882
0.483383	0.0928586
0.497988	0.0988401
0.511331	0.105749
0.525474	0.112778
0.539082	0.120052
0.555247	0.126053
0.573041	0.130929
0.588818	0.135474
0.604558	0.139801
0.62	0.144376
0.635642	0.147704
0.651483	0.152134
0.667302	0.155714
0.683036	0.160053
0.698561	0.164992
0.714547	0.169151
0.729727	0.173287
0.744058	0.178247
0.756177	0.183096
0.769307	0.19075
0.782837	0.197947
0.797924	0.204779
0.811332	0.210077
0.826517	0.2145
0.840405	0.21854
0.854584	0.222883
0.87021	0.227721
0.884319	0.232308
0.8988	0.236744
0.91371	0.241023
0.928163	0.245711
0.943102	0.250488
0.960248	0.256273
0.975498	0.261744
0.992569	0.266551
1.00864	0.271417
1.02272	0.276063
1.03809	0.28072
1.05318	0.286029
1.06836	0.290835
