#1 AntVel X	#2 AntVel Y	#3 Speed	#4 Turning Angle Rad		#5 Turning Angle Deg	#6 Detected Phero Left	#7 Detected Phero Right	
-0.0226155	0.0690822	0.0726898	0	0	0	0
-0.0226155	0.0690822	0.0726898	0	0	0	0
-0.0226155	0.0690822	0.0726898	0	0	0	0
-0.0226155	0.0690822	0.0726898	0	0	0	0
-0.0226155	0.0690822	0.0726898	0	0	0	0
-0.0226155	0.0690822	0.0726898	0	0	0	0
-0.0226155	0.0690822	0.0726898	0	0	0	0
-0.0226155	0.0690822	0.0726898	0	0	0	0
-0.0226155	0.0690822	0.0726898	0	0	0	0
-0.0226155	0.0690822	0.0726898	0	0	0	0
-0.0226155	0.0690822	0.0726898	0	0	0	0
-0.0226155	0.0690822	0.0726898	0	0	0	0
-0.0226155	0.0690822	0.0726898	0	0	0	0
-0.0226155	0.0690822	0.0726898	0	0	0	0
-0.0226155	0.0690822	0.0726898	0	0	0	0
-0.0226155	0.0690822	0.0726898	0	0	0	0
-0.0226155	0.0690822	0.0726898	0	0	0	0
-0.0226155	0.0690822	0.0726898	0	0	0	0
-0.0226155	0.0690822	0.0726898	0	0	0	0
-0.0226155	0.0690822	0.0726898	0	0	0	0
-0.0226155	0.0690822	0.0726898	0	0	0	0
-0.0226155	0.0690822	0.0726898	0	0	0	0
-0.0226155	0.0690822	0.0726898	0	0	0	0
-0.0226155	0.0690822	0.0726898	0	0	0	0
-0.0226155	0.0690822	0.0726898	0	0	0	0
-0.0226155	0.0690822	0.0726898	0	0	0	0
-0.0226155	0.0690822	0.0726898	0	0	0	0
-0.0226155	0.0690822	0.0726898	0	0	0	0
-0.0226155	0.0690822	0.0726898	0	0	0	0
-0.0226155	0.0690822	0.0726898	0	0	0	0
-0.0226155	0.0690822	0.0726898	0	0	0	0
-0.0226155	0.0690822	0.0726898	0	0	0	0
-0.0226155	0.0690822	0.0726898	0	0	0	0
-0.0226155	0.0690822	0.0726898	0	0	0	0
-0.0226155	0.0690822	0.0726898	0	0	0	0
-0.0226155	0.0690822	0.0726898	0	0	0	0
-0.0226155	0.0690822	0.0726898	0	0	0	0
-0.0226155	0.0690822	0.0726898	0	0	0	0
-0.0226155	0.0690822	0.0726898	0	0	0	0
-0.0226155	0.0690822	0.0726898	0	0	0	0
-0.0226155	0.0690822	0.0726898	0	0	0	0
-0.0226155	0.0690822	0.0726898	0	0	0	0
-0.0226155	0.0690822	0.0726898	0	0	0	0
-0.0226155	0.0690822	0.0726898	0	0	0	0
-0.0226155	0.0690822	0.0726898	0	0	0	0
-0.0226155	0.0690822	0.0726898	0	0	0	0
-0.0226155	0.0690822	0.0726898	0	0	0	0
-0.0226155	0.0690822	0.0726898	0	0	0	0
-0.0226155	0.0690822	0.0726898	0	0	0	0
-0.0226155	0.0690822	0.0726898	0	0	0	0
-0.0226155	0.0690822	0.0726898	0	0	0	0
-0.0226155	0.0690822	0.0726898	0	0	0	0
-0.0226155	0.0690822	0.0726898	0	0	0	0
-0.0226155	0.0690822	0.0726898	0	0	0	0
-0.0226155	0.0690822	0.0726898	0	0	0	0
-0.0226155	0.0690822	0.0726898	0	0	0	0
-0.0226155	0.0690822	0.0726898	0	0	0	0
-0.0226155	0.0690822	0.0726898	0	0	0	0
-0.0226155	0.0690822	0.0726898	0	0	0	0
-0.0226155	0.0690822	0.0726898	0	0	0	0
-0.0226155	0.0690822	0.0726898	0	0	0	0
-0.0226155	0.0690822	0.0726898	0	0	0	0
-0.0226155	0.0690822	0.0726898	0	0	0	0
-0.0226155	0.0690822	0.0726898	0	0	0	0
-0.0226155	0.0690822	0.0726898	0	0	0	0
-0.0226155	0.0690822	0.0726898	0	0	0	0
-0.0226155	0.0690822	0.0726898	0	0	0	0
-0.0226155	0.0690822	0.0726898	0	0	0	0
-0.0226155	0.0690822	0.0726898	0	0	0	0
-0.0226155	0.0690822	0.0726898	0	0	0	0
-0.0226155	0.0690822	0.0726898	0	0	0	0
-0.0226155	0.0690822	0.0726898	0	0	0	0
-0.114085	0.31756	0.337431	-0.0285221	-1.6342	0.0001	0.0001
-0.15591	0.439748	0.466568	0.00417951	0.239468	0.0001	0.0001
-0.183853	0.486591	0.520166	-0.0205407	-1.17689	0.0001	0.0001
-0.180469	0.500399	0.531948	0.0151262	0.86667	0.0001	0.0001
-0.210162	0.508685	0.55039	-0.0456572	-2.61596	0.0001	0.0001
-0.208402	0.526661	0.566395	0.0149907	0.858901	0.0001	0.0001
-0.212903	0.510178	0.552819	-0.0185421	-1.06238	0.0001	0.0001
-0.215259	0.511867	0.555287	-0.00274427	-0.157235	0.0001	0.0001
-0.189088	0.507584	0.54166	0.0414853	2.37693	0.0001	0.0001
-0.192133	0.523709	0.557841	0.00497577	0.28509	0.0001	0.0001
-0.181835	0.524425	0.555054	0.0178631	1.02348	0.0001	0.0001
-0.181966	0.523392	0.554121	-0.000834546	-0.047816	0.0001	0.0001
-0.193454	0.52314	0.557763	-0.0196043	-1.12324	0.0001	0.0001
-0.19839	0.526178	0.562336	-0.00635862	-0.364322	0.0001	0.0001
-0.188375	0.538582	0.570575	0.0240963	1.38062	0.0001	0.0001
-0.192729	0.532032	0.565865	-0.0110855	-0.635153	0.0001	0.0001
-0.19891	0.529468	0.565599	-0.0118193	-0.677194	0.0001	0.0001
-0.189886	0.53119	0.564109	0.0160505	0.919625	0.0001	0.0001
-0.172191	0.533959	0.561036	0.0313654	1.7971	0.0001	0.0001
-0.176099	0.557135	0.584303	0.00580788	0.332767	0.0001	0.0001
-0.167959	0.536257	0.561945	0.00261437	0.149792	0.0001	0.0001
-0.155544	0.551057	0.572588	0.0284203	1.62836	0.0001	0.0001
-0.156758	0.549287	0.571217	-0.00288736	-0.165434	0.0001	0.0001
-0.157249	0.591135	0.611693	0.018005	1.03161	0.0001	0.0001
-0.152923	0.572928	0.592985	-0.00084377	-0.0483445	0.0001	0.0001
-0.155408	0.552315	0.573763	-0.0134496	-0.770603	0.0001	0.0001
-0.168255	0.544737	0.57013	-0.0252933	-1.4492	0.0001	0.0001
-0.17594	0.54783	0.575389	-0.0111758	-0.640325	0.0001	0.0001
-0.176024	0.540504	0.568444	-0.00408154	-0.233855	0.0001	0.0001
-0.173662	0.540832	0.56803	0.00413322	0.236816	0.0001	0.0001
-0.173385	0.539761	0.566925	-0.000113384	-0.00649643	0.0001	0.0001
-0.179406	0.54298	0.571852	-0.00830321	-0.475739	0.0001	0.0001
-0.189767	0.525047	0.558289	-0.0277026	-1.58724	0.0001	0.0001
-0.189124	0.529443	0.562208	0.00373377	0.213929	0.0001	0.0001
-0.17906	0.529674	0.559122	0.0170907	0.979227	0.0001	0.0001
-0.182261	0.531123	0.561525	-0.00457429	-0.262087	0.0001	0.0001
-0.178973	0.533115	0.562355	0.0066804	0.382759	0.0001	0.0001
-0.184542	0.540541	0.571175	-0.00510574	-0.292537	0.0001	0.0001
-0.198678	0.528641	0.564743	-0.0305014	-1.7476	0.0001	0.0001
-0.204501	0.53323	0.571099	-0.00671781	-0.384902	0.0001	0.0001
-0.207048	0.536951	0.575487	-0.00181643	-0.104074	0.0001	0.0001
-0.19136	0.528634	0.562203	0.0207146	1.18686	0.0001	0.0001
-0.190337	0.524945	0.558386	-0.000526169	-0.0301473	0.0001	0.0001
-0.18947	0.528358	0.561303	0.00352474	0.201952	0.0001	0.0001
-0.188182	0.531425	0.56376	0.0039887	0.228536	0.0001	0.0001
-0.189707	0.529291	0.562262	-0.00382393	-0.219095	0.0001	0.0001
-0.190756	0.533663	0.566731	0.000860563	0.0493067	0.0001	0.0001
-0.174624	0.524146	0.55247	0.0216992	1.24327	0.0001	0.0001
-0.149553	0.530243	0.55093	0.046688	2.67503	0.0001	0.0001
-0.166735	0.532902	0.558377	-0.0283263	-1.62298	0.0001	0.0001
-0.17449	0.529332	0.55735	-0.0151932	-0.870504	0.0001	0.0001
-0.175909	0.52678	0.555375	-0.00386478	-0.221435	0.0001	0.0001
-0.175735	0.529913	0.558293	0.00207323	0.118787	0.0001	0.0001
-0.177644	0.526621	0.555776	-0.00512543	-0.293665	0.0001	0.0001
-0.179967	0.531842	0.561466	-0.000947804	-0.0543052	0.0001	0.0001
-0.179867	0.533326	0.56284	0.00101365	0.0580776	0.0001	0.0001
-0.191929	0.53656	0.569854	-0.0182444	-1.04533	0.0001	0.0001
-0.189558	0.518597	0.552155	-0.00691427	-0.396159	0.0001	0.0001
-0.193782	0.527034	0.56153	-0.00190759	-0.109297	0.0001	0.0001
-0.224199	0.516567	0.563123	-0.0571409	-3.27393	0.0001	0.0001
-0.223662	0.519726	0.565809	0.00309216	0.177168	0.0001	0.0001
-0.223583	0.518028	0.564218	-0.00105967	-0.0607147	0.0001	0.0001
-0.216774	0.515877	0.559571	0.00964914	0.552855	0.0001	0.0001
-0.218765	0.52239	0.566347	0.00121346	0.0695264	0.0001	0.0001
-0.222702	0.509215	0.555784	-0.0156912	-0.899037	0.0001	0.0001
-0.231683	0.524068	0.572996	-0.00397452	-0.227723	0.0001	0.0001
-0.237333	0.519144	0.570822	-0.0125404	-0.718511	0.0001	0.0001
-0.244824	0.518443	0.573342	-0.0123915	-0.709982	0.0001	0.0001
-0.27075	0.505328	0.57329	-0.0506831	-2.90393	0.0001	0.0001
-0.270661	0.500112	0.568656	-0.00419434	-0.240318	0.0001	0.0001
-0.279424	0.500092	0.572861	-0.0134695	-0.771744	0.0001	0.0001
-0.281863	0.498395	0.572577	-0.00516439	-0.295898	0.0001	0.0001
-0.282492	0.49436	0.56938	-0.00445109	-0.255029	0.0001	0.0001
-0.280993	0.498077	0.571872	0.00550095	0.315181	0.0001	0.0001
-0.282669	0.493033	0.568316	-0.0069296	-0.397037	0.0001	0.0001
-0.285836	0.496765	0.57313	-0.001555	-0.0890951	0.0001	0.0001
-0.285103	0.500331	0.57586	0.00419271	0.240224	0.0001	0.0001
-0.29702	0.504275	0.585247	-0.014356	-0.822536	0.0001	0.0001
-0.292209	0.486869	0.567827	-0.0082567	-0.473074	0.0001	0.0001
-0.311719	0.493624	0.58381	-0.0227011	-1.30068	0.0001	0.0001
-0.296135	0.504066	0.584618	0.0320801	1.83805	0.0001	0.0001
-0.290781	0.492021	0.571523	-0.00259712	-0.148804	0.0001	0.0001
-0.277986	0.48862	0.562161	0.0165166	0.94633	0.0001	0.0001
-0.287145	0.493125	0.570635	-0.0100475	-0.575678	0.0001	0.0001
-0.283285	0.49507	0.57039	0.00756405	0.433388	0.0001	0.0001
-0.282468	0.502656	0.576586	0.00776487	0.444894	0.0001	0.0001
-0.287857	0.504646	0.580973	-0.00640952	-0.367239	0.0001	0.0001
-0.270355	0.512926	0.579815	0.0333028	1.90811	0.0001	0.0001
-0.263261	0.508308	0.572437	0.00720082	0.412577	0.0001	0.0001
-0.266762	0.514845	0.579851	-0.000177562	-0.0101735	0.0001	0.0001
-0.261842	0.509109	0.572498	0.00302123	0.173104	0.0001	0.0001
-0.258358	0.519384	0.580094	0.0134432	0.770241	0.0001	0.0001
-0.268553	0.501465	0.568848	-0.0300812	-1.72353	0.0001	0.0001
-0.272334	0.500276	0.569598	-0.00683687	-0.391724	0.0001	0.0001
-0.276203	0.493747	0.565751	-0.0115249	-0.66033	0.0001	0.0001
-0.297088	0.495971	0.578142	-0.029653	-1.69899	0.0001	0.0001
-0.311604	0.482488	0.574362	-0.0337495	-1.9337	0.0001	0.0001
-0.302506	0.479812	0.567212	0.010914	0.625325	0.0001	0.0001
-0.29376	0.487957	0.569559	0.0206183	1.18134	0.0001	0.0001
-0.292252	0.487196	0.56813	0.00158416	0.0907655	0.0001	0.0001
-0.290269	0.508377	0.585409	0.021518	1.23289	0.0001	0.0001
-0.310438	0.505758	0.593433	-0.0317082	-1.81675	0.0001	0.0001
-0.307253	0.489689	0.5781	-0.00984607	-0.564138	0.0001	0.0001
-0.3089	0.484746	0.574802	-0.00699768	-0.400938	0.0001	0.0001
-0.286163	0.470402	0.550607	0.0208267	1.19328	0.0001	0.0001
-0.291194	0.472194	0.554762	-0.00606859	-0.347705	0.0001	0.0001
-0.292929	0.479608	0.561989	0.00429606	0.246146	0.0001	0.0001
-0.284594	0.471521	0.55075	0.00526163	0.301469	0.0001	0.0001
-0.271852	0.490876	0.561126	0.037274	2.13564	0.0001	0.0001
-0.266056	0.49965	0.566071	0.0164686	0.943579	0.0001	0.0001
-0.269745	0.488183	0.55775	-0.0155031	-0.888262	0.0001	0.0001
-0.266022	0.499328	0.56577	0.0152877	0.875923	0.0001	0.0001
-0.278161	0.512827	0.583408	-0.00748425	-0.428816	0.0001	0.0001
-0.284516	0.495503	0.571378	-0.0242347	-1.38855	0.0001	0.0001
-0.283005	0.492782	0.568266	-7.90287e-05	-0.00452801	0.0001	0.0001
-0.263114	0.501067	0.565948	0.0377764	2.16443	0.0001	0.0001
-0.25907	0.490055	0.55432	-0.00277564	-0.159033	0.0001	0.0001
-0.265303	0.492087	0.559048	-0.00815826	-0.467434	0.0001	0.0001
-0.261158	0.49588	0.560446	0.00972146	0.556999	0.0001	0.0001
-0.257534	0.494136	0.55722	0.00429687	0.246192	0.0001	0.0001
-0.259926	0.498542	0.562232	-0.000150552	-0.00862602	0.0001	0.0001
-0.27181	0.513749	0.581222	-0.00603442	-0.345747	0.0001	0.0001
-0.274951	0.52423	0.591959	0.00358979	0.20568	0.0001	0.0001
-0.263797	0.507077	0.571591	0.00334277	0.191527	0.0001	0.0001
-0.247012	0.511889	0.568371	0.0301096	1.72515	0.0001	0.0001
-0.244933	0.512225	0.567774	0.00355564	0.203723	0.0001	0.0001
-0.24143	0.512048	0.566111	0.00544722	0.312103	0.0001	0.0001
-0.24212	0.518119	0.5719	0.00343541	0.196835	0.0001	0.0001
-0.241586	0.501756	0.556886	-0.0115706	-0.662946	0.0001	0.0001
-0.265347	0.523033	0.586492	-0.0207655	-1.18978	0.0001	0.0001
-0.256009	0.513337	0.573634	0.00686878	0.393552	0.0001	0.0001
-0.24511	0.509092	0.565026	0.0139105	0.797012	0.0001	0.0001
-0.246875	0.512122	0.568521	-0.000486207	-0.0278576	0.0001	0.0001
-0.268087	0.50338	0.570318	-0.0401704	-2.30159	0.0001	0.0001
-0.255924	0.492964	0.555437	0.0105139	0.602403	0.0001	0.0001
-0.26022	0.486126	0.551392	-0.01263	-0.723646	0.0001	0.0001
-0.265456	0.488897	0.556315	-0.00594773	-0.34078	0.0001	0.0001
-0.272337	0.493682	0.563817	-0.00667609	-0.382512	0.0001	0.0001
-0.276096	0.498083	0.569487	-0.00204577	-0.117214	0.0001	0.0001
-0.296805	0.492131	0.574705	-0.0365462	-2.09394	0.0001	0.0001
-0.287649	0.491247	0.569268	0.0129717	0.743225	0.0001	0.0001
-0.287403	0.491369	0.569249	0.000481964	0.0276145	0.0001	0.0001
-0.290219	0.486598	0.566573	-0.00854183	-0.489411	0.0001	0.0001
-0.292175	0.483626	0.565031	-0.00566871	-0.324793	0.0001	0.0001
-0.292345	0.48584	0.567015	0.00176348	0.10104	0.0001	0.0001
-0.288186	0.47602	0.556458	-0.00269522	-0.154425	0.0001	0.0001
-0.289119	0.483967	0.56375	0.00588499	0.337185	0.0001	0.0001
-0.290178	0.483114	0.563563	-0.00238944	-0.136905	0.0001	0.0001
-0.296439	0.490533	0.573148	-0.00269893	-0.154637	0.0001	0.0001
-0.290095	0.490001	0.569435	0.00905208	0.518646	0.0001	0.0001
-0.289168	0.488228	0.567437	-0.000186442	-0.0106823	0.0001	0.0001
-0.286038	0.491416	0.568601	0.00759389	0.435098	0.0001	0.0001
-0.297918	0.484838	0.569055	-0.0238598	-1.36707	0.0001	0.0001
-0.309165	0.486493	0.576419	-0.0151215	-0.866399	0.0001	0.0001
-0.311099	0.490984	0.581247	0.0013355	0.0765186	0.0001	0.0001
-0.312595	0.485559	0.57748	-0.00721693	-0.4135	0.0001	0.0001
-0.302119	0.483938	0.570501	0.0139031	0.796589	0.0001	0.0001
-0.303982	0.498543	0.583909	0.0105378	0.603774	0.0001	0.0001
-0.299792	0.491037	0.575319	-0.000572787	-0.0328183	0.0001	0.0001
-0.299727	0.47137	0.558593	-0.0182482	-1.04554	0.0001	0.0001
-0.312859	0.463039	0.558825	-0.0278335	-1.59474	0.0001	0.0001
-0.307456	0.457499	0.551212	0.00249466	0.142934	0.0001	0.0001
-0.319653	0.466082	0.565163	-0.00944054	-0.540903	0.0001	0.0001
-0.323819	0.462615	0.564688	-0.0095573	-0.547593	0.0001	0.0001
-0.311875	0.454686	0.551367	0.00950031	0.544327	0.0001	0.0001
-0.306372	0.469125	0.560305	0.0226786	1.29939	0.0001	0.0001
-0.325784	0.459563	0.563324	-0.0381421	-2.18538	0.0001	0.0001
-0.32571	0.449465	0.555073	-0.0104142	-0.596691	0.0001	0.0001
-0.32827	0.452323	0.558889	-0.000707543	-0.0405392	0.0001	0.0001
-0.316074	0.435408	0.538037	-0.00012082	-0.00692246	0.0001	0.0001
-0.326914	0.444366	0.551665	-0.00636198	-0.364514	0.0001	0.0001
-0.350579	0.467008	0.583954	-0.00966583	-0.553811	0.0001	0.0001
-0.344313	0.455824	0.57125	-0.00298164	-0.170835	0.0001	0.0001
-0.344458	0.444838	0.562612	-0.0119755	-0.686147	0.0001	0.0001
-0.341352	0.44099	0.557668	0.000177611	0.0101763	0.0001	0.0001
-0.351672	0.435212	0.559539	-0.0209062	-1.19784	0.0001	0.0001
-0.352427	0.436696	0.561167	0.000615505	0.0352658	0.0001	0.0001
-0.341235	0.440584	0.557275	0.0200122	1.14661	0.0001	0.0001
-0.357213	0.436136	0.563751	-0.0272426	-1.56088	0.0001	0.0001
-0.365057	0.442198	0.573416	-0.00388358	-0.222513	0.0001	0.0001
-0.356283	0.445255	0.570254	0.0152788	0.875412	0.0001	0.0001
-0.346745	0.431987	0.553936	-0.00152164	-0.0871835	0.0001	0.0001
-0.348977	0.423575	0.548818	-0.0127666	-0.73147	0.0001	0.0001
-0.356755	0.427	0.55642	-0.00687483	-0.393899	0.0001	0.0001
-0.376139	0.423102	0.566123	-0.0306939	-1.75863	0.0001	0.0001
-0.376731	0.408161	0.555447	-0.0186703	-1.06973	0.0001	0.0001
-0.387347	0.414309	0.567177	-0.00640302	-0.366866	0.0001	0.0001
-0.397091	0.439911	0.592623	0.0174947	1.00237	0.0001	0.0001
-0.386189	0.434417	0.581258	0.00759006	0.434878	0.0001	0.0001
-0.364048	0.419048	0.555096	0.0114146	0.654009	0.0001	0.0001
-0.366796	0.423617	0.560349	0.00164475	0.0942372	0.0001	0.0001
-0.372134	0.414511	0.557048	-0.0179453	-1.02819	0.0001	0.0001
-0.378892	0.420259	0.565841	-0.00210086	-0.12037	0.0001	0.0001
-0.404693	0.405632	0.572987	-0.0505578	-2.89675	0.0001	0.0001
-0.401493	0.399684	0.566519	-0.00341755	-0.195811	0.0001	0.0001
-0.412208	0.393348	0.56977	-0.0211505	-1.21183	0.0001	0.0001
-0.405585	0.408764	0.575836	0.0273122	1.56487	0.0001	0.0001
-0.405	0.407653	0.574636	-0.00063945	-0.0366378	0.0001	0.0001
-0.403011	0.405745	0.571881	0.000116739	0.00668865	0.0001	0.0001
-0.400855	0.405691	0.570325	0.00261514	0.149836	0.0001	0.0001
-0.405254	0.410388	0.576757	0.000298842	0.0171224	0.0001	0.0001
-0.403007	0.416771	0.579752	0.010493	0.601203	0.0001	0.0001
-0.403012	0.417159	0.580035	0.000459866	0.0263484	0.0001	0.0001
-0.396096	0.407067	0.567975	-0.00358828	-0.205593	0.0001	0.0001
-0.397885	0.418962	0.57779	0.0121375	0.695427	0.0001	0.0001
-0.393358	0.414225	0.571238	3.55893e-05	0.00203912	0.0001	0.0001
-0.386733	0.400838	0.556987	-0.00792504	-0.454071	0.0001	0.0001
-0.390819	0.417544	0.571911	0.0151416	0.867551	0.0001	0.0001
-0.363436	0.419984	0.555403	0.0390067	2.23492	0.0001	0.0001
-0.359245	0.431289	0.561309	0.0188261	1.07866	0.0001	0.0001
-0.364151	0.424001	0.558912	-0.015091	-0.864653	0.0001	0.0001
-0.366332	0.426787	0.562447	0.000286084	0.0163914	0.0001	0.0001
-0.354626	0.438869	0.564239	0.0296949	1.70139	0.0001	0.0001
-0.367228	0.436182	0.570185	-0.020154	-1.15474	0.0001	0.0001
-0.375773	0.44488	0.582343	-0.00160688	-0.0920673	0.0001	0.0001
-0.363714	0.448803	0.577678	0.0203314	1.16491	0.0001	0.0001
-0.353254	0.4451	0.568245	0.0101979	0.584299	0.0001	0.0001
-0.344732	0.423288	0.545906	-0.0126107	-0.722539	0.0001	0.0001
-0.354585	0.424468	0.553086	-0.0124663	-0.714265	0.0001	0.0001
-0.356355	0.430433	0.558804	0.00441282	0.252836	0.0001	0.0001
-0.343483	0.452632	0.568204	0.0423754	2.42793	0.0001	0.0001
-0.349973	0.449517	0.56969	-0.01238	-0.709321	0.0001	0.0001
-0.351105	0.449816	0.570622	-0.00124301	-0.071219	0.0001	0.0001
-0.346072	0.441532	0.560996	-0.00201447	-0.11542	0.0001	0.0001
-0.367461	0.462404	0.590631	-0.00670107	-0.383943	0.0001	0.0001
-0.359706	0.455512	0.580413	0.00307257	0.176046	0.0001	0.0001
-0.352675	0.444495	0.567411	-0.00230832	-0.132257	0.0001	0.0001
-0.352883	0.451625	0.573142	0.00744748	0.426709	0.0001	0.0001
-0.343902	0.460944	0.575098	0.0222843	1.27679	0.0001	0.0001
-0.344526	0.450375	0.567041	-0.0120283	-0.689169	0.0001	0.0001
-0.343646	0.448392	0.564932	-0.000895518	-0.0513094	0.0001	0.0001
-0.343024	0.449369	0.565331	0.00192476	0.110281	0.0001	0.0001
-0.334177	0.439986	0.552505	0.00242444	0.13891	0.0001	0.0001
-0.330099	0.447677	0.55622	0.0142018	0.813705	0.0001	0.0001
-0.339081	0.449455	0.563015	-0.0109659	-0.6283	0.0001	0.0001
-0.321701	0.45976	0.561133	0.0357938	2.05083	0.0001	0.0001
-0.324524	0.462119	0.564686	-0.0017013	-0.0974772	0.0001	0.0001
-0.326716	0.463098	0.566748	-0.00217312	-0.124511	0.0001	0.0001
-0.317592	0.471665	0.568624	0.021798	1.24893	0.0001	0.0001
-0.316999	0.467491	0.564833	-0.0032564	-0.186578	0.0001	0.0001
-0.316213	0.467387	0.564306	0.00104941	0.0601269	0.0001	0.0001
-0.310851	0.470263	0.563716	0.0107382	0.615255	0.0001	0.0001
-0.300134	0.462271	0.551158	0.00822347	0.47117	0.0001	0.0001
-0.31036	0.476946	0.569035	-0.00102751	-0.0588719	0.0001	0.0001
-0.310915	0.475412	0.568053	-0.00229187	-0.131314	0.0001	0.0001
-0.311914	0.472798	0.566417	-0.0040037	-0.229395	0.0001	0.0001
-0.288194	0.488058	0.566795	0.049781	2.85224	0.0001	0.0001
-0.2941	0.485269	0.567433	-0.0114635	-0.65681	0.0001	0.0001
-0.292095	0.481906	0.563518	-4.93328e-05	-0.00282656	0.0001	0.0001
-0.293946	0.472531	0.556498	-0.0115775	-0.663343	0.0001	0.0001
-0.297531	0.470998	0.557103	-0.00691742	-0.396339	0.0001	0.0001
-0.290455	0.481721	0.562511	0.0208172	1.19274	0.0001	0.0001
-0.297826	0.484859	0.569024	-0.0082463	-0.472478	0.0001	0.0001
-0.297904	0.482564	0.567111	-0.00223464	-0.128036	0.0001	0.0001
-0.289395	0.466264	0.548773	-0.00240904	-0.138028	0.0001	0.0001
-0.299983	0.472578	0.55975	-0.010123	-0.580006	0.0001	0.0001
-0.296826	0.485138	0.56874	0.0165226	0.946673	0.0001	0.0001
-0.282762	0.499799	0.574242	0.0342224	1.9608	0.0001	0.0001
-0.273557	0.491039	0.562097	0.00658065	0.377043	0.0001	0.0001
-0.274792	0.500272	0.570774	0.00598205	0.342746	0.0001	0.0001
-0.282896	0.515344	0.587885	0.000260389	0.0149192	0.0001	0.0001
-0.287311	0.512872	0.587865	-0.00860724	-0.493158	0.0001	0.0001
-0.281668	0.502267	0.575855	-0.000452235	-0.0259111	0.0001	0.0001
-0.281243	0.511755	0.583944	0.00858246	0.491739	0.0001	0.0001
-0.281241	0.511798	0.583981	3.8889e-05	0.00222818	0.0001	0.0001
-0.271394	0.50702	0.575086	0.0110042	0.630496	0.0001	0.0001
-0.281012	0.49384	0.568195	-0.0258719	-1.48235	0.0001	0.0001
-0.267117	0.488559	0.556813	0.0169989	0.973968	0.0001	0.0001
-0.288265	0.491766	0.570027	-0.0298591	-1.7108	0.0001	0.0001
-0.286993	0.488003	0.566138	-0.00142249	-0.0815026	0.0001	0.0001
-0.287324	0.483758	0.562652	-0.0043309	-0.248142	0.0001	0.0001
-0.278464	0.499802	0.57214	0.0276369	1.58347	0.0001	0.0001
-0.296617	0.492149	0.574624	-0.0340853	-1.95295	0.0001	0.0001
-0.296093	0.485826	0.568945	-0.00494747	-0.283469	0.0001	0.0001
-0.295277	0.488689	0.570969	0.00383061	0.219478	0.0001	0.0001
-0.291177	0.488507	0.568703	0.00600398	0.344003	0.0001	0.0001
-0.289956	0.495797	0.574359	0.00832484	0.476978	0.0001	0.0001
-0.297947	0.487935	0.57171	-0.0190085	-1.08911	0.0001	0.0001
-0.29678	0.488129	0.571269	0.00192089	0.110059	0.0001	0.0001
-0.290656	0.494465	0.573565	0.0148617	0.85151	0.0001	0.0001
-0.292874	0.482417	0.564359	-0.0142069	-0.813993	0.0001	0.0001
-0.285363	0.488258	0.565533	0.0167139	0.957634	0.0001	0.0001
-0.283485	0.499282	0.574148	0.0125117	0.716865	0.0001	0.0001
-0.281284	0.498506	0.572389	0.0026757	0.153306	0.0001	0.0001
-0.281709	0.503292	0.576769	0.00343601	0.196869	0.0001	0.0001
-0.280563	0.496256	0.570075	-0.00427392	-0.244878	0.0001	0.0001
-0.293365	0.49712	0.577228	-0.0185712	-1.06405	0.0001	0.0001
-0.287358	0.494162	0.571639	0.00642038	0.367861	0.0001	0.0001
-0.286209	0.488552	0.566215	-0.00322703	-0.184895	0.0001	0.0001
-0.268242	0.479691	0.549598	0.0200599	1.14935	0.0001	0.0001
-0.272396	0.487149	0.558134	2.61e-05	0.00149542	0.0001	0.0001
-0.266191	0.492364	0.559714	0.0142229	0.814914	0.0001	0.0001
-0.266981	0.487531	0.555846	-0.00538478	-0.308525	0.0001	0.0001
-0.254248	0.487473	0.549792	0.0202636	1.16102	0.0001	0.0001
-0.258896	0.498169	0.561426	0.00146933	0.0841867	0.0001	0.0001
-0.246441	0.502987	0.560116	0.0237001	1.35792	0.0001	0.0001
-0.23513	0.503229	0.555451	0.0184789	1.05876	0.0001	0.0001
-0.233466	0.51181	0.562544	0.00913794	0.523565	0.0001	0.0001
-0.233974	0.513148	0.563972	0.000163785	0.00938417	0.0001	0.0001
-0.241	0.516961	0.570377	-0.00843345	-0.483201	0.0001	0.0001
-0.236057	0.515926	0.567364	0.00712461	0.40821	0.0001	0.0001
-0.245196	0.509558	0.565483	-0.0193819	-1.1105	0.0001	0.0001
-0.255079	0.506568	0.567165	-0.0179883	-1.03065	0.0001	0.0001
-0.256846	0.498517	0.560794	-0.0092717	-0.531229	0.0001	0.0001
-0.258771	0.499725	0.56275	-0.00205719	-0.117868	0.0001	0.0001
-0.247573	0.521479	0.577263	0.0345609	1.9802	0.0001	0.0001
-0.256015	0.528268	0.587035	-0.00803177	-0.460187	0.0001	0.0001
-0.245837	0.508458	0.56477	0.000920488	0.0527401	0.0001	0.0001
-0.241284	0.496767	0.552264	-0.00179257	-0.102707	0.0001	0.0001
-0.246108	0.512156	0.568219	0.00419619	0.240424	0.0001	0.0001
-0.252727	0.501725	0.561781	-0.0186625	-1.06928	0.0001	0.0001
-0.263101	0.497481	0.56277	-0.0198568	-1.13771	0.0001	0.0001
-0.245954	0.499639	0.556895	0.0290334	1.66349	0.0001	0.0001
-0.240097	0.502975	0.557343	0.0120721	0.691683	0.0001	0.0001
-0.247636	0.499984	0.557949	-0.0145034	-0.830986	0.0001	0.0001
-0.248562	0.503078	0.561133	0.000968484	0.05549	0.0001	0.0001
-0.233156	0.499396	0.551143	0.0221026	1.26639	0.0001	0.0001
-0.223289	0.526902	0.572262	0.0359652	2.06065	0.0001	0.0001
-0.223858	0.524922	0.570663	-0.0022722	-0.130188	0.0001	0.0001
-0.213977	0.521505	0.563696	0.0137464	0.787611	0.0001	0.0001
-0.221781	0.532607	0.576938	-0.00521011	-0.298517	0.0001	0.0001
-0.230208	0.5265	0.574629	-0.0176242	-1.00979	0.0001	0.0001
-0.229674	0.523813	0.571953	-0.00102609	-0.0587904	0.0001	0.0001
-0.228981	0.522546	0.570514	0.000220465	0.0126317	0.0001	0.0001
-0.23968	0.514633	0.567709	-0.0228576	-1.30964	0.0001	0.0001
-0.250897	0.508056	0.566631	-0.0228474	-1.30906	0.0001	0.0001
-0.247911	0.507725	0.565017	0.00447886	0.25662	0.0001	0.0001
-0.251491	0.502483	0.561905	-0.00981913	-0.562595	0.0001	0.0001
-0.227916	0.505957	0.554922	0.0408055	2.33798	0.0001	0.0001
-0.232276	0.512996	0.563132	-0.00192583	-0.110342	0.0001	0.0001
-0.232602	0.51205	0.562405	-0.00122187	-0.0700081	0.0001	0.0001
-0.234824	0.488429	0.541945	-0.0217621	-1.24688	0.0001	0.0001
-0.240763	0.504524	0.559028	0.0029012	0.166226	0.0001	0.0001
-0.238935	0.505882	0.55947	0.00399393	0.228835	0.0001	0.0001
-0.248314	0.50531	0.563026	-0.0154964	-0.887881	0.0001	0.0001
-0.236996	0.514365	0.566338	0.0249899	1.43182	0.0001	0.0001
-0.231518	0.510543	0.560585	0.00602134	0.344998	0.0001	0.0001
-0.230047	0.514772	0.563837	0.00547393	0.313633	0.0001	0.0001
-0.228893	0.517091	0.565486	0.00353648	0.202625	0.0001	0.0001
-0.238222	0.513319	0.565903	-0.0177737	-1.01836	0.0001	0.0001
-0.226524	0.521682	0.56874	0.0248506	1.42383	0.0001	0.0001
-0.228682	0.521134	0.569101	-0.0038626	-0.221311	0.0001	0.0001
-0.226128	0.52177	0.568663	0.00456246	0.26141	0.0001	0.0001
-0.232617	0.520474	0.570091	-0.0113489	-0.650242	0.0001	0.0001
-0.222725	0.51889	0.564671	0.0148501	0.850845	0.0001	0.0001
-0.220048	0.52635	0.570496	0.00947016	0.5426	0.0001	0.0001
-0.217263	0.525952	0.56906	0.00424541	0.243244	0.0001	0.0001
-0.215467	0.53022	0.572328	0.00574666	0.32926	0.0001	0.0001
-0.217531	0.527776	0.570847	-0.00496064	-0.284224	0.0001	0.0001
-0.215393	0.526864	0.569193	0.00286192	0.163976	0.0001	0.0001
-0.216095	0.523737	0.566566	-0.00323418	-0.185305	0.0001	0.0001
-0.220638	0.515307	0.560556	-0.0132296	-0.758002	0.0001	0.0001
-0.232484	0.504988	0.555933	-0.0268969	-1.54108	0.0001	0.0001
-0.23674	0.520049	0.5714	0.00425619	0.243862	0.0001	0.0001
-0.232757	0.519488	0.569248	0.00596138	0.341562	0.0001	0.0001
-0.231049	0.496182	0.547339	-0.0145645	-0.834484	0.0001	0.0001
-0.228839	0.51096	0.559864	0.0147206	0.84343	0.0001	0.0001
-0.21915	0.501262	0.547075	0.00891893	0.511017	0.0001	0.0001
-0.219051	0.507174	0.552457	0.00445112	0.25503	0.0001	0.0001
-0.229796	0.503738	0.553677	-0.0202778	-1.16183	0.0001	0.0001
-0.23101	0.508539	0.558549	0.00159003	0.091102	0.0001	0.0001
-0.234486	0.513943	0.564908	-0.00164671	-0.0943493	0.0001	0.0001
-0.218003	0.497638	0.543295	0.0151464	0.867825	0.0001	0.0001
-0.238786	0.504252	0.557933	-0.0293682	-1.68268	0.0001	0.0001
-0.212285	0.509871	0.552298	0.0477393	2.73526	0.0001	0.0001
-0.214014	0.520001	0.562319	0.00408669	0.23415	0.0001	0.0001
-0.212577	0.517185	0.559169	0.000458082	0.0262461	0.0001	0.0001
-0.22931	0.504623	0.554281	-0.0365459	-2.09393	0.0001	0.0001
-0.250202	0.511131	0.569083	-0.0286954	-1.64412	0.0001	0.0001
-0.251343	0.503662	0.562894	-0.00765447	-0.438569	0.0001	0.0001
-0.256004	0.488847	0.551824	-0.0195458	-1.11989	0.0001	0.0001
-0.256561	0.494295	0.556912	0.00365228	0.20926	0.0001	0.0001
-0.259628	0.518576	0.579937	0.0145934	0.836143	0.0001	0.0001
-0.265935	0.486194	0.554172	-0.036344	-2.08236	0.0001	0.0001
-0.271213	0.492532	0.562267	-0.00282536	-0.161881	0.0001	0.0001
-0.265271	0.493035	0.559868	0.00973034	0.557507	0.0001	0.0001
-0.2719	0.474793	0.547136	-0.0264701	-1.51662	0.0001	0.0001
-0.277195	0.48137	0.555476	-0.00238754	-0.136796	0.0001	0.0001
-0.274263	0.492503	0.563719	0.0143621	0.822888	0.0001	0.0001
-0.272448	0.471998	0.544986	-0.0153954	-0.882091	0.0001	0.0001
-0.281781	0.478355	0.555179	-0.00883501	-0.506209	0.0001	0.0001
-0.298723	0.484876	0.569509	-0.0198217	-1.1357	0.0001	0.0001
-0.311761	0.477614	0.57036	-0.0261446	-1.49797	0.0001	0.0001
-0.268443	0.453727	0.527191	0.0440542	2.52412	0.0001	0.0001
-0.273489	0.4712	0.544818	0.00835912	0.478942	0.0001	0.0001
-0.274974	0.481829	0.55477	0.00730227	0.418389	0.0001	0.0001
-0.277999	0.484501	0.558591	-0.00233207	-0.133618	0.0001	0.0001
-0.280077	0.495488	0.569167	0.00643999	0.368984	0.0001	0.0001
-0.279091	0.510384	0.581708	0.0140777	0.806593	0.0001	0.0001
-0.275961	0.505464	0.575889	0.000670033	0.03839	0.0001	0.0001
-0.27036	0.502065	0.570231	0.00576489	0.330304	0.0001	0.0001
-0.269285	0.506901	0.573989	0.00564303	0.323322	0.0001	0.0001
-0.265416	0.504727	0.570259	0.00420411	0.240878	0.0001	0.0001
-0.262746	0.503294	0.56775	0.00298711	0.171149	0.0001	0.0001
-0.265038	0.501289	0.567041	-0.00521913	-0.299034	0.0001	0.0001
-0.272498	0.504923	0.573761	-0.00853384	-0.488953	0.0001	0.0001
-0.27134	0.501583	0.570273	-0.00099455	-0.0569835	0.0001	0.0001
-0.277386	0.50697	0.577894	-0.00476762	-0.273165	0.0001	0.0001
-0.270949	0.501661	0.570156	0.00543569	0.311442	0.0001	0.0001
-0.274635	0.502656	0.572789	-0.00483819	-0.277208	0.0001	0.0001
-0.269465	0.500762	0.56866	0.00638159	0.365638	0.0001	0.0001
-0.281514	0.493264	0.567943	-0.0249404	-1.42898	0.0001	0.0001
-0.259021	0.493298	0.557167	0.0350999	2.01108	0.0001	0.0001
-0.252547	0.495108	0.555798	0.0118268	0.677628	0.0001	0.0001
-0.261413	0.486474	0.552262	-0.0214066	-1.22651	0.0001	0.0001
-0.259486	0.493524	0.557583	0.00903031	0.517398	0.0001	0.0001
-0.258899	0.49733	0.560684	0.00408514	0.234061	0.0001	0.0001
-0.252519	0.492899	0.553819	0.00652537	0.373876	0.0001	0.0001
-0.257327	0.494663	0.557592	-0.00623345	-0.35715	0.0001	0.0001
-0.25637	0.502414	0.564044	0.00784723	0.449613	0.0001	0.0001
-0.252915	0.486935	0.5487	-0.00721232	-0.413235	0.0001	0.0001
-0.255198	0.496568	0.558306	0.00432241	0.247656	0.0001	0.0001
-0.260501	0.504661	0.567929	-0.00179119	-0.102628	0.0001	0.0001
-0.264878	0.506274	0.571379	-0.00551204	-0.315817	0.0001	0.0001
-0.273676	0.485019	0.556904	-0.0316965	-1.81607	0.0001	0.0001
-0.277829	0.489289	0.562666	-0.00269708	-0.154531	0.0001	0.0001
-0.268877	0.4977	0.565686	0.021103	1.20911	0.0001	0.0001
-0.269974	0.481147	0.551714	-0.0160112	-0.917372	0.0001	0.0001
-0.254065	0.492711	0.554358	0.0352439	2.01932	0.0001	0.0001
-0.260144	0.493826	0.558157	-0.008765	-0.502198	0.0001	0.0001
-0.250462	0.503737	0.562567	0.0234401	1.34302	0.0001	0.0001
-0.257096	0.518619	0.578848	0.00118333	0.0678	0.0001	0.0001
-0.264401	0.505146	0.570159	-0.0219761	-1.25913	0.0001	0.0001
-0.266301	0.496859	0.563724	-0.00980336	-0.561691	0.0001	0.0001
-0.265425	0.493831	0.560642	-0.00117373	-0.06725	0.0001	0.0001
-0.256678	0.485738	0.549386	0.00704897	0.403876	0.0001	0.0001
-0.256475	0.500322	0.562229	0.01244	0.712757	0.0001	0.0001
-0.268266	0.509772	0.57605	-0.0107319	-0.61489	0.0001	0.0001
