#1 AntVel X	#2 AntVel Y	#3 Speed	#4 Turning Angle Rad		#5 Turning Angle Deg	#6 Detected Phero Left	#7 Detected Phero Right	
0.0980247	-0.0617652	0.115861	0	0	0	0
0.0980247	-0.0617652	0.115861	0	0	0	0
0.0980247	-0.0617652	0.115861	0	0	0	0
0.0980247	-0.0617652	0.115861	0	0	0	0
0.0980247	-0.0617652	0.115861	0	0	0	0
0.0980247	-0.0617652	0.115861	0	0	0	0
0.0980247	-0.0617652	0.115861	0	0	0	0
0.0980247	-0.0617652	0.115861	0	0	0	0
0.0980247	-0.0617652	0.115861	0	0	0	0
0.0980247	-0.0617652	0.115861	0	0	0	0
0.0980247	-0.0617652	0.115861	0	0	0	0
0.0980247	-0.0617652	0.115861	0	0	0	0
0.0980247	-0.0617652	0.115861	0	0	0	0
0.0980247	-0.0617652	0.115861	0	0	0	0
0.0980247	-0.0617652	0.115861	0	0	0	0
0.0980247	-0.0617652	0.115861	0	0	0	0
0.0980247	-0.0617652	0.115861	0	0	0	0
0.0980247	-0.0617652	0.115861	0	0	0	0
0.0980247	-0.0617652	0.115861	0	0	0	0
0.0980247	-0.0617652	0.115861	0	0	0	0
0.0980247	-0.0617652	0.115861	0	0	0	0
0.0980247	-0.0617652	0.115861	0	0	0	0
0.0980247	-0.0617652	0.115861	0	0	0	0
0.0980247	-0.0617652	0.115861	0	0	0	0
0.0980247	-0.0617652	0.115861	0	0	0	0
0.0980247	-0.0617652	0.115861	0	0	0	0
0.0980247	-0.0617652	0.115861	0	0	0	0
0.0980247	-0.0617652	0.115861	0	0	0	0
0.0980247	-0.0617652	0.115861	0	0	0	0
0.0980247	-0.0617652	0.115861	0	0	0	0
0.0980247	-0.0617652	0.115861	0	0	0	0
0.0980247	-0.0617652	0.115861	0	0	0	0
0.0980247	-0.0617652	0.115861	0	0	0	0
0.0980247	-0.0617652	0.115861	0	0	0	0
0.0980247	-0.0617652	0.115861	0	0	0	0
0.0980247	-0.0617652	0.115861	0	0	0	0
0.444569	0.0494055	0.447306	-0.672934	-38.5563	0.0001	0.00331523
0.511762	0.0356496	0.513002	0.0411291	2.35652	0.0001	0.0001
0.536595	0.0451647	0.538492	-0.014423	-0.826377	0.0001	0.0001
0.561629	0.0442369	0.563368	0.00536809	0.307569	0.0001	0.0001
0.557351	0.0559558	0.560153	-0.0214577	-1.22944	0.0001	0.0001
0.547844	0.0538287	0.550483	0.00211968	0.121449	0.0001	0.0001
0.557216	0.0553063	0.559953	-0.000989743	-0.0567081	0.0001	0.0001
0.562415	0.0550437	0.565103	0.00137123	0.078566	0.0001	0.0001
0.554512	0.0450282	0.556337	0.0165341	0.947333	0.0001	0.0001
0.560696	0.0416072	0.562238	0.00695489	0.398486	0.0001	0.0001
0.552183	0.0410978	0.55371	-0.000220239	-0.0126188	0.0001	0.0001
0.5568	0.0303994	0.55763	0.0197483	1.13149	0.0001	0.0001
0.571265	0.0359701	0.572396	-0.00834018	-0.477857	0.0001	0.0001
0.568369	0.0361349	0.569516	-0.000608262	-0.0348509	0.0001	0.0001
0.557427	0.0292958	0.558196	0.0109839	0.62933	0.0001	0.0001
0.561983	0.0432802	0.563647	-0.0243545	-1.39541	0.0001	0.0001
0.562377	0.0196755	0.562721	0.0418896	2.40009	0.0001	0.0001
0.564116	0.0201381	0.564475	-0.000711346	-0.0407571	0.0001	0.0001
0.572836	0.00963737	0.572917	0.018861	1.08066	0.0001	0.0001
0.577382	-0.00380595	0.577395	0.023414	1.34152	0.0001	0.0001
0.571727	-0.00370492	0.571739	-0.00011149	-0.00638792	0.0001	0.0001
0.568224	-0.00412371	0.568239	0.000776925	0.0445145	0.0001	0.000100001
0.567457	-0.00491525	0.567478	0.0014046	0.0804777	0.0001	0.000100004
0.571997	-0.0133887	0.572153	0.0147409	0.844593	0.0001	0.000100015
0.567484	-0.0102128	0.567576	-0.00540789	-0.309849	0.0001	0.000100169
0.570194	-0.00904254	0.570266	-0.00213734	-0.122461	0.0001	0.000100302
0.563815	-0.0117714	0.563938	0.00501772	0.287494	0.0001	0.00010067
0.545025	-0.0163198	0.545269	0.00905911	0.519049	0.0001	0.000102514
0.555615	0.0154833	0.55583	-0.0577941	-3.31136	0.0001	0.000111855
0.54723	0.0178975	0.547522	-0.00483409	-0.276973	0.0001	0.000100329
0.55568	0.0268073	0.556326	-0.015511	-0.888713	0.0001	0.000100474
0.554024	0.0273323	0.554697	-0.00108937	-0.0624161	0.0001	0.000100295
0.559817	0.0280621	0.56052	-0.000791089	-0.045326	0.0001	0.000100537
0.558299	0.0386186	0.559633	-0.0189765	-1.08728	0.0001	0.000101011
0.544566	0.026914	0.545231	0.0196793	1.12754	0.0001	0.000100492
0.554225	0.0332989	0.555225	-0.0106272	-0.608891	0.0001	0.000104259
0.549081	0.0385017	0.55043	-0.00999582	-0.572718	0.0001	0.000104167
0.585313	0.0371597	0.586492	0.00660388	0.378374	0.0001	0.000104221
0.565003	0.0428636	0.566627	-0.0123176	-0.705744	0.0001	0.000113617
0.570535	0.0321348	0.571439	0.0194546	1.11467	0.0001	0.000111814
0.556939	0.119416	0.569598	-0.154953	-8.87813	0.0001	0.000171183
0.563112	0.118737	0.575494	0.00340366	0.195015	0.0001	0.000100004
0.549468	0.143064	0.567788	-0.0468995	-2.68714	0.0001	0.000100006
0.548565	0.153995	0.56977	-0.0189669	-1.08672	0.0001	0.0001
0.554651	0.141129	0.572324	0.0245213	1.40497	0.0001	0.0001
0.548609	0.141134	0.566472	-0.00263902	-0.151205	0.0001	0.000100001
0.548812	0.134584	0.565073	0.0113161	0.648363	0.0001	0.000100001
0.54915	0.134762	0.565443	-0.00016485	-0.00944523	0.0001	0.000100001
0.555582	0.144561	0.574082	-0.0139062	-0.796769	0.0001	0.000100002
0.548737	0.149287	0.568682	-0.011074	-0.634492	0.0001	0.000100001
0.537193	0.144091	0.556182	0.00356548	0.204287	0.0001	0.0001
0.543581	0.138422	0.560928	0.0127121	0.728349	0.0001	0.000100001
0.560628	0.140753	0.578027	0.00337	0.193087	0.0001	0.000100002
0.548302	0.135463	0.564788	0.00377009	0.21601	0.0001	0.000100004
0.53357	0.149447	0.554104	-0.0308822	-1.76942	0.0001	0.000100007
0.539134	0.153923	0.560676	-0.00501081	-0.287098	0.0001	0.000100001
0.547235	0.151503	0.56782	0.00801498	0.459224	0.0001	0.000100001
0.535235	0.15054	0.556003	-0.00408984	-0.234331	0.0001	0.000100002
0.5414	0.152589	0.562492	-0.000538814	-0.0308718	0.0001	0.000100002
0.552675	0.152629	0.573363	0.00526683	0.301767	0.0001	0.000100002
0.556047	0.147459	0.575268	0.0102241	0.585796	0.0001	0.000100002
0.574499	0.136166	0.590416	0.0265022	1.51846	0.0001	0.000100004
0.554868	0.137784	0.571719	-0.0106729	-0.611514	0.0001	0.000100021
0.551398	0.146963	0.570647	-0.0170774	-0.978465	0.0001	0.000100012
0.544228	0.150772	0.564727	-0.00978722	-0.560767	0.0001	0.000100004
0.538827	0.151098	0.559612	-0.00313854	-0.179825	0.0001	0.000100002
0.556699	0.170521	0.582229	-0.0238344	-1.36561	0.0001	0.000100002
0.540322	0.157853	0.562908	0.0129981	0.744735	0.0001	0.0001
0.545557	0.169617	0.571317	-0.0171972	-0.985328	0.0001	0.000100001
0.544296	0.175486	0.571886	-0.0104537	-0.598952	0.0001	0.0001
0.541052	0.174397	0.568465	7.14416e-05	0.0040933	0.0001	0.0001
0.537412	0.17546	0.56533	-0.00376521	-0.215731	0.0001	0.0001
0.549768	0.189581	0.581538	-0.0164898	-0.944794	0.0001	0.0001
0.535614	0.221068	0.579442	-0.0593684	-3.40156	0.0001	0.0001
0.529745	0.219675	0.573487	-0.00165954	-0.0950848	0.0001	0.0001
0.522241	0.206398	0.561548	0.0167219	0.958095	0.0001	0.0001
0.519919	0.206704	0.559502	-0.0020346	-0.116574	0.0001	0.0001
0.513055	0.21595	0.55665	-0.0199912	-1.14541	0.0001	0.0001
0.51703	0.218763	0.561406	-0.00187116	-0.107209	0.0001	0.0001
0.533537	0.23994	0.585007	-0.0223455	-1.2803	0.0001	0.0001
0.529224	0.233742	0.578545	0.00671377	0.38467	0.0001	0.0001
0.53381	0.242432	0.586282	-0.0103984	-0.595786	0.0001	0.0001
0.527568	0.229567	0.575351	0.0158734	0.90948	0.0001	0.0001
0.522879	0.227178	0.570099	0.000561272	0.0321585	0.0001	0.0001
0.5232	0.216754	0.566322	0.017107	0.980158	0.0001	0.0001
0.522622	0.218283	0.566376	-0.0028843	-0.165258	0.0001	0.0001
0.531138	0.218574	0.574354	0.00524794	0.300685	0.0001	0.0001
0.52713	0.217996	0.570428	-0.00173734	-0.099542	0.0001	0.0001
0.520401	0.215002	0.563066	0.000346646	0.0198613	0.0001	0.0001
0.505769	0.213655	0.549045	-0.00790977	-0.453196	0.0001	0.0001
0.509247	0.210267	0.550949	0.00812315	0.465422	0.0001	0.0001
0.517594	0.216713	0.561131	-0.00494234	-0.283175	0.0001	0.0001
0.518872	0.218789	0.563113	-0.00252277	-0.144544	0.0001	0.0001
0.520103	0.219834	0.564653	-0.000858847	-0.0492083	0.0001	0.0001
0.514481	0.215843	0.557924	0.00266618	0.152761	0.0001	0.0001
0.517111	0.217651	0.561049	-0.00115832	-0.0663667	0.0001	0.0001
0.520818	0.221262	0.565869	-0.00334092	-0.19142	0.0001	0.0001
0.529157	0.241351	0.581599	-0.0261874	-1.50043	0.0001	0.0001
0.526845	0.25339	0.584613	-0.0203794	-1.16765	0.0001	0.0001
0.506022	0.257044	0.567564	-0.0217053	-1.24362	0.0001	0.0001
0.504465	0.256121	0.565759	0.000208537	0.0119483	0.0001	0.0001
0.505764	0.257428	0.567509	-0.00101749	-0.0582977	0.0001	0.0001
0.50465	0.257579	0.566585	-0.00112992	-0.0647399	0.0001	0.0001
0.502233	0.254143	0.562873	0.00348629	0.19975	0.0001	0.0001
0.509498	0.268696	0.576008	-0.016851	-0.965492	0.0001	0.0001
0.513512	0.269469	0.57992	0.0020504	0.117479	0.0001	0.0001
0.51172	0.271984	0.579511	-0.0052796	-0.302499	0.0001	0.0001
0.501418	0.274835	0.571799	-0.012859	-0.736767	0.0001	0.0001
0.495334	0.284298	0.571123	-0.0196503	-1.12588	0.0001	0.0001
0.495032	0.295686	0.576616	-0.0173908	-0.996418	0.0001	0.0001
0.490874	0.293138	0.57174	9.6482e-05	0.00552801	0.0001	0.0001
0.49173	0.291883	0.571834	0.00265244	0.151974	0.0001	0.0001
0.486164	0.306147	0.574528	-0.0262983	-1.50678	0.0001	0.0001
0.485102	0.301943	0.571396	0.00523596	0.299998	0.0001	0.0001
0.47965	0.288596	0.559778	0.0150957	0.864922	0.0001	0.0001
0.473995	0.278954	0.549988	0.00972126	0.556987	0.0001	0.0001
0.496223	0.285149	0.572318	0.0103702	0.594167	0.0001	0.0001
0.491454	0.28481	0.568017	-0.00366598	-0.210045	0.0001	0.0001
0.494499	0.27975	0.568146	0.0103933	0.595492	0.0001	0.0001
0.494139	0.288663	0.572275	-0.0138655	-0.794437	0.0001	0.0001
0.501443	0.271415	0.570185	0.032586	1.86704	0.0001	0.0001
0.508597	0.276282	0.578794	-0.00151142	-0.0865979	0.0001	0.0001
0.492648	0.27662	0.564996	-0.0140003	-0.80216	0.0001	0.0001
0.481742	0.281271	0.557843	-0.0168422	-0.964987	0.0001	0.0001
0.491683	0.281078	0.566354	0.00914569	0.52401	0.0001	0.0001
0.50622	0.271763	0.574555	0.0266329	1.52595	0.0001	0.0001
0.487507	0.260515	0.552749	0.00191799	0.109893	0.0001	0.0001
0.488914	0.281612	0.564218	-0.0318087	-1.8225	0.0001	0.0001
0.483382	0.285276	0.561284	-0.0105762	-0.605974	0.0001	0.0001
0.486731	0.287469	0.565283	-0.00033027	-0.0189231	0.0001	0.0001
0.507972	0.284092	0.582017	0.0235579	1.34977	0.0001	0.0001
0.490913	0.291728	0.571053	-0.0262562	-1.50437	0.0001	0.0001
0.488222	0.291139	0.568438	-0.0015268	-0.0874792	0.0001	0.0001
0.487976	0.289763	0.567524	0.00185943	0.106537	0.0001	0.0001
0.512688	0.264628	0.576955	0.059364	3.4013	0.0001	0.0001
0.49605	0.267106	0.563392	-0.0174557	-1.00014	0.0001	0.0001
0.495877	0.270559	0.564886	-0.0055266	-0.316651	0.0001	0.0001
0.503364	0.281224	0.576596	-0.0100179	-0.573981	0.0001	0.0001
0.509973	0.268345	0.576265	0.0251069	1.43852	0.0001	0.0001
0.512852	0.273156	0.581061	-0.00502089	-0.287676	0.0001	0.0001
0.50963	0.266205	0.574968	0.00803735	0.460506	0.0001	0.0001
0.500401	0.264266	0.565895	-0.00451478	-0.258678	0.0001	0.0001
0.494518	0.267328	0.56215	-0.00970409	-0.556004	0.0001	0.0001
0.512231	0.237435	0.564585	0.0615349	3.52569	0.000100001	0.0001
0.524675	0.247832	0.580263	-0.00723693	-0.414645	0.0001	0.0001
0.51383	0.23413	0.564657	0.0137397	0.787226	0.0001	0.0001
0.499831	0.227904	0.549337	-0.000253003	-0.014496	0.0001	0.0001
0.495991	0.246931	0.55406	-0.0341278	-1.95538	0.0001	0.0001
0.501863	0.252903	0.561984	-0.00485763	-0.278322	0.0001	0.0001
0.5008	0.256894	0.562845	-0.00718273	-0.41154	0.000100001	0.0001
0.491579	0.260429	0.556303	-0.0132177	-0.757321	0.000100001	0.0001
0.513333	0.286805	0.588021	-0.0223203	-1.27886	0.000100006	0.0001
0.512129	0.274489	0.581051	0.0174941	1.00234	0.000100059	0.0001
0.502132	0.271549	0.570855	-0.00373456	-0.213974	0.00010003	0.0001
0.49985	0.270207	0.56821	0.000168499	0.00965426	0.000100068	0.0001
0.499262	0.269455	0.567335	0.000672348	0.0385227	0.000100116	0.0001
0.487955	0.279409	0.562289	-0.0251318	-1.43995	0.000100188	0.0001
0.488676	0.281099	0.563756	-0.00196619	-0.112654	0.000101873	0.0001
0.492171	0.275403	0.563985	0.0118448	0.678659	0.000103952	0.0001
0.495415	0.282042	0.570073	-0.00738516	-0.423139	0.000103327	0.0001
0.501075	0.260373	0.564686	0.0383178	2.19545	0.000110514	0.0001
0.498446	0.262331	0.563264	-0.0052366	-0.300035	0.000101519	0.0001
0.502855	0.25907	0.565668	0.00873092	0.500245	0.000104086	0.0001
0.508961	0.257371	0.570334	0.00755235	0.432718	0.000104303	0.0001
0.502381	0.24776	0.560153	0.0100106	0.573564	0.000104837	0.0001
0.508265	0.249326	0.566124	0.00211665	0.121275	0.000104552	0.0001
0.521954	0.258092	0.582278	-0.00316307	-0.18123	0.000107101	0.0001
0.523145	0.234145	0.573153	0.0383821	2.19913	0.000115442	0.0001
0.524577	0.22929	0.572499	0.00876385	0.502132	0.00010235	0.0001
0.519878	0.22905	0.5681	-0.00292692	-0.1677	0.00010222	0.0001
0.521844	0.216067	0.564806	0.0224404	1.28574	0.000104443	0.0001
0.512252	0.22669	0.56017	-0.0240733	-1.3793	0.000101719	0.0001
0.511359	0.219455	0.55646	0.0112411	0.644066	0.000112023	0.0001
0.520293	0.208867	0.560652	0.0236405	1.3545	0.000109569	0.0001
0.529564	0.199235	0.565803	0.0219046	1.25504	0.000103439	0.0001
0.50795	0.176502	0.537742	0.0254166	1.45627	0.000101268	0.0001
0.51714	0.182184	0.548292	-0.00428774	-0.245669	0.000100362	0.0001
0.517689	0.177075	0.547136	0.00914005	0.523686	0.000100575	0.0001
0.521994	0.179944	0.552139	-0.00239226	-0.137067	0.000100405	0.0001
0.530453	0.16692	0.556096	0.0271028	1.55288	0.000100535	0.0001
0.542638	0.173912	0.569826	-0.00528628	-0.302881	0.000100126	0.0001
0.550174	0.168708	0.57546	0.012609	0.722444	0.00010017	0.0001
0.531759	0.188218	0.564086	-0.0426511	-2.44373	0.000100083	0.0001
0.531691	0.178162	0.560747	0.0168661	0.966356	0.000100834	0.0001
0.542891	0.194695	0.576747	-0.0210123	-1.20392	0.000100346	0.0001
0.544726	0.188135	0.576299	0.0117897	0.675498	0.000101122	0.0001
0.535191	0.189621	0.56779	-0.00795558	-0.455821	0.000100621	0.0001
0.535474	0.196398	0.570354	-0.0110349	-0.632253	0.000101021	0.0001
0.539153	0.194314	0.573101	0.00562409	0.322237	0.000102063	0.0001
0.533722	0.215191	0.575471	-0.0373373	-2.13927	0.000101698	0.0001
0.536438	0.194372	0.570567	0.0356295	2.04142	0.000115367	0.0001
0.531036	0.196267	0.566145	-0.00639837	-0.3666	0.000102713	0.0001
0.530413	0.179822	0.560066	0.027159	1.5561	0.000104529	0.0001
0.531736	0.169465	0.558087	0.0183386	1.05072	0.000101171	0.0001
0.537993	0.170391	0.564331	0.00180215	0.103255	0.000100459	0.0001
0.540719	0.159148	0.563653	0.0204777	1.17329	0.000100419	0.0001
0.546859	0.164901	0.57118	-0.00662639	-0.379664	0.000100135	0.0001
0.545555	0.163654	0.569573	0.00143433	0.0821812	0.000100167	0.0001
0.538741	0.160301	0.562084	0.00223057	0.127802	0.000100132	0.0001
0.549295	0.141097	0.567127	0.0377725	2.1642	0.000100097	0.0001
0.548127	0.145062	0.566997	-0.00728534	-0.417419	0.000100012	0.0001
0.558666	0.151706	0.578897	-0.00643816	-0.36888	0.000100012	0.0001
0.557471	0.142891	0.575493	0.0142384	0.815801	0.000100011	0.0001
0.552482	0.141693	0.570363	-0.000136694	-0.00783199	0.000100004	0.0001
0.552704	0.14109	0.570428	0.00111967	0.0641526	0.000100002	0.0001
0.55367	0.148784	0.573312	-0.0125857	-0.721105	0.000100001	0.0001
0.530704	0.147747	0.550887	-0.00900141	-0.515743	0.000100002	0.0001
0.538661	0.151463	0.559551	-0.00258443	-0.148077	0.000100002	0.0001
0.522691	0.130763	0.538799	0.028965	1.65957	0.000100002	0.0001
0.535759	0.134079	0.552281	-8.21922e-05	-0.00470927	0.0001	0.0001
0.541505	0.135206	0.558129	0.000541705	0.0310374	0.0001	0.0001
0.567753	0.11844	0.579975	0.0390204	2.2357	0.0001	0.0001
0.576453	0.0998029	0.585028	0.0342284	1.96114	0.0001	0.0001
0.570156	0.103074	0.579398	-0.00741772	-0.425004	0.0001	0.0001
0.564924	0.105775	0.574741	-0.00624265	-0.357678	0.0001	0.0001
0.559666	0.0936569	0.567449	0.0192861	1.10501	0.0001	0.0001
0.548006	0.100864	0.557211	-0.016211	-0.928824	0.0001	0.0001
0.552416	0.0992005	0.561252	0.00433682	0.248482	0.0001	0.0001
0.56403	0.105477	0.573807	-0.0071891	-0.411905	0.0001	0.0001
0.562034	0.107288	0.572182	-0.00375191	-0.214969	0.0001	0.0001
0.549177	0.093429	0.557068	0.0201109	1.15227	0.0001	0.0001
0.549381	0.0958892	0.557686	-0.00428775	-0.24567	0.0001	0.0001
0.551637	0.0971897	0.560133	-0.00159473	-0.0913712	0.0001	0.0001
0.556378	0.0845117	0.56276	0.0236507	1.35509	0.0001	0.0001
0.556773	0.0833712	0.562981	0.00210832	0.120798	0.0001	0.0001
0.557675	0.0844717	0.564036	-0.00169296	-0.0969995	0.0001	0.0001
0.563425	0.0926014	0.570984	-0.0125696	-0.720184	0.0001	0.0001
0.549912	0.094861	0.558034	-0.00792296	-0.453952	0.0001	0.0001
0.547793	0.0976006	0.55642	-0.00549923	-0.315083	0.0001	0.0001
0.560598	0.101732	0.569754	-0.00319758	-0.183208	0.0001	0.0001
0.555884	0.11245	0.567143	-0.0200796	-1.15048	0.0001	0.0001
0.555088	0.112426	0.566359	-0.000235839	-0.0135126	0.0001	0.0001
0.553557	0.112435	0.564861	-0.000554985	-0.0317983	0.0001	0.0001
0.547161	0.120816	0.56034	-0.0169298	-0.970008	0.0001	0.0001
0.546413	0.119226	0.559269	0.0024883	0.142569	0.0001	0.0001
0.524951	0.124506	0.539514	-0.0180438	-1.03383	0.0001	0.0001
0.53614	0.12443	0.55039	0.00482547	0.276479	0.0001	0.0001
0.542126	0.140017	0.559916	-0.0247025	-1.41535	0.0001	0.0001
0.540332	0.13808	0.557696	0.00255865	0.1466	0.0001	0.0001
0.54674	0.135388	0.563254	0.0074473	0.426699	0.0001	0.0001
0.540835	0.147951	0.560706	-0.0242835	-1.39134	0.0001	0.0001
0.540656	0.149172	0.560858	-0.00218351	-0.125106	0.0001	0.0001
0.546172	0.148553	0.566014	0.00364704	0.20896	0.0001	0.0001
0.536131	0.171097	0.562771	-0.0433517	-2.48387	0.0001	0.0001
0.538472	0.170573	0.564843	0.00214501	0.1229	0.0001	0.0001
0.535753	0.173939	0.563282	-0.00715476	-0.409938	0.0001	0.0001
0.532211	0.166678	0.557701	0.0104209	0.597071	0.0001	0.0001
0.535867	0.168464	0.561724	-0.0010874	-0.0623036	0.0001	0.0001
0.526346	0.168928	0.552789	-0.00596691	-0.341879	0.0001	0.0001
0.526419	0.1723	0.553899	-0.00575674	-0.329837	0.0001	0.0001
0.533983	0.171785	0.560935	0.00506767	0.290356	0.0001	0.0001
0.54279	0.173755	0.569923	0.00144148	0.0825907	0.0001	0.0001
0.544785	0.17357	0.571767	0.00137238	0.0786317	0.0001	0.0001
0.534994	0.162243	0.559054	0.0139888	0.801499	0.0001	0.0001
0.536287	0.165768	0.561322	-0.00534094	-0.306013	0.0001	0.0001
0.55176	0.173553	0.578411	-0.00495865	-0.28411	0.0001	0.0001
0.541568	0.173532	0.568691	-0.00534226	-0.306089	0.0001	0.0001
0.546776	0.187473	0.578022	-0.0202203	-1.15854	0.0001	0.0001
0.550866	0.185163	0.581153	0.00604299	0.346238	0.0001	0.0001
0.546921	0.189621	0.578859	-0.00947297	-0.542761	0.0001	0.0001
0.536134	0.189488	0.568635	-0.00599273	-0.343358	0.000100001	0.0001
0.535766	0.182741	0.566074	0.0110222	0.631524	0.000100003	0.0001
0.530519	0.179851	0.560176	0.00185762	0.106434	0.000100002	0.0001
0.521384	0.167308	0.547571	0.0163398	0.9362	0.000100004	0.0001
0.524119	0.175715	0.55279	-0.0129707	-0.743166	0.000100002	0.0001
0.517423	0.178953	0.547495	-0.00949513	-0.544031	0.000100008	0.0001
0.522349	0.192209	0.55659	-0.0196164	-1.12394	0.000100026	0.0001
0.526467	0.184481	0.557854	0.015551	0.891009	0.000100163	0.0001
0.512161	0.201941	0.550535	-0.0385336	-2.20781	0.000100091	0.0001
0.523903	0.212321	0.565291	-0.00946274	-0.542175	0.000101804	0.0001
0.52382	0.224587	0.569935	-0.0200027	-1.14607	0.000105261	0.0001
0.546263	0.192319	0.579128	0.0665291	3.81183	0.000126545	0.0001
0.5514	0.185093	0.581636	0.0146528	0.839541	0.000100748	0.0001
0.534249	0.169489	0.560489	0.0166563	0.954335	0.000100405	0.0001
0.533085	0.157651	0.555908	0.0196656	1.12676	0.000100187	0.0001
0.515346	0.15976	0.539541	-0.0130725	-0.748999	0.000100069	0.0001
0.527968	0.165371	0.553261	-0.00293217	-0.168001	0.000100173	0.0001
0.529763	0.168058	0.555781	-0.00364781	-0.209004	0.000100239	0.0001
0.545148	0.180489	0.574249	-0.0125338	-0.718135	0.000100346	0.0001
0.542428	0.183709	0.572692	-0.00683004	-0.391332	0.000100853	0.0001
0.539818	0.180265	0.569122	0.00426037	0.244101	0.000101584	0.0001
0.547789	0.173391	0.574576	0.0157433	0.902022	0.000101573	0.0001
0.541266	0.179195	0.570158	-0.0131578	-0.753889	0.000100785	0.0001
0.533735	0.181058	0.563609	-0.00733741	-0.420403	0.000102117	0.0001
0.542669	0.163747	0.566835	0.0339904	1.94751	0.000104275	0.0001
0.54275	0.163211	0.566758	0.000946404	0.054225	0.000100775	0.0001
0.539615	0.166855	0.564823	-0.00777679	-0.445577	0.000100915	0.0001
0.549777	0.161691	0.57306	0.0138476	0.793409	0.000101867	0.0001
0.554639	0.139674	0.571956	0.0393399	2.25401	0.000101089	0.0001
0.569406	0.139942	0.58635	0.00570517	0.326882	0.000100134	0.0001
0.565038	0.128575	0.579482	0.0172516	0.988443	0.00010011	0.0001
0.562327	0.128741	0.576876	-0.00132273	-0.0757871	0.000100045	0.0001
0.555365	0.126562	0.569604	0.00100088	0.0573463	0.000100055	0.0001
0.538045	0.128856	0.55326	-0.0109983	-0.630159	0.000100061	0.0001
0.54947	0.118885	0.562184	0.0219837	1.25957	0.000100146	0.0001
0.568684	0.091898	0.576061	0.0528652	3.02895	0.000100048	0.0001
0.562853	0.0919964	0.570321	-0.0018014	-0.103212	0.000100002	0.0001
0.552537	0.0960947	0.56083	-0.0101792	-0.583224	0.000100003	0.0001
0.558384	0.0980092	0.56692	-0.00155967	-0.0893627	0.000100005	0.0001
0.565313	0.091111	0.572608	0.013958	0.799733	0.000100006	0.0001
0.567603	0.0930521	0.575179	-0.0026984	-0.154607	0.000100003	0.0001
0.559596	0.0903091	0.566836	0.00249023	0.14268	0.000100003	0.0001
0.563561	0.0854565	0.570003	0.00951297	0.545053	0.000100002	0.0001
0.55265	0.107586	0.563025	-0.0417787	-2.39374	0.000100001	0.0001
0.563729	0.111837	0.574716	-0.0035756	-0.204867	0.000100009	0.0001
0.557555	0.111349	0.568565	-0.00127174	-0.0728655	0.000100009	0.0001
0.554085	0.109025	0.564709	0.00283321	0.162331	0.000100009	0.0001
0.552303	0.121609	0.565533	-0.0224447	-1.28599	0.000100006	0.0001
0.561447	0.118358	0.573787	0.00896072	0.513412	0.000100018	0.0001
0.57389	0.127706	0.587927	-0.0111917	-0.641234	0.00010001	0.0001
0.568351	0.132165	0.583516	-0.00952166	-0.545551	0.000100015	0.0001
0.556263	0.140271	0.573676	-0.0185358	-1.06203	0.000100024	0.0001
0.539305	0.140019	0.557185	-0.00700481	-0.401346	0.000100072	0.0001
0.54448	0.1431	0.56297	-0.0029858	-0.171074	0.000100127	0.0001
0.545604	0.142362	0.563871	0.00177209	0.101533	0.000100187	0.0001
0.533754	0.145925	0.553342	-0.011637	-0.666753	0.000100215	0.0001
0.540886	0.147169	0.56055	0.00121348	0.0695274	0.000100574	0.0001
0.547013	0.145896	0.566135	0.00501219	0.287178	0.000100717	0.0001
0.549901	0.142725	0.568121	0.00670231	0.384014	0.000100699	0.0001
0.554005	0.129281	0.568889	0.0246895	1.4146	0.000100597	0.0001
0.555701	0.133778	0.571577	-0.00698784	-0.400374	0.000100171	0.0001
0.563957	0.145591	0.582446	-0.016401	-0.939707	0.000100286	0.0001
0.555122	0.144481	0.573616	-0.0019775	-0.113302	0.00010079	0.0001
0.554888	0.136412	0.571409	0.0135636	0.777139	0.000100967	0.0001
0.552277	0.163548	0.575984	-0.0468499	-2.6843	0.00010049	0.0001
0.55747	0.148349	0.576871	0.027824	1.5942	0.000106175	0.0001
0.561524	0.136872	0.577964	0.0209941	1.20288	0.000101557	0.0001
0.548879	0.123941	0.562698	0.0170063	0.974388	0.000100519	0.0001
0.541783	0.110812	0.553	0.0203325	1.16496	0.000100206	0.0001
0.550475	0.113642	0.562083	-0.00183313	-0.10503	0.000100067	0.0001
0.556355	0.118104	0.568752	-0.00559427	-0.320528	0.000100065	0.0001
0.55679	0.119692	0.56951	-0.00256739	-0.1471	0.000100079	0.0001
0.567202	0.124342	0.580672	-0.00406101	-0.232678	0.000100085	0.0001
0.563984	0.114133	0.575416	0.0161329	0.924345	0.000100101	0.0001
0.570269	0.115588	0.581865	-0.000308045	-0.0176497	0.000100041	0.0001
0.565059	0.105013	0.574734	0.0162332	0.930095	0.000100038	0.0001
0.577452	0.113151	0.588433	-0.00974993	-0.55863	0.000100015	0.0001
0.562908	0.109397	0.573439	0.00154837	0.0887149	0.000100022	0.0001
0.561243	0.111806	0.572271	-0.00468869	-0.268642	0.000100019	0.0001
0.583564	0.128762	0.5976	-0.0205296	-1.17626	0.000100023	0.0001
0.59309	0.127227	0.606583	0.0058539	0.335404	0.000100069	0.0001
0.570931	0.110014	0.581434	0.0209549	1.20063	0.000100048	0.0001
0.56176	0.105382	0.571559	0.0049211	0.281958	0.000100014	0.0001
0.56543	0.101881	0.574535	0.00716687	0.410632	0.00010001	0.0001
0.569662	0.113471	0.580853	-0.0183462	-1.05116	0.000100006	0.0001
0.557922	0.0996799	0.566757	0.0198197	1.13559	0.000100015	0.0001
0.549022	0.0808226	0.554939	0.0306354	1.75528	0.000100004	0.0001
0.543848	0.0781883	0.54944	0.00337177	0.193188	0.000100001	0.0001
0.548891	0.0757613	0.554095	0.0056309	0.322627	0.000100001	0.0001
0.553212	0.0888446	0.5603	-0.0220788	-1.26502	0.0001	0.0001
0.541673	0.0655601	0.545626	0.0387915	2.22259	0.000100001	0.0001
0.546397	0.0726301	0.551203	-0.0117042	-0.670604	0.0001	0.0001
0.559226	0.0849701	0.565644	-0.0186381	-1.06788	0.0001	0.0001
0.55923	0.0849613	0.565647	1.64143e-05	0.000940472	0.0001	0.0001
0.546972	0.0767548	0.552331	0.0113562	0.650663	0.0001	0.0001
0.552258	0.0769726	0.557597	0.000930616	0.0533203	0.0001	0.0001
0.567203	0.0802798	0.572856	-0.00211671	-0.121279	0.0001	0.0001
0.561312	0.0762997	0.566474	0.00549951	0.315098	0.0001	0.0001
0.555042	0.0663052	0.558988	0.0162066	0.928568	0.0001	0.0001
0.555246	0.0356114	0.556387	0.0548479	3.14255	0.0001	0.0001
0.560711	0.0362682	0.561882	-0.000544054	-0.031172	0.0001	0.0001
0.562226	0.0360584	0.563381	0.000545235	0.0312396	0.0001	0.0001
0.571113	0.0387865	0.572429	-0.00376246	-0.215573	0.0001	0.0001
0.568527	0.033942	0.569539	0.00817889	0.468616	0.0001	0.0001
0.570395	0.00485753	0.570416	0.051115	2.92867	0.0001	0.0001
0.583295	-0.00473997	0.583314	0.0166419	0.953511	0.0001	0.0001
0.568894	-0.000883566	0.568895	-0.0065729	-0.376599	0.0001	0.0001
0.562693	-0.00528987	0.562718	0.00784758	0.449633	0.0001	0.0001
0.562549	-0.00498244	0.562571	-0.000544052	-0.0311719	0.0001	0.0001
0.563557	-0.00395463	0.563571	-0.0018395	-0.105396	0.0001	0.0001
0.563842	-0.00107708	0.563843	-0.0051069	-0.292604	0.0001	0.0001
0.565476	0.000634018	0.565476	-0.00303147	-0.17369	0.0001	0.0001
0.561262	0.00121664	0.561263	-0.00104646	-0.0599578	0.0001	0.0001
0.561519	-0.00163367	0.561522	0.00507704	0.290893	0.0001	0.0001
0.56207	-0.00111639	0.562071	-0.000923161	-0.0528932	0.0001	0.0001
0.563279	-0.00182222	0.563282	0.00124881	0.0715515	0.0001	0.0001
0.563624	0.000448433	0.563624	-0.00403064	-0.230939	0.0001	0.0001
0.566883	-0.00235271	0.566888	0.00494586	0.283377	0.0001	0.0001
0.565753	-0.00346807	0.565763	0.0019797	0.113428	0.0001	0.0001
0.571041	0.00249256	0.571047	-0.0104948	-0.60131	0.0001	0.0001
0.562299	0.00471219	0.562318	-0.00401512	-0.23005	0.0001	0.0001
0.567846	0.0121553	0.567976	-0.0130227	-0.746148	0.0001	0.0001
0.585517	0.00318668	0.585526	0.0159603	0.914459	0.0001	0.0001
0.577006	0.00215594	0.57701	0.00170604	0.097749	0.0001	0.0001
0.571413	0.000368704	0.571413	0.00309116	0.17711	0.0001	0.0001
0.569366	-0.00276636	0.569373	0.00550388	0.315349	0.0001	0.0001
0.56771	-0.00713703	0.567755	0.00771233	0.441884	0.0001	0.0001
0.571566	0.00245995	0.571571	-0.0168748	-0.966855	0.0001	0.0001
0.556433	-0.00344062	0.556444	0.0104871	0.600868	0.0001	0.0001
0.560105	-0.000763063	0.560105	-0.00482091	-0.276218	0.0001	0.0001
0.561174	0.000144461	0.561174	-0.00161978	-0.0928068	0.0001	0.0001
0.557619	0.00216909	0.557623	-0.00363248	-0.208126	0.0001	0.0001
0.5754	0.00618535	0.575433	-0.00685934	-0.393011	0.0001	0.0001
0.576057	0.00396209	0.576071	0.00387142	0.221816	0.0001	0.0001
0.57474	0.00355369	0.574751	0.000694773	0.0398075	0.0001	0.0001
0.568935	0.00213064	0.568939	0.00243812	0.139694	0.0001	0.0001
0.570474	-0.00493252	0.570495	0.0123911	0.709957	0.0001	0.0001
0.562378	-0.00203764	0.562381	-0.00502289	-0.28779	0.0001	0.0001
0.560675	-0.00977856	0.56076	0.0138157	0.79158	0.0001	0.0001
0.563729	-0.013519	0.563891	0.00653787	0.374593	0.0001	0.0001
0.560343	-0.0113745	0.560458	-0.00368042	-0.210873	0.0001	0.0001
0.558519	-0.0122149	0.558653	0.00157032	0.0899725	0.0001	0.0001
0.563166	0.00290922	0.563173	-0.0270325	-1.54885	0.0001	0.0001
0.559592	0.00313022	0.559601	-0.00042791	-0.0245175	0.0001	0.0001
0.587303	0.00336352	0.587312	-0.000133316	-0.00763844	0.0001	0.0001
0.576768	-0.0101556	0.576857	0.0233329	1.33688	0.0001	0.0001
0.575514	-0.0138434	0.57568	0.00644342	0.369181	0.0001	0.000100002
0.585174	0.00252027	0.585179	-0.0283562	-1.62469	0.0001	0.000100011
0.575677	-0.00106475	0.575678	0.0061564	0.352736	0.0001	0.000100003
0.556171	-0.000821808	0.556171	-0.000371943	-0.0213107	0.0001	0.000100017
0.564182	0.00695744	0.564225	-0.0138089	-0.791192	0.0001	0.000100049
0.563532	0.0107539	0.563634	-0.00674942	-0.386713	0.0001	0.000100044
0.563153	0.0186533	0.563461	-0.0140302	-0.803873	0.0001	0.000100067
0.576441	0.0156207	0.576652	0.00601902	0.344864	0.0001	0.000100055
0.563335	0.0169891	0.563591	-0.00305701	-0.175154	0.0001	0.000100198
0.574308	0.00850675	0.574371	0.0153379	0.878794	0.0001	0.000100344
0.569805	0.00924209	0.56988	-0.00140723	-0.0806283	0.0001	0.000102108
0.593058	-0.0137104	0.593217	0.0393324	2.25358	0.0001	0.000103828
0.58228	0.0707998	0.586568	-0.144111	-8.25694	0.0001	0.000174214
0.580575	0.0736427	0.585227	-0.00517389	-0.296442	0.0001	0.000100014
0.579625	0.068951	0.583712	0.00776922	0.445144	0.0001	0.000100014
0.585046	0.0736497	0.589664	-0.00682683	-0.391148	0.0001	0.000100033
0.568505	0.0697066	0.572762	0.00322325	0.184679	0.0001	0.00010003
0.58842	0.05996	0.591467	0.0204555	1.17201	0.0001	0.000100053
0.572131	0.0546339	0.574734	0.00634629	0.363616	0.0001	0.000100288
0.588191	0.0470818	0.590073	0.0153285	0.878256	0.0001	0.000100661
0.570045	0.0611325	0.573313	-0.0269584	-1.5446	0.0001	0.000102685
0.587944	0.0830408	0.59378	-0.033478	-1.91815	0.0001	0.000100767
0.575519	0.0805833	0.581134	0.00119721	0.0685951	0.0001	0.000100133
0.554771	0.0903628	0.562082	-0.0223512	-1.28063	0.0001	0.000100188
0.575708	0.0926207	0.583111	0.00195064	0.111764	0.0001	0.000100062
0.604671	0.101537	0.613137	-0.00685396	-0.392703	0.0001	0.000100083
0.574842	0.0907424	0.58196	0.00980407	0.561732	0.0001	0.000100062
0.553149	0.0861629	0.559819	0.0020383	0.116786	0.0001	0.000100122
0.562483	0.0868502	0.569148	0.00133084	0.0762512	0.0001	0.000100156
0.561519	0.0830051	0.567621	0.00643567	0.368736	0.0001	0.000100187
0.570825	0.0812693	0.576581	0.00533819	0.305856	0.0001	0.0001003
0.549678	0.0830374	0.555915	-0.00851042	-0.487611	0.0001	0.000100459
0.527863	0.0873889	0.535047	-0.0141324	-0.809728	0.0001	0.000100326
0.54891	0.0626049	0.552468	0.0505019	2.89354	0.0001	0.000100168
0.561187	0.0553423	0.563909	0.0152638	0.874552	0.0001	0.000103397
0.559647	0.0731495	0.564407	-0.0316711	-1.81462	0.0001	0.000110019
0.561541	0.086469	0.568159	-0.0228156	-1.30724	0.0001	0.000102226
0.556826	0.0817753	0.562799	0.006968	0.399237	0.0001	0.00010073
0.550499	0.0892524	0.557687	-0.0149141	-0.854514	0.0001	0.000101176
0.552756	0.0829703	0.558948	0.0117406	0.672687	0.0001	0.000100568
0.55794	0.0910441	0.56532	-0.0127626	-0.73124	0.0001	0.000101094
0.558605	0.103137	0.568046	-0.0208231	-1.19308	0.0001	0.000100565
0.554436	0.103039	0.563929	-0.00117243	-0.0671752	0.0001	0.000100182
0.55754	0.0938227	0.565379	0.017031	0.975807	0.0001	0.000100152
0.555913	0.0949265	0.56396	-0.00240869	-0.138008	0.0001	0.000100309
0.557888	0.0948246	0.565889	0.000764684	0.0438132	0.0001	0.000100235
0.55273	0.0830447	0.558934	0.0192327	1.10195	0.0001	0.000100198
0.562584	0.0760968	0.567708	0.0146822	0.841227	0.0001	0.00010039
0.551292	0.074063	0.556245	0.000902183	0.0516913	0.0001	0.000100601
0.547425	0.0812853	0.553427	-0.0138648	-0.794392	0.0001	0.000100491
0.554854	0.0811224	0.560753	0.0022332	0.127953	0.0001	0.000100199
0.554958	0.085182	0.561457	-0.00712776	-0.408391	0.0001	0.000100161
0.557114	0.087641	0.563965	-0.0037298	-0.213702	0.0001	0.000100085
0.545263	0.0705268	0.549805	0.0274034	1.5701	0.0001	0.000100051
0.553136	0.0553633	0.5559	0.0288728	1.65429	0.0001	0.000100143
0.540404	0.0481455	0.542544	0.0109006	0.624559	0.0001	0.000100498
0.551632	0.0527291	0.554147	-0.0064408	-0.369031	0.0001	0.000100782
0.541433	0.0564045	0.544363	-0.0085041	-0.487249	0.0001	0.000100509
