0	0
0	0
0	0
0	0
0	0
0	0
0	0
0	0
0	0
0	0
0	0
0	0
0	0
0	0
0	0
0	0
0	0
0	0
0	0
0	0
0	0
0	0
0	0
0	0
0	0
0	0
0	0
0	0
0	0
0	0
0	0
0	0
0	0
0	0
0	0
0	0
0	0
0	0
0	0
0	0
0	0
0	0
0	0
0	0
0	0
0	0
0	0
0	0
0	0
0	0
0	0
0	0
0	0
0	0
0	0
0	0
0	0
0	0
0	0
0	0
0	0
0	0
0	0
0	0
0	0
0	0
0	0
0	0
0	0
0	0
0	0
0	0
0	0
0	0
0	0
0	0
0	0
0	0
0	0
0	0
0	0
0	0
0	0
0	0
0	0
0	0
0	0
0	0
0	0
0	0
0	0
0	0
0	0
0	0
0	0
0	0
0	0
0	0
0	0
0	0
0	0
0	0
0	0
0	0
0	0
0	0
0	0
0	0
0	0
0	0
0	0
0	0
0	0
0	0
0	0
0	0
0	0
0	0
0	0
0	0
0	0
0	0
0	0
0	0
0	0
0	0
0.00832586	-0.00686817
0.019393	-0.0143016
0.0306749	-0.0198297
0.045195	-0.0218877
0.0596847	-0.0296364
0.0743652	-0.0363888
0.0903987	-0.0409638
0.107252	-0.046904
0.119563	-0.0559027
0.132649	-0.0653055
0.145331	-0.0758929
0.157988	-0.0865345
0.173207	-0.0976736
0.187671	-0.107531
0.199719	-0.118317
0.211761	-0.129564
0.22343	-0.141184
0.234837	-0.152264
0.246402	-0.163384
0.257001	-0.174132
0.267727	-0.185232
0.277374	-0.197657
0.286841	-0.210008
0.29776	-0.222453
0.308163	-0.234411
0.31929	-0.247479
0.330292	-0.260778
0.341094	-0.273563
0.351699	-0.286433
0.361805	-0.298087
0.37373	-0.310765
0.385665	-0.323374
0.397581	-0.335718
0.408651	-0.347636
0.419755	-0.359561
0.429664	-0.371269
0.439475	-0.382698
0.449625	-0.394696
0.461948	-0.405353
0.47488	-0.416713
0.487146	-0.427603
0.499369	-0.438475
0.512922	-0.448571
0.526343	-0.458407
0.542239	-0.469486
0.558556	-0.479842
0.573199	-0.489979
0.589016	-0.498264
0.604245	-0.506833
0.618656	-0.513351
0.631538	-0.522217
0.644387	-0.531221
0.65666	-0.540535
0.669	-0.550649
0.682506	-0.560168
0.696108	-0.569931
0.708782	-0.580481
0.720832	-0.590521
0.733255	-0.601034
0.745267	-0.613953
0.757392	-0.627536
0.768811	-0.640113
0.780168	-0.652913
0.79013	-0.664055
0.800573	-0.67576
0.810738	-0.687832
0.821696	-0.699748
0.833536	-0.711239
0.845517	-0.7218
0.858133	-0.73276
0.870564	-0.741724
0.883468	-0.750924
0.896697	-0.760281
0.911697	-0.767614
0.92644	-0.774943
0.940912	-0.782288
0.956575	-0.789152
0.973236	-0.795446
0.989994	-0.802228
1.00513	-0.80775
1.01773	-0.813326
1.03307	-0.818956
1.04884	-0.826471
1.06549	-0.833676
1.07745	-0.84008
1.09045	-0.847049
1.10318	-0.853722
1.11684	-0.86088
1.13224	-0.86704
1.14802	-0.873169
1.16669	-0.879656
1.1837	-0.885897
1.1993	-0.892018
1.21512	-0.899152
1.23028	-0.906179
1.24574	-0.91413
1.26064	-0.922842
1.27579	-0.931041
1.29038	-0.939668
1.30426	-0.948438
1.31868	-0.957741
1.33227	-0.968236
1.34646	-0.979522
1.35827	-0.989683
1.36992	-1.00021
1.38143	-1.00969
1.39195	-1.01861
1.40308	-1.02858
1.41523	-1.03909
1.4302	-1.04962
1.44227	-1.05893
1.45484	-1.06959
1.46793	-1.07816
1.48142	-1.08623
1.4948	-1.09394
1.51049	-1.10182
1.52636	-1.10933
1.54216	-1.11674
1.55719	-1.12394
1.57294	-1.12983
1.58822	-1.1358
1.60344	-1.14343
1.61841	-1.1509
1.63306	-1.15773
1.64756	-1.16495
1.66392	-1.16994
1.67902	-1.17433
1.69301	-1.17842
1.7078	-1.18293
1.72265	-1.1874
1.73893	-1.19166
1.75494	-1.1958
1.76992	-1.19901
1.7861	-1.20263
1.80236	-1.20619
1.81837	-1.20984
1.83576	-1.21344
1.85359	-1.21689
1.86934	-1.22159
1.88416	-1.22543
1.8991	-1.23053
1.91389	-1.2362
1.92893	-1.24426
1.94335	-1.25142
1.95761	-1.25881
1.97079	-1.26331
1.98518	-1.26782
1.99943	-1.27207
2.01466	-1.27612
2.0308	-1.27879
2.04705	-1.28154
2.06249	-1.28583
2.07796	-1.28994
2.09321	-1.29333
2.10906	-1.29509
2.12604	-1.29751
2.14244	-1.29977
2.15798	-1.30364
2.17341	-1.30713
2.18856	-1.3105
2.20418	-1.31435
2.22019	-1.31715
2.23733	-1.32098
2.255	-1.32431
2.27062	-1.32717
2.28635	-1.32999
2.30154	-1.33357
2.31711	-1.33722
2.33276	-1.34131
2.34991	-1.34456
2.36631	-1.34804
2.38246	-1.35158
2.39855	-1.35519
2.41377	-1.35904
2.42953	-1.36284
2.4451	-1.36545
2.4617	-1.36827
2.4771	-1.37082
2.49458	-1.37208
2.51193	-1.37335
2.52895	-1.37434
2.54378	-1.37578
2.55967	-1.37638
2.57493	-1.37699
2.59089	-1.37685
2.60643	-1.3796
2.62208	-1.38181
2.63633	-1.38497
2.65114	-1.38889
2.66826	-1.39359
2.68438	-1.39938
2.69959	-1.40556
2.71399	-1.41156
2.72876	-1.41763
2.74394	-1.42415
2.75831	-1.4324
2.7727	-1.44018
2.78791	-1.4486
2.80287	-1.45631
2.81845	-1.46363
2.83408	-1.47088
2.8479	-1.4758
2.86177	-1.48143
2.87545	-1.48713
2.89003	-1.49304
2.90494	-1.49912
2.91959	-1.50617
2.93257	-1.51426
2.94568	-1.52287
2.95915	-1.5324
2.97254	-1.54106
2.98553	-1.54983
2.99843	-1.55858
3.01135	-1.56717
3.02626	-1.57583
3.04165	-1.58459
3.05739	-1.59389
3.07178	-1.60057
3.08576	-1.60696
3.10074	-1.61196
3.1138	-1.61805
3.1275	-1.6247
3.14244	-1.63129
3.15757	-1.63909
3.17237	-1.64665
3.18629	-1.6535
3.20002	-1.66062
3.21472	-1.66891
3.22895	-1.67754
3.24296	-1.68651
3.2557	-1.69668
3.26924	-1.70871
3.28215	-1.72032
3.29333	-1.73187
3.30233	-1.7454
3.31137	-1.75903
3.32063	-1.77379
3.327	-1.7878
3.33329	-1.80221
3.3386	-1.81807
3.34379	-1.83392
3.34898	-1.84961
3.35479	-1.86471
3.3585	-1.87826
3.36486	-1.89189
3.37255	-1.90529
3.38043	-1.92053
3.38839	-1.93484
3.39554	-1.94973
3.40199	-1.96402
3.40887	-1.9778
3.41585	-1.99179
3.42277	-2.00569
3.42935	-2.02077
3.43746	-2.03432
3.4458	-2.04818
3.45184	-2.06073
3.45739	-2.07431
3.46346	-2.08892
3.46942	-2.10381
3.47839	-2.11918
3.48738	-2.13343
3.49625	-2.14649
3.50527	-2.15968
3.51561	-2.17237
3.52627	-2.18457
3.53711	-2.19653
3.54758	-2.20877
3.55778	-2.22107
3.56889	-2.23398
3.57984	-2.24668
3.59116	-2.25783
3.60357	-2.26975
3.61746	-2.28097
3.63137	-2.29202
3.64461	-2.30235
3.65678	-2.31352
3.66908	-2.32465
3.68182	-2.33599
3.69469	-2.34908
3.70822	-2.36225
3.72131	-2.37512
3.73395	-2.38703
3.74717	-2.39967
3.7602	-2.4133
3.77217	-2.42653
3.78303	-2.44072
3.79345	-2.45428
3.80292	-2.46738
3.81094	-2.48015
3.81935	-2.49298
3.82817	-2.50629
3.83657	-2.51956
3.84445	-2.53363
3.85302	-2.54777
3.86056	-2.56103
3.86948	-2.57524
3.87762	-2.58928
3.88597	-2.60284
3.89445	-2.61601
3.90211	-2.62966
3.90992	-2.6436
3.91852	-2.65712
3.92765	-2.67061
3.93812	-2.68441
3.94824	-2.69715
3.9575	-2.71001
3.96889	-2.72446
3.97942	-2.73822
3.98955	-2.75119
3.99945	-2.76343
4.00918	-2.77709
4.01847	-2.79013
4.02576	-2.80521
4.03471	-2.81835
4.04395	-2.82997
4.05206	-2.84316
4.06032	-2.85657
4.06869	-2.8705
4.07616	-2.88462
4.08252	-2.89719
4.09007	-2.911
4.09644	-2.925
4.10301	-2.93899
4.10851	-2.95375
4.11652	-2.96986
4.12493	-2.98675
4.13308	-3.00207
4.14064	-3.01707
4.14782	-3.0325
4.15552	-3.04757
4.16238	-3.06313
4.16958	-3.07774
4.17575	-3.0926
4.18198	-3.10783
4.18767	-3.12155
4.19395	-3.13661
4.19947	-3.15169
4.20489	-3.16702
4.21058	-3.18249
4.21581	-3.19904
4.22054	-3.21503
4.22484	-3.23099
4.22912	-3.24736
4.23506	-3.26195
4.24075	-3.2765
4.24668	-3.29079
4.24954	-3.30585
4.2534	-3.32189
4.25758	-3.33534
4.26043	-3.35134
4.26439	-3.36512
4.26865	-3.37959
4.27325	-3.39457
4.27578	-3.41059
4.27839	-3.42606
4.28036	-3.44173
4.2843	-3.45717
4.28725	-3.47371
4.28997	-3.48992
4.29297	-3.50684
4.29632	-3.5246
4.29948	-3.54158
4.30175	-3.55864
4.3043	-3.57506
4.30664	-3.59107
4.30934	-3.60821
4.31325	-3.62572
4.31692	-3.64202
4.31991	-3.65805
4.32268	-3.67499
4.32492	-3.69164
4.32716	-3.70857
4.32818	-3.72528
4.32887	-3.74269
4.33215	-3.75948
4.33552	-3.77594
4.3383	-3.79189
4.33997	-3.8068
4.344	-3.8221
4.34779	-3.8386
4.35143	-3.85555
4.35521	-3.87098
4.36066	-3.88869
4.36609	-3.90543
4.37148	-3.92191
4.37673	-3.93748
4.38072	-3.95377
4.38626	-3.96983
4.39244	-3.98594
4.39844	-4.00167
4.40397	-4.01666
4.40933	-4.03287
4.41546	-4.0486
4.42009	-4.06255
4.42602	-4.07651
4.43202	-4.08899
4.43852	-4.1031
4.44503	-4.11724
4.45264	-4.13136
4.46075	-4.14487
4.46813	-4.15836
4.47761	-4.17213
4.48495	-4.18608
4.49357	-4.20025
4.50112	-4.21499
4.50788	-4.22864
4.51847	-4.24026
4.52955	-4.25141
4.54032	-4.26249
4.55076	-4.2744
4.56209	-4.28605
4.57368	-4.29806
4.58666	-4.3088
4.59833	-4.31965
4.61015	-4.33095
4.62189	-4.34394
4.63292	-4.35633
4.6435	-4.36798
4.65437	-4.37962
4.66455	-4.39243
4.6746	-4.40509
4.68482	-4.4192
4.69376	-4.43403
4.70239	-4.44856
4.71373	-4.4636
4.72316	-4.4795
4.73241	-4.49387
4.74193	-4.50771
4.75192	-4.52158
4.76186	-4.53511
4.77119	-4.54931
4.78051	-4.56312
4.78995	-4.57691
4.79909	-4.59103
4.81033	-4.60565
4.82108	-4.61905
4.83146	-4.63087
4.84124	-4.63879
4.85192	-4.64698
4.86383	-4.65612
4.87656	-4.66487
4.8888	-4.67486
4.90167	-4.68495
4.91509	-4.69504
4.92832	-4.705
4.93788	-4.71227
4.94978	-4.71972
4.96186	-4.73034
4.975	-4.74135
4.98931	-4.75556
5.00405	-4.76895
5.01797	-4.78104
5.02996	-4.79367
5.04063	-4.80744
5.04796	-4.82182
5.05538	-4.83724
5.06416	-4.85208
5.07265	-4.86646
5.08165	-4.88053
5.08929	-4.89648
5.097	-4.91158
5.10445	-4.9264
5.112	-4.94107
5.11951	-4.95499
5.12706	-4.96873
5.13446	-4.9826
5.14032	-4.99613
5.14492	-5.0116
5.15709	-5.02462
5.16849	-5.03621
5.18073	-5.04828
5.19242	-5.05921
5.204	-5.06948
5.21672	-5.08035
5.22935	-5.0911
5.24175	-5.10177
5.25271	-5.11212
5.26404	-5.12132
5.27802	-5.13038
5.29185	-5.14049
5.30554	-5.15026
5.31911	-5.15991
5.33293	-5.17048
5.34712	-5.18012
5.36215	-5.19151
5.37705	-5.2024
5.39101	-5.21388
5.40388	-5.2238
5.4161	-5.23473
5.42867	-5.24478
5.43969	-5.25848
5.45083	-5.27105
5.46209	-5.28337
5.47266	-5.29442
5.48338	-5.30485
5.49669	-5.31464
5.50465	-5.32977
5.51214	-5.34398
5.52152	-5.35891
5.52931	-5.37311
5.53713	-5.38764
5.5446	-5.40085
5.55235	-5.41454
5.56137	-5.42868
5.57146	-5.4426
5.58225	-5.45468
5.59332	-5.46779
5.6039	-5.48078
5.61279	-5.49373
5.62246	-5.50694
5.63204	-5.52015
5.63933	-5.53401
5.64677	-5.54812
5.65409	-5.56087
5.6611	-5.57399
5.66922	-5.58895
5.67652	-5.60173
5.68382	-5.61491
5.69106	-5.62836
5.69893	-5.64186
5.70704	-5.65568
5.71543	-5.66981
5.72219	-5.68454
5.72957	-5.69839
5.73708	-5.7123
5.74469	-5.72642
5.7521	-5.74091
5.75965	-5.75559
5.76992	-5.77231
5.77986	-5.78918
5.78807	-5.80452
5.79613	-5.81928
5.80411	-5.83388
5.81213	-5.84846
5.82042	-5.8632
5.82818	-5.87695
5.83534	-5.88971
5.84279	-5.90278
5.85031	-5.91595
5.85783	-5.93022
5.86586	-5.94511
5.87323	-5.95923
5.88226	-5.97218
5.89084	-5.9858
5.89867	-6.00024
5.90915	-6.01564
5.9186	-6.03048
5.92627	-6.04565
5.93294	-6.06087
5.93827	-6.0766
5.94407	-6.09307
5.94963	-6.10909
5.95375	-6.12542
5.95817	-6.1411
5.96226	-6.15663
5.96628	-6.17236
5.97039	-6.18844
5.97495	-6.20436
5.98074	-6.2188
5.98739	-6.23337
5.99385	-6.24915
5.99991	-6.26542
6.00495	-6.28092
6.00833	-6.29617
6.01156	-6.31289
6.01438	-6.32917
6.01796	-6.34546
6.02163	-6.36199
6.02489	-6.37846
6.02811	-6.39534
6.03258	-6.41041
6.03722	-6.42579
6.0418	-6.44171
6.0455	-6.45754
6.04936	-6.47404
6.05327	-6.49044
6.05682	-6.50786
6.06101	-6.52357
6.066	-6.53985
6.07287	-6.55475
6.07975	-6.56953
6.08619	-6.58397
6.09245	-6.5986
6.09728	-6.61397
6.10174	-6.62859
6.10622	-6.64372
6.10999	-6.65859
6.114	-6.67387
6.11727	-6.68881
6.11808	-6.70531
6.11921	-6.72275
6.12012	-6.73996
6.12182	-6.75738
6.12472	-6.77392
6.12828	-6.79074
6.13167	-6.80597
6.13454	-6.82074
6.13727	-6.83631
6.14035	-6.85194
6.14366	-6.8678
6.14734	-6.88389
6.15102	-6.89934
6.15518	-6.91501
6.15894	-6.93041
6.16218	-6.94727
6.17004	-6.96334
6.17634	-6.97717
6.18388	-6.99155
6.19105	-7.00645
6.19766	-7.02237
6.20403	-7.0377
6.21025	-7.05376
6.21592	-7.06988
6.22294	-7.08353
6.22937	-7.09799
6.23575	-7.11067
6.2426	-7.12433
6.24903	-7.1376
6.25585	-7.15106
6.2622	-7.16577
6.26736	-7.18043
6.27262	-7.19404
6.27854	-7.20846
6.28421	-7.22178
6.29136	-7.23613
6.2991	-7.25085
6.30642	-7.26568
6.31335	-7.27885
6.31929	-7.2949
6.32542	-7.30953
6.3314	-7.32465
6.33781	-7.34066
6.34445	-7.35485
6.35124	-7.36935
6.3586	-7.38371
6.36683	-7.39731
6.37552	-7.41212
6.38394	-7.42666
6.39146	-7.44188
6.399	-7.45744
6.40595	-7.47122
6.4135	-7.48591
6.4204	-7.50041
6.4272	-7.51556
6.43395	-7.53115
6.44031	-7.54563
6.44694	-7.56037
6.45311	-7.57394
6.46025	-7.58792
6.46635	-7.60163
6.47272	-7.61595
6.47921	-7.63002
6.48432	-7.64418
6.49595	-7.65551
6.50775	-7.66684
6.51983	-7.67829
6.53147	-7.68912
6.54144	-7.70026
6.55186	-7.71228
6.56245	-7.72368
6.57302	-7.73421
6.58456	-7.74546
6.59521	-7.75527
6.60822	-7.76505
6.62078	-7.77562
6.63356	-7.78668
6.64461	-7.79749
6.65733	-7.80895
6.66955	-7.82147
6.68124	-7.8336
6.69219	-7.84528
6.70323	-7.85733
6.71451	-7.86985
6.72591	-7.88223
6.73676	-7.8941
6.74694	-7.90384
6.75858	-7.91568
6.77101	-7.92879
6.78262	-7.94113
6.79532	-7.95081
6.80819	-7.96063
6.82036	-7.96995
6.83239	-7.97927
6.84456	-7.98859
6.85773	-7.99725
6.87041	-8.00886
6.88257	-8.02011
6.8952	-8.03059
6.90839	-8.04201
6.92109	-8.05295
6.93295	-8.06101
6.94595	-8.0693
6.9601	-8.07613
6.97459	-8.08319
6.98906	-8.09049
7.00364	-8.09787
7.01769	-8.10551
7.03227	-8.11142
7.04678	-8.1175
7.06157	-8.12132
7.07529	-8.12727
7.09205	-8.13643
7.10728	-8.14476
7.12203	-8.15288
7.13349	-8.16052
7.14649	-8.16863
7.1576	-8.17636
7.16941	-8.18313
7.1823	-8.19068
7.19611	-8.19862
7.21032	-8.2076
7.22484	-8.216
7.23774	-8.22312
7.25253	-8.23026
7.26812	-8.23811
7.2836	-8.24445
7.29991	-8.24979
7.3161	-8.2545
7.33076	-8.25953
7.34433	-8.26274
7.35934	-8.26637
7.37275	-8.27025
7.38676	-8.27496
7.39969	-8.27885
7.41287	-8.28277
7.42729	-8.2871
7.44256	-8.2916
7.45775	-8.29616
7.47266	-8.30057
7.48786	-8.30521
7.50376	-8.31038
7.52021	-8.31561
7.53668	-8.32061
7.55291	-8.32548
7.57104	-8.33054
7.58723	-8.33379
7.60302	-8.33647
7.61864	-8.33893
7.6338	-8.34232
7.65149	-8.34507
7.67016	-8.34952
7.68718	-8.3532
7.70272	-8.35749
7.71947	-8.36207
7.73514	-8.36729
7.74919	-8.37141
7.7639	-8.37582
7.78136	-8.37921
7.79638	-8.3815
7.81201	-8.38354
7.82811	-8.38537
7.84425	-8.38753
7.86087	-8.39009
7.87726	-8.39263
7.89301	-8.39576
7.90838	-8.40035
7.92374	-8.40506
7.93938	-8.40994
7.9548	-8.41544
7.97145	-8.42114
7.98755	-8.42379
8.00253	-8.42621
8.01893	-8.42616
8.03573	-8.42589
8.05155	-8.42637
8.06855	-8.42571
8.08496	-8.42396
8.10107	-8.42299
8.11703	-8.42239
8.13324	-8.42182
8.14528	-8.42206
8.15805	-8.42263
8.17284	-8.42306
8.18667	-8.42225
8.20158	-8.42069
8.21698	-8.41916
8.23474	-8.41796
8.25147	-8.41584
8.26727	-8.41473
8.28301	-8.41345
8.29849	-8.41109
8.317	-8.40889
8.33505	-8.40578
8.3508	-8.40386
8.36707	-8.40149
8.38254	-8.39869
8.39816	-8.39544
8.41394	-8.39093
8.42965	-8.38634
8.44471	-8.3811
8.46331	-8.37732
8.47975	-8.3742
8.49576	-8.37044
8.51111	-8.36795
8.52686	-8.36547
8.54267	-8.36261
8.55843	-8.36039
8.57267	-8.35872
8.58796	-8.35661
8.60373	-8.35358
8.62021	-8.3506
8.63643	-8.34741
8.65262	-8.34402
8.66824	-8.34101
8.68293	-8.33851
8.69979	-8.33544
8.71558	-8.33244
8.73129	-8.32945
8.74685	-8.32708
8.76242	-8.32466
8.77823	-8.32255
8.79423	-8.32048
8.81076	-8.3185
8.82733	-8.31616
8.84683	-8.31304
8.86579	-8.31048
8.88334	-8.30797
8.90035	-8.30492
8.91477	-8.30288
8.92964	-8.30075
8.94462	-8.29743
8.96035	-8.29468
8.97675	-8.29035
8.99286	-8.28593
9.0101	-8.28222
9.02648	-8.27733
9.04235	-8.27224
9.05607	-8.26502
9.07015	-8.25566
9.08336	-8.24527
9.09732	-8.23546
9.11101	-8.2261
9.12562	-8.2164
9.13962	-8.20702
9.15341	-8.19787
9.1666	-8.18748
9.1796	-8.1772
9.19185	-8.16706
9.20438	-8.15756
9.21712	-8.14683
9.23007	-8.13606
9.24253	-8.12533
9.25545	-8.11448
9.26846	-8.10313
9.2814	-8.09211
9.29445	-8.0809
9.30711	-8.06993
9.3185	-8.05958
9.33023	-8.04855
9.34231	-8.03748
9.35347	-8.02565
9.36432	-8.01409
9.37612	-8.00299
9.38769	-7.99188
9.3993	-7.98079
9.41113	-7.96901
9.42278	-7.95752
9.43439	-7.94503
9.44606	-7.93237
9.45739	-7.91849
9.46918	-7.90493
9.47946	-7.89098
9.4902	-7.87687
9.49996	-7.86193
9.50927	-7.84767
9.5172	-7.8343
9.52745	-7.82162
9.53619	-7.80908
9.54505	-7.79734
9.55423	-7.78539
9.56373	-7.77328
9.57498	-7.76109
9.58553	-7.74868
