0	0
0	0
0	0
0	0
0	0
0	0
0	0
0	0
0	0
0	0
0	0
0	0
0	0
0	0
0	0
0	0
0	0
0	0
0	0
0	0
0	0
0	0
0	0
0	0
0	0
0	0
0	0
0	0
0	0
0	0
0	0
0.0103029	0.00347337
0.0230066	0.00892714
0.0367757	0.014907
0.0516302	0.0203683
0.0672072	0.0270269
0.0837371	0.0327209
0.0996147	0.0396758
0.114207	0.0458792
0.128999	0.0523492
0.142682	0.0588028
0.157265	0.06505
0.172654	0.0711167
0.189786	0.0781431
0.205643	0.0851384
0.220907	0.0923925
0.235988	0.0995197
0.251012	0.107584
0.265421	0.114903
0.279768	0.122253
0.293888	0.129706
0.308394	0.135469
0.323917	0.141097
0.339334	0.14708
0.354302	0.151828
0.370346	0.156523
0.388836	0.159698
0.405297	0.163402
0.422784	0.167508
0.439423	0.171605
0.456856	0.175613
0.473579	0.179578
0.489838	0.183478
0.505933	0.185904
0.522724	0.186957
0.541353	0.185961
0.558949	0.185745
0.57618	0.185588
0.59287	0.185803
0.608965	0.18674
0.625776	0.188408
0.642483	0.190732
0.657368	0.194139
0.672681	0.197887
0.687719	0.20383
0.702209	0.209481
0.714896	0.214685
0.728716	0.220443
0.743542	0.226622
0.759145	0.233906
0.775868	0.24038
0.791576	0.246787
0.805856	0.25259
0.819963	0.257822
0.834738	0.263831
0.849022	0.269744
0.863809	0.275786
0.879711	0.280897
0.895477	0.285284
0.910599	0.290318
0.926138	0.294086
0.942268	0.297647
0.959187	0.299868
0.975025	0.30336
0.991363	0.307062
1.00493	0.312113
1.01887	0.3184
1.03275	0.324479
1.0464	0.331382
1.06017	0.338604
1.07429	0.346346
1.08814	0.354579
1.10178	0.362886
1.11571	0.371241
1.12833	0.37905
1.14163	0.387269
1.15542	0.3959
1.16901	0.404863
1.183	0.413938
1.19688	0.4229
1.21073	0.431714
1.22453	0.440273
1.23831	0.448358
1.25175	0.456675
1.26726	0.465703
1.28219	0.474201
1.29606	0.483118
1.30967	0.491335
1.32315	0.499514
1.33691	0.507862
1.35228	0.515293
1.36703	0.522658
1.38295	0.527737
1.39931	0.532515
1.41526	0.537203
1.4311	0.54179
1.44758	0.546826
1.46381	0.550715
1.47825	0.554481
1.49371	0.559688
1.50926	0.563983
1.52506	0.568203
1.54132	0.572425
1.55775	0.576224
1.57582	0.577316
1.59253	0.577439
1.60877	0.577141
1.62543	0.578087
1.64145	0.577846
1.65708	0.578349
1.67344	0.579683
1.69068	0.580597
1.70799	0.58051
1.72632	0.580556
1.74343	0.580535
1.76137	0.57891
1.77795	0.575454
1.79565	0.573486
1.81127	0.572069
1.82706	0.57078
1.84363	0.568886
1.85971	0.567076
1.8758	0.565261
1.89198	0.563381
1.90805	0.561988
1.92417	0.561105
1.9393	0.560707
1.95568	0.559718
1.9721	0.558387
1.98872	0.556607
2.0049	0.553978
2.01904	0.553671
2.03439	0.553505
2.0513	0.553391
2.06881	0.552995
2.08523	0.55259
2.1019	0.552026
2.11801	0.553385
2.13366	0.552455
2.1517	0.551375
2.16903	0.55037
2.18515	0.551652
2.20151	0.551925
2.21928	0.552041
2.23524	0.552205
2.25073	0.553378
2.26488	0.555959
2.27901	0.560379
2.29389	0.565078
2.30907	0.569858
2.32379	0.574019
2.33901	0.579983
2.35367	0.584378
2.36912	0.591001
2.38445	0.597668
2.39919	0.60443
2.41389	0.611411
2.42914	0.616471
2.4442	0.62131
2.46027	0.626643
2.47483	0.631336
2.48988	0.636247
2.50507	0.641435
2.52064	0.646631
2.53614	0.651665
2.5517	0.656579
2.56777	0.661245
2.58373	0.665744
2.59949	0.67049
2.61482	0.675324
2.63045	0.680298
2.64535	0.685747
2.66203	0.692641
2.67735	0.69914
2.69286	0.705572
2.70722	0.711847
2.72231	0.718314
2.73743	0.724478
2.7538	0.732751
2.76959	0.740441
2.78487	0.747817
2.80035	0.75571
2.81435	0.762796
2.82866	0.770841
2.8429	0.778926
2.85715	0.787006
2.87195	0.795736
2.88547	0.804215
2.90102	0.813948
2.91702	0.825038
2.93249	0.834868
2.94734	0.843855
2.96186	0.853821
2.97668	0.864288
2.99002	0.875801
3.00298	0.885986
3.01515	0.897223
3.02874	0.909381
3.04265	0.922497
3.05562	0.934835
3.06866	0.947943
3.08115	0.960383
3.09375	0.971554
3.1081	0.982092
3.12244	0.992382
3.13586	1.00308
3.15009	1.01364
3.16407	1.02302
3.17776	1.03166
3.19067	1.04052
3.20397	1.04959
3.21719	1.05942
3.23037	1.06922
3.24498	1.07892
3.25888	1.08849
3.27203	1.09923
3.28489	1.10975
3.29907	1.11933
3.31346	1.12818
3.32792	1.13813
3.3424	1.14778
3.35655	1.15891
3.36929	1.16923
3.38254	1.17846
3.39597	1.18688
3.40962	1.19561
3.42267	1.20494
3.43465	1.21213
3.4479	1.21984
3.46137	1.22756
3.47465	1.23588
3.48685	1.24534
3.50053	1.25558
3.51264	1.26715
3.52478	1.27828
3.53854	1.28888
3.55212	1.29773
3.56525	1.30666
3.57902	1.31537
3.59263	1.32469
3.60744	1.33491
3.62371	1.34208
3.63965	1.34864
3.65532	1.35493
3.67023	1.36175
3.68506	1.36798
3.70014	1.37473
3.71494	1.38093
3.73074	1.3862
3.74617	1.38966
3.76257	1.39184
3.77884	1.39397
3.79553	1.39605
3.81278	1.3984
3.8295	1.39943
3.8464	1.40057
3.8629	1.40363
3.87553	1.40416
3.89001	1.40482
3.9056	1.40403
3.92094	1.40248
3.93742	1.40074
3.95305	1.39944
3.9677	1.39728
3.98248	1.39556
3.99679	1.397
4.01141	1.39771
4.02788	1.39791
4.04253	1.39821
4.05776	1.39855
4.07341	1.39732
4.08933	1.39623
4.10423	1.39611
4.11958	1.39533
4.1347	1.39405
4.15242	1.39246
4.16973	1.39057
4.18541	1.38904
4.20151	1.38787
4.21712	1.3866
4.23555	1.3864
4.25309	1.38456
4.27038	1.38258
4.28726	1.38245
4.30325	1.38118
4.31847	1.38
4.33558	1.37905
4.35348	1.37948
4.37061	1.37946
4.38769	1.37967
4.40465	1.38023
4.42247	1.38134
4.43961	1.38183
4.45655	1.37977
4.47343	1.37827
4.48897	1.37779
4.50606	1.37721
4.52419	1.37642
4.54185	1.37561
4.55777	1.37485
4.57394	1.37399
4.59185	1.37462
4.60918	1.37543
4.62774	1.37531
4.64505	1.37514
4.66092	1.37674
4.67792	1.37883
4.69434	1.38007
4.70994	1.38207
4.72283	1.38767
4.7376	1.39307
4.75349	1.39934
4.769	1.40514
4.78439	1.41228
4.79762	1.41882
4.81134	1.42559
4.82556	1.43321
4.83962	1.44042
4.85325	1.44709
4.86644	1.45395
4.88057	1.46136
4.89554	1.46851
4.91008	1.47539
4.92499	1.48368
4.93899	1.49153
4.95309	1.49976
4.96686	1.50794
4.98157	1.51418
4.996	1.52093
5.01301	1.52916
5.02887	1.53691
5.04593	1.5432
5.0615	1.54836
5.07697	1.55353
5.09298	1.55676
5.10931	1.55918
5.12637	1.5621
5.14182	1.5666
5.15736	1.5719
5.17365	1.57766
5.18951	1.58326
5.20522	1.58891
5.22204	1.59267
5.23692	1.59515
5.25327	1.59899
5.26904	1.60287
5.28354	1.60787
5.29851	1.61246
5.31341	1.61727
5.3287	1.62219
5.34413	1.62715
5.3608	1.63204
5.37725	1.63692
5.39406	1.64036
5.41062	1.64303
5.42513	1.64281
5.44344	1.64281
5.46249	1.64322
5.47972	1.64428
5.49659	1.64549
5.51283	1.64621
5.52885	1.64699
5.54527	1.64716
5.56176	1.64711
5.57786	1.64687
5.59313	1.64562
5.60923	1.64443
5.62633	1.64426
5.64448	1.64465
5.66186	1.64736
5.68026	1.6495
5.69893	1.64854
5.71638	1.64804
5.73636	1.64902
5.75512	1.64861
5.77273	1.64806
5.78887	1.64633
5.80505	1.64467
5.82203	1.6428
5.84018	1.63928
5.85786	1.63449
5.87528	1.63012
5.89284	1.62526
5.90997	1.62049
5.9266	1.61615
5.94235	1.61251
5.95827	1.60887
5.97626	1.60373
5.99277	1.59924
6.00951	1.59144
6.02471	1.5834
6.03879	1.57629
6.05461	1.56855
6.06986	1.56111
6.08547	1.55354
6.10044	1.54562
6.11476	1.53791
6.12913	1.5304
6.14388	1.52262
6.15902	1.51529
6.1735	1.50809
6.18818	1.50104
6.2034	1.49378
6.21871	1.48658
6.23416	1.47931
6.24895	1.47395
6.26522	1.46906
6.2795	1.46549
6.29468	1.4617
6.31149	1.45756
6.3275	1.45315
6.3438	1.44891
6.36099	1.44408
6.37876	1.43737
6.39437	1.43067
6.40852	1.42414
6.42073	1.41791
6.43308	1.41326
6.44748	1.40895
6.46439	1.40343
6.47951	1.39908
6.495	1.39363
6.51131	1.3882
6.52819	1.38624
6.54387	1.38441
6.55931	1.38324
6.57625	1.38211
6.5929	1.38156
6.6094	1.38102
6.62703	1.38026
6.644	1.3795
6.66339	1.37912
6.67985	1.37761
6.69739	1.37686
6.71474	1.37529
6.73211	1.37384
6.74802	1.37231
6.76485	1.37054
6.78029	1.36794
6.79611	1.36526
6.81065	1.36248
6.82708	1.35864
6.84528	1.35253
6.86247	1.34687
6.87602	1.34049
6.88936	1.33298
6.90293	1.32522
6.91637	1.31714
6.92998	1.30892
6.9438	1.30064
6.95714	1.29292
6.97088	1.28494
6.98396	1.27633
6.99765	1.26759
7.01128	1.25895
7.02415	1.25012
7.03709	1.24127
7.0503	1.23413
7.06487	1.22474
7.07856	1.21452
7.09125	1.20459
7.104	1.19446
7.11702	1.18343
7.12928	1.17223
7.14076	1.16168
7.15291	1.14905
7.1643	1.13458
7.17459	1.12053
7.18464	1.10693
7.19453	1.09331
7.20428	1.07999
7.21288	1.06605
7.22157	1.05229
7.22932	1.03757
7.23698	1.02277
7.24652	1.00958
7.25762	0.9963
7.2696	0.984015
7.2803	0.973263
7.29101	0.962653
7.30137	0.949967
7.3118	0.937314
7.32134	0.92501
7.33186	0.913163
7.34286	0.901067
7.35535	0.889096
7.36612	0.875828
7.37632	0.862822
7.38624	0.849695
7.3955	0.837276
7.40437	0.823508
7.41386	0.810033
7.42256	0.795633
7.43118	0.781433
7.43967	0.767375
7.44955	0.753409
7.46133	0.740977
7.47285	0.728329
7.48463	0.715602
7.49599	0.703497
7.50629	0.691629
7.51724	0.681138
7.53051	0.669824
7.54372	0.657547
7.55676	0.647859
7.56841	0.638685
7.58014	0.62857
7.59304	0.618519
7.60619	0.608389
7.61888	0.598201
7.63083	0.587484
7.64428	0.576305
7.6553	0.565108
7.66818	0.553369
7.68187	0.54301
7.69619	0.533173
7.70973	0.524247
7.72346	0.514327
7.73864	0.505232
7.75246	0.496368
7.76576	0.486925
7.77921	0.477306
7.79291	0.469082
7.80607	0.461021
7.82037	0.451748
7.83359	0.441675
7.84526	0.431744
7.85724	0.421196
7.86958	0.409874
7.8819	0.400661
7.89535	0.391335
7.90888	0.381945
7.92181	0.372363
7.93484	0.362894
7.94809	0.35433
7.96128	0.345266
7.97483	0.336884
7.98895	0.328455
8.00336	0.32169
8.01681	0.314512
8.03166	0.307236
8.04772	0.300045
8.06335	0.292704
8.07916	0.285604
8.09443	0.278517
8.10915	0.27127
8.12385	0.264035
8.13956	0.257615
8.15411	0.251478
8.16883	0.245547
8.18407	0.237734
8.19896	0.230095
8.21357	0.222504
8.22787	0.21469
8.2401	0.208125
8.25321	0.201251
8.267	0.193978
8.28097	0.18668
8.29607	0.180296
8.31226	0.176561
8.32832	0.175542
8.3449	0.174775
8.36069	0.176004
8.37726	0.176129
8.3938	0.176246
8.41289	0.177665
8.43063	0.17758
8.44749	0.178854
8.46515	0.180133
8.48346	0.184991
8.50041	0.189951
8.51796	0.193771
8.53452	0.198938
8.55007	0.203689
8.56625	0.208365
8.58219	0.212533
8.59873	0.216156
8.61439	0.219189
8.6306	0.223236
8.64669	0.227191
8.66346	0.23221
8.68024	0.236439
8.69656	0.240552
8.71226	0.243936
8.72788	0.247467
8.74359	0.249348
8.76	0.250482
8.7785	0.252204
8.79618	0.253895
8.81203	0.258318
8.82752	0.263159
8.84292	0.269576
8.85618	0.276397
8.87012	0.282043
8.88464	0.288003
8.89943	0.29387
8.91132	0.299016
8.92425	0.30603
8.93777	0.31477
8.95178	0.323279
8.96647	0.331948
8.981	0.339595
8.99576	0.347833
9.01183	0.357018
9.0269	0.365806
9.04146	0.374752
9.0556	0.384065
9.06944	0.392887
9.0834	0.400887
9.09748	0.409284
9.11263	0.419256
9.12652	0.427364
9.14041	0.435751
9.15475	0.44372
9.16863	0.451105
9.18229	0.460513
9.19769	0.469778
9.21321	0.477608
9.22825	0.485294
9.2437	0.492889
9.25888	0.50001
9.27305	0.504235
9.28801	0.508833
9.30403	0.513457
9.32107	0.519221
9.33827	0.526367
9.35313	0.532977
9.36875	0.539546
9.38343	0.545961
9.39997	0.552293
9.41601	0.558493
9.43119	0.564708
9.44524	0.570633
9.45974	0.576913
9.47459	0.582879
9.48811	0.589167
9.50148	0.59662
9.51633	0.60446
9.53052	0.611704
9.54476	0.619146
9.55913	0.626685
9.57347	0.635535
9.58878	0.646602
9.60331	0.656886
9.61751	0.665493
9.63168	0.674149
9.646	0.68276
9.65904	0.691374
9.67308	0.70164
9.68674	0.711615
9.69982	0.721399
9.71227	0.730327
9.7252	0.739525
9.73912	0.750117
9.75236	0.759901
9.76573	0.769792
9.77891	0.779755
9.7927	0.790108
9.80786	0.800268
9.82013	0.81103
9.8326	0.821733
9.84396	0.831952
9.85572	0.842528
9.86725	0.853573
9.87847	0.864351
9.88887	0.876628
9.89932	0.889037
9.9089	0.902128
9.91935	0.914778
9.93096	0.926574
9.94184	0.937398
9.95242	0.949316
9.96273	0.96139
9.97226	0.973678
9.98079	0.986902
9.98946	1.00039
9.99651	1.0146
10.0043	1.02958
10.0114	1.04387
10.0199	1.05567
10.029	1.06821
10.038	1.08137
10.0471	1.09521
10.0575	1.10839
10.0668	1.1223
10.0758	1.13522
10.085	1.14825
10.0945	1.16293
10.1042	1.17794
10.1129	1.19221
10.1206	1.20496
10.1314	1.21622
10.1427	1.22804
10.154	1.23987
10.166	1.25203
10.1773	1.2637
10.1887	1.27539
10.1995	1.28629
10.2096	1.29768
10.2204	1.30944
10.2322	1.32031
10.2407	1.3304
10.2496	1.34181
10.2588	1.35584
10.2664	1.37006
10.2755	1.38427
10.2843	1.39827
10.2936	1.4117
10.3026	1.42492
10.3118	1.43823
10.3188	1.45268
10.326	1.46715
10.3333	1.48289
10.3385	1.49708
10.3433	1.51138
10.3483	1.52632
10.3544	1.54253
10.3567	1.55967
10.3592	1.57708
10.3625	1.59333
10.3665	1.60959
10.3707	1.62615
10.3725	1.64321
10.3754	1.658
10.3791	1.67067
10.3807	1.68554
10.3813	1.69965
10.3829	1.71506
10.3862	1.73118
10.3895	1.74706
10.3923	1.76319
10.3944	1.78008
10.3967	1.79738
10.3998	1.81385
10.4035	1.83034
10.4076	1.84657
10.4111	1.86423
10.4151	1.88071
10.4197	1.89672
10.4244	1.91307
10.4297	1.92802
10.4353	1.94294
10.4412	1.95684
10.4479	1.97409
10.4545	1.98975
10.4583	2.00393
10.4622	2.01904
10.4667	2.03471
10.4709	2.05042
10.4756	2.06567
10.4802	2.08148
10.485	2.09512
10.49	2.10974
10.4944	2.12413
10.4993	2.13898
10.5057	2.15366
10.5113	2.1692
10.5174	2.18372
10.5253	2.19869
10.5331	2.21478
10.5395	2.23005
10.5467	2.24745
10.5528	2.26247
10.5594	2.27885
10.5642	2.29497
10.5687	2.31159
10.5732	2.32814
10.5783	2.34389
10.5831	2.35921
10.5883	2.37571
10.5943	2.39212
10.6008	2.40838
10.6066	2.42315
10.6113	2.4372
10.6173	2.4526
10.6227	2.46726
10.6281	2.48209
10.6335	2.49816
10.6391	2.51534
10.6426	2.53106
10.6473	2.54705
10.6526	2.56225
10.6578	2.57745
10.6637	2.59267
10.668	2.60977
10.6721	2.62724
10.6785	2.64478
10.6826	2.66245
10.6861	2.67919
10.6896	2.69467
10.6931	2.71016
10.6957	2.72392
10.6989	2.73882
10.7019	2.75426
10.7035	2.77068
10.7056	2.78663
10.7086	2.80298
10.7116	2.81923
10.7124	2.83373
10.7147	2.84855
10.7173	2.86442
10.7191	2.88022
10.721	2.89605
10.7228	2.91356
10.7254	2.93054
10.7289	2.94824
10.7345	2.96327
10.7402	2.98044
10.7441	2.99571
10.7482	3.01127
10.7525	3.02677
10.7549	3.04036
10.7578	3.05525
10.761	3.07089
10.7617	3.08707
10.7624	3.10325
10.7628	3.12051
10.7628	3.13759
10.7629	3.15389
10.7625	3.17021
10.7618	3.18593
10.7609	3.20144
10.7598	3.21721
10.7582	3.23334
10.7567	3.24954
10.7551	3.26605
10.7535	3.28296
10.7504	3.30025
10.7482	3.31963
10.7462	3.33744
10.744	3.35482
10.7422	3.37139
10.7415	3.38868
10.7409	3.40562
10.7409	3.42154
10.7403	3.43819
10.7398	3.45457
10.7406	3.47079
10.7414	3.48569
10.742	3.50133
10.7417	3.51709
10.7413	3.53254
10.7408	3.54709
10.7401	3.56245
10.7399	3.58025
10.7406	3.59811
10.7399	3.61471
10.7392	3.631
10.7386	3.64726
10.7364	3.66344
10.7335	3.68092
10.731	3.69795
10.7297	3.7144
10.7282	3.73094
10.7267	3.74728
10.7252	3.76381
10.7245	3.7794
10.7235	3.79458
10.7231	3.81072
10.723	3.82725
10.7232	3.84305
10.7239	3.85928
10.7247	3.87454
10.7271	3.89058
10.7285	3.90691
10.7301	3.92357
10.7317	3.93949
10.7338	3.95658
10.7376	3.97372
10.741	3.9901
10.7443	4.0063
10.7473	4.0237
10.7504	4.04055
10.7531	4.05802
10.7563	4.07459
10.7575	4.09176
10.7586	4.10881
10.7606	4.12442
10.7627	4.14021
10.7653	4.1558
10.7666	4.17135
10.7673	4.18714
10.7686	4.20209
10.7699	4.21785
10.7712	4.23395
10.7738	4.24999
10.7764	4.26617
10.7797	4.28215
10.7826	4.29856
10.7841	4.31577
10.7858	4.33096
10.7876	4.34669
10.7896	4.36315
10.7915	4.37905
10.7934	4.39618
10.7961	4.4135
10.7976	4.42982
10.8001	4.44682
10.8031	4.46257
10.8052	4.47816
10.8069	4.49395
10.8085	4.50922
10.8088	4.52662
10.8092	4.54432
10.8102	4.56206
10.812	4.57872
10.8151	4.59506
10.8187	4.61025
10.8232	4.62599
10.8288	4.64076
10.8345	4.65466
10.8393	4.66822
10.8446	4.68136
10.8503	4.69497
10.8564	4.70881
10.8621	4.72292
10.8684	4.73784
10.876	4.75336
10.8839	4.76854
10.8918	4.78373
10.8983	4.79653
10.9076	4.81256
10.9164	4.82773
10.9246	4.84206
10.9339	4.85663
10.9424	4.86952
10.9511	4.8821
10.9603	4.89391
10.9708	4.90616
10.9805	4.91744
10.9919	4.93049
11.0045	4.94392
11.016	4.95478
11.0275	4.96574
11.0402	4.97665
11.0531	4.98724
11.0655	4.9969
11.0782	5.00642
11.0903	5.01566
11.1028	5.02543
11.1156	5.03516
11.1293	5.04399
11.1432	5.05297
11.1579	5.06173
11.1722	5.06945
11.1874	5.07721
11.2036	5.08575
11.2187	5.09276
11.2325	5.09903
11.2471	5.10467
11.2617	5.10984
11.2767	5.11519
11.2922	5.12036
11.3087	5.12467
11.3252	5.12951
11.3408	5.13437
11.3568	5.1397
11.372	5.14482
11.389	5.14984
11.4042	5.15438
11.4194	5.15594
11.4335	5.15779
11.4481	5.15921
11.4646	5.16129
11.4825	5.16117
11.4977	5.16167
11.5144	5.16173
11.531	5.16158
11.5491	5.16283
11.5661	5.16406
