#1 AntPos X	#2 AntPos Y	#3 Distance form nest	
0	0	0
0	0	0
0	0	0
0	0	0
0	0	0
0	0	0
0	0	0
0	0	0
0	0	0
0	0	0
0	0	0
0	0	0
0	0	0
0	0	0
0	0	0
0	0	0
0	0	0
0	0	0
0	0	0
0	0	0
0	0	0
0	0	0
0	0	0
0	0	0
0	0	0
0	0	0
0	0	0
0	0	0
0	0	0
0	0	0
0	0	0
0	0	0
0	0	0
0	0	0
0	0	0
0	0	0
0	0	0
0	0	0
0	0	0
0	0	0
0	0	0
0	0	0
0	0	0
0	0	0
0	0	0
0	0	0
0	0	0
0	0	0
0	0	0
0	0	0
0	0	0
0	0	0
0	0	0
0	0	0
0	0	0
0	0	0
0	0	0
0	0	0
0	0	0
0	0	0
0	0	0
0	0	0
0	0	0
0	0	0
0	0	0
0	0	0
0	0	0
0	0	0
0	0	0
0	0	0
0	0	0
0	0	0
0	0	0
0	0	0
0	0	0
0	0	0
0	0	0
0	0	0
0	0	0
0	0	0
0	0	0
0	0	0
0	0	0
0	0	0
0	0	0
0	0	0
0	0	0
0	0	0
0	0	0
0	0	0
0	0	0
0	0	0
0	0	0
0	0	0
0	0	0
0	0	0
0	0	0
0	0	0
0	0	0
0	0	0
0	0	0
0	0	0
0	0	0
0	0	0
0	0	0
0	0	0
0	0	0
0	0	0
0	0	0
0	0	0
0	0	0
0	0	0
0	0	0
0	0	0
0	0	0
0	0	0
0	0	0
0	0	0
0	0	0
0	0	0
0	0	0
0	0	0
0	0	0
0	0	0
0	0	0
0	0	0
0	0	0
0	0	0
0	0	0
0	0	0
0	0	0
0	0	0
0	0	0
0	0	0
0	0	0
0	0	0
0	0	0
0	0	0
0	0	0
0	0	0
0	0	0
0	0	0
0	0	0
0	0	0
0	0	0
0	0	0
0	0	0
0	0	0
0	0	0
0	0	0
0	0	0
0	0	0
0	0	0
0	0	0
0	0	0
0	0	0
0	0	0
0	0	0
0	0	0
0	0	0
0	0	0
0	0	0
0	0	0
0	0	0
0	0	0
0	0	0
0	0	0
0	0	0
0	0	0
0	0	0
0	0	0
0	0	0
0	0	0
0	0	0
0	0	0
0	0	0
0	0	0
0	0	0
0	0	0
0	0	0
0	0	0
0	0	0
0	0	0
0	0	0
0	0	0
0	0	0
0	0	0
0	0	0
0	0	0
0	0	0
0	0	0
0	0	0
0	0	0
0	0	0
0	0	0
0	0	0
0	0	0
0	0	0
0	0	0
0	0	0
0	0	0
0	0	0
0	0	0
0	0	0
0	0	0
0	0	0
0	0	0
0	0	0
0	0	0
0	0	0
0	0	0
0	0	0
0	0	0
0	0	0
0	0	0
0	0	0
0	0	0
0	0	0
0	0	0
0	0	0
0	0	0
0	0	0
0	0	0
0	0	0
0	0	0
0	0	0
0	0	0
0	0	0
0	0	0
0	0	0
0	0	0
0	0	0
0	0	0
0	0	0
0	0	0
0	0	0
0	0	0
0	0	0
0	0	0
0	0	0
0	0	0
0	0	0
0	0	0
0	0	0
0	0	0
0	0	0
0	0	0
0	0	0
0	0	0
0	0	0
0	0	0
0	0	0
0	0	0
0	0	0
0	0	0
0	0	0
0	0	0
0	0	0
0	0	0
0	0	0
0	0	0
0	0	0
0	0	0
0	0	0
0	0	0
0	0	0
0	0	0
0	0	0
0	0	0
0	0	0
0	0	0
0	0	0
0	0	0
0	0	0
0	0	0
0	0	0
0	0	0
0	0	0
0	0	0
0	0	0
0	0	0
0	0	0
0	0	0
0	0	0
0	0	0
0	0	0
0	0	0
0	0	0
0	0	0
0	0	0
0	0	0
0	0	0
0	0	0
0	0	0
0	0	0
0	0	0
0	0	0
0	0	0
0	0	0
0	0	0
0	0	0
0	0	0
0	0	0
0	0	0
0	0	0
0	0	0
0	0	0
0	0	0
0	0	0
0	0	0
0	0	0
0	0	0
0	0	0
0	0	0
0	0	0
0	0	0
0	0	0
0	0	0
0	0	0
0	0	0
0	0	0
0	0	0
0	0	0
0	0	0
0	0	0
0	0	0
0	0	0
0	0	0
0	0	0
0	0	0
0	0	0
0	0	0
0	0	0
0	0	0
0	0	0
0	0	0
0	0	0
0	0	0
0	0	0
0	0	0
0	0	0
0	0	0
0	0	0
0	0	0
0	0	0
0	0	0
0	0	0
0	0	0
0	0	0
0	0	0
0	0	0
0	0	0
0	0	0
0	0	0
0	0	0
0	0	0
0	0	0
0	0	0
0	0	0
0	0	0
0	0	0
0	0	0
0	0	0
0	0	0
0	0	0
0	0	0
0	0	0
0	0	0
0	0	0
0	0	0
0	0	0
0	0	0
0	0	0
0	0	0
0	0	0
0	0	0
0	0	0
0	0	0
0	0	0
0	0	0
0	0	0
0	0	0
0	0	0
0	0	0
0	0	0
0	0	0
0	0	0
0	0	0
0	0	0
0	0	0
0	0	0
0	0	0
0	0	0
0	0	0
0	0	0
0	0	0
0	0	0
0	0	0
0	0	0
0	0	0
0	0	0
0	0	0
0	0	0
0	0	0
0	0	0
0	0	0
0	0	0
0	0	0
0	0	0
0	0	0
0	0	0
0	0	0
0	0	0
0	0	0
0	0	0
0	0	0
0	0	0
0	0	0
0	0	0
0	0	0
0	0	0
0	0	0
0	0	0
0	0	0
0	0	0
0	0	0
0	0	0
0	0	0
0	0	0
0	0	0
0	0	0
0	0	0
0	0	0
0	0	0
0	0	0
0	0	0
0	0	0
0	0	0
0	0	0
0	0	0
0	0	0
0	0	0
0	0	0
0	0	0
0	0	0
0	0	0
0	0	0
0	0	0
0	0	0
0	0	0
0	0	0
0	0	0
0	0	0
0	0	0
0	0	0
0	0	0
0	0	0
0	0	0
0	0	0
0	0	0
0	0	0
0	0	0
0	0	0
0	0	0
0	0	0
0	0	0
0	0	0
0	0	0
0	0	0
0	0	0
0	0	0
0	0	0
0	0	0
0	0	0
0	0	0
0	0	0
0	0	0
0	0	0
0	0	0
0	0	0
0	0	0
0	0	0
0	0	0
0	0	0
0	0	0
0	0	0
0	0	0
0	0	0
0	0	0
0	0	0
0	0	0
0	0	0
0	0	0
0	0	0
0	0	0
0	0	0
0	0	0
0	0	0
0	0	0
0	0	0
0	0	0
0	0	0
0	0	0
0	0	0
0	0	0
0	0	0
0	0	0
0	0	0
0	0	0
0	0	0
0	0	0
0	0	0
0	0	0
0	0	0
0	0	0
0	0	0
0	0	0
0	0	0
0	0	0
0	0	0
0	0	0
0	0	0
0	0	0
0	0	0
0	0	0
0	0	0
0	0	0
0	0	0
0	0	0
0	0	0
0	0	0
0	0	0
0	0	0
0	0	0
0	0	0
0	0	0
0	0	0
0	0	0
0	0	0
0	0	0
0	0	0
0	0	0
0	0	0
0	0	0
0	0	0
0	0	0
0	0	0
0	0	0
0	0	0
0	0	0
0	0	0
0	0	0
0	0	0
0	0	0
0	0	0
0	0	0
0	0	0
0	0	0
0	0	0
0	0	0
0	0	0
0	0	0
0	0	0
0	0	0
0	0	0
0	0	0
0	0	0
0	0	0
0	0	0
0	0	0
0	0	0
0	0	0
0	0	0
0	0	0
0	0	0
0	0	0
0	0	0
0	0	0
0	0	0
0	0	0
0	0	0
0	0	0
0	0	0
0	0	0
0	0	0
0	0	0
0	0	0
0	0	0
0	0	0
0	0	0
0	0	0
0	0	0
0	0	0
0	0	0
0	0	0
0	0	0
0	0	0
0	0	0
0	0	0
0	0	0
0	0	0
0	0	0
0	0	0
0	0	0
0	0	0
0	0	0
0	0	0
0	0	0
0	0	0
0	0	0
0	0	0
0	0	0
0	0	0
0	0	0
0	0	0
0	0	0
0	0	0
0	0	0
0	0	0
0	0	0
0	0	0
0	0	0
0	0	0
0	0	0
0	0	0
0	0	0
0	0	0
0	0	0
0	0	0
0	0	0
0	0	0
0	0	0
0	0	0
0	0	0
0	0	0
0	0	0
0	0	0
0	0	0
0	0	0
0	0	0
0	0	0
0	0	0
0.0169291	0.0121634	0.0208457
0.0479663	0.0175774	0.0510855
0.081886	0.00766625	0.0822441
0.10944	-0.00480862	0.109546
0.137947	-0.0150912	0.13877
0.160589	-0.0262869	0.162726
0.186077	-0.03105	0.188649
0.206014	-0.0375467	0.209408
0.229303	-0.0446006	0.2336
0.250215	-0.0505729	0.255275
0.271657	-0.0564866	0.277468
0.295027	-0.0652687	0.30216
0.321204	-0.0717486	0.32912
0.349225	-0.0812616	0.358555
0.378221	-0.0859482	0.387864
0.40627	-0.0941934	0.417046
0.434299	-0.0998722	0.445634
0.463611	-0.110082	0.476501
0.49311	-0.113982	0.506111
0.521547	-0.122596	0.535762
0.549861	-0.129208	0.564838
0.577295	-0.136946	0.593315
0.604618	-0.144347	0.62161
0.625631	-0.149603	0.643269
0.652471	-0.153112	0.670195
0.679205	-0.159941	0.697782
0.706074	-0.162831	0.724606
0.73236	-0.16995	0.75182
0.759672	-0.173684	0.779274
0.787035	-0.178414	0.807004
0.813684	-0.179866	0.833327
0.841558	-0.186188	0.861908
0.870548	-0.190504	0.891149
0.900542	-0.195046	0.921422
0.925542	-0.196124	0.946094
0.953845	-0.197	0.973976
0.980146	-0.199661	1.00028
1.00581	-0.202081	1.02591
1.03118	-0.207139	1.05178
1.05673	-0.206303	1.07668
1.08731	-0.211899	1.10777
1.1171	-0.216519	1.13789
1.14686	-0.214053	1.16666
1.17389	-0.213883	1.19321
1.20014	-0.212537	1.21882
1.22757	-0.211845	1.24572
1.25609	-0.206421	1.27293
1.28515	-0.204317	1.30129
1.31775	-0.200317	1.33289
1.34783	-0.198903	1.36243
1.37591	-0.194248	1.38955
1.40497	-0.196656	1.41867
1.43107	-0.190153	1.44365
1.45827	-0.194468	1.47118
1.48653	-0.189339	1.49854
1.51522	-0.1858	1.52657
1.54446	-0.181584	1.5551
1.56565	-0.17416	1.57531
1.59271	-0.172649	1.60204
1.62309	-0.159181	1.63087
1.65426	-0.156105	1.66161
1.68278	-0.148786	1.68934
1.70939	-0.141853	1.71527
1.7404	-0.139052	1.74594
1.76968	-0.134621	1.77479
1.79817	-0.122172	1.80231
1.82886	-0.120384	1.83281
1.86368	-0.116664	1.86732
1.89311	-0.111134	1.89637
1.91915	-0.105805	1.92207
1.94747	-0.0993153	1.95
1.97632	-0.0972973	1.97872
2.0038	-0.0917571	2.0059
2.03238	-0.0894949	2.03435
2.06218	-0.0854684	2.06395
2.0914	-0.0813801	2.09298
2.12034	-0.0786043	2.1218
2.14909	-0.0762679	2.15044
2.18062	-0.0761908	2.18195
2.2098	-0.0712734	2.21094
2.23952	-0.0671866	2.24052
2.26497	-0.0617854	2.26581
2.29673	-0.0664195	2.29769
2.32471	-0.059817	2.32548
2.35371	-0.0608515	2.3545
2.37528	-0.0602416	2.37605
2.402	-0.0591854	2.40273
2.43159	-0.0595772	2.43232
2.45863	-0.0555525	2.45926
2.48207	-0.0529058	2.48264
2.50823	-0.0538762	2.5088
2.53126	-0.0564559	2.53189
2.55703	-0.0524296	2.55757
2.58477	-0.0546115	2.58535
2.60682	-0.0494159	2.60729
2.63179	-0.0533774	2.63233
2.65608	-0.0474006	2.6565
2.68383	-0.0506139	2.68431
2.70954	-0.0497765	2.71
2.73578	-0.0518481	2.73627
2.7652	-0.0518765	2.76569
2.79134	-0.0572669	2.79193
2.81716	-0.0536612	2.81767
2.83828	-0.0562076	2.83884
2.85786	-0.0551606	2.8584
2.88121	-0.0619506	2.88188
2.91483	-0.0589099	2.91543
2.94735	-0.0627369	2.94801
2.97657	-0.0641233	2.97726
3.00462	-0.07198	3.00548
3.03639	-0.0737609	3.03729
3.06586	-0.0797893	3.0669
3.09438	-0.0764843	3.09532
3.12222	-0.077236	3.12317
3.15009	-0.0853994	3.15124
3.1799	-0.0900568	3.18117
3.21113	-0.0976079	3.21262
3.24088	-0.103602	3.24254
3.26962	-0.109946	3.27147
3.29693	-0.116741	3.299
3.32192	-0.126489	3.32432
3.34736	-0.133005	3.35
3.37037	-0.137595	3.37318
3.395	-0.146404	3.39815
3.41593	-0.158294	3.4196
3.44061	-0.164572	3.44455
3.46253	-0.174244	3.46692
3.49104	-0.178325	3.49559
3.52086	-0.189565	3.52596
3.5481	-0.196497	3.55354
3.57461	-0.203741	3.58041
3.60227	-0.213465	3.60859
3.63025	-0.219507	3.63688
3.65825	-0.23013	3.66548
3.68354	-0.247734	3.69186
3.71584	-0.254545	3.72455
3.74134	-0.268327	3.75095
3.76868	-0.277894	3.77891
3.79563	-0.290563	3.80673
3.82	-0.30362	3.83205
3.84887	-0.312718	3.86155
3.87426	-0.322729	3.88767
3.90072	-0.336194	3.91518
3.92709	-0.348556	3.94252
3.95104	-0.360258	3.96744
3.97539	-0.375107	3.99305
4.00689	-0.386274	4.02547
4.03402	-0.403915	4.05419
4.05949	-0.420141	4.08118
4.08496	-0.433219	4.10787
4.10513	-0.448622	4.12958
4.13454	-0.455416	4.15955
4.15463	-0.468782	4.18099
4.17755	-0.479437	4.20497
4.20073	-0.489682	4.22917
4.22461	-0.506	4.25481
4.24993	-0.519362	4.28155
4.27034	-0.538103	4.30411
4.29414	-0.553753	4.3297
4.31465	-0.562592	4.35117
4.33709	-0.57942	4.37563
4.36246	-0.594691	4.40281
4.38384	-0.61405	4.42664
4.40977	-0.630467	4.45461
4.43556	-0.643501	4.482
4.45933	-0.659928	4.5079
4.4837	-0.671918	4.53377
4.50765	-0.679677	4.55861
4.53074	-0.696465	4.58396
4.55332	-0.71192	4.60864
4.58136	-0.723158	4.63808
4.60586	-0.7418	4.66522
4.63344	-0.754261	4.69443
4.65154	-0.768745	4.71463
4.67674	-0.778312	4.74106
4.70041	-0.793802	4.76697
4.72812	-0.806057	4.79634
4.74656	-0.819264	4.81674
4.77741	-0.826995	4.84846
4.80574	-0.843378	4.87918
4.83413	-0.856192	4.90937
4.86076	-0.870995	4.93818
4.888	-0.881932	4.96693
4.91403	-0.896623	4.99516
4.94069	-0.903113	5.02256
4.96633	-0.917779	5.05042
4.99238	-0.922968	5.07698
5.01597	-0.936634	5.10267
5.04458	-0.94267	5.1319
5.07172	-0.953092	5.1605
5.09487	-0.963314	5.18514
5.12053	-0.970411	5.21167
5.15044	-0.980296	5.2429
5.17791	-0.987368	5.2712
5.20529	-0.993085	5.29917
5.22883	-1.00582	5.32469
5.25746	-1.01134	5.35385
5.28684	-1.02198	5.38471
5.31606	-1.0287	5.41468
5.34228	-1.03909	5.4424
5.37267	-1.04554	5.47346
5.39982	-1.0549	5.50189
5.42808	-1.05886	5.53039
5.44936	-1.06398	5.55226
5.47324	-1.0698	5.57681
5.50206	-1.07239	5.6056
5.53114	-1.0792	5.63544
5.56073	-1.08068	5.66477
5.58919	-1.08798	5.6941
5.61877	-1.09024	5.72356
5.64635	-1.10157	5.7528
5.67823	-1.1052	5.78479
5.70747	-1.1098	5.81437
5.73647	-1.11186	5.84323
5.76672	-1.11709	5.87392
5.79348	-1.11858	5.90048
5.81763	-1.11403	5.92333
5.84666	-1.12308	5.95355
5.87495	-1.12342	5.9814
5.90867	-1.13203	6.01614
5.94114	-1.13182	6.04799
5.973	-1.13784	6.08041
6.00528	-1.13346	6.11131
6.03453	-1.13877	6.14104
6.06479	-1.13718	6.17048
6.09446	-1.14043	6.20025
6.11898	-1.13858	6.22401
6.14394	-1.14132	6.24905
6.17083	-1.14082	6.2754
6.19675	-1.1446	6.30158
6.22606	-1.14212	6.32995
6.26023	-1.14391	6.36388
6.29026	-1.14663	6.39391
6.3211	-1.14899	6.42468
6.35139	-1.14917	6.45451
6.37742	-1.15019	6.48031
6.40557	-1.15577	6.509
6.43523	-1.15391	6.53787
6.45661	-1.16137	6.56023
6.4855	-1.15888	6.58823
6.51457	-1.1627	6.61752
6.54754	-1.16386	6.65018
6.57939	-1.16306	6.6814
6.6143	-1.16956	6.71691
6.6475	-1.17233	6.75009
6.67356	-1.17588	6.77636
6.70156	-1.17789	6.80428
6.73065	-1.18227	6.83369
6.75968	-1.18405	6.86259
6.78353	-1.1837	6.88603
6.80861	-1.18445	6.91087
6.83684	-1.19559	6.94059
6.86242	-1.19043	6.96491
6.89005	-1.19516	6.99294
6.91581	-1.20641	7.02024
6.94399	-1.20246	7.04734
6.9758	-1.20922	7.07983
7.00499	-1.21408	7.10942
7.02777	-1.21862	7.13264
7.05583	-1.22744	7.1618
7.09045	-1.22955	7.19627
7.11992	-1.24203	7.22744
7.14649	-1.24329	7.25383
7.17349	-1.25083	7.28173
7.2009	-1.25652	7.30971
7.22769	-1.26419	7.33742
7.25481	-1.27148	7.36538
7.28038	-1.27912	7.3919
7.30848	-1.28438	7.42048
7.3356	-1.29571	7.44915
7.36463	-1.30315	7.47904
7.39614	-1.31229	7.51166
7.42465	-1.32142	7.54133
7.45309	-1.3327	7.57131
7.48112	-1.34204	7.60054
7.50717	-1.34852	7.62733
7.53305	-1.35985	7.6548
7.55849	-1.38048	7.68353
7.5855	-1.3917	7.71211
7.61253	-1.40042	7.74027
7.63866	-1.40993	7.7677
7.66469	-1.4203	7.79517
7.68956	-1.43324	7.82199
7.71517	-1.43793	7.84803
7.74074	-1.45373	7.87606
7.76679	-1.46231	7.90325
7.79643	-1.47435	7.93461
7.82068	-1.48541	7.96049
7.8499	-1.4976	7.99148
7.87804	-1.51308	8.02202
7.90101	-1.52565	8.04696
7.92294	-1.53494	8.07025
7.94669	-1.54563	8.09561
7.97164	-1.55883	8.12262
7.99818	-1.56782	8.15039
8.02649	-1.57956	8.18044
8.05199	-1.59204	8.20787
8.07584	-1.60158	8.23312
8.10086	-1.61445	8.26017
8.12797	-1.61703	8.28726
8.15454	-1.63165	8.31618
8.17778	-1.64227	8.34105
8.2028	-1.64859	8.36683
8.21853	-1.66555	8.3856
8.24615	-1.67439	8.41442
8.27205	-1.69073	8.44307
8.2976	-1.70282	8.47053
8.32184	-1.71489	8.4967
8.34625	-1.72653	8.52295
8.37005	-1.74082	8.54916
8.3987	-1.74591	8.57825
8.42391	-1.76266	8.60635
8.44999	-1.7758	8.63457
8.47668	-1.79001	8.66361
8.50129	-1.80562	8.69093
8.52664	-1.81952	8.71861
8.55134	-1.83441	8.74588
8.57533	-1.85019	8.77266
8.59857	-1.86129	8.79771
8.62539	-1.87965	8.82783
8.64873	-1.90053	8.85509
8.67574	-1.91401	8.88436
8.69832	-1.9331	8.91053
8.7224	-1.94747	8.93716
8.74432	-1.96354	8.96206
8.76525	-1.97804	8.98567
8.78688	-1.99267	9.01
8.80643	-2.01044	9.033
8.82384	-2.01737	9.05152
8.84507	-2.03679	9.07655
8.87156	-2.05263	9.10592
8.89512	-2.07267	9.13341
8.91833	-2.08762	9.15941
8.94419	-2.1036	9.18824
8.95958	-2.12421	9.20795
8.9843	-2.14178	9.23606
9.00763	-2.15984	9.26296
9.03562	-2.17615	9.29398
9.05884	-2.19754	9.32157
9.0812	-2.21859	9.34828
9.11108	-2.23985	9.38236
9.13527	-2.26229	9.41122
9.15891	-2.28257	9.43906
9.18391	-2.30413	9.46854
9.20674	-2.32559	9.49591
9.22349	-2.34164	9.5161
9.23734	-2.35918	9.53384
9.25857	-2.37571	9.55851
9.27454	-2.39585	9.579
9.29702	-2.41442	9.60541
9.31271	-2.43579	9.62599
9.33445	-2.45423	9.65169
9.3498	-2.47877	9.6728
9.37194	-2.49897	9.69939
9.3901	-2.52249	9.72301
9.41099	-2.54836	9.74991
9.43584	-2.57168	9.78001
9.45728	-2.59752	9.80751
9.47703	-2.61942	9.83237
9.49336	-2.6448	9.85489
9.51435	-2.6656	9.8807
9.53077	-2.69016	9.90316
9.55725	-2.70836	9.93359
9.57668	-2.73779	9.96034
9.59676	-2.76377	9.9868
9.61583	-2.79018	10.0125
9.63987	-2.82057	10.044
9.65548	-2.84784	10.0667
9.67329	-2.87228	10.0907
9.6907	-2.89816	10.1148
9.70516	-2.92302	10.1358
9.71589	-2.94142	10.1514
9.73033	-2.96288	10.1714
9.74094	-2.98982	10.1895
9.75727	-3.00713	10.2101
9.76746	-3.03001	10.2266
9.78347	-3.05138	10.2483
9.79501	-3.07524	10.2664
9.81025	-3.10234	10.2891
9.82555	-3.1285	10.3116
9.84231	-3.14832	10.3336
9.85293	-3.17829	10.3529
9.86754	-3.20694	10.3756
9.8822	-3.23312	10.3976
9.89711	-3.26022	10.4203
9.91297	-3.2849	10.4431
9.92874	-3.31564	10.4677
9.93995	-3.33926	10.4859
9.9551	-3.36754	10.5093
9.9676	-3.39513	10.53
9.98202	-3.41953	10.5515
9.99568	-3.45041	10.5744
10.0096	-3.47903	10.5969
10.0212	-3.50739	10.6172
10.0341	-3.5352	10.6386
10.0453	-3.56432	10.6589
10.0594	-3.59036	10.6809
10.072	-3.62073	10.703
10.083	-3.65327	10.7244
10.0994	-3.68144	10.7494
10.1123	-3.70976	10.7713
10.1222	-3.73304	10.7887
10.1281	-3.75645	10.8023
10.14	-3.7828	10.8226
10.1504	-3.80961	10.8418
10.1595	-3.83548	10.8594
10.1759	-3.86138	10.8839
10.1842	-3.89416	10.9034
10.1997	-3.92121	10.9275
10.2073	-3.9505	10.9451
10.2295	-3.98061	10.9767
10.243	-4.01413	11.0015
10.2588	-4.03899	11.0253
10.2644	-4.067	11.0408
10.275	-4.08938	11.0589
10.2837	-4.11579	11.0767
10.2925	-4.14229	11.0948
10.3033	-4.16152	11.112
10.3115	-4.18873	11.1298
10.3235	-4.21527	11.1509
10.3356	-4.24459	11.1732
10.343	-4.26429	11.1876
10.3478	-4.28765	11.2009
10.3608	-4.31194	11.2222
10.3693	-4.33774	11.24
10.3805	-4.36135	11.2595
10.3859	-4.39242	11.2765
10.4009	-4.4224	11.3021
10.4114	-4.45108	11.323
10.4234	-4.47508	11.3435
10.4331	-4.50088	11.3626
10.4444	-4.52805	11.3837
10.4555	-4.55448	11.4044
10.4657	-4.58252	11.425
10.4798	-4.60821	11.4482
10.4902	-4.63535	11.4687
10.5073	-4.66081	11.4946
10.516	-4.69	11.5144
10.5286	-4.71305	11.5354
10.5416	-4.74073	11.5586
10.5608	-4.76198	11.5848
10.5728	-4.79099	11.6077
10.5868	-4.81961	11.6322
10.6012	-4.84523	11.656
10.6144	-4.87283	11.6795
10.6377	-4.8968	11.7107
10.652	-4.92188	11.7341
10.6665	-4.94585	11.7573
10.6858	-4.96676	11.7836
10.7003	-4.99373	11.8082
10.717	-5.01797	11.8336
10.7325	-5.04123	11.8575
10.7486	-5.06398	11.8817
10.7633	-5.09197	11.907
10.7804	-5.11367	11.9317
10.7974	-5.13843	11.9578
10.8154	-5.16324	11.9847
10.8314	-5.19053	12.0108
10.8522	-5.21256	12.0392
10.8719	-5.23468	12.0665
10.8941	-5.26186	12.0983
10.9181	-5.28329	12.1292
10.9389	-5.30524	12.1575
10.961	-5.32425	12.1857
10.9825	-5.34378	12.2135
11.002	-5.36438	12.2402
11.0251	-5.38164	12.2684
11.0456	-5.39972	12.2948
11.0667	-5.4158	12.3208
11.088	-5.43301	12.3475
11.1106	-5.44106	12.3714
11.1339	-5.45898	12.4001
11.1579	-5.47536	12.4289
11.1785	-5.49336	12.4553
11.2071	-5.50763	12.4873
11.2327	-5.52558	12.5182
11.2579	-5.54017	12.5473
11.2833	-5.55279	12.5756
11.2995	-5.5686	12.5971
11.3239	-5.57974	12.6239
11.3521	-5.59323	12.6552
11.379	-5.60744	12.6856
11.4057	-5.62274	12.7163
11.429	-5.63431	12.7424
11.4526	-5.64198	12.7669
11.4755	-5.65484	12.7932
11.4997	-5.66135	12.8177
11.5235	-5.67415	12.8447
11.5511	-5.68176	12.8729
11.5843	-5.69837	12.91
11.6167	-5.70811	12.9434
11.646	-5.716	12.9731
11.6782	-5.72309	13.0052
11.7053	-5.73	13.0326
11.733	-5.73907	13.0614
11.763	-5.74504	13.091
11.7885	-5.74977	13.116
11.8212	-5.74971	13.1454
11.8511	-5.75353	13.1739
11.8781	-5.76608	13.2037
11.9074	-5.76923	13.2314
11.9299	-5.7755	13.2544
11.9541	-5.77442	13.2757
11.9797	-5.78364	13.3027
12.0078	-5.7821	13.3275
12.0347	-5.78538	13.353
12.0634	-5.78646	13.3794
12.092	-5.7888	13.4062
12.1253	-5.7881	13.4359
12.1554	-5.78829	13.4632
12.1842	-5.78534	13.488
12.215	-5.78792	13.5169
12.2451	-5.7856	13.5431
12.2723	-5.77719	13.5641
12.3051	-5.77675	13.5936
12.3352	-5.77185	13.6187
12.3648	-5.77047	13.6451
12.3925	-5.76422	13.6675
12.4252	-5.7668	13.6982
12.4544	-5.76353	13.7233
12.4806	-5.75196	13.7423
12.5126	-5.74528	13.7686
12.5415	-5.74039	13.7928
12.5656	-5.73319	13.8117
12.59	-5.72207	13.8293
12.6173	-5.71551	13.8515
12.638	-5.70053	13.8642
12.6667	-5.69418	13.8877
12.6932	-5.68089	13.9065
12.719	-5.67267	13.9267
12.7428	-5.66092	13.9436
12.7679	-5.64703	13.9609
12.7902	-5.63756	13.9775
12.8125	-5.62416	13.9926
12.8366	-5.61128	14.0094
12.8622	-5.59921	14.0281
12.8873	-5.58074	14.0438
12.9123	-5.56564	14.0607
12.9388	-5.54893	14.0784
12.9642	-5.53426	14.0961
12.9886	-5.51729	14.1119
13.0074	-5.49598	14.1209
13.0317	-5.47965	14.1369
13.0527	-5.45884	14.1482
13.0744	-5.43918	14.1607
13.0965	-5.41485	14.1718
13.1183	-5.39951	14.1861
13.1348	-5.37727	14.1929
13.1582	-5.35463	14.206
13.1769	-5.33372	14.2154
13.1932	-5.31277	14.2227
13.2086	-5.29057	14.2287
13.2262	-5.26691	14.2363
13.241	-5.24674	14.2427
13.2651	-5.22048	14.2554
13.2812	-5.19141	14.2597
13.2949	-5.16759	14.2639
13.3165	-5.14426	14.2756
13.3292	-5.11449	14.2767
13.3429	-5.09005	14.2808
13.3545	-5.06523	14.2828
13.368	-5.04166	14.2871
13.3784	-5.01687	14.2882
13.3879	-4.99539	14.2895
13.4037	-4.96919	14.2952
13.4133	-4.93757	14.2932
13.4249	-4.90618	14.2933
13.4351	-4.87674	14.2928
13.4414	-4.84404	14.2876
13.4496	-4.81573	14.2857
13.4581	-4.78766	14.2843
13.4657	-4.7573	14.2813
13.4774	-4.72532	14.2817
13.4815	-4.69307	14.275
13.4862	-4.66318	14.2697
13.491	-4.64005	14.2666
13.4945	-4.61455	14.2617
13.4986	-4.58785	14.257
13.5024	-4.56054	14.2518
13.5089	-4.53315	14.2492
13.5087	-4.50424	14.2399
13.5147	-4.48317	14.2389
13.519	-4.45025	14.2326
13.5107	-4.42072	14.2155
13.5098	-4.39421	14.2065
13.5126	-4.36497	14.2001
13.5106	-4.33688	14.1896
13.5164	-4.3076	14.1862
13.5245	-4.2746	14.1839
13.5206	-4.24126	14.1702
13.5169	-4.21042	14.1575
13.5167	-4.18282	14.1491
13.5096	-4.15494	14.1341
13.5048	-4.12743	14.1215
13.4996	-4.09931	14.1083
13.4934	-4.07157	14.0943
13.4881	-4.04418	14.0813
13.4763	-4.01404	14.0614
13.4686	-3.98089	14.0446
13.4608	-3.95641	14.0302
13.4596	-3.92999	14.0216
13.4446	-3.90826	14.0011
13.4404	-3.87844	13.9888
13.4268	-3.85293	13.9686
13.4156	-3.82612	13.9506
13.4058	-3.7993	13.9338
13.3945	-3.77364	13.916
13.3838	-3.74498	13.8978
13.3749	-3.72508	13.884
13.3662	-3.69994	13.8688
13.3537	-3.67567	13.8504
13.3412	-3.64939	13.8313
13.3274	-3.624	13.8114
13.3117	-3.59803	13.7894
13.3017	-3.5712	13.7728
13.2867	-3.54651	13.7519
13.2746	-3.51976	13.7333
13.2605	-3.48882	13.7118
13.2451	-3.46335	13.6904
13.2329	-3.43842	13.6723
13.2215	-3.41196	13.6547
13.2055	-3.38459	13.6324
13.19	-3.35915	13.611
13.1766	-3.3338	13.5918
13.1614	-3.31034	13.5713
13.1468	-3.28685	13.5514
13.1318	-3.26256	13.531
13.1164	-3.23863	13.5103
13.1036	-3.21409	13.492
13.0884	-3.19171	13.4719
13.075	-3.16544	13.4527
13.0532	-3.14414	13.4265
13.0372	-3.1156	13.4043
13.0205	-3.09093	13.3824
13.0058	-3.06641	13.3624
12.9883	-3.04186	13.3398
12.974	-3.01309	13.3193
12.9527	-2.98831	13.293
12.943	-2.96011	13.2772
12.9244	-2.93586	13.2537
12.9055	-2.91272	13.2301
12.8897	-2.88631	13.2089
12.8748	-2.86554	13.1899
12.8642	-2.83767	13.1735
12.8474	-2.81224	13.1516
12.8307	-2.78795	13.1301
12.8165	-2.76529	13.1115
12.8031	-2.74094	13.0932
12.7857	-2.71979	13.0718
12.7704	-2.69087	13.0508
12.7597	-2.66016	13.034
12.7413	-2.6362	13.0112
12.729	-2.60835	12.9935
12.716	-2.58468	12.976
12.7022	-2.55732	12.9571
12.6871	-2.53215	12.9373
12.6744	-2.50445	12.9195
12.661	-2.47911	12.9015
12.6484	-2.45646	12.8847
12.6388	-2.42867	12.87
12.6244	-2.40364	12.8512
12.6146	-2.37906	12.837
12.6021	-2.35462	12.8202
12.5926	-2.32838	12.8061
12.5797	-2.30287	12.7887
12.5751	-2.27215	12.7787
12.5621	-2.24013	12.7603
12.5497	-2.21134	12.743
12.5371	-2.18389	12.7259
12.5263	-2.15544	12.7104
12.516	-2.12742	12.6956
12.5074	-2.09709	12.682
12.4963	-2.06979	12.6666
12.4866	-2.04178	12.6524
12.4795	-2.01284	12.6408
12.4669	-1.98576	12.624
12.4574	-1.95758	12.6103
12.4487	-1.92986	12.5974
12.4367	-1.89557	12.5804
12.428	-1.86608	12.5673
12.4222	-1.83984	12.5577
12.4152	-1.81649	12.5474
12.4075	-1.79292	12.5363
12.3988	-1.76641	12.524
12.3945	-1.74319	12.5165
12.3924	-1.71253	12.5102
12.3817	-1.68735	12.4962
12.3754	-1.65925	12.4861
12.3587	-1.63826	12.4668
12.3482	-1.60693	12.4523
12.342	-1.5778	12.4424
12.3279	-1.55127	12.4251
12.3249	-1.52294	12.4187
12.3102	-1.49723	12.4009
12.3051	-1.46675	12.3922
12.2903	-1.44092	12.3745
12.2838	-1.41041	12.3645
12.2765	-1.38225	12.3541
12.2664	-1.35278	12.3408
12.261	-1.32051	12.3319
12.2495	-1.29681	12.3179
12.2456	-1.26823	12.3111
12.2385	-1.24253	12.3014
12.2328	-1.21668	12.2932
12.225	-1.18946	12.2827
12.2206	-1.15892	12.2755
12.2088	-1.13189	12.2611
12.2031	-1.10747	12.2533
12.1992	-1.08643	12.2475
12.1904	-1.06307	12.2366
12.1839	-1.03628	12.2279
12.1773	-1.00872	12.219
12.174	-0.981386	12.2135
12.161	-0.955239	12.1984
12.1593	-0.930147	12.1949
12.1369	-0.907532	12.1707
12.1251	-0.877678	12.1568
12.1177	-0.850136	12.1475
12.1101	-0.820718	12.1379
12.0991	-0.792883	12.125
12.0876	-0.773327	12.1123
12.0802	-0.746603	12.1032
12.0641	-0.717095	12.0854
12.0553	-0.688434	12.075
12.0459	-0.663529	12.0642
12.0375	-0.637294	12.0543
12.026	-0.611529	12.0416
12.0203	-0.585947	12.0346
12.0078	-0.561355	12.0209
12.0011	-0.534052	12.013
11.9884	-0.507576	11.9991
11.9775	-0.476324	11.9869
11.9709	-0.451511	11.9794
11.9578	-0.425841	11.9653
11.9455	-0.396748	11.9521
11.933	-0.37054	11.9387
11.9238	-0.340075	11.9286
11.9132	-0.310807	11.9172
11.901	-0.282395	11.9043
11.8873	-0.261426	11.8901
11.8817	-0.237808	11.8841
11.8692	-0.213778	11.8711
11.8602	-0.187353	11.8616
11.8505	-0.160637	11.8516
11.8459	-0.134832	11.8467
11.8328	-0.11222	11.8333
11.8243	-0.0861105	11.8246
11.8113	-0.0610833	11.8115
11.8005	-0.0318626	11.8005
11.7873	-0.0048078	11.7873
11.7739	0.0214185	11.7739
11.7642	0.0501731	11.7643
11.7538	0.0778164	11.7541
11.743	0.105349	11.7434
11.7303	0.13086	11.7311
11.7211	0.156204	11.7222
11.7074	0.181443	11.7088
11.6947	0.211116	11.6966
11.6842	0.237331	11.6866
11.6718	0.260249	11.6747
11.6625	0.287393	11.6661
11.6419	0.31456	11.6462
11.6342	0.346747	11.6394
11.6199	0.374678	11.6259
11.6123	0.399109	11.6191
11.5974	0.425615	11.6052
11.581	0.45638	11.59
11.5811	0.488565	11.5914
11.5675	0.522661	11.5793
11.5536	0.553829	11.5669
11.5466	0.588101	11.5616
11.531	0.616629	11.5475
11.5231	0.642386	11.541
11.5105	0.667343	11.5298
11.499	0.687999	11.5195
11.4888	0.714795	11.511
11.4772	0.739714	11.5011
11.4649	0.762683	11.4903
11.4564	0.790357	11.4836
11.4409	0.817599	11.4701
11.4296	0.843609	11.4607
11.4227	0.869392	11.4557
11.4063	0.894799	11.4413
11.3999	0.929688	11.4378
11.3856	0.95853	11.4259
11.3796	0.983915	11.4221
11.3681	1.01003	11.4129
11.3613	1.03484	11.4083
11.3505	1.05924	11.3998
11.3372	1.08816	11.3893
11.3291	1.11637	11.3839
11.325	1.13901	11.3822
11.3128	1.16298	11.3724
11.3041	1.19489	11.3671
11.2922	1.22853	11.3589
11.2832	1.25342	11.3526
11.2743	1.2832	11.3471
11.2636	1.31067	11.3396
11.2506	1.33834	11.3299
11.2489	1.36603	11.3315
11.2412	1.39381	11.3273
11.2233	1.42469	11.3134
11.2154	1.46151	11.3103
11.2121	1.49622	11.3115
11.2017	1.52479	11.305
11.1921	1.55317	11.2993
11.1844	1.57825	11.2952
11.1754	1.60438	11.29
11.1685	1.63138	11.287
11.1633	1.65241	11.285
11.1593	1.68338	11.2855
11.1486	1.71367	11.2795
11.141	1.74287	11.2765
11.131	1.77004	11.2708
11.1317	1.79821	11.276
11.1223	1.8282	11.2715
11.1174	1.86084	11.2721
11.1038	1.88935	11.2634
11.1059	1.92117	11.2709
11.0973	1.95242	11.2677
11.0935	1.98279	11.2693
11.0865	2.01409	11.2679
11.0827	2.04579	11.27
11.0738	2.07613	11.2667
11.0711	2.10656	11.2698
11.0669	2.13419	11.2708
11.0648	2.16303	11.2742
11.063	2.18828	11.2774
11.06	2.21652	11.2799
11.0477	2.2421	11.2729
11.0455	2.27062	11.2764
11.0452	2.29743	11.2816
11.0399	2.32659	11.2824
11.0412	2.35651	11.2898
11.039	2.38988	11.2948
11.0345	2.41988	11.2967
11.0349	2.44804	11.3032
11.0332	2.47635	11.3077
11.0334	2.50449	11.3141
11.0318	2.53348	11.319
11.0308	2.56248	11.3245
11.0292	2.59577	11.3305
11.0285	2.62853	11.3375
11.0259	2.65955	11.3421
11.0263	2.69002	11.3497
11.0284	2.72341	11.3597
11.0272	2.75819	11.3669
11.0226	2.78582	11.3692
11.0281	2.81971	11.3828
11.0246	2.85111	11.3873
11.0226	2.88523	11.394
11.0236	2.91243	11.4018
11.0145	2.94317	11.4009
11.0174	2.97528	11.4121
11.0164	3.00751	11.4196
11.02	3.03491	11.4303
11.0169	3.06836	11.4362
11.0165	3.10624	11.446
11.0144	3.13919	11.453
11.0103	3.16931	11.4574
11.0138	3.19783	11.4686
11.0089	3.2268	11.472
11.009	3.25649	11.4805
11.004	3.2843	11.4837
11.0028	3.30954	11.4898
10.9986	3.33559	11.4933
10.998	3.36344	11.5008
10.9959	3.39318	11.5075
10.9918	3.42157	11.5121
10.9861	3.44456	11.5135
10.9841	3.47021	11.5192
10.9778	3.49503	11.5207
10.9753	3.52069	11.5262
10.9724	3.54304	11.5303
10.968	3.56871	11.534
10.9688	3.5984	11.5439
10.9611	3.62913	11.5462
10.9571	3.65856	11.5517
10.9552	3.68603	11.5587
10.9442	3.71539	11.5577
10.9404	3.74443	11.5634
10.9269	3.77381	11.5603
10.919	3.80008	11.5614
10.9126	3.82899	11.5649
10.902	3.8576	11.5643
10.9003	3.88619	11.5723
10.889	3.91271	11.5707
10.8827	3.94141	11.5745
10.8694	3.97069	11.572
10.8638	4.00125	11.5772
10.8517	4.03045	11.576
10.8435	4.05924	11.5784
10.8365	4.08174	11.5798
10.824	4.1066	11.5769
10.8153	4.13453	11.5786
10.8019	4.16107	11.5756
10.8001	4.19526	11.5863
10.7866	4.22559	11.5848
10.7714	4.25073	11.5798
10.7602	4.2767	11.579
10.739	4.29499	11.5661
10.7246	4.31973	11.5619
10.7119	4.34628	11.56
10.6987	4.37186	11.5575
10.6856	4.39556	11.5543
10.6721	4.41954	11.551
10.658	4.44149	11.5464
10.6445	4.46733	11.5439
10.631	4.48868	11.5397
10.6173	4.51159	11.5361
10.6019	4.54125	11.5335
10.5888	4.56536	11.531
10.5646	4.58557	11.5168
10.55	4.61197	11.514
10.5337	4.63456	11.5081
10.5177	4.65895	11.5034
10.5022	4.68236	11.4987
10.4859	4.70493	11.493
10.469	4.72736	11.4868
10.453	4.74871	11.4811
10.4354	4.76836	11.4732
10.4198	4.79116	11.4686
10.4004	4.81063	11.4591
10.3853	4.83414	11.4553
10.3638	4.8611	11.4472
10.3474	4.88429	11.4423
10.321	4.9051	11.4273
10.2972	4.93206	11.4174
10.2755	4.95144	11.4062
10.2583	4.97534	11.4012
10.2287	4.99491	11.3832
10.207	5.02381	11.3764
10.1875	5.04681	11.369
10.1657	5.06932	11.3595
10.1469	5.09105	11.3524
10.1253	5.10988	11.3416
10.1077	5.13286	11.3363
10.0862	5.14898	11.3245
10.068	5.17001	11.3178
10.0478	5.18062	11.3048
10.0325	5.20431	11.302
10.0071	5.2239	11.2886
9.97956	5.2492	11.2759
9.95647	5.26753	11.264
9.93575	5.28705	11.2549
9.91315	5.30515	11.2435
9.8916	5.32444	11.2336
9.86759	5.34241	11.221
9.84265	5.35732	11.2062
9.82069	5.37668	11.1962
9.79167	5.39081	11.1776
9.76728	5.41381	11.1673
9.73696	5.43499	11.1511
9.71024	5.45374	11.137
9.68457	5.47101	11.1231
9.66075	5.48407	11.1088
9.63618	5.50053	11.0956
9.60933	5.51411	11.079
9.59106	5.52908	11.0706
9.56803	5.54032	11.0563
9.54398	5.5562	11.0435
9.52035	5.56815	11.0291
9.49724	5.58056	11.0155
9.47206	5.59157	10.9993
9.44551	5.60818	10.985
9.41864	5.62375	10.9698
9.39417	5.63728	10.9558
9.36922	5.65276	10.9424
9.34177	5.66475	10.9251
9.31585	5.67964	10.9107
9.29014	5.69127	10.8948
9.26341	5.70128	10.8773
9.23226	5.7214	10.8614
9.20175	5.73409	10.8421
9.17858	5.74474	10.8281
9.15853	5.75337	10.8157
9.13744	5.76773	10.8055
9.11434	5.77699	10.791
9.09151	5.79073	10.7791
9.06598	5.80451	10.765
9.03743	5.81478	10.7465
9.01157	5.83188	10.734
8.98465	5.84476	10.7184
8.96335	5.86099	10.7095
8.93713	5.87126	10.6932
8.91614	5.88814	10.6849
8.88942	5.89939	10.6689
8.86043	5.91703	10.6545
8.83122	5.92857	10.6367
8.80726	5.94094	10.6237
8.78618	5.95694	10.6152
8.75984	5.96784	10.5995
8.73646	5.98294	10.5887
8.71124	5.99354	10.5739
8.68785	6.00487	10.5611
8.66741	6.01425	10.5497
8.64584	6.0281	10.5399
8.6254	6.03793	10.5287
8.59953	6.05103	10.5151
8.57947	6.06546	10.507
8.55067	6.07809	10.4908
8.5244	6.09565	10.4796
8.49592	6.10779	10.4635
8.46819	6.13022	10.4542
8.44045	6.14287	10.4392
8.41571	6.1598	10.4292
8.39295	6.17321	10.4187
8.36814	6.18406	10.4052
8.34566	6.20178	10.3977
8.32014	6.21722	10.3865
8.29327	6.23393	10.375
8.26307	6.24754	10.3591
8.23961	6.2643	10.3505
8.21482	6.27959	10.3401
8.1937	6.2975	10.3342
8.16965	6.30439	10.3193
8.14707	6.3223	10.3124
8.11808	6.3343	10.2969
8.10055	6.35974	10.2988
8.07551	6.37806	10.2905
8.05473	6.39628	10.2855
8.02768	6.40985	10.2728
8.00175	6.43302	10.267
7.97582	6.45092	10.2581
7.95229	6.46947	10.2515
7.92627	6.4899	10.2442
7.90364	6.5114	10.2404
7.8816	6.52921	10.2348
7.86093	6.54821	10.231
7.84401	6.57068	10.2324
7.81724	6.58711	10.2225
7.79706	6.60986	10.2218
7.77531	6.62794	10.2169
7.75448	6.65084	10.2159
7.74217	6.67392	10.2217
7.72358	6.69334	10.2203
7.70299	6.71453	10.2187
7.68416	6.73186	10.2159
7.66593	6.75431	10.217
7.64257	6.78144	10.2175
7.62528	6.80629	10.2211
7.60884	6.83051	10.225
7.5925	6.85449	10.2289
7.57738	6.87884	10.234
7.56175	6.90223	10.2382
7.54888	6.92734	10.2457
7.5305	6.95052	10.2478
7.51708	6.98038	10.2583
7.50072	7.00825	10.2653
7.48849	7.03533	10.2749
7.47432	7.05613	10.2788
7.463	7.0825	10.2887
7.4561	7.10729	10.3008
7.44206	7.12863	10.3054
7.4347	7.15595	10.319
7.41711	7.18141	10.3241
7.41166	7.21387	10.3428
7.39783	7.24298	10.3532
7.39093	7.27337	10.3696
7.38629	7.29399	10.3807
7.37565	7.32273	10.3934
7.37393	7.35178	10.4127
7.36412	7.37983	10.4256
7.3598	7.41081	10.4445
7.35213	7.43925	10.4593
7.34258	7.47378	10.4772
7.34273	7.50233	10.4976
7.33667	7.5325	10.515
7.33488	7.56345	10.5359
7.33083	7.59357	10.5548
7.32914	7.62589	10.5769
7.32581	7.6577	10.5975
7.32192	7.69131	10.6192
7.31905	7.73012	10.6453
7.31962	7.76558	10.6715
7.3157	7.79811	10.6925
7.32285	7.82782	10.7191
7.3192	7.85892	10.7393
7.3197	7.8912	10.7633
7.32148	7.92156	10.7868
7.3211	7.94678	10.8051
7.32348	7.97307	10.826
7.32034	8.00079	10.8444
7.3238	8.02903	10.8675
7.32148	8.05771	10.8872
7.31918	8.08921	10.909
7.32496	8.12137	10.9367
7.31882	8.15593	10.9583
7.32295	8.19333	10.9889
7.32299	8.22308	11.0111
7.33045	8.25092	11.0369
7.32662	8.28388	11.059
7.33272	8.31591	11.0871
7.33143	8.34109	11.1051
7.33652	8.36684	11.1278
7.34031	8.39646	11.1526
7.34063	8.4246	11.174
7.33929	8.45704	11.1976
7.34652	8.48791	11.2257
7.35052	8.51672	11.2501
7.35113	8.54861	11.2747
7.35623	8.57905	11.3011
7.36218	8.60682	11.326
7.36488	8.63434	11.3487
7.37174	8.66418	11.3759
7.37453	8.68927	11.3968
7.3771	8.72082	11.4225
7.38205	8.75271	11.4501
7.39285	8.77931	11.4774
7.39508	8.80918	11.5017
7.40382	8.83327	11.5258
7.40409	8.86826	11.5528
7.4125	8.90068	11.5831
7.41416	8.93017	11.6068
7.4155	8.96141	11.6317
7.42348	8.99008	11.6589
7.42763	9.01978	11.6844
7.43347	9.04827	11.7102
7.44111	9.0757	11.7362
7.44687	9.10404	11.7618
7.4553	9.13334	11.7898
7.46284	9.16283	11.8174
7.4717	9.19086	11.8448
7.47225	9.21134	11.861
7.47808	9.23637	11.8841
7.48521	9.26367	11.9098
7.48985	9.29282	11.9354
7.49791	9.31909	11.9609
7.5042	9.34386	11.9842
7.51283	9.37028	12.0102
7.51023	9.39958	12.0314
7.52009	9.42923	12.0608
7.53504	9.45467	12.09
7.53904	9.48354	12.1151
7.54272	9.51103	12.1389
7.55343	9.53782	12.1665
7.55929	9.56592	12.1922
7.57414	9.59915	12.2275
7.58051	9.63011	12.2557
7.59059	9.65846	12.2843
7.59682	9.68827	12.3115
7.60683	9.71552	12.3392
7.61441	9.74506	12.3671
7.62305	9.77045	12.3924
7.63101	9.79731	12.4185
7.64072	9.82616	12.4472
7.64649	9.85416	12.4729
7.65289	9.87585	12.494
7.66098	9.90103	12.5188
7.67074	9.93192	12.5492
7.6811	9.95984	12.5777
7.69883	9.98722	12.6102
7.70531	10.0202	12.6402
7.71668	10.046	12.6676
7.72271	10.0751	12.6944
7.73443	10.106	12.726
7.74641	10.1295	12.752
7.75081	10.1538	12.774
7.76194	10.1787	12.8006
7.76812	10.2067	12.8265
7.78058	10.2322	12.8544
7.78342	10.2624	12.8802
7.79551	10.2932	12.912
7.80638	10.3232	12.9425
7.81391	10.3462	12.9654
7.82414	10.3705	12.9909
7.8325	10.3968	13.017
7.84189	10.4186	13.0401
7.85696	10.4434	13.0689
7.86711	10.4758	13.1009
7.88151	10.5027	13.1311
7.88751	10.5331	13.159
7.89917	10.559	13.1867
7.91006	10.5844	13.2136
7.92306	10.6093	13.2413
7.93839	10.6304	13.2674
7.94334	10.6569	13.2916
7.95878	10.6829	13.3217
7.97056	10.7104	13.3508
7.98249	10.7326	13.3757
7.99358	10.7513	13.3973
8.00589	10.7726	13.4217
8.02205	10.7947	13.4492
8.04239	10.8178	13.4798
8.05714	10.8463	13.5115
8.08129	10.8657	13.5414
8.09421	10.8946	13.5723
8.11396	10.9186	13.6034
8.13339	10.9396	13.6318
8.14903	10.9636	13.6604
8.16915	10.9852	13.6898
8.18619	11.0088	13.7188
8.20702	11.0331	13.7508
8.22826	11.0531	13.7795
8.2486	11.0765	13.8104
8.26961	11.0955	13.8382
8.28517	11.1137	13.8621
8.30609	11.1312	13.8886
8.32447	11.152	13.9163
8.34449	11.1678	13.941
8.36177	11.1877	13.9672
8.38317	11.2049	13.9938
8.40073	11.2235	14.0192
8.42102	11.2382	14.0432
8.44113	11.2586	14.0716
8.46443	11.2743	14.0981
8.49022	11.2891	14.1255
8.51166	11.3103	14.1553
8.53694	11.3225	14.1802
8.5582	11.3432	14.2096
8.58068	11.3609	14.2372
8.60275	11.3767	14.2631
8.62428	11.3944	14.2902
8.64924	11.4141	14.321
8.68308	11.4318	14.3556
8.71118	11.4495	14.3866
8.73755	11.4679	14.4173
8.75942	11.482	14.4417
8.78686	11.4992	14.4721
8.81414	11.513	14.4996
8.83992	11.5226	14.5229
8.86285	11.5404	14.551
8.89106	11.5516	14.5771
8.9207	11.5683	14.6084
8.94853	11.582	14.6362
8.97578	11.5961	14.6641
8.99957	11.6011	14.6826
9.02355	11.6156	14.7087
9.05118	11.6241	14.7324
9.07757	11.6388	14.7602
9.1112	11.6471	14.7875
9.1395	11.6628	14.8173
9.16271	11.6688	14.8363
9.1856	11.6851	14.8633
9.22203	11.6939	14.8927
9.25185	11.7099	14.9238
9.28352	11.7189	14.9505
9.3104	11.7334	14.9786
9.34231	11.7485	15.0102
9.37839	11.76	15.0417
9.41099	11.7739	15.0729
9.44173	11.788	15.1031
9.47153	11.799	15.1303
9.50234	11.8133	15.1608
9.52839	11.8269	15.1877
9.5573	11.8343	15.2116
9.57959	11.8414	15.2312
9.59805	11.8455	15.2459
9.62278	11.8526	15.267
9.64973	11.8615	15.291
9.67604	11.8753	15.3183
9.70489	11.8836	15.3429
9.73281	11.8933	15.3681
9.76064	11.9014	15.392
9.79459	11.9097	15.4199
9.82219	11.9222	15.4471
9.85037	11.9317	15.4724
9.87794	11.9398	15.4962
9.90905	11.9508	15.5245
9.93937	11.961	15.5517
9.97056	11.9683	15.5773
9.99838	11.9771	15.6019
10.0341	11.9871	15.6324
10.0669	11.9959	15.6603
10.096	12.0034	15.6848
10.1236	12.0127	15.7096
10.1528	12.0184	15.7329
10.1786	12.0266	15.7557
10.2035	12.0263	15.7716
10.2356	12.0317	15.7965
10.2662	12.0401	15.8227
10.2934	12.0467	15.8454
10.3206	12.0536	15.8683
10.3482	12.0601	15.8912
10.3698	12.0608	15.9059
10.3953	12.0699	15.9294
10.422	12.0723	15.9486
10.4489	12.0812	15.9729
10.4764	12.0815	15.9912
10.5078	12.0918	16.0195
10.5384	12.0954	16.0424
10.5702	12.0953	16.0632
10.6001	12.1046	16.0899
10.6309	12.1016	16.1079
10.6621	12.1103	16.1351
10.6928	12.1103	16.1554
10.7179	12.1202	16.1794
10.7485	12.122	16.201
10.7775	12.1253	16.2228
10.8066	12.1313	16.2466
10.8395	12.1323	16.2692
10.8702	12.1424	16.2973
10.9037	12.1456	16.322
10.937	12.1497	16.3472
10.9672	12.1497	16.3675
10.9996	12.1574	16.395
11.0301	12.155	16.4136
11.0594	12.1558	16.434
11.0834	12.1538	16.4486
11.1095	12.1535	16.4659
11.1312	12.1523	16.4797
11.1559	12.1537	16.4975
11.1861	12.1524	16.5169
11.2146	12.1528	16.5365
11.2462	12.1464	16.5533
11.2752	12.1448	16.5719
11.3042	12.1398	16.5879
11.333	12.1429	16.6098
11.3618	12.1397	16.6272
11.391	12.1365	16.6448
11.4178	12.1342	16.6615
11.4446	12.1344	16.68
11.4717	12.1291	16.6947
11.5003	12.13	16.7151
11.5266	12.1247	16.7293
11.5569	12.123	16.749
11.5845	12.1173	16.764
11.6187	12.1199	16.7895
11.6516	12.1153	16.809
11.6814	12.1086	16.8247
11.7112	12.107	16.8443
11.7436	12.101	16.8625
11.7769	12.096	16.8822
11.8097	12.0876	16.8991
11.8408	12.0872	16.9206
11.8717	12.0784	16.9359
11.8986	12.076	16.953
11.9256	12.0704	16.968
11.9538	12.0673	16.9857
11.9811	12.0605	17.0001
12.0071	12.0583	17.0168
12.0311	12.0532	17.0302
12.0638	12.0503	17.0512
12.0936	12.0462	17.0694
12.1252	12.0384	17.0863
12.1557	12.0348	17.1055
12.1951	12.0355	17.134
12.2275	12.0275	17.1515
12.2566	12.0235	17.1694
12.2856	12.0186	17.1867
12.3177	12.0135	17.2061
12.3449	12.0115	17.2242
12.3679	11.9977	17.2311
12.4018	11.9923	17.2517
12.4286	11.9902	17.2695
12.4588	11.987	17.289
12.4901	11.9754	17.3035
12.522	11.9717	17.324
12.5516	11.9655	17.3412
12.5801	11.9583	17.3569
12.6077	11.9536	17.3737
12.6351	11.9457	17.3881
12.6591	11.942	17.403
12.6824	11.9346	17.4149
12.7088	11.9299	17.4309
12.7349	11.9203	17.4434
12.7599	11.9152	17.4581
12.7847	11.9101	17.4728
12.8105	11.8989	17.4841
12.8424	11.8945	17.5044
12.8709	11.8788	17.5147
12.9045	11.8748	17.5367
12.9369	11.8583	17.5495
12.9678	11.8515	17.5676
12.9938	11.8413	17.58
13.0217	11.8348	17.5962
13.0483	11.8238	17.6085
13.0756	11.817	17.6242
13.1	11.8097	17.6375
13.123	11.8033	17.6502
13.1461	11.7926	17.6603
13.171	11.7853	17.6739
13.1969	11.7741	17.6858
13.2282	11.7637	17.7023
13.2562	11.7505	17.7144
13.284	11.7422	17.7297
13.3145	11.7308	17.7451
13.3428	11.7199	17.7591
13.3716	11.7117	17.7754
13.4064	11.6948	17.7904
13.4364	11.6829	17.8053
13.4635	11.6695	17.8169
13.4874	11.6564	17.8264
13.5142	11.6472	17.8407
13.5408	11.6365	17.8539
13.5629	11.6261	17.8639
13.5882	11.6166	17.877
13.6126	11.6028	17.8865
13.6396	11.5942	17.9015
13.6646	11.5807	17.9119
13.6903	11.5746	17.9276
13.7152	11.5609	17.9377
13.741	11.5549	17.9536
13.7657	11.5361	17.9604
13.795	11.5263	17.9766
13.8178	11.5162	17.9876
13.8427	11.5071	18.0009
13.8716	11.4845	18.0087
13.9058	11.4778	18.0309
13.9348	11.4624	18.0434
13.963	11.4521	18.0587
13.9887	11.4337	18.0669
14.0158	11.427	18.0837
14.0424	11.4147	18.0966
14.0719	11.4019	18.1114
14.0954	11.39	18.1221
14.124	11.3801	18.1382
14.1507	11.3658	18.15
14.1774	11.3594	18.1668
14.2019	11.3451	18.1771
14.231	11.336	18.1942
14.2618	11.3203	18.2085
14.2872	11.3109	18.2225
14.3115	11.2997	18.2346
14.3364	11.2923	18.2496
14.3613	11.2798	18.2614
14.387	11.2724	18.2771
14.4069	11.2619	18.2863
14.4252	11.2546	18.2963
14.4508	11.2418	18.3086
14.4785	11.2343	18.3258
14.5054	11.2215	18.3392
14.5313	11.2146	18.3555
14.5603	11.2055	18.373
14.5925	11.1953	18.3923
14.6205	11.1833	18.4072
14.6482	11.1766	18.4251
14.6753	11.1631	18.4386
14.701	11.1572	18.4554
14.7198	11.1413	18.4608
14.751	11.1329	18.4806
14.7793	11.1221	18.4967
14.81	11.1204	18.5203
14.8349	11.1098	18.5338
14.8626	11.1031	18.552
14.8944	11.091	18.5702
14.9254	11.0864	18.5923
14.9543	11.0762	18.6094
14.9786	11.0644	18.622
15.008	11.0605	18.6433
15.0379	11.0543	18.6638
15.0646	11.0413	18.6776
15.096	11.0397	18.702
15.127	11.0261	18.719
15.1581	11.0193	18.7402
15.1858	11.0114	18.7579
15.2105	11.0086	18.7763
15.2366	10.9948	18.7894
15.2714	10.9884	18.8138
15.3058	10.981	18.8374
15.335	10.9743	18.8573
15.363	10.9686	18.8767
15.3879	10.9641	18.8945
15.414	10.9595	18.9131
15.4382	10.9493	18.9268
15.4694	10.952	18.9539
15.4979	10.9412	18.9709
15.5267	10.9359	18.9914
15.554	10.9252	19.0076
15.5866	10.9194	19.0309
15.6161	10.9138	19.0519
15.6433	10.9048	19.069
15.674	10.9011	19.0921
15.7027	10.8928	19.1109
15.7318	10.8882	19.1322
15.7565	10.8803	19.1481
15.785	10.8785	19.1705
15.8137	10.8701	19.1894
15.841	10.8693	19.2114
15.8692	10.8601	19.2295
15.9012	10.8571	19.2542
15.9326	10.8486	19.2754
15.9627	10.85	19.301
15.9925	10.8414	19.3208
16.0199	10.8326	19.3387
16.0528	10.823	19.3605
16.0819	10.8255	19.386
16.111	10.8216	19.4081
16.1387	10.816	19.4279
16.1671	10.8143	19.4505
16.1966	10.8074	19.4713
16.2289	10.8052	19.4969
16.2579	10.8022	19.5194
16.2829	10.8017	19.5399
16.3094	10.7963	19.559
16.339	10.7921	19.5814
16.3627	10.789	19.5995
16.3895	10.7885	19.6216
16.4198	10.7846	19.6448
16.4506	10.7838	19.6701
16.4769	10.7828	19.6916
16.5006	10.7845	19.7123
16.5294	10.7805	19.7343
16.5579	10.782	19.759
16.5897	10.774	19.7812
16.6245	10.781	19.8143
16.6596	10.774	19.8399
16.6937	10.7754	19.8693
16.7302	10.7739	19.8992
16.7688	10.7761	19.9328
16.803	10.7731	19.96
16.8377	10.7831	19.9946
16.8717	10.7812	20.0221
16.9065	10.7857	20.054
16.9365	10.7814	20.0769
16.9673	10.7836	20.1041
16.9979	10.7787	20.1273
17.0283	10.7813	20.1544
17.0568	10.7812	20.1784
17.0832	10.7801	20.2001
17.1102	10.7735	20.2194
17.1393	10.774	20.2444
17.1694	10.7731	20.2694
17.1968	10.7738	20.293
17.2279	10.7666	20.3156
17.2575	10.7695	20.3421
17.2906	10.7638	20.3672
17.3235	10.7661	20.3964
17.36	10.7636	20.4261
17.3873	10.7662	20.4506
17.4101	10.7607	20.4671
17.4387	10.7645	20.4935
17.4661	10.7624	20.5157
17.4944	10.7612	20.5392
17.5225	10.7583	20.5616
17.5537	10.7587	20.5884
17.5811	10.7525	20.6085
17.6105	10.7538	20.6343
17.6378	10.7505	20.6558
17.6655	10.7492	20.6789
17.6917	10.7448	20.699
17.7201	10.7445	20.723
17.7504	10.7398	20.7465
17.7796	10.7376	20.7704
17.8026	10.7289	20.7856
17.8377	10.7319	20.8173
17.8707	10.7288	20.8439
17.8978	10.7246	20.865
17.9252	10.7193	20.8858
17.9531	10.7155	20.9078
17.9789	10.709	20.9266
18.008	10.7057	20.9499
18.0358	10.6965	20.9692
18.0599	10.6905	20.9868
18.0893	10.6801	21.0068
18.1166	10.6729	21.0267
18.1482	10.6691	21.052
18.1751	10.6581	21.0696
18.2018	10.6514	21.0893
18.2288	10.6395	21.1065
18.257	10.6321	21.1272
18.2841	10.6246	21.1469
18.3104	10.6096	21.1621
18.3399	10.6037	21.1847
18.3653	10.5926	21.2011
18.39	10.5749	21.2137
18.419	10.566	21.2344
18.4442	10.5492	21.248
18.4708	10.5357	21.2643
18.4929	10.5173	21.2744
18.5198	10.5006	21.2896
18.5413	10.4828	21.2995
18.5678	10.4624	21.3126
18.5909	10.4416	21.3225
18.6167	10.4269	21.3378
18.6394	10.407	21.3479
18.6595	10.3859	21.3552
18.6787	10.3683	21.3634
18.6975	10.3485	21.3703
18.7174	10.329	21.3782
18.7381	10.302	21.3834
18.7598	10.2781	21.3909
18.7755	10.2527	21.3925
18.7945	10.2301	21.3983
18.8116	10.2053	21.4015
18.8312	10.1836	21.4084
18.8433	10.1582	21.407
18.8608	10.1347	21.4113
18.8743	10.1101	21.4115
18.8889	10.0877	21.4139
18.8996	10.0603	21.4104
18.9116	10.0375	21.4102
18.9204	10.0129	21.4065
18.9335	9.98792	21.4064
18.9383	9.95673	21.3961
18.9506	9.93364	21.3963
18.9559	9.90512	21.3878
18.9641	9.8791	21.383
18.9647	9.85344	21.3717
18.974	9.82733	21.3679
18.9767	9.80114	21.3583
18.9824	9.77333	21.3506
18.9882	9.74751	21.344
18.9823	9.72642	21.3291
18.9886	9.69842	21.322
18.9934	9.66762	21.3122
18.9928	9.63208	21.2956
18.9954	9.5983	21.2827
18.995	9.56923	21.2692
18.9916	9.54155	21.2537
18.994	9.5197	21.2461
18.9883	9.49496	21.2299
18.9845	9.4681	21.2145
18.9805	9.44402	21.2002
18.9764	9.41785	21.1849
18.9703	9.39333	21.1685
18.9657	9.363	21.1509
18.9569	9.33601	21.1312
18.9496	9.30852	21.1125
18.9425	9.27837	21.0928
18.9398	9.25216	21.0789
18.9281	9.22388	21.0559
18.9196	9.1969	21.0365
18.9051	9.16476	21.0094
18.8947	9.13729	20.9881
18.8838	9.11301	20.9677
18.8659	9.0896	20.9414
18.8544	9.05925	20.9179
18.8377	9.0335	20.8917
18.8288	9.00456	20.8712
18.813	8.98362	20.8479
18.7967	8.96116	20.8235
18.7886	8.93305	20.8041
18.7674	8.9044	20.7727
18.7527	8.8777	20.7479
18.7316	8.85601	20.7196
18.7178	8.82891	20.6956
18.697	8.80599	20.667
18.6834	8.78178	20.6443
18.667	8.75741	20.6191
18.6452	8.73725	20.5909
18.6285	8.71378	20.5658
18.6072	8.69192	20.5372
18.5923	8.66738	20.5133
18.5655	8.65074	20.482
18.5443	8.62736	20.4529
18.5225	8.6122	20.4267
18.5036	8.59096	20.4007
18.4806	8.57719	20.374
18.4598	8.55629	20.3463
18.4353	8.53983	20.3172
18.4139	8.52006	20.2895
18.3876	8.50943	20.2611
18.367	8.48782	20.2334
18.3405	8.47257	20.2029
18.318	8.45828	20.1765
18.2946	8.443	20.1488
18.2637	8.43199	20.1162
18.2411	8.41467	20.0884
18.2153	8.40163	20.0595
18.1933	8.38212	20.0314
18.1642	8.36427	19.9975
18.1355	8.34512	19.9634
18.1067	8.33225	19.9319
18.0847	8.31214	19.9034
18.0399	8.30558	19.86
18.0049	8.28784	19.8208
17.974	8.27452	19.7871
17.9426	8.25512	19.7506
17.9118	8.24583	19.7187
17.8794	8.23046	19.6828
17.8507	8.2216	19.653
17.825	8.20799	19.6241
17.7906	8.20769	19.5927
17.7594	8.19574	19.5593
17.729	8.18992	19.5292
17.6999	8.18023	19.4988
17.6703	8.17699	19.4705
17.6429	8.167	19.4415
17.612	8.16334	19.4119
17.5773	8.15227	19.3757
17.5423	8.15145	19.3437
17.5114	8.1434	19.3123
17.486	8.13843	19.2872
17.4594	8.1338	19.261
17.4342	8.13077	19.237
17.4027	8.13147	19.2087
17.3725	8.12267	19.1776
17.3423	8.11913	19.1487
17.3167	8.11396	19.1234
17.2891	8.11056	19.097
17.2548	8.10183	19.0622
17.2214	8.09769	19.0302
17.1929	8.0992	19.005
17.1658	8.0923	18.9776
17.135	8.09514	18.951
17.1045	8.0899	18.9212
17.0746	8.08673	18.8928
17.0461	8.08181	18.8649
17.0194	8.07768	18.839
16.9923	8.0753	18.8135
16.9632	8.06953	18.7847
16.9236	8.06309	18.7462
16.8919	8.05988	18.7163
16.8644	8.05301	18.6885
16.831	8.0504	18.6572
16.7986	8.04822	18.627
16.7629	8.04258	18.5924
16.7314	8.03446	18.5605
16.6932	8.03164	18.5248
16.6597	8.03137	18.4945
16.628	8.02312	18.4624
16.5962	8.01781	18.4315
16.5657	8.01586	18.4031
16.5379	8.01316	18.377
16.5133	8.00913	18.353
16.4848	8.01037	18.3279
16.4562	8.00335	18.2992
16.4246	8.00042	18.2695
16.3906	7.99708	18.2375
16.3619	7.99321	18.21
16.3329	7.98713	18.1812
16.3046	7.98641	18.1555
16.2765	7.98032	18.1276
16.2481	7.97887	18.1015
16.2226	7.97465	18.0767
16.1975	7.97149	18.0528
16.1718	7.9677	18.0281
16.1451	7.96544	18.0031
16.1182	7.96474	17.9787
16.0909	7.95773	17.9511
16.062	7.95632	17.9246
16.0339	7.94984	17.8966
16.0011	7.94967	17.8671
15.971	7.93947	17.8356
15.9397	7.93841	17.8071
15.9107	7.93352	17.779
15.8826	7.92964	17.7521
15.8569	7.92303	17.7261
15.8293	7.92045	17.7003
15.8047	7.91559	17.6761
15.7788	7.91014	17.6505
15.7517	7.90918	17.6258
15.724	7.89931	17.5967
15.692	7.89548	17.5663
15.6614	7.88691	17.5352
15.6329	7.87953	17.5064
15.6016	7.8757	17.4767
15.5714	7.86356	17.4443
15.5446	7.85851	17.4181
15.5178	7.84799	17.3895
15.489	7.84337	17.3617
15.4618	7.82919	17.331
15.427	7.82559	17.2983
15.3969	7.81141	17.2651
15.3699	7.7984	17.2351
15.3422	7.78518	17.2044
15.3127	7.77486	17.1734
15.285	7.75795	17.1411
15.259	7.74544	17.1122
15.2344	7.73258	17.0845
15.2107	7.72172	17.0584
15.1867	7.7071	17.0304
15.1599	7.68796	16.9979
15.1324	7.67467	16.9673
15.1031	7.64488	16.9277
15.0698	7.6259	16.8895
15.0399	7.60532	16.8535
15.0142	7.58534	16.8215
14.9892	7.56532	16.7901
14.9616	7.54773	16.7576
14.9389	7.52458	16.7269
14.912	7.50579	16.6944
14.8919	7.48256	16.6661
14.8683	7.46355	16.6364
14.8439	7.44014	16.6041
14.824	7.41871	16.5767
14.7993	7.3936	16.5434
14.7804	7.37285	16.5172
14.7624	7.352	16.4918
14.7408	7.32577	16.4608
14.7198	7.29766	16.4295
14.6981	7.27301	16.3991
14.6846	7.24292	16.3737
14.664	7.21817	16.3443
14.6471	7.19223	16.3177
14.6355	7.16285	16.2943
14.6211	7.13722	16.2701
14.605	7.11268	16.2449
14.5974	7.08659	16.2266
14.5822	7.05978	16.2013
14.5745	7.03503	16.1835
14.5587	7.01157	16.1592
14.5516	6.98553	16.1415
14.5354	6.96014	16.1159
14.524	6.93342	16.0941
14.5126	6.90896	16.0732
14.4998	6.88651	16.052
14.491	6.86013	16.0328
14.4792	6.82971	16.0091
14.4667	6.80152	15.9858
14.4601	6.77017	15.9665
14.4442	6.74374	15.941
14.4329	6.70954	15.9162
14.4201	6.67988	15.8921
14.4097	6.65325	15.8715
14.4022	6.62259	15.8519
14.3928	6.59297	15.831
14.3844	6.56459	15.8115
14.3747	6.53716	15.7914
14.3717	6.51202	15.7782
14.36	6.48254	15.7554
14.3513	6.44982	15.734
14.3455	6.4222	15.7174
14.3357	6.39685	15.6982
14.3283	6.37492	15.6824
14.3199	6.35462	15.6665
14.3128	6.32892	15.6497
14.3072	6.30624	15.6354
14.3014	6.27597	15.6178
14.2929	6.24965	15.5995
14.2869	6.22189	15.5829
14.2801	6.18417	15.5616
14.2714	6.1511	15.5406
14.2645	6.12034	15.5221
14.2489	6.09266	15.4968
14.2421	6.06056	15.4779
14.2369	6.03016	15.4613
14.2284	6.00013	15.4418
14.2271	5.9733	15.4302
14.2243	5.94475	15.4166
14.2146	5.91555	15.3963
14.2096	5.89092	15.3823
14.2058	5.86273	15.368
14.1999	5.83569	15.3522
14.1986	5.80872	15.3409
14.192	5.78178	15.3246
14.1899	5.75686	15.3132
14.1835	5.73178	15.2979
14.1831	5.70244	15.2865
14.1773	5.67803	15.2721
14.1759	5.64804	15.2596
14.1654	5.61864	15.2391
14.1653	5.58416	15.2263
14.1539	5.54369	15.2008
14.1518	5.5065	15.1854
14.1455	5.4808	15.1702
14.1455	5.45237	15.1599
14.1381	5.42573	15.1435
14.1406	5.39938	15.1364
14.1301	5.37706	15.1186
14.1292	5.34859	15.1077
14.1222	5.31587	15.0896
14.1234	5.28425	15.0796
14.1181	5.25363	15.0639
14.1223	5.22385	15.0575
14.1102	5.19589	15.0365
14.1078	5.16636	15.024
14.1001	5.13681	15.0067
14.0972	5.10838	14.9942
14.0906	5.08064	14.9786
14.0917	5.05414	14.9707
14.0797	5.02694	14.9502
14.0807	4.99201	14.9394
14.0707	4.96017	14.9194
14.0636	4.93119	14.9031
14.0541	4.90325	14.8848
14.0457	4.87432	14.8674
14.0376	4.84662	14.8507
14.0249	4.81691	14.829
14.0112	4.78423	14.8055
14.0053	4.75718	14.7912
13.9978	4.73014	14.7754
13.9871	4.70089	14.7559
13.9778	4.66907	14.737
13.9674	4.64091	14.7182
13.9555	4.6158	14.699
13.9448	4.58993	14.6808
13.9354	4.56302	14.6634
13.92	4.54195	14.6423
13.9098	4.5165	14.6246
13.897	4.4919	14.6049
13.8847	4.46614	14.5853
13.874	4.44142	14.5676
13.8642	4.41683	14.5508
13.8583	4.39072	14.5372
13.8638	4.36514	14.5348
13.8795	4.33926	14.542
13.8819	4.30071	14.5329
13.898	4.26939	14.539
13.9071	4.24336	14.5401
13.9162	4.21865	14.5416
13.9268	4.19308	14.5443
13.9355	4.16811	14.5455
13.943	4.14184	14.5451
13.9515	4.11491	14.5457
13.9612	4.0871	14.5471
13.9673	4.06187	14.5459
13.9727	4.03854	14.5446
13.9791	4.01146	14.5433
13.9851	3.98211	14.541
13.9915	3.95458	14.5397
13.9946	3.92614	14.5349
14.0009	3.89821	14.5334
14.0027	3.86942	14.5275
14.007	3.8418	14.5243
14.0087	3.81293	14.5183
14.0141	3.78043	14.515
14.0145	3.75488	14.5088
14.0121	3.72197	14.498
14.0107	3.69086	14.4887
14.015	3.66107	14.4853
14.0127	3.63285	14.476
14.0151	3.60685	14.4717
14.0083	3.57999	14.4585
14.0106	3.55045	14.4535
14.0064	3.52148	14.4423
14.0034	3.49601	14.4332
14.0022	3.46649	14.4249
13.9999	3.43786	14.4158
13.9959	3.40619	14.4044
13.9901	3.37602	14.3916
13.9867	3.35321	14.383
13.9813	3.32875	14.3721
13.9735	3.29738	14.3573
13.9733	3.26393	14.3494
13.9682	3.23293	14.3375
13.9575	3.20436	14.3206
13.9531	3.17446	14.3096
13.941	3.14569	14.2915
13.9348	3.11618	14.279
13.9267	3.09016	14.2654
13.9265	3.05896	14.2585
13.9081	3.02397	14.2331
13.8987	2.98551	14.2157
13.8829	2.95482	14.1939
13.8729	2.92182	14.1773
13.8602	2.88886	14.1581
13.8525	2.85781	14.1442
13.8295	2.83357	14.1168
13.8153	2.80592	14.0974
13.8057	2.77743	14.0823
13.7884	2.75196	14.0603
13.7702	2.72818	14.0379
13.7631	2.69261	14.024
13.7444	2.66408	14.0002
13.7295	2.63656	13.9804
13.7116	2.61246	13.9583
13.6949	2.58871	13.9374
13.6753	2.56096	13.9131
13.6533	2.53584	13.8868
13.6364	2.50885	13.8653
13.617	2.48589	13.842
13.5975	2.46427	13.819
13.5783	2.43741	13.7953
13.5576	2.41338	13.7707
13.5364	2.392	13.7461
13.5142	2.36499	13.7196
13.4926	2.34091	13.6942
13.4664	2.322	13.6651
13.4442	2.30169	13.6398
13.4195	2.28463	13.6126
13.3957	2.26796	13.5863
13.3699	2.24993	13.5579
13.3535	2.2313	13.5386
13.3298	2.21827	13.5131
13.306	2.20633	13.4877
13.2838	2.18928	13.463
13.2595	2.18105	13.4377
13.2373	2.1625	13.4128
13.2097	2.15102	13.3837
13.1866	2.13352	13.3581
13.1636	2.12478	13.334
13.142	2.10767	13.31
13.1131	2.09584	13.2795
13.0871	2.07967	13.2513
13.0635	2.06921	13.2264
13.0421	2.05691	13.2033
13.0189	2.04593	13.1787
12.9926	2.03286	13.1507
12.9644	2.023	13.1212
12.9386	2.00852	13.0936
12.9089	2.0021	13.0633
12.8821	1.98763	13.0346
12.8553	1.98128	13.0071
12.8295	1.96668	12.9794
12.8078	1.96201	12.9572
12.786	1.95633	12.9348
12.7612	1.94511	12.9086
12.7345	1.93555	12.8808
12.7075	1.93302	12.8537
12.6806	1.92079	12.8253
12.657	1.91087	12.8004
12.6295	1.90767	12.7727
12.6011	1.89705	12.7431
12.5728	1.89288	12.7144
12.5416	1.88244	12.6821
12.5148	1.87935	12.6552
12.4927	1.8713	12.6321
12.4625	1.86678	12.6016
12.4388	1.86444	12.5777
12.4125	1.86295	12.5515
12.392	1.85573	12.5302
12.3673	1.85563	12.5057
12.3358	1.85048	12.4738
12.3057	1.85448	12.4446
12.2776	1.85729	12.4173
12.2518	1.85553	12.3915
12.2238	1.86034	12.3645
12.1945	1.85676	12.335
12.1669	1.86316	12.3088
12.1373	1.8621	12.2793
12.1077	1.87275	12.2516
12.0742	1.86951	12.218
12.0415	1.87863	12.1872
12.0112	1.88403	12.1581
11.9839	1.89416	12.1327
11.9564	1.90105	12.1066
11.9258	1.90948	12.0777
11.8983	1.92412	12.0529
11.8699	1.93197	12.0261
11.8473	1.94122	12.0053
11.8233	1.95327	11.9835
11.8	1.96576	11.9626
11.7832	1.9762	11.9478
11.7621	1.98838	11.929
11.7415	2.00332	11.9112
11.7125	2.01945	11.8853
11.6866	2.04176	11.8636
11.6619	2.05673	11.8419
11.6435	2.07869	11.8276
11.62	2.09299	11.807
11.605	2.11104	11.7955
11.5886	2.13484	11.7836
11.5652	2.15195	11.7637
11.5481	2.17692	11.7515
11.5293	2.19493	11.7364
11.5127	2.21509	11.7239
11.4967	2.23719	11.7123
11.4808	2.26135	11.7014
11.467	2.28634	11.6927
11.4477	2.31159	11.6787
11.44	2.33658	11.6762
11.4198	2.36275	11.6616
11.4073	2.39083	11.6552
11.3943	2.41753	11.648
11.3868	2.44755	11.6469
11.3696	2.4734	11.6356
11.3617	2.50542	11.6347
11.3494	2.53502	11.6291
11.3402	2.56352	11.6264
11.3319	2.5932	11.6249
11.3285	2.62024	11.6276
11.3237	2.64942	11.6295
11.3215	2.67755	11.6338
11.3175	2.70695	11.6367
11.3231	2.73641	11.6491
11.3156	2.76508	11.6485
11.3221	2.79771	11.6627
11.3258	2.8274	11.6733
11.33	2.85856	11.6851
11.3305	2.88865	11.6929
11.3338	2.92023	11.7039
11.3384	2.95115	11.7161
11.3459	2.98504	11.732
11.3516	3.01951	11.7464
11.3639	3.04183	11.764
11.3614	3.07147	11.7693
11.3716	3.10104	11.7869
11.3817	3.12762	11.8036
11.3887	3.14876	11.816
11.3986	3.16946	11.8311
11.4064	3.19461	11.8453
11.4193	3.21881	11.8642
11.4273	3.24323	11.8787
11.4395	3.26799	11.8972
11.4529	3.2962	11.9178
11.4689	3.32136	11.9401
11.4824	3.34734	11.9604
11.5042	3.37612	11.9894
11.5213	3.40541	12.014
11.5386	3.42981	12.0376
11.5572	3.45545	12.0628
11.5686	3.48129	12.081
11.5881	3.50315	12.106
11.6049	3.52618	12.1288
11.6301	3.5465	12.1588
11.6563	3.57508	12.1922
11.6809	3.59976	12.223
11.7034	3.6223	12.2511
11.7228	3.64379	12.2761
11.7455	3.6626	12.3033
11.7627	3.68481	12.3264
11.7876	3.70121	12.355
11.8066	3.72207	12.3794
11.8338	3.73391	12.4089
11.8551	3.75783	12.4364
11.8781	3.77655	12.464
11.9014	3.79712	12.4924
11.9272	3.81223	12.5216
11.9507	3.83148	12.5499
11.976	3.84006	12.5766
11.9986	3.85831	12.6037
12.0276	3.87217	12.6355
12.0486	3.89158	12.6615
12.0768	3.90266	12.6917
12.1026	3.9209	12.7218
12.1307	3.93363	12.7526
12.1506	3.94581	12.7752
12.1726	3.95143	12.7979
12.1942	3.96891	12.8239
12.2268	3.97671	12.8573
12.2509	3.98865	12.8839
12.2761	3.99802	12.9107
12.2999	4.00757	12.9363
12.3246	4.01859	12.9632
12.3508	4.02825	12.9912
12.3773	4.03854	13.0195
12.4058	4.04738	13.0493
12.4356	4.05767	13.0808
12.464	4.0678	13.111
12.492	4.07679	13.1404
12.5196	4.08575	13.1694
12.5472	4.09259	13.1978
12.5782	4.10329	13.2305
12.6103	4.10857	13.2627
12.6395	4.11799	13.2934
12.6706	4.12212	13.3243
12.6998	4.12993	13.3544
12.7289	4.13393	13.3833
12.7582	4.14034	13.4132
12.7847	4.14526	13.4399
12.8123	4.14971	13.4675
12.8384	4.15142	13.493
12.8632	4.15793	13.5185
12.8862	4.16227	13.5418
12.9118	4.16446	13.5668
12.9419	4.16836	13.5966
12.9668	4.17131	13.6213
12.9948	4.18067	13.6508
13.0247	4.18458	13.6804
13.0542	4.18829	13.7096
13.0843	4.19408	13.7401
13.1145	4.19506	13.7691
13.145	4.20456	13.801
13.1747	4.20881	13.8306
13.2037	4.21174	13.8592
13.2336	4.21555	13.8888
13.2626	4.21804	13.9172
13.2924	4.22465	13.9476
13.3205	4.2276	13.9753
13.3442	4.22914	13.9983
13.3672	4.22826	14.02
13.3919	4.23787	14.0464
13.4155	4.2512	14.073
13.4415	4.26021	14.1005
13.4685	4.27415	14.1305
13.4941	4.28733	14.1588
13.5197	4.3031	14.1879
13.54	4.31611	14.2112
13.56	4.32886	14.2342
13.5818	4.34811	14.2608
13.6057	4.37176	14.2908
13.6327	4.39959	14.3251
13.6576	4.42285	14.3559
13.681	4.44916	14.3863
13.7048	4.471	14.4157
13.7231	4.49494	14.4405
13.7399	4.52113	14.4646
13.755	4.54119	14.4853
13.7703	4.56525	14.5073
13.7853	4.58951	14.5292
13.7989	4.61323	14.5497
13.8117	4.6409	14.5705
13.8264	4.66327	14.5916
13.8365	4.68726	14.6089
13.8535	4.70625	14.6311
13.8668	4.73098	14.6516
13.8738	4.75663	14.6665
13.8876	4.7791	14.6869
13.9047	4.80619	14.7119
13.9144	4.83783	14.7315
13.931	4.86812	14.7571
13.9401	4.89769	14.7754
13.9512	4.92729	14.7958
13.9612	4.96148	14.8166
13.9735	4.98624	14.8365
13.9802	5.01796	14.8535
13.9894	5.04255	14.8705
13.9952	5.06671	14.8842
14.0011	5.09288	14.8986
14.0095	5.11937	14.9155
14.0178	5.14742	14.933
14.0243	5.17539	14.9488
14.0324	5.20316	14.966
14.0407	5.23185	14.9838
14.0453	5.26232	14.9987
14.0517	5.28755	15.0136
14.0587	5.31447	15.0297
14.0682	5.34829	15.0505
14.0736	5.38373	15.0682
14.0852	5.41413	15.0899
14.0913	5.44839	15.1079
14.095	5.48327	15.124
14.1033	5.51511	15.1433
14.1108	5.54601	15.1616
14.1169	5.57603	15.1782
14.123	5.60303	15.1938
14.1288	5.63037	15.2094
14.1349	5.65853	15.2255
14.1382	5.68672	15.239
14.1483	5.71364	15.2585
14.1526	5.7414	15.2729
14.1588	5.77156	15.29
14.1678	5.79964	15.3089
14.1734	5.82813	15.3249
14.181	5.85313	15.3414
14.1877	5.88198	15.3586
14.1936	5.91027	15.375
14.199	5.93803	15.3906
14.2051	5.96596	15.4071
14.2124	5.99592	15.4254
14.2196	6.02818	15.4446
14.2259	6.06114	15.4633
14.2313	6.09041	15.4797
14.2389	6.1166	15.497
14.2479	6.14261	15.5156
14.2533	6.16781	15.5306
14.2605	6.19387	15.5475
14.2654	6.21979	15.5623
14.275	6.24619	15.5818
14.2799	6.27521	15.5979
14.291	6.30284	15.6191
14.2971	6.33447	15.6376
14.3075	6.36696	15.6603
14.3132	6.39596	15.6772
14.322	6.43339	15.7006
14.3355	6.46382	15.7254
14.3452	6.49501	15.747
14.3603	6.51686	15.7699
14.366	6.54334	15.7859
14.3808	6.56286	15.8076
14.383	6.59271	15.822
14.394	6.62019	15.8434
14.4054	6.64667	15.8648
14.4185	6.66943	15.8863
14.4278	6.69587	15.9059
14.4427	6.72146	15.9301
14.4516	6.74776	15.9493
14.4652	6.77294	15.9723
14.4785	6.79855	15.9952
14.489	6.8231	16.0152
14.504	6.84661	16.0387
14.5153	6.87176	16.0598
14.5291	6.89845	16.0836
14.5462	6.9217	16.1091
14.5618	6.94784	16.1344
14.5782	6.97386	16.1604
14.5958	6.99932	16.1873
14.6168	7.02401	16.2169
14.6325	7.05175	16.2431
14.6507	7.07549	16.2698
14.6648	7.09667	16.2916
14.6829	7.11713	16.3168
14.6974	7.14085	16.3403
14.7176	7.16155	16.3675
14.7421	7.18538	16.4
14.7672	7.21246	16.4344
14.7922	7.23761	16.4679
14.8151	7.26067	16.4986
14.8375	7.26937	16.5226
14.8585	7.28957	16.5503
14.8758	7.30471	16.5725
14.8943	7.32365	16.5975
14.9204	7.34429	16.63
14.9488	7.36404	16.6642
14.9716	7.38579	16.6943
14.9908	7.40271	16.719
15.0104	7.4199	16.7442
15.0319	7.43441	16.7699
15.0503	7.44767	16.7923
15.0692	7.46351	16.8162
15.0912	7.4757	16.8413
15.1155	7.49301	16.8708
15.1392	7.50948	16.8993
15.1586	7.52315	16.9228
15.1874	7.53496	16.9538
15.2082	7.55014	16.9792
15.2351	7.55776	17.0067
15.2591	7.57566	17.0362
15.2874	7.58166	17.0641
15.3132	7.59563	17.0935
15.3371	7.60821	17.1205
15.3623	7.62093	17.1487
15.3891	7.63266	17.178
15.4156	7.64692	17.208
15.4407	7.6608	17.2367
15.4668	7.67072	17.2645
15.4937	7.68118	17.2933
15.5203	7.6925	17.3221
15.5481	7.69874	17.3497
15.5691	7.71482	17.3757
15.5967	7.72179	17.4035
15.6243	7.73059	17.4322
15.649	7.74636	17.4613
15.678	7.75307	17.4902
15.7046	7.76791	17.5207
15.7329	7.7793	17.5511
15.7622	7.78582	17.5803
15.7811	7.80341	17.605
15.8081	7.8112	17.6327
15.836	7.82199	17.6624
15.8739	7.82062	17.6959
15.9062	7.83442	17.7309
15.934	7.84033	17.7584
15.964	7.84389	17.7869
15.9889	7.85434	17.8139
16.0202	7.86151	17.8452
16.0503	7.86902	17.8755
16.0792	7.87448	17.9039
16.1075	7.87198	17.9282
16.1309	7.87926	17.9524
16.1597	7.88033	17.9787
16.1879	7.89249	18.0095
16.2211	7.8962	18.0409
16.2487	7.90574	18.0699
16.2797	7.9085	18.0989
16.3082	7.91806	18.1288
16.3385	7.91943	18.1566
16.3698	7.93418	18.1912
16.4038	7.93846	18.2237
16.4332	7.94691	18.2538
16.4638	7.94485	18.2805
16.4944	7.94981	18.3103
16.5237	7.95477	18.3388
16.5517	7.9603	18.3664
16.5791	7.9677	18.3943
16.6155	7.97396	18.4298
16.6471	7.97788	18.46
16.6768	7.98468	18.4897
16.708	7.98828	18.5195
16.7405	7.99104	18.55
16.7709	7.9987	18.5807
16.8011	8.00322	18.6099
16.8298	8.00685	18.6374
16.8584	8.01329	18.666
16.8863	8.01269	18.6909
16.9145	8.02297	18.7208
16.9442	8.02267	18.7475
16.9727	8.03214	18.7773
17.0025	8.03426	18.8052
17.0282	8.04469	18.8329
17.0628	8.04001	18.8622
17.0993	8.05195	18.9002
17.1297	8.0564	18.9297
17.1642	8.06474	18.9644
17.2008	8.06797	18.999
17.2315	8.07756	19.0308
17.2629	8.08228	19.0613
17.2927	8.09271	19.0926
17.3195	8.09608	19.1183
17.3428	8.10489	19.1432
17.3638	8.10443	19.162
17.3875	8.11885	19.1896
17.4196	8.12273	19.2204
17.4482	8.13862	19.2529
17.4804	8.14543	19.2851
17.5077	8.15706	19.3147
17.5419	8.16153	19.3476
17.573	8.17655	19.3821
17.606	8.17996	19.4135
17.6344	8.19524	19.4457
17.6651	8.2042	19.4773
17.6905	8.2176	19.5059
17.7184	8.21811	19.5315
17.7481	8.22986	19.5634
17.7749	8.24355	19.5934
17.7995	8.25551	19.6208
17.8244	8.26656	19.6481
17.8512	8.27994	19.678
17.8805	8.29367	19.7103
17.9071	8.30837	19.7406
17.9332	8.32027	19.7693
17.9558	8.33847	19.7975
17.9826	8.34969	19.8265
18.0046	8.36853	19.8544
18.0355	8.37663	19.8858
18.0618	8.39641	19.9181
18.0899	8.41123	19.9497
18.1135	8.43657	19.9818
18.1428	8.4572	20.0172
18.1717	8.47093	20.0492
18.1949	8.49544	20.0805
18.2232	8.51133	20.1129
18.2494	8.52973	20.1444
18.2727	8.54509	20.172
18.2925	8.56971	20.2003
18.3185	8.58721	20.2314
18.3374	8.61266	20.2593
18.357	8.63084	20.2847
18.3763	8.65358	20.3119
18.3972	8.67391	20.3395
18.4136	8.69851	20.3648
18.4344	8.71907	20.3924
18.4486	8.74501	20.4163
18.4695	8.76688	20.4446
18.485	8.7929	20.4698
18.5032	8.81455	20.4955
18.514	8.83922	20.5158
18.5343	8.86154	20.5438
18.5443	8.88949	20.5648
18.5634	8.9158	20.5935
18.5727	8.94333	20.6138
18.5886	8.96709	20.6385
18.5983	8.9964	20.6599
18.614	9.02202	20.6852
18.6181	9.05369	20.7028
18.6309	9.08575	20.7282
18.6378	9.11539	20.7475
18.653	9.14103	20.7724
18.6573	9.17214	20.7899
18.6717	9.19624	20.8136
18.6719	9.22831	20.8279
18.6845	9.25509	20.8511
18.6858	9.28673	20.8663
18.6941	9.31248	20.8852
18.6953	9.33809	20.8977
18.6992	9.36392	20.9127
18.6953	9.39764	20.9244
18.7069	9.43078	20.9496
18.7041	9.46803	20.964
18.7025	9.50076	20.9773
18.6957	9.52906	20.9841
18.6959	9.55914	20.9979
18.68	9.58342	20.9949
18.679	9.61238	21.0072
18.6629	9.64154	21.0062
18.6558	9.6731	21.0144
18.647	9.702	21.0199
18.6389	9.72976	21.0256
18.6286	9.7548	21.0281
18.623	9.78258	21.036
18.6072	9.81165	21.0356
18.5977	9.84209	21.0414
18.5869	9.87091	21.0453
18.5726	9.89911	21.046
18.5605	9.92554	21.0478
18.5471	9.9488	21.0469
18.5312	9.97159	21.0437
18.5159	10.0002	21.0438
18.5008	10.026	21.0429
18.4858	10.0474	21.0399
18.4725	10.0719	21.0399
18.4536	10.0919	21.0329
18.4434	10.1272	21.0409
18.4226	10.1552	21.0362
18.4015	10.1765	21.028
18.3834	10.2028	21.0249
18.357	10.2242	21.0122
18.3371	10.2501	21.0074
18.3121	10.2714	20.996
18.2913	10.2941	20.9891
18.2664	10.3122	20.9762
18.2506	10.336	20.9742
18.2245	10.3541	20.9604
18.2021	10.3757	20.9516
18.179	10.3887	20.9381
18.1585	10.4097	20.9307
18.1315	10.4192	20.912
18.1079	10.4397	20.9018
18.0826	10.4567	20.8884
18.0576	10.4733	20.8751
18.0315	10.493	20.8624
18.0092	10.5068	20.8501
17.9871	10.5209	20.838
17.9628	10.5336	20.8235
17.9405	10.5467	20.8109
17.9166	10.5588	20.7965
17.8919	10.5699	20.7809
17.8717	10.5806	20.7689
17.852	10.5911	20.7573
17.8237	10.6027	20.7389
17.7893	10.6152	20.7157
17.7637	10.6329	20.7028
17.7323	10.6446	20.6819
17.7054	10.6609	20.6673
17.6728	10.6726	20.6454
17.6454	10.6875	20.6297
17.6155	10.698	20.6095
17.586	10.72	20.5958
17.5515	10.7314	20.5723
17.5258	10.7484	20.5592
17.4877	10.7543	20.5298
17.4541	10.7732	20.5112
17.4205	10.7823	20.4873
17.3928	10.8021	20.4743
17.3596	10.8096	20.45
17.3265	10.8234	20.4293
17.2938	10.833	20.4066
17.2653	10.8511	20.3921
17.2322	10.8517	20.3643
17.2006	10.866	20.3453
17.1708	10.8702	20.3223
17.1442	10.8857	20.3082
17.1137	10.8917	20.2857
17.0848	10.9045	20.2682
17.0518	10.9071	20.2418
17.0262	10.9199	20.2271
16.9994	10.9315	20.2108
16.9714	10.9352	20.1892
16.9448	10.956	20.1783
16.9155	10.9624	20.1571
16.889	10.9737	20.141
16.8575	10.9802	20.1182
16.8292	10.9955	20.1029
16.7989	11.0028	20.0814
16.7724	11.0187	20.068
16.7424	11.0284	20.0482
16.7157	11.0442	20.0347
16.689	11.0498	20.0155
16.6656	11.0777	20.0115
16.6325	11.0939	19.9929
16.6014	11.1075	19.9746
16.5733	11.1192	19.9577
16.5441	11.1349	19.9422
16.5209	11.145	19.9286
16.4977	11.1624	19.9191
16.4681	11.1738	19.9011
16.4514	11.1934	19.8983
16.4233	11.2063	19.8823
16.3991	11.2261	19.8735
16.3683	11.2384	19.8551
16.3422	11.2593	19.8454
16.3119	11.2741	19.8288
16.2893	11.2974	19.8236
16.2609	11.3125	19.8088
16.2403	11.3338	19.8041
16.2056	11.3451	19.7821
16.1755	11.3658	19.7693
16.161	11.3951	19.7744
16.1354	11.417	19.7661
16.1132	11.4386	19.7605
16.0903	11.4602	19.7543
16.0733	11.4772	19.7504
16.0556	11.4954	19.7466
16.0365	11.5198	19.7452
16.0134	11.5396	19.7381
15.9983	11.5647	19.7405
15.9743	11.5867	19.734
15.9604	11.6092	19.7359
15.9391	11.626	19.7286
15.924	11.6514	19.7315
15.9019	11.6694	19.7242
15.8878	11.6963	19.7289
15.875	11.7221	19.7338
15.8596	11.7439	19.7344
15.8509	11.7614	19.7378
15.8332	11.779	19.7341
15.8213	11.8062	19.7409
15.8033	11.833	19.7425
15.786	11.8642	19.7473
15.7808	11.8974	19.7631
15.7628	11.9258	19.7659
15.7518	11.9552	19.7749
15.7358	11.9815	19.7781
15.7291	12.0144	19.7927
15.7095	12.0431	19.7946
15.6982	12.0786	19.8072
15.6825	12.1056	19.8113
15.677	12.1371	19.8262
15.6564	12.1663	19.8278
15.6441	12.1996	19.8385
15.6373	12.2315	19.8528
15.6274	12.2605	19.8629
15.6231	12.29	19.8777
15.618	12.3177	19.8909
15.6204	12.3465	19.9106
15.6101	12.3775	19.9218
15.6097	12.4093	19.9413
15.6019	12.4367	19.9522
15.607	12.4691	19.9764
15.5929	12.5046	19.9876
15.5931	12.5362	20.0075
15.5919	12.5661	20.0254
15.5973	12.593	20.0464
15.5939	12.6268	20.0651
15.6066	12.6584	20.0948
15.6066	12.6919	20.116
15.6144	12.7247	20.1427
15.6158	12.7564	20.1638
15.6156	12.7835	20.1808
15.6266	12.8108	20.2067
15.6309	12.8382	20.2273
15.6394	12.8664	20.2518
15.6453	12.8949	20.2744
15.6564	12.9225	20.3006
15.6631	12.951	20.3239
15.6803	12.9759	20.353
15.6858	13.0072	20.3772
15.701	13.0346	20.4065
15.7082	13.061	20.4288
15.7311	13.0869	20.463
15.7421	13.1186	20.4918
15.759	13.1473	20.5231
15.7676	13.174	20.5468
15.7884	13.1964	20.5771
15.8009	13.2255	20.6054
15.8207	13.2474	20.6347
15.84	13.2721	20.6652
15.8619	13.2919	20.6948
15.8808	13.3104	20.7212
15.8928	13.3354	20.7465
15.9146	13.3537	20.7749
15.9314	13.378	20.8033
15.9542	13.3971	20.8332
15.9729	13.4241	20.8648
15.9984	13.4435	20.8968
16.0192	13.4661	20.9273
16.0511	13.4847	20.9637
16.0742	13.5087	20.9968
16.1011	13.5253	21.028
16.1217	13.5419	21.0545
16.1453	13.5542	21.0805
16.169	13.5725	21.1104
16.193	13.5887	21.1392
16.2161	13.6055	21.1677
16.246	13.618	21.1986
16.2705	13.6387	21.2307
16.302	13.651	21.2628
16.3252	13.6678	21.2913
16.352	13.6809	21.3203
16.3772	13.6958	21.3492
16.4031	13.7055	21.3753
16.4269	13.722	21.4041
16.4566	13.7283	21.4309
16.4816	13.7476	21.4625
16.5122	13.7537	21.4899
16.5383	13.7711	21.5211
16.5693	13.781	21.5513
16.5955	13.7982	21.5824
16.6178	13.8015	21.6017
16.6411	13.8177	21.63
16.6777	13.8249	21.6627
16.7066	13.8424	21.6962
16.7286	13.8473	21.7163
16.7512	13.8633	21.7438
16.7801	13.8757	21.774
16.8161	13.8861	21.8083
16.8487	13.9001	21.8424
16.8772	13.9129	21.8725
16.9068	13.9227	21.9017
16.9304	13.9334	21.9267
16.9598	13.9439	21.956
16.9898	13.9561	21.987
17.0178	13.9666	22.0153
17.0464	13.9826	22.0475
17.0775	13.9896	22.076
17.104	14.0065	22.1072
17.1367	14.0174	22.1394
17.1622	14.031	22.1678
17.1948	14.0401	22.1987
17.2251	14.0526	22.2302
17.2577	14.0702	22.2665
17.2935	14.0759	22.2978
17.323	14.0942	22.3323
17.3504	14.0993	22.3568
17.3747	14.1132	22.3844
17.4047	14.1173	22.4103
17.4284	14.1352	22.44
17.4555	14.1463	22.468
17.4818	14.1519	22.492
17.5002	14.1707	22.5181
17.5272	14.1757	22.5423
17.5564	14.1907	22.5744
17.5906	14.1997	22.6066
17.62	14.215	22.6391
17.6525	14.2177	22.6661
17.6806	14.2336	22.698
17.7101	14.2437	22.7273
17.7354	14.2548	22.754
17.7611	14.269	22.7829
17.7874	14.2714	22.8049
17.8089	14.2805	22.8274
17.8283	14.2881	22.8473
17.8532	14.3	22.8742
17.8773	14.3123	22.9007
17.9066	14.3253	22.9317
17.9332	14.3394	22.9613
17.9596	14.3547	22.9914
17.9929	14.3665	23.0248
18.021	14.3848	23.0582
18.0455	14.3944	23.0833
18.0701	14.4032	23.108
18.0912	14.4223	23.1364
18.1214	14.4311	23.1656
18.1464	14.4507	23.1973
18.1778	14.4601	23.2277
18.2067	14.4797	23.2626
18.2378	14.4894	23.2929
18.2639	14.5083	23.3251
18.2945	14.5165	23.3542
18.3252	14.5315	23.3876
18.3552	14.5459	23.42
18.3809	14.5619	23.4501
18.408	14.5728	23.4781
18.4297	14.5895	23.5055
18.4544	14.6022	23.5327
18.4789	14.6176	23.5615
18.5053	14.6241	23.5862
18.5302	14.6417	23.6167
18.5551	14.6586	23.6467
18.5839	14.6676	23.6749
18.6073	14.6916	23.7081
18.6314	14.7082	23.7373
18.6627	14.7189	23.7685
18.6877	14.7372	23.7995
18.7143	14.7494	23.8279
18.7368	14.7693	23.8579
18.764	14.781	23.8865
18.795	14.8023	23.924
18.8222	14.8208	23.9569
18.8456	14.8364	23.9849
18.8661	14.8574	24.014
18.893	14.8724	24.0444
18.915	14.8936	24.0748
18.9461	14.9074	24.1078
18.9707	14.9317	24.1422
18.9939	14.9496	24.1715
19.0165	14.9674	24.2002
19.0382	14.985	24.2281
19.0602	15.0074	24.2593
19.085	15.0243	24.2892
19.1056	15.0477	24.3199
19.1328	15.0638	24.3513
19.1509	15.0894	24.3813
19.1773	15.104	24.4111
19.1971	15.1298	24.4425
19.2276	15.1482	24.4779
19.2478	15.1729	24.5091
19.273	15.1887	24.5386
19.2931	15.2182	24.5727
19.3212	15.2376	24.6068
19.3417	15.2629	24.6385
19.37	15.2793	24.6709
19.3913	15.3045	24.7032
19.4174	15.3196	24.7331
19.4423	15.3436	24.7675
19.4637	15.3648	24.7974
19.4842	15.3841	24.8255
19.4968	15.4036	24.8474
19.5165	15.4168	24.8711
19.5306	15.4375	24.895
19.5556	15.4525	24.9239
19.575	15.484	24.9586
19.6005	15.5054	24.9919
19.6179	15.5307	25.0213
19.6448	15.5483	25.0533
19.663	15.5796	25.087
19.6846	15.601	25.1172
19.705	15.6134	25.1409
19.7282	15.6396	25.1754
19.7571	15.6543	25.2072
19.7781	15.6773	25.2379
19.8081	15.692	25.2705
19.8276	15.7147	25.3
19.8565	15.7258	25.3295
19.8838	15.7524	25.3674
19.9131	15.7707	25.4017
19.9352	15.7938	25.4334
19.964	15.8056	25.4632
19.9845	15.8257	25.4919
20.0126	15.8385	25.5219
20.0331	15.865	25.5543
20.0654	15.8745	25.5855
20.0916	15.8956	25.6192
20.1174	15.9117	25.6494
20.15	15.924	25.6826
20.1753	15.9453	25.7157
20.2051	15.9608	25.7487
20.2368	15.9815	25.7863
20.2666	15.9964	25.819
20.2917	16.0149	25.8502
20.3214	16.026	25.8803
20.3493	16.0504	25.9174
20.3818	16.063	25.9506
20.4114	16.0823	25.9858
20.4459	16.0942	26.0204
20.4716	16.1209	26.0571
20.504	16.1373	26.0927
20.5333	16.1461	26.1211
20.5623	16.1625	26.1541
20.5939	16.1727	26.1852
20.622	16.1874	26.2164
20.6513	16.196	26.2448
20.6807	16.2103	26.2767
20.7129	16.2123	26.3033
20.7402	16.2287	26.3348
20.7746	16.2343	26.3655
20.8072	16.2465	26.3986
20.8364	16.2575	26.4284
20.864	16.2649	26.4548
20.8877	16.2782	26.4816
20.9176	16.2835	26.5085
20.9448	16.2981	26.5389
20.9756	16.3061	26.5681
21.0024	16.3174	26.5961
21.0317	16.3228	26.6227
21.0592	16.3349	26.6518
21.0899	16.3422	26.6805
21.1171	16.3525	26.7084
21.1489	16.3574	26.7365
21.1781	16.3719	26.7685
21.2091	16.377	26.7961
21.2375	16.3884	26.8256
21.2724	16.3908	26.8547
21.3019	16.4055	26.887
21.3336	16.4175	26.9195
21.3665	16.426	26.9507
21.394	16.4325	26.9764
21.4215	16.4407	27.0033
21.4497	16.4472	27.0296
21.4784	16.4584	27.0592
21.51	16.4573	27.0836
21.5461	16.4707	27.1204
21.5815	16.4724	27.1496
21.6156	16.492	27.1886
21.6512	16.4978	27.2204
21.6823	16.5079	27.2513
21.709	16.5099	27.2738
21.7349	16.5208	27.301
21.7647	16.5224	27.3256
21.7963	16.5344	27.3581
21.8317	16.5383	27.3886
21.8625	16.5491	27.4197
21.8967	16.548	27.4464
21.9306	16.558	27.4794
21.9653	16.5644	27.511
21.9929	16.5728	27.5381
22.0186	16.5798	27.5629
22.0496	16.5805	27.588
22.0791	16.5921	27.6185
22.1109	16.5956	27.6461
22.1397	16.6066	27.6757
22.1711	16.6075	27.7014
22.2002	16.6202	27.7323
22.2367	16.626	27.765
22.2654	16.6398	27.7962
22.2963	16.645	27.8241
22.3259	16.6519	27.852
22.3513	16.6591	27.8766
22.377	16.6628	27.8995
22.4013	16.6725	27.9247
22.4308	16.6739	27.9492
22.4541	16.6845	27.9743
22.4832	16.6837	27.9971
22.5053	16.6982	28.0235
22.5381	16.7045	28.0536
22.5679	16.7136	28.083
22.5945	16.7179	28.1069
22.6203	16.7239	28.1312
22.6359	16.7307	28.1478
22.6613	16.7303	28.1681
22.6902	16.7431	28.1989
22.7181	16.7392	28.219
22.7421	16.7477	28.2434
22.774	16.7543	28.273
22.8025	16.7597	28.2992
22.8326	16.7616	28.3246
22.8616	16.7729	28.3546
22.893	16.7747	28.381
22.9234	16.7844	28.4112
22.9587	16.7861	28.4408
22.9897	16.7984	28.4731
23.0221	16.8085	28.5051
23.0549	16.8191	28.5379
23.0812	16.8317	28.5665
23.1072	16.84	28.5924
23.131	16.8458	28.6151
23.1504	16.8572	28.6375
23.1773	16.8602	28.661
23.2032	16.8723	28.6891
23.2279	16.8829	28.7153
23.2511	16.8939	28.7405
23.2775	16.9104	28.7716
23.3032	16.9131	28.794
23.33	16.932	28.8267
23.3548	16.9442	28.854
23.3782	16.9555	28.8796
23.4051	16.9663	28.9076
23.4305	16.987	28.9404
23.4622	16.9965	28.9716
23.4884	17.0157	29.0041
23.5151	17.0247	29.0311
23.5425	17.0427	29.0637
23.5687	17.0523	29.0906
23.5881	17.0766	29.1206
23.6165	17.093	29.1532
23.6431	17.1078	29.1834
23.6696	17.1238	29.2143
23.6948	17.141	29.2448
23.7203	17.1536	29.2728
23.7426	17.1694	29.3001
23.7708	17.1812	29.3299
23.7954	17.2056	29.3641
23.8237	17.2182	29.3945
23.8471	17.2403	29.4264
23.8815	17.2501	29.46
23.9072	17.2755	29.4957
23.9368	17.2949	29.5311
23.9619	17.3195	29.5658
23.9896	17.3357	29.5978
24.0083	17.3643	29.6297
24.0371	17.3836	29.6643
24.059	17.4089	29.6969
24.0859	17.4212	29.7259
24.1061	17.4453	29.7564
24.1315	17.4641	29.788
24.1516	17.4903	29.8196
24.18	17.5073	29.8527
24.1966	17.5345	29.882
24.2239	17.5557	29.9165
24.2411	17.5846	29.9475
24.2693	17.6035	29.9813
24.2897	17.6301	30.0134
24.3148	17.6522	30.0468
24.329	17.6846	30.0774
24.356	17.7096	30.1138
24.3723	17.7395	30.1447
24.3975	17.7635	30.1791
24.411	17.7948	30.2085
24.4316	17.822	30.2412
24.4527	17.8526	30.2762
24.4621	17.8815	30.3008
24.4877	17.9087	30.3376
24.5032	17.9436	30.3707
24.5256	17.9699	30.4043
24.5372	18.0016	30.4324
24.5571	18.0261	30.463
24.5668	18.056	30.4885
24.5868	18.0789	30.5181
24.5957	18.1101	30.5438
24.6158	18.1354	30.575
24.6208	18.1671	30.5978
24.643	18.1914	30.6301
24.6563	18.2244	30.6604
24.6706	18.2526	30.6887
24.6761	18.2836	30.7116
24.6931	18.3102	30.741
24.6981	18.3421	30.764
24.7158	18.3706	30.7953
24.7213	18.4036	30.8194
24.735	18.4346	30.8488
24.7396	18.4683	30.8728
24.752	18.4959	30.8992
24.7527	18.527	30.9184
24.7692	18.554	30.9478
24.7767	18.5859	30.9729
24.7805	18.6171	30.9947
24.7802	18.6444	31.0109
24.7968	18.6677	31.0381
24.8069	18.6914	31.0604
24.8069	18.723	31.0795
24.8065	18.754	31.0978
24.8144	18.7822	31.1211
24.8127	18.8166	31.1406
24.818	18.8472	31.1633
24.8171	18.8816	31.1834
24.8224	18.9136	31.2069
24.8182	18.9449	31.2226
24.8242	18.9758	31.2461
24.8197	19.0079	31.262
24.8251	19.0401	31.2859
24.8199	19.0735	31.3022
24.8258	19.1072	31.3274
24.8207	19.1447	31.3463
24.8239	19.1789	31.3697
24.8204	19.2117	31.3869
24.8222	19.2431	31.4076
24.811	19.2811	31.4221
24.8155	19.3145	31.4462
24.8088	19.3468	31.4607
24.8125	19.3788	31.4833
24.8019	19.4091	31.4936
24.806	19.4386	31.515
24.8004	19.4694	31.5296
24.8027	19.4997	31.5502
24.7975	19.5296	31.5645
24.8005	19.5636	31.588
24.7938	19.5956	31.6025
24.7938	19.6281	31.6227
24.7862	19.6594	31.6362
24.7821	19.6927	31.6537
24.7757	19.7172	31.6639
24.7776	19.746	31.6833
24.7673	19.7725	31.6918
24.7686	19.8034	31.7121
24.7568	19.8263	31.7172
24.7554	19.8554	31.7343
24.7447	19.8803	31.7415
24.7466	19.9036	31.7576
24.7361	19.9318	31.7671
24.7384	19.9608	31.7872
24.7303	19.9916	31.8001
24.7206	20.0201	31.8106
24.7238	20.0496	31.8316
24.7135	20.0803	31.843
24.7136	20.1081	31.8606
24.7034	20.1367	31.8707
24.6996	20.1708	31.8893
24.6889	20.1997	31.8994
24.6834	20.2287	31.9135
24.6723	20.2552	31.9217
24.6691	20.2814	31.9359
24.659	20.3029	31.9417
24.6577	20.3362	31.9619
24.6427	20.37	31.9719
24.6403	20.4056	31.9927
24.6247	20.4354	31.9998
24.6208	20.4686	32.0179
24.6081	20.4972	32.0264
24.6028	20.5284	32.0423
24.5914	20.557	32.052
24.5863	20.5831	32.0648
24.5719	20.6089	32.0703
24.5647	20.6415	32.0858
24.551	20.6707	32.0941
24.5444	20.7036	32.1102
24.5313	20.7306	32.1176
24.5265	20.7621	32.1343
24.5115	20.791	32.1416
24.5047	20.8219	32.1564
24.485	20.856	32.1635
24.483	20.8871	32.1821
24.4702	20.9091	32.1867
24.4668	20.9401	32.2042
24.4529	20.9687	32.2123
24.4495	21.0016	32.2312
24.4306	21.0285	32.2343
24.4239	21.0612	32.2506
24.4135	21.0915	32.2625
24.4111	21.1256	32.283
24.3959	21.1551	32.2908
24.3917	21.1844	32.3068
24.3821	21.2135	32.3187
24.3741	21.2446	32.3331
24.3681	21.2736	32.3476
24.3588	21.3013	32.3589
24.3571	21.3298	32.3763
24.3502	21.355	32.3878
24.3466	21.3812	32.4023
24.3382	21.4058	32.4123
24.3351	21.442	32.4339
24.3186	21.4713	32.4409
24.3147	21.5046	32.46
24.3023	21.5312	32.4684
24.3002	21.5651	32.4893
24.2843	21.5942	32.4967
24.2805	21.6243	32.5139
24.266	21.652	32.5215
24.2643	21.6813	32.5397
24.2492	21.7089	32.5469
24.2446	21.7407	32.5647
24.2328	21.7678	32.574
24.2287	21.8012	32.5933
24.2128	21.829	32.6001
24.2091	21.8605	32.6185
24.1901	21.8917	32.6253
24.1779	21.9231	32.6373
24.1638	21.9506	32.6453
24.1568	21.9693	32.6527
24.1436	21.9906	32.6573
24.1387	22.0178	32.672
24.1205	22.0456	32.6773
24.1135	22.0758	32.6925
24.0957	22.1005	32.6961
24.0815	22.1293	32.7051
24.066	22.1562	32.712
24.0531	22.1817	32.7196
24.0386	22.2062	32.7257
24.0288	22.2334	32.7369
24.0081	22.2611	32.7405
23.9952	22.2897	32.7506
23.9773	22.3178	32.7566
23.9626	22.3449	32.7643
23.944	22.3649	32.7644
23.9303	22.3953	32.7751
23.9133	22.423	32.7816
23.8971	22.45	32.7883
23.8796	22.4743	32.7922
23.8636	22.5005	32.7985
23.8412	22.527	32.8004
23.8272	22.5589	32.8122
23.8004	22.5883	32.813
23.7836	22.6184	32.8215
23.7632	22.6391	32.821
23.7528	22.6651	32.8314
23.729	22.6859	32.8285
23.7115	22.7202	32.8397
23.6954	22.744	32.8445
23.677	22.7661	32.8465
23.661	22.795	32.8551
23.6308	22.8137	32.8463
23.6112	22.8421	32.8519
23.5913	22.8712	32.8579
23.5729	22.8903	32.858
23.5597	22.9135	32.8647
23.5409	22.9352	32.8663
23.5237	22.9578	32.8699
23.5003	22.9722	32.8631
23.4808	22.9961	32.8659
23.4636	23.0179	32.8689
23.446	23.0378	32.8703
23.4307	23.0597	32.8747
23.4117	23.0833	32.8777
23.3954	23.1022	32.8794
23.3837	23.1264	32.8881
23.3608	23.1442	32.8843
23.3484	23.1817	32.9019
23.3236	23.2086	32.9033
23.305	23.2342	32.9082
23.2811	23.2587	32.9086
23.2655	23.2903	32.9199
23.2445	23.3171	32.9241
23.2324	23.3421	32.9333
23.2109	23.367	32.9358
23.1966	23.3963	32.9465
23.1751	23.4204	32.9484
23.1666	23.4461	32.9608
23.146	23.4686	32.9623
23.1382	23.4942	32.975
23.1187	23.5114	32.9737
23.1047	23.5447	32.9876
23.0851	23.5721	32.9934
23.0745	23.6009	33.0065
23.056	23.6258	33.0115
23.0388	23.6574	33.0221
23.0266	23.6881	33.0356
23.0125	23.7122	33.0431
23.005	23.7408	33.0584
22.9899	23.7659	33.0659
22.9832	23.795	33.0821
22.9739	23.818	33.0923
22.9634	23.8443	33.1039
22.9587	23.8721	33.1207
22.9437	23.8985	33.1293
22.9381	23.9295	33.1478
22.9232	23.9576	33.1578
22.9213	23.9892	33.1794
22.9058	24.0155	33.1877
22.9029	24.0459	33.2077
22.886	24.0758	33.2177
22.8754	24.1099	33.235
22.8596	24.1375	33.2442
22.8481	24.1694	33.2595
22.8292	24.197	33.2667
22.8175	24.2245	33.2785
22.7985	24.2466	33.2817
22.7882	24.2758	33.2959
22.7718	24.2998	33.3022
22.7532	24.3235	33.3067
22.7267	24.3465	33.3055
22.7194	24.3713	33.3186
22.7025	24.4003	33.3284
22.6733	24.4174	33.321
22.6517	24.4392	33.3223
22.6205	24.4537	33.3117
22.6041	24.4784	33.3187
22.5763	24.4946	33.3117
22.5455	24.5064	33.2996
22.5205	24.5225	33.2945
22.4896	24.5303	33.2794
22.4606	24.549	33.2736
22.4285	24.5547	33.2561
22.3986	24.5684	33.2461
22.3616	24.5698	33.2222
22.3327	24.5823	33.212
22.3005	24.5798	33.1886
22.272	24.5855	33.1736
22.244	24.5852	33.1546
22.2129	24.5924	33.1391
22.1823	24.5939	33.1197
22.1481	24.5975	33.0995
22.1156	24.598	33.0781
22.095	24.6012	33.0667
22.0691	24.5953	33.045
22.0402	24.6042	33.0324
22.0108	24.6008	33.0102
21.9773	24.611	32.9955
21.9407	24.6114	32.9715
21.9084	24.6057	32.9457
21.8773	24.6114	32.9293
21.846	24.6044	32.9033
21.8145	24.6068	32.8842
21.7838	24.5975	32.8568
21.7477	24.6033	32.8372
21.7198	24.5927	32.8108
21.6885	24.596	32.7926
21.6599	24.5854	32.7658
21.6286	24.5856	32.7452
21.5983	24.5733	32.7159
21.5666	24.5744	32.6959
21.5366	24.5631	32.6676
21.5049	24.5623	32.646
21.4787	24.555	32.6233
21.4529	24.5578	32.6085
21.4245	24.545	32.5802
21.3913	24.5444	32.5579
21.3631	24.5317	32.5298
21.3311	24.5302	32.5076
21.3062	24.5212	32.4845
21.2742	24.5222	32.4643
21.2435	24.5144	32.4382
21.2132	24.5117	32.4164
21.1835	24.4972	32.386
21.1498	24.4932	32.361
21.1203	24.4831	32.334
21.0885	24.4841	32.3141
21.0615	24.4804	32.2936
21.0368	24.4778	32.2756
21.0145	24.4709	32.2557
20.9857	24.4706	32.2367
20.9559	24.4578	32.2076
20.9221	24.4585	32.1862
20.8857	24.4479	32.1545
20.8491	24.4518	32.1337
20.8125	24.4492	32.108
20.7824	24.4442	32.0847
20.7545	24.448	32.0695
20.7205	24.4404	32.0418
20.6894	24.4449	32.025
20.655	24.4386	31.9981
20.617	24.4422	31.9763
20.5817	24.4364	31.9491
20.5506	24.4456	31.9361
20.5168	24.4347	31.906
20.4825	24.4378	31.8863
20.4505	24.4355	31.864
20.4223	24.4349	31.8454
20.3944	24.4391	31.8308
20.3631	24.4354	31.8079
20.3361	24.4441	31.7973
20.3028	24.4402	31.773
20.2707	24.4494	31.7596
20.2373	24.4451	31.735
20.2046	24.4536	31.7207
20.1702	24.4556	31.7004
20.142	24.4628	31.688
20.1145	24.4656	31.6727
20.0883	24.4721	31.6611
20.0595	24.4704	31.6415
20.0303	24.4808	31.631
19.9967	24.4819	31.6107
19.9694	24.4843	31.5952
19.9406	24.4948	31.5852
19.9087	24.4942	31.5646
19.8778	24.5053	31.5537
19.8421	24.5084	31.5336
19.8094	24.5165	31.5194
19.7752	24.5267	31.5058
19.741	24.5224	31.481
19.7087	24.5351	31.4707
19.6729	24.5355	31.4486
19.6374	24.5476	31.4359
19.6035	24.5498	31.4164
19.5746	24.5645	31.4099
19.5398	24.5693	31.392
19.5108	24.58	31.3822
19.478	24.5772	31.3597
19.4456	24.5875	31.3477
19.42	24.5878	31.3321
19.3935	24.5985	31.324
19.3602	24.5965	31.3019
19.3296	24.6064	31.2907
19.2989	24.6095	31.2742
19.2695	24.6143	31.2599
19.2358	24.614	31.2389
19.2047	24.6196	31.2242
19.1719	24.6164	31.2014
19.1426	24.6248	31.1901
19.1129	24.6213	31.1691
19.0848	24.6293	31.1582
19.0542	24.6222	31.1338
19.0222	24.6277	31.1186
18.9905	24.6211	31.094
18.9574	24.6282	31.0795
18.9274	24.6202	31.0548
18.8955	24.6244	31.0387
18.8604	24.6194	31.0133
18.8291	24.623	30.9972
18.7998	24.6229	30.9794
18.7705	24.6096	30.951
18.7386	24.6129	30.9343
18.7091	24.6036	30.909
18.6791	24.6066	30.8933
18.6497	24.5961	30.8671
18.6146	24.5939	30.8442
18.5825	24.577	30.8113
18.5493	24.5756	30.7902
18.5206	24.5623	30.7623
18.4852	24.5661	30.744
18.452	24.5563	30.7163
18.4222	24.5503	30.6936
18.3974	24.543	30.6729
18.3733	24.5349	30.6519
18.3471	24.531	30.6331
18.3215	24.5176	30.607
18.292	24.5185	30.5901
18.2625	24.5051	30.5617
18.2308	24.5027	30.5409
18.1994	24.4837	30.5069
18.1663	24.4768	30.4816
18.1341	24.4647	30.4527
18.1068	24.4582	30.4312
18.0779	24.4456	30.404
18.047	24.4442	30.3844
18.0131	24.4328	30.3551
17.981	24.4278	30.3321
17.9518	24.4133	30.3031
17.9185	24.4112	30.2817
17.8885	24.3981	30.2534
17.8548	24.3945	30.2305
17.8249	24.3833	30.2038
17.7921	24.3808	30.1825
17.7658	24.3673	30.1561
17.7341	24.3656	30.136
17.7054	24.3559	30.1113
17.6762	24.3532	30.092
17.6469	24.3394	30.0636
17.612	24.3321	30.0372
17.581	24.3286	30.0162
17.5536	24.3183	29.9918
17.5226	24.3193	29.9745
17.4905	24.3096	29.9479
17.4594	24.3115	29.9312
17.4299	24.3017	29.9061
17.3982	24.3031	29.8888
17.3686	24.2926	29.8629
17.339	24.2939	29.8469
17.3099	24.2818	29.8201
17.2814	24.2812	29.8031
17.2525	24.2747	29.781
17.2225	24.2752	29.7641
17.1921	24.2634	29.7368
17.1604	24.2632	29.7184
17.13	24.2559	29.6948
17.0982	24.2623	29.6818
17.0673	24.2583	29.6608
17.0421	24.2584	29.6463
17.0128	24.2484	29.6212
16.9812	24.2502	29.6046
16.9477	24.2434	29.5798
16.9113	24.2444	29.5598
16.8768	24.2396	29.5361
16.8486	24.245	29.5245
16.8184	24.24	29.5032
16.7892	24.2467	29.492
16.7525	24.24	29.4657
16.7207	24.2359	29.4442
16.69	24.2401	29.4302
16.6549	24.2308	29.4027
16.6207	24.2316	29.384
16.5928	24.2269	29.3643
16.5655	24.2294	29.351
16.5401	24.2202	29.329
16.5077	24.2239	29.3139
16.483	24.2242	29.3002
16.4569	24.2233	29.2848
16.4317	24.2238	29.271
