#1 AntPos X	#2 AntPos Y	#3 Distance form nest	
0	0	0
0	0	0
0	0	0
0	0	0
0	0	0
0	0	0
0	0	0
0	0	0
0	0	0
0	0	0
0	0	0
0	0	0
0	0	0
0	0	0
0	0	0
0	0	0
0	0	0
0	0	0
0	0	0
0	0	0
0	0	0
0	0	0
0	0	0
0	0	0
0	0	0
0	0	0
0	0	0
0	0	0
0	0	0
0	0	0
0	0	0
0	0	0
0	0	0
0	0	0
0	0	0
0	0	0
0	0	0
0	0	0
0	0	0
0	0	0
0	0	0
0	0	0
0	0	0
0	0	0
0	0	0
0	0	0
0	0	0
0	0	0
0	0	0
0	0	0
0	0	0
0	0	0
0	0	0
0	0	0
0	0	0
0	0	0
0	0	0
0	0	0
0	0	0
0	0	0
0	0	0
0	0	0
0	0	0
0	0	0
0	0	0
0	0	0
0	0	0
0	0	0
0	0	0
0	0	0
0	0	0
0	0	0
0	0	0
0	0	0
0	0	0
0	0	0
0	0	0
0	0	0
0	0	0
0	0	0
0	0	0
0	0	0
0	0	0
0	0	0
0	0	0
0	0	0
0	0	0
0	0	0
0	0	0
0	0	0
0	0	0
0	0	0
0	0	0
0	0	0
0	0	0
0	0	0
0	0	0
0	0	0
0	0	0
0	0	0
0	0	0
0	0	0
0	0	0
0	0	0
0	0	0
0	0	0
0	0	0
0	0	0
0	0	0
0	0	0
0	0	0
0	0	0
0	0	0
0	0	0
0	0	0
0	0	0
0	0	0
0	0	0
0	0	0
0	0	0
0	0	0
0	0	0
0	0	0
0	0	0
0	0	0
0	0	0
0	0	0
0	0	0
0	0	0
0	0	0
0	0	0
0	0	0
0	0	0
0	0	0
0	0	0
0	0	0
0	0	0
0	0	0
0	0	0
0	0	0
0	0	0
0	0	0
0	0	0
0	0	0
0	0	0
0	0	0
0	0	0
0	0	0
0	0	0
0	0	0
0	0	0
0	0	0
0	0	0
0	0	0
0	0	0
0	0	0
0	0	0
0	0	0
0	0	0
0	0	0
0	0	0
0	0	0
0	0	0
0	0	0
0	0	0
0	0	0
0	0	0
0	0	0
0	0	0
0	0	0
0	0	0
0	0	0
0	0	0
0	0	0
0	0	0
0	0	0
0	0	0
0	0	0
0	0	0
0	0	0
0	0	0
0	0	0
0	0	0
0	0	0
0	0	0
0	0	0
0	0	0
0	0	0
0	0	0
0	0	0
0	0	0
0	0	0
0	0	0
0	0	0
0	0	0
0	0	0
0	0	0
0	0	0
0	0	0
0	0	0
0	0	0
0	0	0
0	0	0
0	0	0
0	0	0
0	0	0
0	0	0
0	0	0
0	0	0
0	0	0
0	0	0
0	0	0
0	0	0
0	0	0
0	0	0
0	0	0
0	0	0
0	0	0
0	0	0
0	0	0
0	0	0
0	0	0
0	0	0
0	0	0
0	0	0
0	0	0
0	0	0
0	0	0
0	0	0
0	0	0
0	0	0
0	0	0
0	0	0
0	0	0
0	0	0
0	0	0
0	0	0
0	0	0
0	0	0
0	0	0
0	0	0
0	0	0
0	0	0
0	0	0
0	0	0
0	0	0
0	0	0
0	0	0
0	0	0
0	0	0
0	0	0
0	0	0
0	0	0
0	0	0
0	0	0
0	0	0
0	0	0
0	0	0
0	0	0
0	0	0
0	0	0
0	0	0
0	0	0
0	0	0
0	0	0
0	0	0
0	0	0
0	0	0
0	0	0
0	0	0
0	0	0
0	0	0
0	0	0
0	0	0
0	0	0
0	0	0
0	0	0
0	0	0
0	0	0
0	0	0
0	0	0
0	0	0
0	0	0
0	0	0
0	0	0
0	0	0
0	0	0
0	0	0
0	0	0
0	0	0
0	0	0
0	0	0
0	0	0
0	0	0
0	0	0
0	0	0
0	0	0
0	0	0
0	0	0
0	0	0
0	0	0
0	0	0
0	0	0
0	0	0
0	0	0
0	0	0
0	0	0
0	0	0
0	0	0
0	0	0
0	0	0
0	0	0
0	0	0
0	0	0
0	0	0
0	0	0
0	0	0
0	0	0
0	0	0
0	0	0
0	0	0
0	0	0
0	0	0
0	0	0
0	0	0
0	0	0
0	0	0
0	0	0
0	0	0
0	0	0
0	0	0
0	0	0
0	0	0
0	0	0
0	0	0
0	0	0
0	0	0
0	0	0
0	0	0
0	0	0
0	0	0
0	0	0
0	0	0
0	0	0
0	0	0
0	0	0
0	0	0
0	0	0
0	0	0
0	0	0
0	0	0
0	0	0
0	0	0
0	0	0
0	0	0
0	0	0
0	0	0
0	0	0
0	0	0
0	0	0
0	0	0
0	0	0
0	0	0
0	0	0
0	0	0
0	0	0
0	0	0
0	0	0
0	0	0
0	0	0
0	0	0
0	0	0
0	0	0
0	0	0
0	0	0
0	0	0
0	0	0
0	0	0
0	0	0
0	0	0
0	0	0
0	0	0
0	0	0
0	0	0
0	0	0
0	0	0
0	0	0
0	0	0
0	0	0
0	0	0
0	0	0
0	0	0
0	0	0
0	0	0
0	0	0
0	0	0
0	0	0
0	0	0
0	0	0
0	0	0
0	0	0
0	0	0
0	0	0
0	0	0
0	0	0
0	0	0
0	0	0
0	0	0
0	0	0
0	0	0
0	0	0
0	0	0
0	0	0
0	0	0
0	0	0
0	0	0
0	0	0
0	0	0
0	0	0
0	0	0
0	0	0
0	0	0
0	0	0
0	0	0
0	0	0
0	0	0
0	0	0
0	0	0
0	0	0
0	0	0
0	0	0
0	0	0
0	0	0
0	0	0
0	0	0
0	0	0
0	0	0
0	0	0
0.0199393	-0.00925141	0.021981
0.0416975	-0.0174294	0.0451936
0.0677351	-0.0225319	0.0713844
0.0917703	-0.0289036	0.0962144
0.118007	-0.0381093	0.124008
0.145766	-0.0441095	0.152293
0.175283	-0.0522287	0.182899
0.204532	-0.0562403	0.212123
0.232389	-0.06283	0.240733
0.258962	-0.070924	0.268499
0.283734	-0.0766313	0.2939
0.313554	-0.0894343	0.326059
0.341432	-0.101273	0.356135
0.36589	-0.106054	0.38095
0.394295	-0.120992	0.412441
0.425847	-0.127671	0.444574
0.454198	-0.137045	0.474422
0.479327	-0.14181	0.499864
0.508176	-0.151628	0.530315
0.534896	-0.160614	0.55849
0.565434	-0.162876	0.588425
0.589976	-0.175043	0.615395
0.622378	-0.174834	0.646468
0.652711	-0.183073	0.677899
0.677641	-0.190427	0.703889
0.706154	-0.197112	0.733148
0.73859	-0.201281	0.765525
0.772089	-0.211661	0.800576
0.80859	-0.216361	0.837037
0.841545	-0.223934	0.87083
0.873754	-0.226622	0.902665
0.904488	-0.234729	0.93445
0.934752	-0.235755	0.964024
0.964294	-0.235738	0.992691
0.995074	-0.240118	1.02364
1.02559	-0.239013	1.05307
1.05442	-0.241431	1.08171
1.08063	-0.244541	1.10795
1.10764	-0.242259	1.13383
1.13471	-0.249058	1.16172
1.16458	-0.245673	1.19021
1.19181	-0.244657	1.21667
1.21585	-0.239571	1.23923
1.24377	-0.24023	1.26676
1.27219	-0.236829	1.29405
1.29567	-0.238125	1.31737
1.31892	-0.235396	1.33976
1.349	-0.233993	1.36914
1.37665	-0.235008	1.39656
1.40645	-0.216752	1.42305
1.43893	-0.211007	1.45432
1.46763	-0.209487	1.48251
1.48913	-0.205827	1.50329
1.51406	-0.202689	1.52757
1.53994	-0.197339	1.55253
1.57236	-0.194923	1.5844
1.59892	-0.189031	1.61006
1.62569	-0.184282	1.6361
1.6535	-0.175309	1.66276
1.67802	-0.176116	1.68724
1.69838	-0.172166	1.70709
1.72238	-0.167215	1.73048
1.73905	-0.16408	1.74677
1.7618	-0.158935	1.76896
1.78702	-0.153362	1.79359
1.81107	-0.146944	1.81702
1.83756	-0.143295	1.84314
1.86179	-0.1344	1.86664
1.89172	-0.132244	1.89634
1.91661	-0.12324	1.92057
1.94462	-0.120941	1.94838
1.97221	-0.112125	1.97539
2.00038	-0.108328	2.00331
2.02095	-0.0982645	2.02334
2.04618	-0.10045	2.04865
2.07546	-0.0921019	2.0775
2.10502	-0.0905903	2.10697
2.13442	-0.0810852	2.13596
2.16751	-0.0808945	2.16902
2.20306	-0.0702263	2.20418
2.24164	-0.0674901	2.24265
2.2685	-0.0559429	2.26919
2.30415	-0.0563577	2.30484
2.32474	-0.0520314	2.32532
2.35075	-0.0516898	2.35132
2.38058	-0.0456686	2.38102
2.40636	-0.050011	2.40687
2.4354	-0.0447002	2.43581
2.46549	-0.0469305	2.46594
2.49097	-0.0387598	2.49128
2.52448	-0.0387171	2.52477
2.55661	-0.0324122	2.55682
2.58511	-0.0371843	2.58538
2.61443	-0.0294176	2.61459
2.64749	-0.0267787	2.64763
2.6757	-0.0260944	2.67583
2.70372	-0.0270561	2.70385
2.7313	-0.0315947	2.73149
2.76495	-0.0329505	2.76515
2.7966	-0.0305575	2.79677
2.82401	-0.0333465	2.82421
2.85503	-0.034769	2.85524
2.8878	-0.0366044	2.88803
2.9145	-0.037116	2.91473
2.93731	-0.040379	2.93759
2.96184	-0.041677	2.96213
2.99239	-0.0458008	2.99274
3.01265	-0.0478042	3.01303
3.03258	-0.0488345	3.03297
3.05633	-0.0486461	3.05672
3.08057	-0.05733	3.0811
3.10727	-0.0616597	3.10789
3.13367	-0.064455	3.13433
3.15984	-0.0745015	3.16072
3.1887	-0.0729482	3.18954
3.21807	-0.0816628	3.21911
3.24909	-0.0851321	3.25021
3.27665	-0.0953272	3.27804
3.30313	-0.0965636	3.30454
3.33018	-0.1081	3.33193
3.35822	-0.110509	3.36004
3.38608	-0.123619	3.38834
3.41708	-0.127544	3.41946
3.4381	-0.141926	3.44103
3.46722	-0.146495	3.47031
3.49454	-0.158541	3.49814
3.52286	-0.16306	3.52663
3.55029	-0.174205	3.55456
3.57655	-0.1825	3.5812
3.60372	-0.193316	3.6089
3.63328	-0.199013	3.63873
3.65767	-0.211298	3.66377
3.68528	-0.219614	3.69181
3.71086	-0.228255	3.71787
3.73816	-0.236804	3.74565
3.76179	-0.252437	3.77025
3.78755	-0.260749	3.79651
3.81191	-0.275363	3.82184
3.83629	-0.282756	3.84669
3.86004	-0.293467	3.87118
3.88837	-0.306936	3.90047
3.91522	-0.318801	3.92818
3.94367	-0.332341	3.95764
3.97008	-0.346862	3.9852
3.99928	-0.361751	4.01561
4.02819	-0.378182	4.0459
4.0549	-0.391938	4.0738
4.08204	-0.410045	4.10259
4.10849	-0.422798	4.13019
4.13083	-0.446813	4.15493
4.16367	-0.460685	4.18908
4.18849	-0.479872	4.21589
4.21624	-0.49112	4.24475
4.24538	-0.50724	4.27558
4.27068	-0.526	4.30295
4.30361	-0.535102	4.33675
4.3309	-0.556043	4.36644
4.35892	-0.572311	4.39634
4.37578	-0.589939	4.41536
4.40385	-0.600827	4.44464
4.42821	-0.6253	4.47214
4.45827	-0.640293	4.50401
4.48029	-0.660712	4.52875
4.50752	-0.675471	4.55785
4.52944	-0.696779	4.58272
4.55789	-0.710345	4.61291
4.58268	-0.728704	4.64025
4.61483	-0.744988	4.67458
4.64326	-0.7681	4.70637
4.67538	-0.780527	4.74008
4.69963	-0.799447	4.76714
4.72636	-0.808592	4.79503
4.74149	-0.826556	4.813
4.76483	-0.835183	4.83747
4.78555	-0.852698	4.86093
4.81212	-0.858989	4.88819
4.83648	-0.876214	4.91521
4.86301	-0.885892	4.94304
4.88739	-0.90339	4.97018
4.91837	-0.910462	5.00193
4.94445	-0.929611	5.03108
4.97733	-0.938597	5.06505
5.0007	-0.955325	5.09113
5.03544	-0.966041	5.12727
5.06891	-0.979337	5.16265
5.09881	-0.991087	5.19424
5.12453	-0.999981	5.22118
5.15115	-1.00637	5.24854
5.1765	-1.01938	5.27592
5.20039	-1.02582	5.3006
5.22828	-1.03765	5.33025
5.2471	-1.04013	5.3492
5.27185	-1.05516	5.37641
5.30313	-1.0592	5.40787
5.33366	-1.06761	5.43946
5.36424	-1.07436	5.47077
5.39447	-1.08838	5.50317
5.42762	-1.09203	5.53638
5.45707	-1.10107	5.56704
5.48772	-1.10432	5.59773
5.51599	-1.11281	5.62712
5.54682	-1.11269	5.65732
5.57725	-1.12154	5.6889
5.60835	-1.11923	5.71894
5.64723	-1.1237	5.75795
5.68251	-1.12233	5.79229
5.71578	-1.13187	5.82677
5.7467	-1.13108	5.85695
5.77684	-1.14062	5.88837
5.80938	-1.14064	5.9203
5.83906	-1.14951	5.95113
5.86814	-1.1425	5.97832
5.89521	-1.15025	6.00637
5.91829	-1.14683	6.02838
5.94527	-1.1529	6.05602
5.9742	-1.14906	6.0837
6.00651	-1.15239	6.11605
6.0337	-1.15263	6.14281
6.06234	-1.15016	6.17048
6.09158	-1.15113	6.19939
6.11644	-1.15357	6.22427
6.14488	-1.14532	6.25071
6.17286	-1.14615	6.27836
6.20452	-1.15262	6.31068
6.2362	-1.14851	6.34108
6.26965	-1.15147	6.37452
6.30211	-1.14592	6.40544
6.32862	-1.15036	6.43232
6.35774	-1.14825	6.4606
6.38579	-1.15013	6.48853
6.41692	-1.14618	6.51848
6.44789	-1.15183	6.54997
6.48017	-1.14751	6.58099
6.50849	-1.1543	6.61005
6.53402	-1.15663	6.6356
6.56157	-1.15424	6.66232
6.59122	-1.16137	6.69276
6.61919	-1.15777	6.71968
6.64717	-1.16215	6.748
6.66796	-1.15711	6.76762
6.695	-1.16342	6.79533
6.72809	-1.16593	6.82836
6.75959	-1.16697	6.85958
6.78736	-1.17212	6.88782
6.81531	-1.17436	6.91575
6.84478	-1.17846	6.94549
6.87032	-1.177	6.97041
6.89859	-1.18539	6.9997
6.92785	-1.18557	7.02856
6.95575	-1.19292	7.0573
6.98877	-1.19558	7.0903
7.01936	-1.2036	7.1218
7.05048	-1.20713	7.15307
7.07928	-1.21288	7.18242
7.10796	-1.2191	7.21175
7.13578	-1.22484	7.24013
7.15812	-1.22909	7.26288
7.18218	-1.23657	7.28786
7.208	-1.2441	7.31458
7.23677	-1.25022	7.34397
7.26323	-1.26114	7.3719
7.29182	-1.26804	7.40126
7.31769	-1.28282	7.42928
7.34881	-1.28114	7.45965
7.37975	-1.2954	7.49258
7.4132	-1.30178	7.52663
7.44084	-1.31393	7.55596
7.46849	-1.32281	7.58473
7.49366	-1.33273	7.61125
7.51673	-1.33845	7.63496
7.54031	-1.34878	7.65999
7.56722	-1.35576	7.68771
7.59291	-1.3719	7.71586
7.62361	-1.37649	7.74688
7.65287	-1.38948	7.77798
7.68157	-1.39865	7.80786
7.70565	-1.41604	7.83468
7.73714	-1.42138	7.86662
7.76549	-1.43748	7.89742
7.79526	-1.4476	7.92853
7.82209	-1.46523	7.95814
7.85096	-1.47574	7.98845
7.87816	-1.49304	8.01839
7.90755	-1.50208	8.04895
7.93319	-1.51727	8.07698
7.96317	-1.53003	8.10883
7.98984	-1.54387	8.13764
8.01579	-1.55468	8.16517
8.03729	-1.56413	8.18807
8.06295	-1.57331	8.21502
8.08541	-1.5885	8.23998
8.11477	-1.6023	8.27145
8.14157	-1.6181	8.30081
8.1703	-1.63088	8.33148
8.19791	-1.64628	8.36158
8.22719	-1.65364	8.39173
8.2555	-1.67252	8.42322
8.28148	-1.68172	8.45051
8.30826	-1.69895	8.48019
8.33646	-1.70171	8.50837
8.35888	-1.72043	8.5341
8.3885	-1.73182	8.5654
8.41438	-1.7527	8.59499
8.44388	-1.76546	8.62647
8.47239	-1.78481	8.65835
8.50131	-1.79606	8.68896
8.52559	-1.80983	8.71557
8.53945	-1.82268	8.7318
8.56131	-1.8305	8.75482
8.5839	-1.8493	8.78085
8.61181	-1.862	8.81081
8.63518	-1.87972	8.8374
8.66042	-1.89636	8.86561
8.68806	-1.91153	8.89586
8.71227	-1.9306	8.92362
8.73579	-1.94373	8.94942
8.75699	-1.95904	8.97345
8.7818	-1.96916	8.99987
8.80102	-1.98561	9.02223
8.82639	-1.99754	9.04961
8.84483	-2.01483	9.07141
8.86764	-2.02132	9.09509
8.88917	-2.04228	9.12076
8.9152	-2.05596	9.1492
8.93874	-2.07612	9.17668
8.96243	-2.09062	9.20303
8.97996	-2.11662	9.22604
9.00562	-2.133	9.25477
9.02781	-2.1549	9.28143
9.05389	-2.17063	9.31046
9.07787	-2.19874	9.34035
9.10979	-2.21684	9.37564
9.13226	-2.23876	9.40267
9.16272	-2.26004	9.43733
9.18606	-2.28323	9.46556
9.20593	-2.30395	9.48986
9.22959	-2.32071	9.51688
9.25159	-2.34244	9.54353
9.27377	-2.36282	9.57004
9.29266	-2.38081	9.5928
9.30973	-2.39743	9.61347
9.32662	-2.41606	9.63448
9.34353	-2.42725	9.65365
9.3533	-2.44921	9.66865
9.37304	-2.46557	9.6919
9.38582	-2.49149	9.71088
9.41247	-2.51491	9.74265
9.43353	-2.53905	9.76925
9.4555	-2.56383	9.79692
9.47285	-2.58778	9.81996
9.49091	-2.61303	9.84405
9.51036	-2.63477	9.86858
9.52544	-2.65833	9.88943
9.55155	-2.67994	9.92039
9.56829	-2.70958	9.94455
9.59754	-2.73392	9.97933
9.61561	-2.76397	10.005
9.63807	-2.7867	10.0329
9.65234	-2.81492	10.0544
9.67294	-2.83813	10.0807
9.68671	-2.8661	10.1018
9.70472	-2.88955	10.1258
9.71814	-2.91572	10.1461
9.73579	-2.9397	10.1699
9.75263	-2.96656	10.1938
9.7675	-2.99274	10.2157
9.78344	-3.0186	10.2385
9.79889	-3.04412	10.2608
9.80747	-3.07332	10.2777
9.82842	-3.09899	10.3054
9.84032	-3.13516	10.3277
9.8587	-3.16469	10.3542
9.87662	-3.19309	10.38
9.8857	-3.21967	10.3968
9.90345	-3.24218	10.4207
9.91395	-3.27129	10.4397
9.92801	-3.29574	10.4607
9.9402	-3.32334	10.481
9.95168	-3.35097	10.5007
9.96622	-3.3764	10.5226
9.97985	-3.40753	10.5456
9.99612	-3.43567	10.5701
10.0085	-3.47264	10.5939
10.0267	-3.49815	10.6194
10.0349	-3.52801	10.6371
10.0503	-3.55546	10.6606
10.0543	-3.5816	10.6732
10.0761	-3.60931	10.703
10.0863	-3.63929	10.7227
10.1006	-3.66861	10.7462
10.1104	-3.69844	10.7656
10.1256	-3.72497	10.7891
10.1402	-3.74808	10.8107
10.1479	-3.77514	10.8274
10.1626	-3.79983	10.8497
10.1708	-3.8259	10.8666
10.1842	-3.85075	10.8879
10.1924	-3.8786	10.9055
10.2022	-3.90688	10.9247
10.2182	-3.93654	10.9502
10.2267	-3.96509	10.9685
10.242	-3.98746	10.9909
10.2497	-4.01607	11.0085
10.2636	-4.04204	11.0308
10.2713	-4.07051	11.0485
10.2833	-4.10161	11.0711
10.2913	-4.12963	11.0889
10.2997	-4.15516	11.1063
10.3099	-4.18104	11.1254
10.3187	-4.2086	11.1439
10.3308	-4.2324	11.1642
10.3355	-4.26213	11.1799
10.3514	-4.29049	11.2053
10.3581	-4.31952	11.2227
10.3734	-4.3488	11.2481
10.3814	-4.37925	11.2673
10.3925	-4.40564	11.2877
10.3971	-4.4255	11.2998
10.4132	-4.44609	11.3227
10.4185	-4.47436	11.3387
10.4328	-4.50043	11.3621
10.4389	-4.53088	11.3797
10.4497	-4.55923	11.401
10.4587	-4.58828	11.4208
10.47	-4.6109	11.4404
10.4761	-4.63737	11.4567
10.4928	-4.66005	11.4811
10.4986	-4.69281	11.4997
10.5152	-4.72058	11.5262
10.5238	-4.75338	11.5475
10.5404	-4.7818	11.5743
10.5532	-4.81515	11.5998
10.5736	-4.84286	11.6299
10.583	-4.87334	11.6511
10.6048	-4.89595	11.6804
10.6161	-4.9265	11.7035
10.6289	-4.94746	11.724
10.6373	-4.96965	11.741
10.6549	-4.99084	11.7658
10.665	-5.0201	11.7875
10.6812	-5.04509	11.8128
10.6956	-5.06893	11.836
10.7139	-5.09013	11.8616
10.7274	-5.1151	11.8845
10.7447	-5.1386	11.9102
10.7688	-5.15909	11.9408
10.787	-5.19249	11.9717
10.8123	-5.21817	12.0057
10.826	-5.23544	12.0255
10.8435	-5.25566	12.05
10.8614	-5.27681	12.0754
10.8833	-5.29405	12.1026
10.9004	-5.31777	12.1284
10.9275	-5.33664	12.161
10.9468	-5.36433	12.1905
10.973	-5.38275	12.2222
10.9917	-5.40832	12.2502
11.0156	-5.42714	12.2799
11.0371	-5.446	12.3076
11.0587	-5.46405	12.3349
11.0829	-5.48248	12.3648
11.1121	-5.49913	12.3984
11.1381	-5.51977	12.4308
11.1648	-5.53694	12.4623
11.1894	-5.55061	12.4904
11.2103	-5.56631	12.5162
11.2344	-5.58176	12.5446
11.2636	-5.59292	12.5757
11.2879	-5.60773	12.6041
11.3124	-5.62228	12.6325
11.3422	-5.63291	12.6639
11.3689	-5.65013	12.6955
11.3987	-5.66634	12.7294
11.4281	-5.67694	12.7605
11.4542	-5.68975	12.7895
11.4813	-5.69909	12.818
11.5101	-5.71469	12.8507
11.5399	-5.72535	12.8821
11.5683	-5.73521	12.912
11.5974	-5.74271	12.9414
11.6258	-5.75536	12.9724
11.6593	-5.76763	13.0079
11.6915	-5.77618	13.0406
11.7184	-5.79025	13.0709
11.7536	-5.7925	13.1035
11.7834	-5.80534	13.1358
11.8124	-5.80489	13.1617
11.8386	-5.81649	13.1903
11.8734	-5.81555	13.2212
11.9051	-5.82662	13.2544
11.9377	-5.83521	13.2875
11.97	-5.83516	13.3165
12.0012	-5.84441	13.3486
12.0341	-5.84351	13.3778
12.0697	-5.84278	13.4096
12.0984	-5.84679	13.4371
12.1285	-5.84416	13.463
12.1584	-5.84995	13.4925
12.1897	-5.84515	13.5187
12.2212	-5.85237	13.5502
12.2559	-5.8513	13.581
12.2809	-5.84384	13.6004
12.31	-5.84797	13.6284
12.3451	-5.84311	13.6581
12.3767	-5.84278	13.6865
12.4022	-5.83132	13.7047
12.4362	-5.84395	13.7408
12.4727	-5.84249	13.7733
12.5011	-5.82921	13.7933
12.5333	-5.82704	13.8216
12.5587	-5.81715	13.8405
12.5891	-5.81541	13.8674
12.6185	-5.80164	13.8883
12.6501	-5.79329	13.9136
12.6795	-5.77835	13.9341
12.7056	-5.76696	13.9531
12.7307	-5.75815	13.9724
12.7552	-5.74364	13.9887
12.7867	-5.73384	14.0134
12.8131	-5.70936	14.0276
12.8442	-5.69774	14.0513
12.8733	-5.68049	14.0709
12.9044	-5.65938	14.0909
12.934	-5.64243	14.1112
12.9582	-5.62207	14.1253
12.9878	-5.60923	14.1473
13.0133	-5.58585	14.1615
13.0367	-5.57062	14.177
13.0578	-5.54767	14.1874
13.0844	-5.53087	14.2054
13.1039	-5.5081	14.2145
13.1284	-5.49119	14.2305
13.1457	-5.4656	14.2367
13.1713	-5.44901	14.2539
13.1897	-5.42322	14.2611
13.21	-5.41142	14.2754
13.2262	-5.38791	14.2815
13.2511	-5.3712	14.2983
13.269	-5.34386	14.3046
13.2932	-5.32401	14.3197
13.3079	-5.28837	14.3202
13.3306	-5.26229	14.3317
13.3432	-5.23156	14.3321
13.3672	-5.2096	14.3465
13.3823	-5.17944	14.3497
13.3974	-5.15426	14.3546
13.4081	-5.12582	14.3545
13.4239	-5.09839	14.3595
13.4322	-5.07407	14.3586
13.447	-5.05061	14.3642
13.4554	-5.02327	14.3625
13.4702	-4.99833	14.3676
13.4785	-4.97008	14.3656
13.4911	-4.94568	14.369
13.5004	-4.91617	14.3677
13.5087	-4.88794	14.3658
13.519	-4.8557	14.3646
13.5256	-4.82188	14.3594
13.5363	-4.79294	14.3598
13.5372	-4.76443	14.3511
13.5475	-4.73579	14.3514
13.5498	-4.70454	14.3433
13.5605	-4.67701	14.3444
13.5605	-4.64653	14.3344
13.5694	-4.61649	14.3332
13.5694	-4.58462	14.323
13.5695	-4.55243	14.3128
13.5779	-4.52246	14.3112
13.5752	-4.49088	14.2988
13.5831	-4.46194	14.2972
13.582	-4.43239	14.287
13.5838	-4.40411	14.2799
13.578	-4.37372	14.2651
13.5784	-4.34041	14.2553
13.5747	-4.30911	14.2422
13.5693	-4.28356	14.2294
13.5683	-4.25386	14.2195
13.5543	-4.2292	14.1988
13.549	-4.19335	14.1831
13.5476	-4.15995	14.1719
13.5416	-4.1319	14.158
13.5373	-4.09948	14.1445
13.5315	-4.07206	14.1309
13.5263	-4.05136	14.12
13.524	-4.02779	14.111
13.5134	-4.00526	14.0945
13.5113	-3.97769	14.0846
13.4981	-3.95181	14.0647
13.4936	-3.92233	14.0521
13.4814	-3.89504	14.0328
13.4712	-3.86103	14.0136
13.4615	-3.83058	13.9959
13.4482	-3.80349	13.9757
13.4374	-3.77014	13.9563
13.4265	-3.7427	13.9384
13.409	-3.71675	13.9146
13.4005	-3.68582	13.8982
13.3915	-3.66253	13.8833
13.3787	-3.64257	13.8657
13.3812	-3.61775	13.8617
13.3724	-3.58485	13.8446
13.3525	-3.55585	13.8178
13.3418	-3.5246	13.7995
13.3219	-3.49966	13.7739
13.3108	-3.47579	13.7571
13.2918	-3.45541	13.7336
13.2789	-3.43096	13.7149
13.2632	-3.40437	13.6932
13.2457	-3.38019	13.6702
13.2255	-3.34843	13.6428
13.2044	-3.32083	13.6156
13.1908	-3.28776	13.5944
13.1716	-3.26387	13.57
13.1554	-3.23978	13.5484
13.1364	-3.21396	13.5238
13.1187	-3.19866	13.503
13.1053	-3.17539	13.4845
13.0874	-3.15333	13.462
13.0718	-3.12815	13.4409
13.0556	-3.10247	13.4192
13.0381	-3.07247	13.3952
13.0146	-3.04633	13.3664
13.0015	-3.02189	13.348
12.9803	-3.0007	13.3226
12.9629	-2.97277	13.2994
12.9388	-2.95401	13.2718
12.9242	-2.92549	13.2511
12.9038	-2.90358	13.2264
12.8904	-2.87688	13.2075
12.8694	-2.85565	13.1824
12.8586	-2.83196	13.1668
12.8366	-2.8127	13.1412
12.8279	-2.78291	13.1263
12.8053	-2.75904	13.0992
12.7908	-2.735	13.08
12.7725	-2.71059	13.057
12.7597	-2.68376	13.0388
12.7378	-2.66354	13.0133
12.7287	-2.63516	12.9986
12.7105	-2.61505	12.9767
12.6982	-2.58895	12.9594
12.677	-2.56399	12.9337
12.6648	-2.53179	12.9153
12.6442	-2.50972	12.8909
12.6299	-2.48264	12.8716
12.6176	-2.45622	12.8545
12.6031	-2.43604	12.8364
12.5959	-2.40901	12.8242
12.58	-2.38434	12.804
12.5752	-2.35431	12.7937
12.5582	-2.3276	12.7721
12.549	-2.29624	12.7573
12.5329	-2.26884	12.7367
12.5247	-2.24004	12.7235
12.51	-2.21279	12.7042
12.5031	-2.18293	12.6922
12.4861	-2.15595	12.6709
12.4793	-2.12354	12.6587
12.4658	-2.09527	12.6407
12.4625	-2.06252	12.632
12.4482	-2.03439	12.6134
12.443	-2.00338	12.6032
12.4282	-1.97827	12.5846
12.424	-1.94894	12.576
12.4141	-1.92082	12.5618
12.4134	-1.88888	12.5563
12.4004	-1.85933	12.539
12.3962	-1.82793	12.5302
12.3878	-1.81172	12.5196
12.387	-1.78601	12.5151
12.3758	-1.76483	12.501
12.3783	-1.73408	12.4992
12.3657	-1.70406	12.4826
12.3622	-1.67315	12.4749
12.3564	-1.64231	12.4651
12.3469	-1.61009	12.4514
12.3405	-1.57923	12.4411
12.3312	-1.54852	12.428
12.3259	-1.51871	12.4191
12.3167	-1.49163	12.4067
12.3132	-1.46275	12.3998
12.3009	-1.43826	12.3847
12.2989	-1.40812	12.3792
12.2814	-1.37875	12.3585
12.2767	-1.34371	12.35
12.264	-1.31084	12.3338
12.2589	-1.27733	12.3252
12.2489	-1.24908	12.3124
12.2488	-1.217	12.3092
12.2359	-1.18151	12.2928
12.2315	-1.14842	12.2853
12.2194	-1.11859	12.2705
12.2161	-1.08988	12.2646
12.2042	-1.0627	12.2504
12.2014	-1.03112	12.2449
12.1876	-1.00194	12.2287
12.1836	-0.970128	12.2221
12.1754	-0.943139	12.2118
12.1688	-0.913293	12.203
12.1541	-0.886451	12.1864
12.1483	-0.856036	12.1784
12.1294	-0.826939	12.1575
12.1229	-0.793402	12.1488
12.1045	-0.763908	12.1286
12.0966	-0.73556	12.119
12.084	-0.710901	12.1049
12.0815	-0.680286	12.1007
12.0674	-0.652634	12.0851
12.064	-0.621641	12.08
12.0487	-0.592833	12.0633
12.0418	-0.563088	12.055
12.0221	-0.538832	12.0341
12.0133	-0.507371	12.024
11.9968	-0.478303	12.0063
11.9896	-0.443351	11.9978
11.9679	-0.420664	11.9753
11.9581	-0.388608	11.9644
11.9454	-0.362453	11.9509
11.936	-0.335564	11.9408
11.9167	-0.306648	11.9207
11.908	-0.274304	11.9111
11.8912	-0.249177	11.8938
11.8831	-0.216823	11.8851
11.8669	-0.188813	11.8684
11.8586	-0.158966	11.8597
11.8409	-0.132826	11.8416
11.8326	-0.102553	11.833
11.8134	-0.0767928	11.8136
11.8054	-0.0453971	11.8055
11.7883	-0.0193806	11.7883
11.779	0.0125983	11.779
11.7646	0.040468	11.7646
11.7546	0.0685759	11.7548
11.736	0.0942277	11.7364
11.7241	0.125948	11.7248
11.7089	0.15347	11.7099
11.6999	0.184894	11.7013
11.6852	0.211068	11.6871
11.6775	0.239832	11.6799
11.6608	0.263991	11.6638
11.6553	0.294122	11.659
11.6379	0.32125	11.6423
11.6321	0.348834	11.6374
11.6159	0.368411	11.6217
11.6074	0.400995	11.6143
11.5914	0.42679	11.5993
11.5815	0.460038	11.5906
11.5684	0.488943	11.5788
11.5631	0.518902	11.5748
11.5544	0.537779	11.5669
11.547	0.561557	11.5606
11.5373	0.580386	11.5519
11.5335	0.602286	11.5492
11.5182	0.626724	11.5352
11.5126	0.655497	11.5313
11.4954	0.682336	11.5156
11.4885	0.708594	11.5104
11.4736	0.733261	11.497
11.464	0.760204	11.4892
11.4511	0.789045	11.4782
11.4372	0.817692	11.4663
11.4343	0.85067	11.4659
11.4183	0.882875	11.4524
11.4103	0.91567	11.447
11.3932	0.942176	11.4321
11.3853	0.975088	11.427
11.3726	1.0007	11.4165
11.3647	1.02734	11.411
11.3551	1.05626	11.4041
11.342	1.08286	11.3936
11.3341	1.1113	11.3884
11.3236	1.14313	11.3811
11.3151	1.1709	11.3755
11.3002	1.19538	11.3632
11.292	1.22331	11.3581
11.2776	1.24932	11.3466
11.2703	1.27831	11.3426
11.2606	1.30215	11.3357
11.2483	1.32881	11.3266
11.2432	1.35611	11.3247
11.2299	1.38147	11.3145
11.2205	1.41202	11.309
11.2077	1.44152	11.3001
11.2029	1.4696	11.2989
11.1884	1.50166	11.2887
11.1793	1.5329	11.2839
11.1742	1.55713	11.2822
11.1619	1.58142	11.2733
11.1586	1.6041	11.2733
11.1484	1.62278	11.2658
11.1472	1.6492	11.2686
11.1332	1.67776	11.2589
11.1309	1.71053	11.2615
11.1178	1.73929	11.253
11.1136	1.78101	11.2554
11.1022	1.81217	11.2491
11.0972	1.84762	11.25
11.0839	1.87915	11.242
11.0812	1.91068	11.2447
11.0721	1.94122	11.241
11.0699	1.97264	11.2443
11.06	2.00225	11.2398
11.059	2.03426	11.2446
11.0487	2.06311	11.2396
11.0483	2.09311	11.2448
11.0373	2.11923	11.2389
11.0409	2.14818	11.2479
11.0331	2.17821	11.2461
11.0357	2.20996	11.2548
11.0273	2.2437	11.2532
11.0255	2.28146	11.259
11.0201	2.31796	11.2613
11.0218	2.3533	11.2702
11.0179	2.38759	11.2736
11.0205	2.41945	11.283
11.0154	2.4499	11.2846
11.0208	2.47711	11.2958
11.0213	2.50925	11.3033
11.0192	2.5403	11.3082
11.0215	2.57092	11.3174
11.0186	2.59917	11.321
11.0262	2.63107	11.3358
11.022	2.66314	11.3391
11.0275	2.69069	11.3511
11.0228	2.71956	11.3534
11.0238	2.75306	11.3624
11.0178	2.78304	11.3639
11.0221	2.81403	11.3756
11.0119	2.84276	11.373
11.0144	2.87518	11.3835
11.0137	2.89907	11.3889
11.0219	2.92567	11.4036
11.0215	2.95263	11.4101
11.0267	2.98285	11.423
11.0199	3.0171	11.4254
11.0188	3.05767	11.4352
11.0191	3.09167	11.4446
11.023	3.12022	11.4561
11.0169	3.14862	11.458
11.02	3.17962	11.4695
11.0156	3.21042	11.4739
11.017	3.23732	11.4828
11.0161	3.26972	11.4911
11.0163	3.3015	11.5004
11.0112	3.33084	11.504
11.0141	3.36191	11.5158
11.009	3.39159	11.5196
11.01	3.41964	11.5289
11.0025	3.44731	11.5299
11.0035	3.48134	11.5411
10.9956	3.51204	11.5429
10.9979	3.5422	11.5542
10.9939	3.56918	11.5588
10.9937	3.60089	11.5684
10.9852	3.6346	11.5709
10.9823	3.66325	11.5772
10.979	3.69912	11.5854
10.9655	3.72907	11.5822
10.9617	3.76285	11.5896
10.9486	3.79333	11.5872
10.9515	3.82554	11.6004
10.9413	3.85681	11.6012
10.9386	3.88521	11.6081
10.9263	3.90885	11.6044
10.9249	3.94188	11.6143
10.9119	3.97006	11.6117
10.906	4.00195	11.6171
10.8876	4.02466	11.6076
10.8843	4.05503	11.6151
10.8739	4.08978	11.6176
10.8544	4.11815	11.6093
10.847	4.15123	11.6142
10.8267	4.17192	11.6027
10.8165	4.20248	11.6042
10.8032	4.2257	11.6002
10.7972	4.2506	11.6037
10.7747	4.27554	11.592
10.7629	4.3077	11.593
10.7446	4.33176	11.5849
10.732	4.36422	11.5854
10.711	4.38688	11.5746
10.7023	4.42129	11.5796
10.6822	4.44913	11.5717
10.6679	4.48068	11.5707
10.6441	4.5073	11.5591
10.6264	4.53605	11.554
10.6068	4.56284	11.5465
10.5892	4.58332	11.5386
10.5796	4.61169	11.5411
10.5567	4.63707	11.5303
10.5421	4.66605	11.5286
10.5144	4.68888	11.5126
10.5015	4.7173	11.5124
10.4783	4.74026	11.5006
10.4666	4.76947	11.502
10.4442	4.79033	11.4904
10.4304	4.8172	11.4891
10.4066	4.83736	11.476
10.3934	4.87043	11.4779
10.3697	4.89696	11.4678
10.3495	4.92246	11.4605
10.3291	4.94306	11.4509
10.3161	4.96481	11.4487
10.2926	4.98301	11.4354
10.2828	5.00979	11.4383
10.262	5.03449	11.4304
10.2352	5.05381	11.4149
10.2163	5.08363	11.4113
10.1912	5.10625	11.3989
10.1696	5.12723	11.389
10.1433	5.14813	11.375
10.1217	5.17369	11.3673
10.0976	5.19321	11.3548
10.0773	5.21424	11.3464
10.0562	5.23394	11.3367
10.0323	5.25032	11.3231
10.0071	5.27361	11.3116
9.98255	5.29373	11.2993
9.95594	5.31003	11.2835
9.93429	5.33105	11.2743
9.91082	5.34878	11.2621
9.88861	5.36726	11.2513
9.86388	5.38866	11.2398
9.83989	5.40759	11.2279
9.81553	5.42266	11.2138
9.78803	5.43918	11.1978
9.76301	5.4557	11.184
9.73924	5.47334	11.1719
9.71478	5.48858	11.158
9.6873	5.50345	11.1414
9.66199	5.51983	11.1276
9.63961	5.53718	11.1168
9.61272	5.55033	11.1
9.58702	5.56784	11.0866
9.56238	5.58303	11.0729
9.53705	5.59854	11.0589
9.50844	5.60741	11.0387
9.48361	5.62383	11.0257
9.45723	5.63469	11.0086
9.42421	5.63871	10.9823
9.39847	5.65287	10.9675
9.3648	5.66573	10.9453
9.33579	5.68167	10.9288
9.3039	5.69075	10.9063
9.2766	5.70785	10.892
9.24804	5.71759	10.8728
9.22154	5.73329	10.8585
9.19032	5.74094	10.8361
9.17077	5.75772	10.8284
9.14297	5.76664	10.8096
9.11748	5.78377	10.7972
9.08759	5.79222	10.7766
9.05776	5.80728	10.7595
9.02961	5.82554	10.7457
8.99711	5.83603	10.7241
8.96848	5.85592	10.711
8.93633	5.86498	10.6891
8.91955	5.87484	10.6805
8.89344	5.87945	10.6612
8.87058	5.90288	10.6551
8.84412	5.91605	10.6404
8.81733	5.92562	10.6235
8.79695	5.95048	10.6205
8.76267	5.96642	10.6011
8.73319	5.98088	10.5849
8.70877	5.99521	10.5729
8.68033	6.00347	10.5541
8.65376	6.02298	10.5434
8.62596	6.02867	10.5239
8.60542	6.04595	10.517
8.57671	6.05427	10.4983
8.55024	6.0746	10.4884
8.5195	6.08593	10.47
8.49409	6.10551	10.4607
8.46515	6.11946	10.4454
8.44111	6.13624	10.4358
8.41674	6.15102	10.4248
8.39245	6.16633	10.4143
8.36399	6.17868	10.3987
8.33884	6.19916	10.3907
8.30892	6.21068	10.3736
8.2857	6.22587	10.3641
8.26114	6.24354	10.3551
8.23579	6.25856	10.344
8.21247	6.27512	10.3355
8.18309	6.29077	10.3217
8.15286	6.30759	10.308
8.12546	6.32574	10.2975
8.09834	6.33925	10.2844
8.07326	6.3586	10.2766
8.04733	6.37496	10.2664
8.02174	6.39338	10.2579
7.99634	6.40485	10.2452
7.97235	6.42876	10.2415
7.94398	6.44647	10.2305
7.91793	6.46673	10.2231
7.88932	6.48788	10.2144
7.86429	6.50642	10.2069
7.84135	6.52363	10.2002
7.81431	6.54544	10.1934
7.79007	6.56505	10.1875
7.768	6.58486	10.1834
7.74238	6.60157	10.1747
7.72116	6.63029	10.1773
7.69385	6.64749	10.1678
7.67281	6.67899	10.1726
7.64675	6.70079	10.1673
7.62982	6.7271	10.1719
7.60626	6.74968	10.1692
7.59015	6.77717	10.1755
7.56812	6.79867	10.1734
7.55438	6.82659	10.1819
7.53132	6.85048	10.1809
7.51529	6.88048	10.1892
7.49257	6.90509	10.1892
7.47955	6.93487	10.1998
7.46668	6.96063	10.2079
7.45209	6.98701	10.2153
7.44084	7.01416	10.2257
7.42501	7.0341	10.2279
7.41549	7.06219	10.2403
7.40442	7.09097	10.2522
7.38963	7.12075	10.2621
7.38071	7.14425	10.2721
7.37101	7.17229	10.2846
7.3609	7.20234	10.2984
7.35417	7.23084	10.3135
7.34319	7.25677	10.3239
7.34088	7.28507	10.3422
7.33216	7.30623	10.3509
7.33615	7.33332	10.3729
7.32687	7.36519	10.3889
7.32232	7.39466	10.4066
7.32308	7.42354	10.4277
7.3138	7.4457	10.437
7.31409	7.46986	10.4544
7.30357	7.4971	10.4666
7.30103	7.53319	10.4907
7.29368	7.56617	10.5093
7.29502	7.59967	10.5343
7.28572	7.6298	10.5497
7.28854	7.66185	10.5748
7.28555	7.68995	10.5931
7.28224	7.71762	10.611
7.27982	7.74188	10.627
7.28304	7.76969	10.6494
7.276	7.79622	10.664
7.2807	7.82571	10.6888
7.27702	7.85581	10.7084
7.28597	7.8856	10.7363
7.27984	7.91548	10.7541
7.28378	7.94595	10.7792
7.27788	7.979	10.7996
7.28169	8.01025	10.8253
7.27977	8.03937	10.8456
7.28889	8.07206	10.8759
7.28163	8.10589	10.8962
7.28869	8.14259	10.9283
7.2888	8.17313	10.9511
7.30023	8.21409	10.9893
7.29451	8.2555	11.0165
7.2957	8.2884	11.042
7.30599	8.31826	11.0712
7.30179	8.34818	11.0909
7.31108	8.37437	11.1167
7.31388	8.40542	11.142
7.31766	8.43254	11.1649
7.32083	8.45781	11.1861
7.32326	8.48715	11.2099
7.33671	8.51815	11.2422
7.33376	8.55207	11.266
7.34268	8.58754	11.2987
7.34519	8.62115	11.3259
7.35565	8.65246	11.3565
7.35597	8.68335	11.3803
7.36795	8.71268	11.4104
7.37116	8.7474	11.439
7.38473	8.77344	11.4677
7.3846	8.8041	11.4911
7.3989	8.83147	11.5212
7.39984	8.86385	11.5467
7.41074	8.89444	11.5771
7.41125	8.92824	11.6035
7.42059	8.952	11.6277
7.41887	8.98319	11.6506
7.42752	9.01137	11.6779
7.42788	9.04063	11.7007
7.43974	9.06892	11.7301
7.44022	9.10005	11.7545
7.45386	9.13681	11.7916
7.45884	9.17112	11.8213
7.46827	9.19815	11.8483
7.46944	9.23148	11.8749
7.48092	9.25911	11.9036
7.47966	9.28784	11.9251
7.49636	9.31373	11.9558
7.49739	9.34201	11.9785
7.5166	9.3669	12.0099
7.52349	9.39241	12.0341
7.52777	9.41961	12.058
7.54075	9.44638	12.0871
7.5432	9.47476	12.1108
7.55372	9.50489	12.1409
7.56062	9.535	12.1688
7.57543	9.56545	12.2018
7.57922	9.60006	12.2313
7.589	9.62795	12.2593
7.5907	9.65726	12.2834
7.60641	9.68529	12.3151
7.61042	9.72083	12.3456
7.62992	9.75646	12.3856
7.63714	9.78955	12.4162
7.64686	9.81871	12.4451
7.6514	9.8463	12.4697
7.67011	9.87115	12.5008
7.67809	9.89911	12.5278
7.68352	9.92638	12.5527
7.69427	9.9546	12.5816
7.69777	9.98551	12.6082
7.70965	10.0189	12.6419
7.71617	10.0499	12.6705
7.72032	10.0749	12.6928
7.73325	10.1	12.7206
7.73373	10.1274	12.7427
7.74737	10.1556	12.7733
7.74929	10.1866	12.7991
7.76465	10.2154	12.8314
7.77187	10.2398	12.8552
7.78172	10.2692	12.8846
7.78723	10.2953	12.9087
7.79713	10.3196	12.934
7.80364	10.3496	12.9619
7.81545	10.375	12.9893
7.81165	10.4031	13.0094
7.82457	10.4369	13.0443
7.83766	10.4682	13.0772
7.84334	10.4982	13.1046
7.86079	10.5248	13.1363
7.86752	10.5576	13.1666
7.8839	10.5863	13.1994
7.89413	10.6204	13.2329
7.91346	10.6487	13.2672
7.92148	10.6811	13.298
7.94221	10.7165	13.3387
7.95335	10.749	13.3715
7.97528	10.7766	13.4067
7.98793	10.8128	13.4434
8.0117	10.8486	13.4863
8.02941	10.8796	13.5217
8.05208	10.9028	13.5538
8.06442	10.9364	13.5882
8.08604	10.9591	13.6193
8.09802	10.9909	13.652
8.12266	11.0078	13.6802
8.14185	11.0324	13.7115
8.16095	11.0511	13.7378
8.17476	11.0757	13.7658
8.20363	11.0973	13.8003
8.22266	11.1262	13.8349
8.24911	11.1452	13.8659
8.2654	11.1741	13.8988
8.29219	11.195	13.9316
8.3127	11.2205	13.9643
8.34263	11.2367	13.9951
8.36772	11.2616	14.03
8.39329	11.277	14.0577
8.41266	11.3012	14.0886
8.43648	11.3176	14.116
8.45812	11.338	14.1453
8.48571	11.3512	14.1724
8.50657	11.3744	14.2035
8.53613	11.3886	14.2325
8.55651	11.4135	14.2647
8.58396	11.4265	14.2916
8.60308	11.4473	14.3197
8.63089	11.4584	14.3453
8.64858	11.4783	14.3718
8.68073	11.4869	14.398
8.70712	11.5071	14.4301
8.73805	11.5159	14.4558
8.76295	11.535	14.4861
8.78932	11.5447	14.5098
8.81186	11.5639	14.5387
8.84548	11.5762	14.5689
8.8725	11.596	14.601
8.90542	11.6042	14.6275
8.92428	11.6291	14.6588
8.95406	11.6421	14.6872
8.98205	11.6537	14.7134
9.00954	11.6649	14.7391
9.03616	11.6765	14.7646
9.0632	11.6864	14.789
9.08664	11.699	14.8133
9.11356	11.7046	14.8342
9.13851	11.7213	14.8628
9.16936	11.7254	14.8849
9.20462	11.7436	14.921
9.23435	11.7539	14.9475
9.26106	11.7645	14.9724
9.28975	11.7717	14.9958
9.31914	11.7883	15.027
9.34763	11.7957	15.0505
9.37402	11.8104	15.0784
9.40315	11.8148	15.0999
9.42787	11.8326	15.1293
9.45898	11.8384	15.1532
9.48541	11.8537	15.1817
9.5168	11.8603	15.2065
9.54486	11.8709	15.2323
9.57333	11.8785	15.2561
9.60309	11.8831	15.2784
9.62777	11.8985	15.3058
9.65846	11.9026	15.3283
9.69299	11.9177	15.3618
9.7217	11.9245	15.3852
9.7496	11.9351	15.411
9.78521	11.9292	15.429
9.81933	11.9392	15.4585
9.85189	11.9458	15.4842
9.87771	11.9605	15.512
9.91048	11.9692	15.5396
9.93572	11.9752	15.5603
9.96527	11.9865	15.5879
9.99538	11.9888	15.609
10.0241	11.9999	15.6358
10.0543	12.0043	15.6586
10.0841	12.0182	15.6884
10.1169	12.0224	15.7127
10.1447	12.0373	15.742
10.1772	12.0369	15.7626
10.2083	12.0483	15.7915
10.2399	12.0532	15.8157
10.2647	12.0665	15.8418
10.2989	12.0656	15.8633
10.3303	12.0785	15.8936
10.3644	12.0755	15.9134
10.3991	12.0868	15.9447
10.433	12.0901	15.9693
10.4648	12.1057	16.0019
10.4962	12.1036	16.0209
10.5271	12.1114	16.047
10.5569	12.1147	16.069
10.5802	12.1253	16.0923
10.6098	12.127	16.1131
10.6399	12.134	16.1382
10.6672	12.1374	16.1588
10.6945	12.1448	16.1823
10.7224	12.1432	16.1996
10.7524	12.1537	16.2274
10.7852	12.1518	16.2477
10.8165	12.1626	16.2765
10.848	12.1633	16.298
10.8717	12.174	16.3217
10.9081	12.1703	16.3433
10.9421	12.182	16.3747
10.9774	12.1811	16.3977
11.01	12.1829	16.4208
11.0426	12.1882	16.4466
11.077	12.1883	16.4698
11.1095	12.189	16.4922
11.1389	12.1851	16.5092
11.1752	12.1864	16.5346
11.2048	12.1798	16.5498
11.2421	12.1824	16.5769
11.2775	12.1806	16.5997
11.3049	12.1748	16.614
11.335	12.1801	16.6384
11.366	12.1703	16.6523
11.3984	12.1743	16.6775
11.4262	12.1632	16.6883
11.458	12.1645	16.7111
11.4869	12.1576	16.7259
11.5172	12.1644	16.7517
11.5523	12.1563	16.7699
11.5821	12.1501	16.786
11.6107	12.1546	16.809
11.6422	12.151	16.8282
11.6713	12.143	16.8426
11.7009	12.1425	16.8627
11.726	12.1278	16.8695
11.7578	12.1243	16.8892
11.7833	12.1189	16.9031
11.8109	12.1168	16.9208
11.8388	12.1064	16.9329
11.8697	12.1053	16.9537
11.9006	12.0899	16.9644
11.9332	12.0909	16.988
11.9669	12.0786	17.0029
12.0013	12.0762	17.0254
12.0361	12.0676	17.0439
12.0719	12.0664	17.0683
12.1048	12.0549	17.0836
12.1359	12.0503	17.1023
12.1639	12.0438	17.1176
12.1999	12.0367	17.1383
12.2334	12.0333	17.1597
12.2611	12.0225	17.172
12.2908	12.0226	17.1933
12.3192	12.0088	17.2038
12.3514	12.0087	17.2269
12.3831	11.9976	17.2419
12.4171	11.9984	17.2669
12.4483	11.989	17.2828
12.4821	11.995	17.3114
12.5122	11.9841	17.3255
12.5454	11.984	17.3494
12.5755	11.9698	17.3614
12.6159	11.9702	17.391
12.6469	11.9577	17.4049
12.6783	11.9564	17.4269
12.7085	11.9454	17.4413
12.7394	11.9428	17.4621
12.7639	11.9304	17.4715
12.7945	11.9285	17.4926
12.8226	11.9134	17.5028
12.8528	11.9149	17.5259
12.8817	11.897	17.535
12.9139	11.897	17.5587
12.9493	11.8791	17.5727
12.9856	11.8769	17.5979
13.0192	11.8606	17.6117
13.0519	11.8562	17.633
13.0819	11.8418	17.6455
13.1153	11.8364	17.6667
13.1445	11.8169	17.6753
13.1784	11.8098	17.6958
13.2072	11.7961	17.7081
13.2367	11.7893	17.7256
13.264	11.7726	17.735
13.2934	11.7661	17.7526
13.3245	11.7509	17.7659
13.3465	11.7394	17.7748
13.3735	11.734	17.7915
13.3985	11.7157	17.7983
13.4277	11.7108	17.817
13.4546	11.6948	17.8268
13.4846	11.6892	17.8458
13.5095	11.6681	17.8508
13.5415	11.6589	17.8691
13.5665	11.6419	17.8769
13.5987	11.6348	17.8967
13.6229	11.6166	17.9033
13.6519	11.6095	17.9208
13.6771	11.5904	17.9277
13.7071	11.5862	17.9478
13.7329	11.5694	17.9568
13.765	11.5604	17.9755
13.7917	11.5401	17.9829
13.824	11.5311	18.0019
13.8493	11.51	18.0078
13.8801	11.5017	18.0263
13.9046	11.4813	18.0321
13.942	11.4751	18.0571
13.9703	11.4524	18.0645
14.0073	11.4471	18.0898
14.0393	11.4272	18.102
14.0707	11.4169	18.1199
14.0965	11.4008	18.1298
14.127	11.3934	18.1489
14.1539	11.3703	18.1554
14.1868	11.3628	18.1763
14.2144	11.3443	18.1864
14.2475	11.3359	18.207
14.2754	11.3153	18.216
14.308	11.3073	18.2366
14.3378	11.2858	18.2467
14.3714	11.2787	18.2688
14.3976	11.2618	18.2789
14.4311	11.2547	18.301
14.4536	11.2317	18.3046
14.4851	11.2197	18.3221
14.517	11.2075	18.3398
14.5473	11.1979	18.358
14.5761	11.1858	18.3735
14.5994	11.178	18.3872
14.6201	11.1771	18.4031
14.6441	11.1617	18.4128
14.6753	11.1573	18.435
14.6964	11.1409	18.4419
14.7261	11.1327	18.4606
14.7554	11.1198	18.4763
14.7873	11.1164	18.4997
14.8209	11.1012	18.5175
14.8544	11.0984	18.5426
14.8913	11.077	18.5594
14.9282	11.0712	18.5855
14.9554	11.057	18.599
14.9901	11.0583	18.6276
15.0232	11.0458	18.6469
15.055	11.0404	18.6693
15.0823	11.0246	18.682
15.1123	11.0207	18.7039
15.1425	11.0075	18.7206
15.175	11.0031	18.7443
15.205	10.9855	18.7583
15.2391	10.9802	18.7828
15.2692	10.9704	18.8016
15.302	10.9626	18.8236
15.3314	10.9513	18.841
15.3628	10.9484	18.8649
15.3934	10.9341	18.8815
15.4266	10.9317	18.9072
15.4577	10.9137	18.9222
15.4903	10.9121	18.9479
15.5197	10.8979	18.9638
15.5511	10.8948	18.9877
15.5794	10.8811	19.0031
15.6119	10.8798	19.029
15.6436	10.8711	19.0501
15.6738	10.8671	19.0725
15.7035	10.8576	19.0915
15.7342	10.8526	19.114
15.7624	10.843	19.1317
15.7942	10.8452	19.1592
15.8284	10.8276	19.1775
15.8644	10.8259	19.2062
15.8951	10.8112	19.2233
15.9297	10.8132	19.2531
15.9635	10.8013	19.2744
15.9978	10.8021	19.3032
16.0225	10.7966	19.3206
16.052	10.8009	19.3475
16.0816	10.7906	19.3663
16.1162	10.795	19.3975
16.1474	10.781	19.4157
16.1817	10.7796	19.4434
16.2136	10.7765	19.4683
16.2435	10.7744	19.492
16.2725	10.7751	19.5166
16.3037	10.763	19.536
16.338	10.7641	19.5652
16.374	10.7621	19.5942
16.4094	10.7592	19.6222
16.4465	10.765	19.6564
16.4829	10.753	19.6803
16.5172	10.7543	19.7097
16.545	10.7518	19.7316
16.5776	10.7588	19.7628
16.6078	10.756	19.7866
16.6369	10.7656	19.8162
16.6703	10.7644	19.8437
16.7043	10.7661	19.8731
16.728	10.763	19.8914
16.7523	10.7668	19.9139
16.7808	10.7601	19.9342
16.8144	10.7671	19.9663
16.8486	10.7621	19.9924
16.8822	10.7709	20.0254
16.9169	10.7631	20.0506
16.9478	10.7716	20.0813
16.9805	10.7668	20.1062
17.0123	10.7726	20.1362
17.0444	10.7663	20.1599
17.0777	10.7693	20.1897
17.102	10.7663	20.2087
17.1336	10.7781	20.2417
17.1671	10.7756	20.2687
17.1965	10.7832	20.2977
17.2266	10.7782	20.3206
17.2564	10.787	20.3505
17.289	10.7846	20.3768
17.3188	10.789	20.4045
17.3469	10.7841	20.4257
17.3777	10.7907	20.4554
17.4109	10.7833	20.4797
17.4497	10.7914	20.517
17.4861	10.7839	20.544
17.5185	10.7913	20.5755
17.5507	10.783	20.5986
17.584	10.7829	20.6269
17.6146	10.7769	20.6498
17.645	10.7805	20.6777
17.6852	10.771	20.707
17.721	10.773	20.7387
17.7536	10.7633	20.7615
17.7882	10.7652	20.7921
17.8238	10.7591	20.8194
17.8592	10.7547	20.8474
17.8917	10.7489	20.8723
17.9262	10.7493	20.9021
17.958	10.74	20.9246
17.9883	10.7381	20.9496
18.0143	10.7297	20.9676
18.0446	10.7327	20.9952
18.0776	10.7203	21.0172
18.1083	10.7218	21.0444
18.14	10.7117	21.0665
18.1731	10.7128	21.0956
18.1989	10.6992	21.111
18.2323	10.697	21.1387
18.2646	10.6805	21.1582
18.3039	10.6777	21.1907
18.3365	10.6619	21.2109
18.3713	10.6619	21.241
18.3999	10.6472	21.2584
18.4322	10.6403	21.2829
18.4593	10.6238	21.2981
18.4945	10.6149	21.3242
18.5221	10.5933	21.3374
18.5553	10.5885	21.3639
18.5826	10.5719	21.3793
18.6146	10.5655	21.4041
18.6407	10.5435	21.4159
18.6725	10.5312	21.4375
18.6961	10.5037	21.4446
18.7275	10.4875	21.4641
18.7465	10.4599	21.4672
18.7773	10.4452	21.4869
18.801	10.4256	21.4981
18.8177	10.3993	21.5
18.8393	10.3821	21.5106
18.8467	10.3603	21.5067
18.8686	10.3402	21.5161
18.883	10.3149	21.5166
18.9126	10.2997	21.5353
18.9354	10.2766	21.5444
18.948	10.2455	21.5405
18.9709	10.2205	21.5489
18.9814	10.1883	21.5429
19.0018	10.1601	21.5475
19.0103	10.1259	21.5389
19.0293	10.0978	21.5425
19.0358	10.0692	21.5349
19.0515	10.0435	21.5368
19.056	10.0116	21.5259
19.0637	9.98386	21.5198
19.0676	9.95587	21.5103
19.0811	9.92887	21.5098
19.0814	9.89802	21.4959
19.0934	9.86733	21.4924
19.0903	9.83205	21.4734
19.1005	9.79853	21.4672
19.0981	9.76465	21.4496
19.1045	9.73419	21.4415
19.0972	9.69805	21.4186
19.1005	9.65784	21.4034
19.0964	9.62409	21.3845
19.1009	9.5913	21.3738
19.0903	9.5594	21.35
19.0908	9.52528	21.3351
19.0807	9.49011	21.3105
19.0788	9.45757	21.2942
19.0668	9.42967	21.2711
19.0672	9.39359	21.2556
19.052	9.36347	21.2286
19.0517	9.32977	21.2135
19.0389	9.29823	21.1882
19.0351	9.26335	21.1695
19.0183	9.23321	21.1411
19.0136	9.19981	21.1223
18.9971	9.17159	21.0952
18.9923	9.14294	21.0784
18.9703	9.11961	21.0485
18.9592	9.08845	21.025
18.9365	9.06305	20.9936
18.9243	9.03208	20.9692
18.9073	9.008	20.9435
18.8943	8.98226	20.9207
18.8753	8.95371	20.8913
18.8612	8.92547	20.8665
18.8383	8.90389	20.8365
18.8253	8.87395	20.812
18.7925	8.86277	20.7775
18.7667	8.84068	20.7448
18.7539	8.8048	20.7179
18.7275	8.78085	20.6839
18.7098	8.74498	20.6526
18.6866	8.71214	20.6177
18.6606	8.69192	20.5856
18.6434	8.66425	20.5584
18.6155	8.6536	20.5285
18.5978	8.63196	20.5034
18.5731	8.61465	20.4737
18.5557	8.58858	20.447
18.5276	8.57146	20.4142
18.5063	8.54243	20.3828
18.4753	8.52658	20.348
18.4533	8.49697	20.3156
18.423	8.47869	20.2805
18.4029	8.45362	20.2517
18.3754	8.44127	20.2216
18.3605	8.40932	20.1947
18.3295	8.38246	20.1553
18.3003	8.36907	20.1231
18.2748	8.35008	20.0921
18.2437	8.34051	20.0599
18.2168	8.32277	20.028
18.1839	8.3125	19.9938
18.1618	8.29001	19.9644
18.125	8.27557	19.9248
18.0951	8.25684	19.8899
18.0556	8.24974	19.851
18.0279	8.23154	19.8182
17.9895	8.22569	19.7809
17.9589	8.20742	19.7455
17.926	8.19981	19.7124
17.8956	8.18767	19.6797
17.8627	8.17607	19.645
17.8302	8.17178	19.6136
17.8018	8.15474	19.5807
17.7601	8.15003	19.5408
17.7283	8.13411	19.5053
17.6918	8.13227	19.4713
17.6592	8.12242	19.4376
17.624	8.12044	19.4048
17.5929	8.10594	19.3705
17.5647	8.10605	19.345
17.5356	8.09497	19.3138
17.5	8.09943	19.2834
17.4638	8.09121	19.2471
17.4292	8.09371	19.2168
17.3954	8.08304	19.1817
17.3607	8.08638	19.1516
17.3273	8.08181	19.1194
17.2937	8.08279	19.0893
17.2623	8.07266	19.0567
17.2263	8.07607	19.0255
17.1894	8.07117	18.99
17.1544	8.07223	18.9588
17.1251	8.0605	18.9272
17.0927	8.0644	18.8996
17.0657	8.05392	18.8708
17.039	8.05641	18.8476
17.0105	8.04548	18.8172
16.9794	8.04389	18.7884
16.9463	8.04201	18.7577
16.9154	8.04146	18.7296
16.8851	8.03384	18.6989
16.8536	8.04002	18.6731
16.8214	8.03258	18.6408
16.7886	8.03969	18.6144
16.7527	8.0326	18.5789
16.7192	8.03127	18.5481
16.6897	8.02494	18.5188
16.6571	8.02817	18.4908
16.625	8.01836	18.4576
16.5915	8.02137	18.4288
16.5556	8.00665	18.3901
16.521	8.00711	18.3591
16.4962	7.99726	18.3325
16.4637	7.99672	18.3031
16.4337	7.98827	18.2724
16.4014	7.99375	18.2457
16.3699	7.98336	18.2128
16.3356	7.98752	18.1838
16.3023	7.97242	18.1473
16.2684	7.9735	18.1174
16.2319	7.96219	18.0796
16.1964	7.96487	18.0489
16.1613	7.95512	18.0131
16.1264	7.95749	17.9828
16.0918	7.94578	17.9466
16.0552	7.94599	17.9139
16.0228	7.93534	17.8801
15.9886	7.93916	17.8512
15.962	7.93172	17.824
15.9319	7.93527	17.7987
15.9015	7.92559	17.7672
15.8712	7.92513	17.7398
15.8414	7.91433	17.7084
15.8103	7.91819	17.6823
15.7791	7.90728	17.6495
15.7449	7.90714	17.6189
15.7144	7.89818	17.5876
15.6816	7.9009	17.5595
15.6494	7.88963	17.5257
15.6117	7.89044	17.4924
15.5782	7.87738	17.4566
15.5401	7.8739	17.421
15.5061	7.8583	17.3837
15.471	7.85637	17.3515
15.4373	7.84005	17.3141
15.3983	7.83776	17.2783
15.3669	7.82046	17.2424
15.3326	7.81631	17.21
15.3019	7.79832	17.1744
15.2674	7.79359	17.1415
15.2363	7.77648	17.1061
15.2084	7.77208	17.0792
15.1824	7.75874	17.0501
15.1558	7.75331	17.0239
15.1294	7.73295	16.9911
15.0997	7.72799	16.9624
15.0736	7.71324	16.9324
15.0451	7.69515	16.8988
15.0141	7.67765	16.8633
14.9888	7.65946	16.8325
14.9636	7.64208	16.8021
14.942	7.61977	16.7727
14.9132	7.60579	16.7407
14.8984	7.58812	16.7195
14.876	7.58101	16.6963
14.8537	7.56483	16.6691
14.8396	7.54289	16.6466
14.8198	7.52223	16.6196
14.7978	7.50746	16.5933
14.7818	7.48116	16.5671
14.7543	7.46164	16.5338
14.7377	7.43239	16.5057
14.7146	7.41193	16.4759
14.6982	7.38175	16.4477
14.6736	7.36503	16.4182
14.6602	7.33737	16.3939
14.638	7.3152	16.3641
14.6263	7.28152	16.3386
14.603	7.25457	16.3057
14.5957	7.22247	16.2849
14.5681	7.19569	16.2483
14.5535	7.16169	16.2202
14.5375	7.13205	16.1927
14.5305	7.10571	16.1749
14.5064	7.07938	16.1416
14.4968	7.04546	16.1182
14.4762	7.02039	16.0887
14.4632	6.98665	16.0623
14.4561	6.95532	16.0423
14.4384	6.92666	16.014
14.4325	6.88993	15.9928
14.418	6.85467	15.9645
14.4107	6.81582	15.9412
14.3949	6.78214	15.9126
14.3918	6.7471	15.8949
14.3779	6.71668	15.8694
14.3754	6.69287	15.8571
14.3662	6.66819	15.8384
14.3705	6.63924	15.8301
14.3581	6.60775	15.8056
14.3593	6.57448	15.7928
14.3466	6.54161	15.7676
14.3438	6.50784	15.7511
14.3286	6.47805	15.725
14.328	6.44682	15.7116
14.3152	6.42218	15.6898
14.3137	6.39252	15.6763
14.2986	6.36493	15.6512
14.2919	6.32727	15.6299
14.2765	6.29589	15.6031
14.2728	6.2625	15.5862
14.259	6.23238	15.5615
14.2586	6.19907	15.5478
14.2432	6.16971	15.5221
14.2428	6.13685	15.5087
14.2338	6.10217	15.4867
14.2297	6.06966	15.4702
14.2174	6.04017	15.4472
14.2228	6.00596	15.4389
14.2127	5.97783	15.4187
14.2133	5.94678	15.4072
14.2015	5.9179	15.3852
14.2011	5.88317	15.3715
14.1905	5.85315	15.3502
14.1944	5.82148	15.3418
14.1855	5.78864	15.3211
14.1834	5.75197	15.3054
14.1744	5.721	15.2854
14.1797	5.69019	15.2789
14.172	5.65275	15.2578
14.1708	5.61482	15.2426
14.1626	5.58412	15.2237
14.1658	5.5518	15.2148
14.1557	5.52054	15.1941
14.1613	5.48706	15.1872
14.1561	5.4521	15.1697
14.1543	5.42202	15.1572
14.1458	5.39748	15.1405
14.1498	5.36501	15.1328
14.1448	5.33284	15.1167
14.1428	5.30517	15.105
14.1362	5.27762	15.0892
14.1403	5.24739	15.0825
14.1309	5.21701	15.0631
14.13	5.18458	15.0511
14.1236	5.14703	15.0323
14.1265	5.11237	15.0231
14.117	5.07666	15.0021
14.1224	5.04376	14.996
14.1157	5.00975	14.9783
14.1183	4.97493	14.9691
14.1079	4.94376	14.949
14.1144	4.9111	14.9444
14.1094	4.875	14.9279
14.1154	4.83366	14.9201
14.1102	4.80095	14.9046
14.1167	4.7632	14.8986
14.1115	4.73262	14.884
14.1178	4.70018	14.8797
14.1107	4.67159	14.8639
14.1166	4.64054	14.8598
14.1098	4.60643	14.8427
14.1161	4.57251	14.8382
14.1084	4.53752	14.8202
14.1183	4.50262	14.8189
14.1205	4.46434	14.8094
14.1188	4.42913	14.7972
14.125	4.39422	14.7928
14.1236	4.35819	14.7807
14.1287	4.32599	14.7761
14.1304	4.28632	14.7662
14.1327	4.25211	14.7585
14.133	4.2206	14.7497
14.1404	4.19111	14.7484
14.1348	4.16125	14.7346
14.1416	4.136	14.734
14.1355	4.10644	14.7199
14.1419	4.07495	14.7173
14.1357	4.04148	14.7021
14.1426	4.00912	14.6999
14.1326	3.97571	14.6812
14.1372	3.94029	14.676
14.134	3.91013	14.6649
14.1463	3.87322	14.667
14.1466	3.83534	14.6573
14.1456	3.80226	14.6477
14.1474	3.76775	14.6405
14.1419	3.73777	14.6275
14.1424	3.70943	14.6208
14.1362	3.68069	14.6076
14.1385	3.65035	14.6021
14.128	3.61812	14.5839
14.1267	3.58504	14.5745
14.1183	3.55397	14.5588
14.1131	3.5236	14.5463
14.1087	3.49419	14.5349
14.1008	3.46477	14.5202
14.0908	3.43497	14.5034
14.0837	3.40674	14.4899
14.0784	3.37866	14.4782
14.0668	3.34645	14.4593
14.0602	3.31902	14.4467
14.0518	3.29318	14.4325
14.0458	3.26964	14.4214
14.0465	3.24547	14.4165
14.035	3.21837	14.3993
14.0264	3.19055	14.3847
14.0161	3.16451	14.3689
14.0056	3.13611	14.3524
13.9946	3.11004	14.336
13.9867	3.08651	14.3232
13.9746	3.06354	14.3064
13.9697	3.03344	14.2953
13.9542	3.00401	14.2739
13.9479	2.97381	14.2614
13.9299	2.94475	14.2378
13.9301	2.90913	14.2306
13.915	2.88158	14.2102
13.9146	2.84937	14.2034
13.9024	2.81748	14.185
13.8834	2.78995	14.1609
13.8778	2.75577	14.1488
13.8675	2.73254	14.1341
13.8523	2.70999	14.1149
13.8449	2.6784	14.1016
13.8263	2.65285	14.0785
13.8196	2.62112	14.0659
13.8022	2.6027	14.0455
13.7957	2.57047	14.0331
13.7721	2.54337	14.005
13.7652	2.50969	13.9921
13.7446	2.48247	13.967
13.7325	2.44638	13.9487
13.7121	2.41846	13.9237
13.6954	2.39142	13.9027
13.6816	2.3689	13.8852
13.6706	2.34529	13.8703
13.6499	2.32224	13.8461
13.6345	2.29296	13.8259
13.6153	2.27007	13.8032
13.5981	2.24393	13.782
13.5729	2.22256	13.7537
13.5505	2.20214	13.7282
13.5228	2.18355	13.698
13.494	2.17123	13.6676
13.466	2.15987	13.6381
13.438	2.15005	13.6089
13.4079	2.14087	13.5777
13.3855	2.12825	13.5537
13.3633	2.12368	13.531
13.3399	2.11429	13.5064
13.3215	2.10776	13.4872
13.2989	2.09612	13.4631
13.2733	2.08725	13.4364
13.2492	2.08155	13.4117
13.2258	2.07255	13.3872
13.1985	2.0633	13.3588
13.1731	2.05224	13.332
13.1469	2.04234	13.3046
13.1202	2.03144	13.2766
13.0923	2.02071	13.2473
13.0652	2.00836	13.2186
13.0404	1.99502	13.1921
13.0111	1.98975	13.1623
12.9781	1.98157	13.1285
12.9474	1.97287	13.0969
12.9253	1.96099	13.0732
12.8962	1.95032	13.0428
12.8685	1.94447	13.0146
12.8402	1.93567	12.9853
12.8113	1.92883	12.9557
12.7839	1.92233	12.9276
12.7566	1.91215	12.8992
12.7319	1.90179	12.8732
12.7043	1.88954	12.8441
12.6763	1.8802	12.815
12.6493	1.86897	12.7866
12.6222	1.8592	12.7584
12.5892	1.84719	12.724
12.5576	1.83512	12.691
12.5236	1.8245	12.6558
12.5009	1.81001	12.6312
12.4698	1.80697	12.6001
12.4395	1.79722	12.5687
12.4103	1.78976	12.5387
12.3822	1.78192	12.5097
12.3546	1.77503	12.4814
12.3265	1.77039	12.453
12.299	1.76936	12.4256
12.2725	1.75442	12.3972
12.2415	1.75229	12.3663
12.2114	1.747	12.3358
12.1813	1.74908	12.3062
12.1533	1.7439	12.2778
12.1239	1.75065	12.2496
12.0933	1.74877	12.2191
12.0625	1.75669	12.1897
12.0299	1.75749	12.1576
11.9977	1.76497	12.1268
11.9647	1.76649	12.0944
11.9346	1.78087	12.0667
11.9066	1.79188	12.0407
11.8797	1.79734	12.0149
11.8524	1.81325	11.9903
11.8222	1.82313	11.9619
11.7962	1.84084	11.939
11.7694	1.85304	11.9144
11.7426	1.86955	11.8905
11.7127	1.88401	11.8633
11.6863	1.90232	11.8402
11.6621	1.91212	11.8178
11.6429	1.93535	11.8027
11.6176	1.94809	11.7798
11.5919	1.96329	11.7569
11.571	1.98573	11.7402
11.5502	1.99992	11.7221
11.5318	2.02012	11.7074
11.5098	2.03542	11.6883
11.4882	2.05922	11.6712
11.4667	2.07985	11.6538
11.4457	2.1006	11.6369
11.4317	2.12731	11.6279
11.4064	2.14969	11.6072
11.3887	2.17966	11.5954
11.3703	2.198	11.5808
11.3596	2.22723	11.5759
11.338	2.25129	11.5593
11.3299	2.28592	11.5582
11.3079	2.30979	11.5414
11.2938	2.34367	11.5344
11.274	2.37234	11.5209
11.2697	2.40838	11.5241
11.2542	2.44027	11.5157
11.2534	2.47109	11.5215
11.2361	2.50326	11.5115
11.2267	2.53837	11.5101
11.2193	2.56778	11.5094
11.2123	2.59828	11.5094
11.209	2.62674	11.5127
11.2019	2.65467	11.5122
11.2063	2.68787	11.5241
11.199	2.7193	11.5244
11.2024	2.7502	11.5351
11.2001	2.7784	11.5396
11.2027	2.81105	11.55
11.1999	2.84277	11.5551
11.2096	2.87372	11.5721
11.2084	2.91113	11.5803
11.2197	2.94436	11.5996
11.2206	2.97682	11.6087
11.2336	3.0053	11.6286
11.2395	3.03523	11.6421
11.2488	3.06519	11.6589
11.2517	3.09033	11.6684
11.271	3.11614	11.6938
11.2814	3.14924	11.7127
11.2915	3.1778	11.7301
11.3018	3.20503	11.7474
11.3135	3.23155	11.766
11.327	3.26242	11.7875
11.3409	3.28991	11.8084
11.355	3.31693	11.8296
11.368	3.3493	11.8511
11.3874	3.37688	11.8776
11.4005	3.40198	11.8972
11.422	3.42681	11.925
11.4369	3.44857	11.9455
11.458	3.46794	11.9713
11.4738	3.4929	11.9937
11.4949	3.5162	12.0207
11.5147	3.53511	12.0452
11.5296	3.55374	12.0649
11.547	3.56385	12.0844
11.5638	3.58644	12.1071
11.5806	3.60705	12.1294
11.6038	3.62159	12.1559
11.6183	3.64081	12.1754
11.6439	3.65854	12.2052
11.6588	3.68009	12.2258
11.6897	3.69546	12.2599
11.7124	3.71857	12.2885
11.7377	3.7388	12.3188
11.7624	3.75827	12.3482
11.7856	3.77556	12.3756
11.8075	3.79719	12.403
11.8389	3.81155	12.4374
11.8642	3.83114	12.4674
11.8924	3.84418	12.4983
11.9129	3.85917	12.5224
11.9351	3.87278	12.5477
11.9569	3.88494	12.5722
11.9787	3.89973	12.5975
12.0068	3.90848	12.6269
12.0311	3.92631	12.6556
12.064	3.93145	12.6884
12.092	3.94877	12.7204
12.1258	3.95632	12.7549
12.1516	3.97591	12.7855
12.1861	3.98425	12.8209
12.2135	4.00348	12.8529
12.2472	4.0103	12.8871
12.2772	4.02692	12.9208
12.3084	4.03518	12.953
12.3361	4.04998	12.9839
12.3671	4.05519	13.0149
12.3917	4.06438	13.0412
12.4227	4.07429	13.0738
12.4515	4.08475	13.1044
12.4718	4.08958	13.1252
12.4877	4.09724	13.1427
12.5113	4.09959	13.1658
12.5418	4.11442	13.1995
12.5752	4.11295	13.2307
12.6042	4.12446	13.2618
12.637	4.1228	13.2925
12.6683	4.13558	13.3263
12.7017	4.13572	13.3581
12.7332	4.14372	13.3905
12.7656	4.14427	13.4214
12.8009	4.15466	13.4583
12.8351	4.15219	13.49
12.8679	4.16419	13.5249
12.902	4.16498	13.5576
12.9327	4.17269	13.5892
12.9642	4.17033	13.6185
13.004	4.1792	13.6591
13.0409	4.18301	13.6954
13.0732	4.18249	13.726
13.1038	4.18663	13.7564
13.1356	4.18661	13.7867
13.1724	4.18726	13.8219
13.2049	4.18813	13.8531
13.2412	4.19184	13.8889
13.2823	4.1961	13.9294
13.3159	4.19886	13.9622
13.3491	4.2018	13.9948
13.3795	4.20649	14.0251
13.4072	4.21185	14.0532
13.4354	4.21512	14.0811
13.4602	4.22056	14.1064
13.4882	4.22818	14.1353
13.5119	4.24032	14.1616
13.5388	4.24832	14.1897
13.5569	4.25828	14.21
13.5804	4.26509	14.2344
13.6084	4.2806	14.2658
13.6357	4.29719	14.2968
13.6608	4.31571	14.3263
13.6837	4.33495	14.354
13.7061	4.35545	14.3815
13.724	4.3769	14.4051
13.7417	4.39808	14.4284
13.7589	4.42016	14.4515
13.7743	4.44219	14.4729
13.7884	4.46435	14.4932
13.8071	4.48414	14.517
13.8213	4.50596	14.5373
13.834	4.53102	14.5571
13.8529	4.55648	14.583
13.8657	4.58365	14.6036
13.8779	4.61004	14.6236
13.8889	4.63648	14.6423
13.8987	4.66232	14.6599
13.915	4.68415	14.6823
13.9239	4.71217	14.6996
13.9349	4.7412	14.7194
13.9439	4.76941	14.737
13.952	4.79717	14.7537
13.9665	4.83032	14.7782
13.9734	4.86296	14.7954
13.9831	4.89023	14.8135
13.9884	4.91795	14.8278
13.9965	4.94552	14.8445
13.9989	4.97142	14.8555
14.0114	4.99942	14.8766
14.011	5.02965	14.8864
14.0222	5.05616	14.9059
14.0263	5.08323	14.919
14.0337	5.11004	14.9351
14.0372	5.13843	14.9481
14.0426	5.16713	14.963
14.0533	5.19597	14.9831
14.0639	5.23012	15.0049
14.0677	5.26141	15.0195
14.0726	5.28602	15.0326
14.0778	5.30911	15.0456
14.0863	5.33979	15.0644
14.0909	5.36296	15.0769
14.0953	5.38976	15.0906
14.0999	5.416	15.1043
14.1066	5.44275	15.1202
14.1167	5.46814	15.1387
14.1214	5.50108	15.1551
14.1258	5.52799	15.169
14.1303	5.5588	15.1843
14.136	5.5854	15.1995
14.1443	5.61252	15.2172
14.148	5.64084	15.2311
14.1523	5.66933	15.2456
14.1579	5.69761	15.2613
14.1616	5.72547	15.2752
14.1691	5.7533	15.2926
14.1739	5.77494	15.3052
14.1801	5.80097	15.3207
14.1836	5.826	15.3335
14.1932	5.85409	15.353
14.201	5.88181	15.3709
14.2036	5.91039	15.3843
14.2084	5.93711	15.399
14.2135	5.96422	15.4142
14.2184	5.9916	15.4292
14.2228	6.02348	15.4458
14.2286	6.0535	15.4628
14.231	6.08455	15.4772
14.2382	6.11414	15.4955
14.2468	6.1446	15.5154
14.2513	6.17471	15.5315
14.2587	6.20313	15.5496
14.2617	6.22929	15.5628
14.27	6.25487	15.5806
14.2756	6.29048	15.6001
14.2771	6.32869	15.6169
14.2873	6.36362	15.6404
14.2945	6.40055	15.6621
14.299	6.43316	15.6795
14.3102	6.46087	15.7011
14.3119	6.48823	15.7139
14.323	6.51689	15.7358
14.3316	6.54295	15.7545
14.3406	6.57011	15.774
14.3499	6.59603	15.7933
14.3604	6.62865	15.8165
14.3681	6.6521	15.8333
14.3773	6.67616	15.8518
14.3804	6.70379	15.8662
14.3973	6.72622	15.891
14.4085	6.75328	15.9127
14.4203	6.78156	15.9353
14.4306	6.80661	15.9553
14.4422	6.83391	15.9775
14.4527	6.85825	15.9974
14.4692	6.87933	16.0213
14.4762	6.90954	16.0406
14.4957	6.94429	16.0732
14.5148	6.97302	16.1028
14.5294	7.00143	16.1283
14.5452	7.02492	16.1528
14.5603	7.04935	16.177
14.5737	7.07142	16.1987
14.5892	7.09355	16.2223
14.6074	7.10904	16.2454
14.6205	7.13376	16.268
14.6367	7.1572	16.2929
14.6541	7.17682	16.3172
14.6696	7.19919	16.3409
14.6857	7.22461	16.3666
14.6996	7.23862	16.3852
14.7137	7.25569	16.4054
14.7343	7.27274	16.4315
14.7526	7.29402	16.4573
14.7719	7.31429	16.4836
14.791	7.33507	16.5099
14.8109	7.35665	16.5373
14.8368	7.3743	16.5684
14.8626	7.39533	16.6008
14.8852	7.41603	16.6303
14.906	7.43625	16.6579
14.9272	7.44141	16.6793
14.9489	7.45977	16.7069
14.9725	7.47642	16.7354
14.9954	7.49458	16.764
15.0202	7.50904	16.7927
15.039	7.52625	16.8172
15.0642	7.54282	16.8471
15.086	7.55839	16.8735
15.1102	7.57182	16.9012
15.1329	7.58719	16.9284
15.1607	7.60353	16.9606
15.1846	7.62038	16.9895
15.2152	7.63849	17.0249
15.2478	7.65069	17.0596
15.2761	7.66483	17.0912
15.3014	7.67623	17.1189
15.3197	7.69232	17.1425
15.3426	7.70277	17.1677
15.3721	7.7124	17.1983
15.4003	7.72229	17.228
15.4271	7.73347	17.257
15.4538	7.74363	17.2854
15.4894	7.75356	17.3216
15.5149	7.76687	17.3504
15.5419	7.77529	17.3783
15.5692	7.78533	17.4072
15.5888	7.79073	17.4271
15.6103	7.79775	17.4495
15.6382	7.80311	17.4769
15.6662	7.81323	17.5064
15.6958	7.81874	17.5354
15.725	7.82836	17.5658
15.7483	7.83301	17.5888
15.7728	7.84399	17.6156
15.7976	7.85076	17.6408
15.8182	7.8556	17.6614
15.8409	7.86548	17.6862
15.8672	7.86968	17.7116
15.8939	7.87821	17.7393
15.9234	7.88275	17.7678
15.9537	7.89003	17.7981
15.9842	7.90323	17.8314
16.01	7.90844	17.8568
16.0362	7.91163	17.8817
16.063	7.91761	17.9084
16.09	7.91929	17.9333
16.1178	7.92567	17.961
16.1435	7.92839	17.9853
16.1702	7.93387	18.0118
16.1981	7.94025	18.0396
16.2311	7.94576	18.0716
16.264	7.94378	18.1003
16.2969	7.94875	18.1321
16.3282	7.9528	18.162
16.3577	7.9575	18.1906
16.3884	7.96232	18.2202
16.417	7.96527	18.2472
16.4476	7.96989	18.2768
16.4767	7.97496	18.3053
16.5096	7.98578	18.3396
16.5396	7.98441	18.366
16.5686	7.98651	18.393
16.6027	7.98896	18.4248
16.6352	7.99354	18.4561
16.6688	7.99709	18.4879
16.6996	8.00338	18.5184
16.7316	8.00707	18.5488
16.7609	8.01151	18.5772
16.797	8.01311	18.6105
16.8292	8.01497	18.6403
16.8592	8.01745	18.6684
16.8903	8.02049	18.6979
16.9204	8.02269	18.726
16.9506	8.02966	18.7563
16.9766	8.03551	18.7823
17.0103	8.04529	18.8169
17.0425	8.04887	18.8476
17.0728	8.05077	18.8758
17.1042	8.05251	18.9049
17.1345	8.0541	18.933
17.1671	8.05912	18.9647
17.1979	8.06172	18.9937
17.2254	8.06464	19.0198
17.2515	8.06699	19.0445
17.2767	8.0718	19.0693
17.2982	8.075	19.0901
17.321	8.07681	19.1115
17.3461	8.07329	19.1329
17.3749	8.07783	19.1609
17.4058	8.089	19.1936
17.4373	8.09648	19.2253
17.4659	8.09818	19.2519
17.4983	8.10568	19.2846
17.5299	8.11386	19.3166
17.5603	8.12039	19.347
17.5912	8.12686	19.3777
17.6217	8.14287	19.4122
17.6534	8.1525	19.4449
17.6839	8.16314	19.4771
17.7158	8.17308	19.5102
17.7476	8.18231	19.543
17.7748	8.19261	19.572
17.7999	8.20079	19.5982
17.8253	8.21056	19.6253
17.8489	8.2144	19.6484
17.8716	8.22484	19.6734
17.8982	8.23967	19.7037
17.923	8.25122	19.7311
17.9472	8.25754	19.7557
17.9719	8.2687	19.7828
17.9925	8.28459	19.8082
18.0163	8.29392	19.8337
18.0419	8.30574	19.862
18.0643	8.32053	19.8885
18.0886	8.33237	19.9155
18.1128	8.34585	19.9431
18.1364	8.36193	19.9712
18.161	8.37752	20.0001
18.1855	8.39241	20.0286
18.2124	8.40788	20.0595
18.2348	8.42445	20.0868
18.2596	8.44008	20.1158
18.2783	8.45779	20.1403
18.2984	8.47245	20.1647
18.3183	8.48815	20.1893
18.3374	8.50264	20.2127
18.3582	8.51947	20.2387
18.3784	8.53404	20.2632
18.4009	8.55157	20.291
18.4211	8.57181	20.3178
18.4443	8.59203	20.3474
18.468	8.61298	20.3777
18.4882	8.63387	20.4048
18.5073	8.65837	20.4325
18.5279	8.68128	20.4609
18.5479	8.7055	20.4893
18.5703	8.72529	20.5179
18.5895	8.75015	20.5459
18.6075	8.77495	20.5728
18.6224	8.80047	20.5972
18.6464	8.82003	20.6272
18.6654	8.84688	20.6559
18.6838	8.87144	20.683
18.6978	8.8979	20.707
18.7105	8.92006	20.728
18.7232	8.94454	20.75
18.7304	8.96999	20.7675
18.7411	8.99689	20.7888
18.7495	9.021	20.8068
18.7591	9.04768	20.827
18.7684	9.07789	20.8485
18.7771	9.107	20.869
18.7845	9.1351	20.8879
18.7923	9.16015	20.906
18.7962	9.18339	20.9196
18.8019	9.20832	20.9357
18.8101	9.23452	20.9547
18.8159	9.26241	20.9721
18.8185	9.29109	20.9872
18.8233	9.31867	21.0037
18.8269	9.34676	21.0194
18.8392	9.38218	21.0461
18.8377	9.41749	21.0606
18.8388	9.45084	21.0765
18.8396	9.48213	21.0913
18.8421	9.51165	21.1068
18.8384	9.5357	21.1143
18.8402	9.56237	21.128
18.8339	9.59028	21.135
18.8348	9.61904	21.1489
18.8252	9.64813	21.1536
18.8273	9.68273	21.1712
18.8156	9.71385	21.1751
18.8109	9.74447	21.185
18.8041	9.77831	21.1945
18.7916	9.81134	21.1988
18.7749	9.83675	21.1957
18.7606	9.86339	21.1954
18.7468	9.88778	21.1946
18.7401	9.91446	21.2011
18.7249	9.94116	21.2002
18.7094	9.97076	21.2005
18.6945	9.99387	21.1982
18.6774	10.0187	21.1948
18.6646	10.0427	21.1949
18.6532	10.0684	21.197
18.6399	10.0933	21.1972
18.6212	10.1155	21.1913
18.6012	10.1361	21.1836
18.5833	10.1609	21.1798
18.5659	10.1852	21.1762
18.5498	10.2128	21.1754
18.5267	10.2384	21.1675
18.5092	10.2638	21.1644
18.4848	10.2826	21.1523
18.4643	10.3015	21.1435
18.444	10.3187	21.1342
18.4208	10.3377	21.1232
18.3976	10.3558	21.112
18.3737	10.3759	21.101
18.3441	10.3964	21.0853
18.3189	10.4146	21.0724
18.2896	10.4333	21.0562
18.2616	10.4516	21.0409
18.2379	10.4689	21.029
18.2151	10.4839	21.0167
18.1903	10.4962	21.0014
18.167	10.505	20.9856
18.1346	10.515	20.9625
18.1029	10.5264	20.9409
18.0738	10.5372	20.9212
18.046	10.5474	20.9023
18.019	10.5584	20.8846
17.9931	10.5669	20.8665
17.9659	10.5769	20.8481
17.9413	10.5862	20.8316
17.9179	10.5975	20.8172
17.8952	10.6078	20.8029
17.8701	10.6177	20.7865
17.8469	10.6293	20.7725
17.8224	10.6391	20.7564
17.7953	10.6464	20.737
17.7657	10.6514	20.7141
17.7384	10.6643	20.6973
17.7135	10.6801	20.6841
17.6886	10.6951	20.6706
17.6643	10.7118	20.6584
17.6395	10.7301	20.6467
17.6099	10.741	20.6271
17.5824	10.753	20.6099
17.5552	10.7638	20.5923
17.531	10.7751	20.5776
17.5047	10.785	20.5605
17.4804	10.7906	20.5427
17.4557	10.7966	20.5248
17.4269	10.8049	20.5047
17.398	10.8127	20.4842
17.3702	10.822	20.4656
17.3443	10.8323	20.4491
17.3171	10.843	20.4317
17.293	10.8519	20.4159
17.2687	10.8583	20.3988
17.2386	10.8677	20.3783
17.2101	10.8754	20.3584
17.1822	10.8828	20.3387
17.153	10.8875	20.3166
17.133	10.8934	20.3029
17.1095	10.9001	20.2867
17.0848	10.9079	20.27
17.0591	10.9161	20.2528
17.032	10.9241	20.2343
17.005	10.9284	20.2139
16.9782	10.9311	20.1928
16.9509	10.9367	20.1729
16.921	10.9425	20.1509
16.8921	10.9483	20.1298
16.8646	10.9472	20.1061
16.8351	10.9558	20.0861
16.8077	10.9636	20.0673
16.7808	10.971	20.0489
16.751	10.9743	20.0257
16.7232	10.9884	20.0102
16.6953	11.0034	19.9951
16.6691	11.017	19.9808
16.6414	11.0288	19.9643
16.6149	11.0429	19.95
16.5914	11.0639	19.942
16.5584	11.0786	19.9228
16.528	11.087	19.9022
16.5001	11.0937	19.8828
16.4731	11.1043	19.8663
16.4466	11.1162	19.851
16.4247	11.1297	19.8404
16.4001	11.1456	19.8289
16.3758	11.1598	19.8169
16.3515	11.1755	19.8057
16.3323	11.1879	19.7968
16.3132	11.2078	19.7923
16.2902	11.2246	19.7829
16.2659	11.2405	19.7719
16.2403	11.2548	19.759
16.2151	11.2687	19.7462
16.1897	11.2817	19.7328
16.1624	11.3039	19.7231
16.1362	11.3315	19.7175
16.1127	11.356	19.7124
16.0928	11.382	19.7111
16.0725	11.4047	19.7076
16.0517	11.4295	19.7051
16.0316	11.454	19.703
16.0128	11.4741	19.6994
15.9889	11.491	19.6898
15.9685	11.518	19.6891
15.9441	11.5461	19.6857
15.9224	11.5723	19.6835
15.9022	11.5976	19.682
15.8788	11.6223	19.6778
15.8623	11.6479	19.6796
15.8449	11.6689	19.678
15.8288	11.6939	19.6799
15.8142	11.7163	19.6815
15.7997	11.7404	19.6842
15.7875	11.7619	19.6872
15.7743	11.7898	19.6934
15.7592	11.8145	19.6961
15.7441	11.8357	19.6967
15.7342	11.8632	19.7054
15.7231	11.8869	19.7108
15.7117	11.9114	19.7164
15.6999	11.9361	19.722
15.6877	11.9612	19.7275
15.6735	11.9857	19.7311
15.6648	12.0126	19.7405
15.6554	12.0384	19.7488
15.6486	12.0642	19.7591
15.6309	12.094	19.7633
15.621	12.1265	19.7754
15.6094	12.1578	19.7855
15.5987	12.1866	19.7947
15.5859	12.2128	19.8008
15.5838	12.2451	19.8191
15.5765	12.2776	19.8335
15.5684	12.3041	19.8435
15.5659	12.333	19.8595
15.5605	12.3628	19.8738
15.5547	12.3915	19.8871
15.554	12.4203	19.9045
15.5519	12.4482	19.9204
15.5485	12.4766	19.9354
15.5493	12.503	19.9525
15.5365	12.5264	19.9573
15.5337	12.5609	19.9767
15.5331	12.5886	19.9938
15.5362	12.6138	20.012
15.5426	12.6351	20.0304
15.5395	12.6625	20.0454
15.5483	12.6926	20.0711
15.551	12.7224	20.0921
15.5556	12.751	20.1138
15.5598	12.7785	20.1345
15.5617	12.8004	20.1499
15.567	12.8278	20.1714
15.571	12.8579	20.1936
15.5761	12.8863	20.2156
15.5772	12.9141	20.2342
15.5903	12.9425	20.2624
15.6008	12.9704	20.2884
15.6117	12.9953	20.3127
15.6232	13.0209	20.3379
15.634	13.0421	20.3597
15.6404	13.0612	20.3768
15.6481	13.0875	20.3996
15.6659	13.1115	20.4287
15.6763	13.1394	20.4546
15.6928	13.1614	20.4814
15.7045	13.188	20.5074
15.7179	13.2131	20.5338
15.7328	13.2342	20.5588
15.7509	13.2567	20.5872
15.7666	13.2822	20.6156
15.7845	13.3105	20.6475
15.7999	13.3361	20.6758
15.8189	13.357	20.7038
15.8344	13.377	20.7285
15.8502	13.3976	20.7539
15.8669	13.4186	20.7802
15.8827	13.4406	20.8065
15.9085	13.4593	20.8383
15.9278	13.4861	20.8703
15.9563	13.5038	20.9035
15.9785	13.5266	20.9351
16.0003	13.5461	20.9644
16.0209	13.5653	20.9926
16.0433	13.5792	21.0186
16.0652	13.5956	21.046
16.0877	13.6132	21.0744
16.1088	13.6269	21.0994
16.1307	13.6425	21.1262
16.1539	13.6577	21.1537
16.1746	13.6751	21.1807
16.2008	13.6867	21.2083
16.2254	13.7005	21.236
16.2502	13.7136	21.2634
16.2809	13.7306	21.2978
16.3067	13.7539	21.3326
16.338	13.7655	21.364
16.3653	13.7734	21.39
16.3941	13.7816	21.4172
16.4259	13.7871	21.4452
16.4536	13.7999	21.4746
16.4807	13.8114	21.5027
16.5095	13.8241	21.533
16.5361	13.8324	21.5587
16.5609	13.8388	21.5819
16.5945	13.8491	21.6142
16.624	13.8594	21.6435
16.652	13.8686	21.6709
16.6773	13.8795	21.6973
16.7049	13.8942	21.7279
16.7339	13.9019	21.7551
16.7639	13.9149	21.7865
16.7925	13.9181	21.8106
16.8146	13.9252	21.8321
16.8377	13.9353	21.8564
16.8645	13.942	21.8813
16.8924	13.9488	21.9071
16.9234	13.9541	21.9344
16.9528	13.9605	21.9612
16.9815	13.9688	21.9886
17.0108	13.9768	22.0163
17.0397	13.9851	22.0439
17.066	13.9944	22.0702
17.0942	14.0046	22.0984
17.1148	14.0124	22.1193
17.14	14.0243	22.1463
17.1681	14.0343	22.1744
17.1958	14.0439	22.2019
17.2226	14.0526	22.2282
17.2488	14.0613	22.2541
17.2745	14.0703	22.2796
17.3003	14.0802	22.3059
17.3239	14.0908	22.3309
17.3464	14.099	22.3535
17.3725	14.1076	22.3792
17.4013	14.1115	22.404
17.4328	14.1243	22.4365
17.462	14.1358	22.4665
17.4922	14.1481	22.4977
17.5218	14.1631	22.5302
17.5515	14.1769	22.5619
17.5755	14.1929	22.5906
17.6031	14.2052	22.6198
17.6291	14.2142	22.6457
17.6539	14.2303	22.6751
17.6792	14.2338	22.697
17.7035	14.2487	22.7254
17.73	14.2602	22.7532
17.7539	14.2711	22.7786
17.7829	14.285	22.8099
17.8058	14.2937	22.8332
17.8284	14.306	22.8586
17.8542	14.3134	22.8833
17.8776	14.3281	22.9108
17.9045	14.3395	22.9389
17.9297	14.351	22.9657
17.9592	14.3626	22.9961
17.9836	14.3772	23.0242
18.0145	14.3952	23.0596
18.0476	14.4055	23.0919
18.0761	14.4217	23.1242
18.1009	14.4323	23.1503
18.1249	14.4455	23.1773
18.1544	14.4544	23.2058
18.1835	14.4724	23.2398
18.2179	14.4843	23.2741
18.2456	14.5019	23.3068
18.2742	14.5081	23.333
18.3002	14.523	23.3627
18.328	14.5372	23.3932
18.3581	14.545	23.4217
18.3811	14.5654	23.4524
18.4104	14.5768	23.4824
18.4384	14.5904	23.5128
18.4649	14.6023	23.541
18.491	14.614	23.5688
18.5206	14.627	23.6001
18.5472	14.6405	23.6292
18.5749	14.6463	23.6547
18.6006	14.6624	23.6847
18.6237	14.6715	23.7086
18.6456	14.6853	23.7344
18.669	14.6959	23.7592
18.6918	14.7075	23.7844
18.7148	14.7204	23.8104
18.7391	14.7331	23.8373
18.7635	14.7509	23.8675
18.7923	14.7635	23.8979
18.8203	14.7814	23.931
18.8465	14.7976	23.9616
18.872	14.8123	23.9907
18.8943	14.8309	24.0198
18.9187	14.8362	24.0422
18.9438	14.8531	24.0724
18.9739	14.8683	24.1055
18.9965	14.8903	24.1369
19.0251	14.901	24.166
19.0449	14.9262	24.1971
19.0702	14.9426	24.2271
19.0941	14.9631	24.2586
19.1185	14.9814	24.2891
19.1414	15.0027	24.3202
19.1655	15.0213	24.3507
19.187	15.0417	24.3802
19.2076	15.0624	24.4092
19.23	15.08	24.4377
19.2457	15.0978	24.461
19.2671	15.1129	24.4871
19.2852	15.1346	24.5148
19.3051	15.1542	24.5425
19.3236	15.1731	24.5688
19.3427	15.1913	24.5951
19.3631	15.215	24.6257
19.3903	15.2364	24.6603
19.4098	15.2603	24.6904
19.4322	15.2805	24.7205
19.4507	15.306	24.7508
19.4677	15.3311	24.7797
19.488	15.357	24.8116
19.5079	15.3832	24.8435
19.5266	15.4022	24.87
19.5421	15.4184	24.8922
19.5574	15.4383	24.9166
19.5757	15.4581	24.9432
19.5945	15.4786	24.9706
19.6127	15.5019	24.9993
19.6326	15.5248	25.0291
19.6558	15.5472	25.0612
19.6777	15.5695	25.0923
19.6963	15.593	25.1215
19.7165	15.6139	25.1502
19.7301	15.6387	25.1763
19.7534	15.6594	25.2074
19.7718	15.6815	25.2356
19.7908	15.6946	25.2586
19.8072	15.7176	25.2857
19.8292	15.7404	25.3171
19.8545	15.7677	25.3539
19.8855	15.7923	25.3935
19.9081	15.8152	25.4254
19.9309	15.8284	25.4515
19.9501	15.8482	25.4789
19.9706	15.8667	25.5064
19.9954	15.8848	25.5371
20.0184	15.906	25.5683
20.0409	15.9212	25.5954
20.0634	15.9374	25.6231
20.0867	15.9562	25.653
20.1092	15.9743	25.6818
20.1278	15.9867	25.7042
20.1506	16.0052	25.7335
20.1709	16.0227	25.7603
20.1949	16.038	25.7886
20.2173	16.0519	25.8148
20.2401	16.0671	25.8421
20.2666	16.0768	25.8688
20.2891	16.0957	25.8983
20.3167	16.1076	25.9273
20.342	16.1193	25.9543
20.3675	16.132	25.9822
20.3927	16.1439	26.0094
20.4179	16.1561	26.0367
20.4428	16.1627	26.0603
20.4685	16.1763	26.0889
20.4973	16.1851	26.117
20.5266	16.2024	26.1507
20.5565	16.213	26.1808
20.5807	16.2205	26.2044
20.6033	16.2371	26.2324
20.6263	16.246	26.256
20.654	16.2491	26.2797
20.6798	16.2584	26.3057
20.7048	16.2667	26.3305
20.731	16.2737	26.3554
20.7567	16.2815	26.3804
20.7835	16.2897	26.4065
20.8102	16.3041	26.4365
20.8392	16.3109	26.4635
20.8664	16.3195	26.4902
20.8885	16.3222	26.5093
20.9129	16.3311	26.534
20.9436	16.3368	26.5617
20.9722	16.3462	26.59
21.0004	16.3536	26.6169
21.0287	16.3633	26.6452
21.0583	16.368	26.6714
21.0854	16.3778	26.6988
21.1162	16.3795	26.7242
21.1458	16.3869	26.7521
21.1727	16.3934	26.7773
21.1983	16.4029	26.8034
21.2257	16.4089	26.8288
21.2486	16.4184	26.8527
21.2729	16.4264	26.8768
21.2952	16.4345	26.8994
21.3214	16.4378	26.9222
21.349	16.4458	26.9489
21.3774	16.4591	26.9795
21.4128	16.4621	27.0094
21.4518	16.4584	27.0381
21.4845	16.4685	27.0702
21.5162	16.4762	27.1
21.5459	16.4832	27.1279
21.5819	16.4875	27.1591
21.6128	16.5006	27.1916
21.6431	16.5088	27.2207
21.6692	16.5143	27.2448
21.6924	16.5239	27.269
21.7182	16.5292	27.2928
21.7422	16.5353	27.3156
21.7677	16.5394	27.3384
21.7942	16.5448	27.3627
21.8226	16.5494	27.3881
21.848	16.5578	27.4135
21.8756	16.5619	27.4379
21.9032	16.5678	27.4634
21.9377	16.573	27.4941
21.9682	16.5788	27.5219
21.997	16.5848	27.5486
22.0206	16.5893	27.5702
22.0476	16.5895	27.5918
22.0773	16.5981	27.6207
22.1098	16.6067	27.6518
22.1416	16.6128	27.681
22.1757	16.6153	27.7098
22.2042	16.6179	27.7341
22.231	16.6234	27.7588
22.2512	16.6285	27.7782
22.276	16.6304	27.7992
22.3029	16.6359	27.824
22.3299	16.6444	27.8506
22.3549	16.655	27.8771
22.3853	16.6556	27.9018
22.4075	16.6584	27.9213
22.4318	16.6636	27.9439
22.4556	16.6701	27.9669
22.4823	16.6733	27.9902
22.5187	16.6801	28.0235
22.5513	16.6855	28.053
22.5834	16.6942	28.0839
22.6124	16.7012	28.1114
22.6381	16.7082	28.1363
22.6644	16.7146	28.1612
22.6927	16.7193	28.1868
22.721	16.728	28.2147
22.7484	16.7358	28.2414
22.776	16.7418	28.2672
22.8047	16.7472	28.2935
22.8289	16.7531	28.3166
22.8532	16.7604	28.3404
22.8795	16.7691	28.3668
22.9115	16.7739	28.3955
22.9418	16.7814	28.4243
22.9716	16.7892	28.453
22.9989	16.7918	28.4765
23.0263	16.8009	28.5041
23.0548	16.8089	28.5318
23.0754	16.818	28.5537
23.1004	16.8262	28.5788
23.1299	16.8401	28.6108
23.1543	16.8552	28.6395
23.1827	16.8644	28.6678
23.2013	16.8743	28.6887
23.221	16.8844	28.7106
23.2448	16.8923	28.7345
23.2724	16.8959	28.7589
23.3024	16.9042	28.7881
23.3276	16.9208	28.8182
23.3595	16.9366	28.8534
23.3867	16.9477	28.8818
23.4135	16.9574	28.9093
23.4362	16.9709	28.9356
23.466	16.984	28.9674
23.4951	16.9958	28.9979
23.5228	17.0062	29.0264
23.5552	17.0175	29.0593
23.5835	17.0314	29.0904
23.6053	17.0438	29.1153
23.6306	17.0575	29.1439
23.6587	17.0647	29.1708
23.6891	17.0732	29.2004
23.7143	17.0919	29.2318
23.7402	17.1051	29.2606
23.7664	17.1134	29.2866
23.7851	17.1281	29.3105
23.8105	17.1408	29.3385
23.831	17.1522	29.3617
23.8533	17.1662	29.3881
23.8769	17.1826	29.4168
23.9026	17.1988	29.4471
23.927	17.213	29.4753
23.95	17.2315	29.5047
23.9723	17.2529	29.5353
23.9978	17.2704	29.5662
24.0232	17.2873	29.5967
24.0469	17.3057	29.6267
24.0678	17.3279	29.6566
24.0906	17.3452	29.6852
24.1119	17.3644	29.7137
24.1351	17.382	29.7429
24.1577	17.4026	29.7733
24.1753	17.4237	29.7999
24.1906	17.4389	29.8211
24.2078	17.4555	29.8448
24.2251	17.474	29.8697
24.2445	17.4948	29.8975
24.2598	17.5143	29.9214
24.2784	17.5324	29.9471
24.2967	17.5525	29.9736
24.3108	17.5727	29.9969
24.3289	17.5926	30.0232
24.3474	17.6157	30.0518
24.3623	17.6377	30.0768
24.38	17.6661	30.1078
24.3969	17.6897	30.1352
24.4139	17.7113	30.1617
24.4325	17.7339	30.19
24.4582	17.758	30.225
24.4776	17.7889	30.2588
24.4912	17.8141	30.2846
24.5056	17.8373	30.31
24.5189	17.8606	30.3344
24.5359	17.8871	30.3638
24.5509	17.9099	30.3894
24.57	17.9301	30.4167
24.5852	17.9568	30.4447
24.5995	17.9808	30.4704
24.6118	18.005	30.4946
24.6239	18.031	30.5197
24.6394	18.0552	30.5465
24.6485	18.0756	30.5659
24.657	18.1014	30.588
24.6771	18.1226	30.6168
24.6893	18.1525	30.6444
24.7024	18.1801	30.6712
24.7163	18.2057	30.6976
24.726	18.2281	30.7187
24.7371	18.2516	30.7415
24.7487	18.2755	30.7651
24.7568	18.304	30.7886
24.7614	18.3335	30.8098
24.7689	18.3608	30.8321
24.7802	18.3898	30.8584
24.7914	18.4192	30.885
24.8019	18.4456	30.9091
24.8084	18.4717	30.9299
24.8133	18.5019	30.9519
24.819	18.531	30.9739
24.8258	18.5589	30.996
24.835	18.59	31.0221
24.8403	18.6143	31.0408
24.8456	18.6399	31.0604
24.8497	18.6662	31.0795
24.8509	18.6941	31.0972
24.8529	18.7219	31.1155
24.8581	18.7487	31.1358
24.863	18.7754	31.1558
24.8654	18.807	31.1768
24.8655	18.8416	31.1977
24.8654	18.876	31.2185
24.8651	18.9069	31.2369
24.8687	18.9363	31.2576
24.877	18.9703	31.2848
24.8855	19.0013	31.3104
24.8925	19.0366	31.3373
24.8986	19.0722	31.3638
24.8994	19.1033	31.3834
24.9034	19.1324	31.4043
24.904	19.153	31.4173
24.9069	19.1788	31.4354
24.9084	19.2071	31.4538
24.9104	19.2364	31.4733
24.9135	19.2655	31.4935
24.9152	19.2983	31.5149
24.9154	19.3281	31.5333
24.91	19.3589	31.548
24.9021	19.3954	31.5642
24.894	19.4254	31.5763
24.8861	19.4588	31.5906
24.8794	19.4909	31.6051
24.8774	19.5202	31.6216
24.8738	19.55	31.6371
24.8735	19.5789	31.6547
24.8758	19.6047	31.6725
24.8731	19.6333	31.6881
24.8687	19.6624	31.7027
24.8624	19.6969	31.7192
24.8559	19.7268	31.7327
24.8499	19.7544	31.7451
24.8399	19.7855	31.7567
24.8306	19.8145	31.7675
24.8215	19.8422	31.7777
24.8132	19.8693	31.7881
24.8028	19.8958	31.7966
24.793	19.9206	31.8044
24.7816	19.9475	31.8124
24.7706	19.974	31.8205
24.7607	20.0013	31.8299
24.7541	20.0297	31.8427
24.7456	20.0567	31.853
24.7372	20.0791	31.8606
24.7352	20.1019	31.8735
24.7354	20.1293	31.8909
24.7229	20.1559	31.898
24.7101	20.1819	31.9045
24.6994	20.2136	31.9162
24.6891	20.2419	31.9263
24.6785	20.2694	31.9355
24.6699	20.2949	31.9451
24.663	20.3243	31.9585
24.6583	20.3554	31.9746
24.6504	20.3839	31.9867
24.648	20.4146	32.0044
24.6415	20.4444	32.0184
24.6392	20.4742	32.0356
24.6337	20.503	32.0498
24.6277	20.5275	32.0609
24.6207	20.5539	32.0724
24.6149	20.581	32.0854
24.6115	20.6113	32.1022
24.6086	20.6364	32.1161
24.606	20.6633	32.1314
24.5949	20.6872	32.1383
24.5795	20.712	32.1424
24.5654	20.7375	32.1482
24.542	20.7668	32.1492
24.5249	20.7944	32.154
24.5124	20.8177	32.1595
24.4945	20.8422	32.1617
24.4811	20.8703	32.1698
24.4724	20.893	32.1779
24.4628	20.9167	32.186
24.452	20.9419	32.1942
24.4381	20.9696	32.2016
24.4239	20.9955	32.2078
24.4092	21.0233	32.2147
24.3944	21.0475	32.2193
24.3798	21.0667	32.2208
24.3693	21.0938	32.2306
24.3522	21.1247	32.238
24.333	21.152	32.2413
24.3232	21.1843	32.2551
24.3172	21.2123	32.269
24.3119	21.242	32.2845
24.308	21.2707	32.3005
24.3033	21.2985	32.3152
24.297	21.3257	32.3285
24.2907	21.3541	32.3425
24.2874	21.386	32.361
24.2846	21.4158	32.3787
24.2814	21.4444	32.3952
24.2772	21.4735	32.4113
24.2704	21.4989	32.4231
24.2607	21.5246	32.4329
24.2495	21.5513	32.4422
24.2409	21.5786	32.4539
24.2349	21.6049	32.4669
24.2289	21.6318	32.4803
24.2227	21.659	32.4938
24.2158	21.6785	32.5017
24.2047	21.6964	32.5054
24.2033	21.7229	32.522
24.203	21.751	32.5406
24.2013	21.7834	32.561
24.1986	21.8142	32.5796
24.1963	21.8385	32.5942
24.1878	21.8657	32.6061
24.1802	21.8881	32.6155
24.172	21.9127	32.6259
24.165	21.9371	32.6372
24.1569	21.9633	32.6488
24.1485	21.9897	32.6603
24.1407	22.016	32.6722
24.1352	22.0426	32.6862
24.1182	22.0678	32.6906
24.0977	22.0886	32.6895
24.0878	22.1151	32.7002
24.0783	22.144	32.7127
24.0671	22.1687	32.7212
24.0551	22.1937	32.7293
24.0409	22.221	32.7374
24.025	22.2444	32.7416
24.0144	22.2686	32.7503
23.9982	22.2919	32.7543
23.9819	22.3136	32.7571
23.9647	22.337	32.7604
23.9495	22.3616	32.7662
23.937	22.3868	32.7742
23.9256	22.4136	32.7842
23.9106	22.4406	32.7917
23.8992	22.4639	32.7994
23.8877	22.4888	32.8081
23.881	22.5201	32.8246
23.8619	22.5469	32.8291
23.8423	22.5705	32.8311
23.8225	22.6	32.8371
23.8044	22.6254	32.8415
23.7866	22.6437	32.8411
23.7662	22.6695	32.8441
23.7468	22.6933	32.8466
23.7285	22.7161	32.8491
23.711	22.737	32.8509
23.6933	22.7567	32.8517
23.6701	22.776	32.8484
23.6464	22.7946	32.8442
23.6208	22.8103	32.8367
23.6019	22.8308	32.8374
23.5837	22.8524	32.8393
23.5613	22.8738	32.8382
23.5429	22.8982	32.842
23.5283	22.9209	32.8474
23.5134	22.9442	32.8529
23.5	22.9692	32.8608
23.4855	23.0026	32.8738
23.4603	23.0279	32.8736
23.4398	23.0485	32.8733
23.4197	23.0689	32.8733
23.4003	23.0964	32.8788
23.3815	23.1256	32.8859
23.3638	23.1517	32.8918
23.3472	23.1743	32.8959
23.3308	23.1964	32.8998
23.3206	23.2216	32.9104
23.2983	23.2417	32.9088
23.2848	23.2722	32.9208
23.26	23.2962	32.9203
23.2455	23.3282	32.9326
23.2201	23.3518	32.9314
23.2057	23.3831	32.9435
23.1873	23.4108	32.9502
23.1588	23.4348	32.9472
23.147	23.463	32.959
23.1253	23.4858	32.9601
23.1105	23.5132	32.9691
23.0859	23.5326	32.9658
23.0718	23.5628	32.9775
23.0435	23.5896	32.9768
23.0219	23.6253	32.9873
23.0069	23.6528	32.9965
22.9933	23.682	33.008
22.9754	23.7079	33.0142
22.9688	23.7454	33.0365
22.9527	23.7776	33.0484
22.9439	23.8088	33.0648
22.9306	23.8384	33.0769
22.9283	23.874	33.101
22.9204	23.9046	33.1176
22.9141	23.9309	33.1322
22.9058	23.9543	33.1434
22.8975	23.9796	33.1559
22.8927	24.0026	33.1692
22.8869	24.027	33.1829
22.8824	24.0588	33.2028
22.8791	24.0898	33.2231
22.8784	24.1184	33.2433
22.8786	24.1444	33.2623
22.8763	24.1742	33.2824
22.8664	24.2017	33.2956
22.8578	24.2302	33.3103
22.8479	24.261	33.326
22.8399	24.289	33.3409
22.8313	24.3162	33.3548
22.8289	24.3365	33.368
22.8238	24.3609	33.3823
22.8208	24.3845	33.3975
22.8217	24.4083	33.4155
22.8205	24.4335	33.4331
22.8204	24.4568	33.4501
22.8122	24.486	33.4658
22.8009	24.5145	33.479
22.7949	24.5453	33.4975
22.7954	24.5757	33.5201
22.7948	24.6054	33.5415
22.8008	24.6356	33.5677
22.8111	24.663	33.5948
22.8197	24.6901	33.6205
22.8294	24.7215	33.6501
22.8386	24.7504	33.6776
22.8424	24.781	33.7027
22.8478	24.8102	33.7278
22.8528	24.8386	33.7521
22.8576	24.8682	33.7772
22.8618	24.8948	33.7996
22.8661	24.9221	33.8226
22.872	24.9498	33.847
22.877	24.9779	33.8711

22.8817	-24.9976	33.8888
22.8819	-24.9689	33.8678
22.8798	-24.938	33.8436
22.8785	-24.9085	33.821
22.8799	-24.8833	33.8033
22.8856	-24.8559	33.7871
22.8779	-24.8242	33.7585
22.8707	-24.7959	33.7328
22.864	-24.7697	33.7091
22.857	-24.7432	33.6848
22.8525	-24.7131	33.6596
22.8497	-24.683	33.6357
22.8468	-24.6531	33.6118
22.8426	-24.6257	33.5889
22.8358	-24.599	33.5647
22.8226	-24.572	33.5359
22.8047	-24.545	33.5039
22.7888	-24.5186	33.4737
22.7739	-24.5002	33.4501
22.7557	-24.4773	33.421
22.7371	-24.4551	33.3921
22.7192	-24.4329	33.3636
22.6999	-24.4121	33.3352
22.6864	-24.3951	33.3136
22.6751	-24.3689	33.2867
22.6634	-24.3385	33.2565
22.652	-24.3086	33.2268
22.6395	-24.2827	33.1993
22.6331	-24.2575	33.1765
22.6264	-24.2311	33.1527
22.6162	-24.2069	33.128
22.6058	-24.1823	33.1029
22.5952	-24.1568	33.0771
22.586	-24.1323	33.0529
22.5771	-24.1049	33.0268
22.5717	-24.0777	33.0033
22.5667	-24.0495	32.9793
22.5621	-24.0217	32.9559
22.5564	-23.9952	32.9327
22.5522	-23.9735	32.914
22.5467	-23.9466	32.8906
22.5412	-23.9193	32.8669
22.5332	-23.8925	32.842
22.526	-23.8548	32.8096
22.5226	-23.8204	32.7823
22.5176	-23.7899	32.7567
22.516	-23.7591	32.7332
22.5143	-23.729	32.7102
22.5192	-23.6937	32.688
22.5106	-23.6574	32.6558
22.503	-23.6268	32.6284
22.4948	-23.5971	32.6011
22.4842	-23.5763	32.5789
22.475	-23.5575	32.5588
22.4681	-23.5339	32.5371
22.4655	-23.5112	32.5188
22.4571	-23.4867	32.4953
22.4511	-23.4664	32.4765
22.4424	-23.4444	32.4546
22.4332	-23.4206	32.4311
22.4236	-23.396	32.4066
22.4133	-23.3685	32.3797
22.404	-23.3373	32.3507
22.3966	-23.3077	32.3242
22.39	-23.2763	32.297
22.3786	-23.2416	32.2641
22.369	-23.2099	32.2346
22.36	-23.1804	32.2072
22.3503	-23.1555	32.1825
22.3385	-23.1264	32.1533
22.3269	-23.0983	32.1251
22.3195	-23.0667	32.0973
22.312	-23.0386	32.0718
22.3068	-23.0156	32.0517
22.2998	-22.9915	32.0295
22.2924	-22.966	32.0061
22.2848	-22.9402	31.9822
22.2715	-22.9152	31.9551
22.2536	-22.8846	31.9207
22.2394	-22.8574	31.8913
22.224	-22.8304	31.8612
22.2134	-22.8044	31.8352
22.2015	-22.7798	31.8093
22.1908	-22.7547	31.7838
22.1799	-22.7291	31.7578
22.1689	-22.7052	31.7331
22.1562	-22.6794	31.7057
22.148	-22.6493	31.6785
22.1395	-22.6204	31.6519
22.1313	-22.5942	31.6274
22.1211	-22.5643	31.599
22.1115	-22.5361	31.572
22.1006	-22.5089	31.545
22.0895	-22.477	31.5145
22.085	-22.4535	31.4945
22.0826	-22.422	31.4704
22.0847	-22.3852	31.4457
22.0807	-22.3537	31.4205
22.0765	-22.3237	31.3962
22.0699	-22.2891	31.3669
22.0705	-22.259	31.346
22.0711	-22.2302	31.326
22.0709	-22.2001	31.3045
22.0698	-22.1731	31.2845
22.0692	-22.1461	31.265
22.0684	-22.1173	31.244
22.0694	-22.093	31.2275
22.0689	-22.0656	31.2078
22.0642	-22.0419	31.1878
22.0576	-22.016	31.1648
22.0519	-21.9897	31.1422
22.0471	-21.9628	31.1198
22.0452	-21.933	31.0974
22.0418	-21.9062	31.0761
22.0342	-21.8789	31.0515
22.0428	-21.847	31.0351
22.0433	-21.8181	31.0151
22.043	-21.7881	30.9938
22.0477	-21.7661	30.9817
22.0501	-21.7476	30.9704
22.0569	-21.7212	30.9567
22.0619	-21.694	30.9411
22.0665	-21.6655	30.9245
22.0714	-21.6354	30.9069
22.0759	-21.6064	30.8898
22.0809	-21.579	30.8743
22.0876	-21.5541	30.8617
22.0926	-21.5286	30.8474
22.0979	-21.5043	30.8343
22.1032	-21.4783	30.8199
22.1102	-21.4512	30.8061
22.1079	-21.422	30.7841
22.1168	-21.3938	30.7709
22.1143	-21.3635	30.748
22.126	-21.3384	30.739
22.1244	-21.3086	30.7171
22.1351	-21.2781	30.7038
22.1402	-21.2482	30.6867
22.1596	-21.2205	30.6816
22.1704	-21.1901	30.6683
22.1797	-21.1529	30.6494
22.1851	-21.1203	30.6308
22.1967	-21.0914	30.6193
22.2038	-21.0648	30.6061
22.21	-21.0377	30.592
22.2059	-21.0074	30.5682
22.2065	-20.9828	30.5517
22.1995	-20.9604	30.5312
22.1936	-20.9351	30.5096
22.1875	-20.9052	30.4847
22.1826	-20.8764	30.4613
22.1749	-20.8455	30.4345
22.168	-20.8159	30.4092
22.1581	-20.7891	30.3837
22.1486	-20.7631	30.359
22.1387	-20.7374	30.3341
22.1237	-20.7104	30.3047
22.1086	-20.6788	30.2722
22.0941	-20.6532	30.2441
22.0791	-20.6279	30.2158
22.0643	-20.6032	30.1882
22.0495	-20.5723	30.1562
22.0326	-20.5462	30.1261
22.016	-20.5171	30.0942
21.998	-20.4939	30.0651
21.9804	-20.4709	30.0366
21.9646	-20.4464	30.0083
21.9483	-20.423	29.9805
21.9314	-20.401	29.9531
21.9149	-20.3792	29.9261
21.9016	-20.355	29.8999
21.8868	-20.3313	29.8729
21.8707	-20.3019	29.8411
21.8526	-20.2783	29.8119
21.8308	-20.259	29.7827
21.807	-20.24	29.7523
21.7907	-20.2277	29.732
21.7716	-20.2097	29.7058
21.7517	-20.1905	29.6782
21.7315	-20.1698	29.6493
21.7116	-20.1499	29.6211
21.6915	-20.1291	29.5922
21.6704	-20.1082	29.5626
21.6507	-20.0877	29.5342
21.6365	-20.0688	29.5109
21.622	-20.0507	29.488
21.6061	-20.0313	29.4631
21.5865	-20.0117	29.4354
21.569	-19.9908	29.4084
21.5489	-19.9744	29.3826
21.5372	-19.9506	29.3578
21.5239	-19.924	29.3299
21.5112	-19.8993	29.3038
21.4947	-19.8726	29.2736
21.4795	-19.836	29.2375
21.4653	-19.8049	29.2061
21.4514	-19.78	29.1789
21.4376	-19.7552	29.152
21.4259	-19.7288	29.1254
21.4142	-19.7028	29.0993
21.4041	-19.6792	29.0759
21.3925	-19.6545	29.0506
21.3836	-19.6296	29.0272
21.3709	-19.601	28.9985
21.3591	-19.5728	28.9707
21.3465	-19.5502	28.9462
21.3378	-19.5282	28.9249
21.3347	-19.5066	28.908
21.3301	-19.4847	28.8899
21.3232	-19.4591	28.8676
21.3209	-19.4343	28.8491
21.3184	-19.4078	28.8294
21.3176	-19.3803	28.8104
21.3176	-19.3493	28.7895
21.3227	-19.3279	28.7789
21.3305	-19.3032	28.7681
21.344	-19.276	28.7599
21.346	-19.2437	28.7397
21.3494	-19.2138	28.7223
21.3527	-19.1848	28.7053
21.3628	-19.1553	28.6931
21.3617	-19.1234	28.671
21.359	-19.0946	28.6498
21.3558	-19.0662	28.6285
21.3532	-19.0412	28.6099
21.3506	-19.0156	28.5909
21.3486	-18.9894	28.572
21.3469	-18.9636	28.5537
21.3493	-18.9361	28.5372
21.3493	-18.907	28.5179
21.3524	-18.8784	28.5012
21.3582	-18.8513	28.4876
21.3499	-18.8223	28.4622
21.3372	-18.7965	28.4356
21.3305	-18.7713	28.4139
21.3243	-18.7457	28.3924
21.3186	-18.7178	28.3697
21.3123	-18.6899	28.3465
21.3065	-18.6642	28.3253
21.2964	-18.6356	28.2988
21.2894	-18.6093	28.2762
21.2798	-18.5801	28.2498
21.2708	-18.5517	28.2244
21.26	-18.527	28.2
21.2556	-18.4949	28.1756
21.2515	-18.4611	28.1502
21.2471	-18.4299	28.1265
21.2414	-18.399	28.1019
21.236	-18.3692	28.0784
21.2294	-18.3402	28.0544
21.2247	-18.3136	28.0335
21.2192	-18.288	28.0126
21.2143	-18.2639	27.9931
21.208	-18.2385	27.9718
21.2009	-18.2115	27.9488
21.1946	-18.1847	27.9266
21.1868	-18.1596	27.9044
21.1664	-18.1375	27.8744
21.1476	-18.1148	27.8454
21.1294	-18.0923	27.8169
21.1092	-18.071	27.7878
21.0901	-18.0505	27.7599
21.0745	-18.0319	27.736
21.0554	-18.0157	27.7109
21.0335	-18.0009	27.6846
21.0183	-17.9806	27.66
21.0019	-17.9599	27.634
20.985	-17.9384	27.6072
20.9667	-17.9178	27.5799
20.9485	-17.8999	27.5544
20.9293	-17.8817	27.528
20.909	-17.8617	27.4996
20.8879	-17.8413	27.4703
20.8644	-17.8239	27.4411
20.8341	-17.8086	27.4082
20.8065	-17.7945	27.378
20.7836	-17.7841	27.3538
20.7601	-17.7715	27.3278
20.7345	-17.7567	27.2987
20.7084	-17.7417	27.2691
20.6854	-17.7242	27.2403
20.6657	-17.7081	27.2148
20.6444	-17.6882	27.1857
20.6228	-17.6694	27.157
20.6	-17.6541	27.1298
20.577	-17.6343	27.0995
20.5452	-17.6255	27.0696
20.5232	-17.605	27.0396
20.4932	-17.6001	27.0136
20.4664	-17.5817	26.9813
20.4298	-17.5803	26.9526
20.4003	-17.5657	26.9207
20.3739	-17.546	26.8879
20.3412	-17.5424	26.8608
20.3099	-17.5217	26.8235
20.2709	-17.5184	26.7919
20.2415	-17.5048	26.7607
20.2187	-17.481	26.7279
20.2053	-17.4573	26.7023
20.1917	-17.4308	26.6746
20.1769	-17.403	26.6453
20.1606	-17.3768	26.6158
20.143	-17.3521	26.5864
20.1227	-17.324	26.5526
20.111	-17.2984	26.5271
20.0977	-17.271	26.4992
20.086	-17.2396	26.4699
20.0755	-17.2092	26.4421
20.0683	-17.1787	26.4167
20.0614	-17.1496	26.3926
20.0552	-17.1216	26.3697
20.0426	-17.0917	26.3407
20.028	-17.0622	26.3105
20.0154	-17.0353	26.2834
20.0037	-17.0092	26.2576
19.9939	-16.9785	26.2303
19.9806	-16.9469	26.1997
19.966	-16.9185	26.1702
19.9523	-16.8945	26.1442
19.939	-16.871	26.1189
19.9265	-16.8441	26.092
19.9131	-16.8189	26.0654
19.8969	-16.7935	26.0367
19.8749	-16.7726	26.0064
19.8544	-16.7532	25.9783
19.8304	-16.7371	25.9495
19.8068	-16.7183	25.9193
19.7835	-16.6998	25.8896
19.7608	-16.6818	25.8607
19.7383	-16.6638	25.8318
19.7151	-16.6453	25.8022
19.6955	-16.6218	25.772
19.6778	-16.6014	25.7453
19.6578	-16.5779	25.7149
19.6387	-16.5555	25.6859
19.6212	-16.5321	25.6574
19.6004	-16.5109	25.6278
19.5807	-16.4901	25.5994
19.5596	-16.4697	25.5701
19.5388	-16.4515	25.5424
19.5168	-16.4339	25.5143
19.4939	-16.419	25.4872
19.4709	-16.4039	25.4599
19.4428	-16.3897	25.4292
19.4139	-16.3737	25.3968
19.3915	-16.3517	25.3655
19.3708	-16.3311	25.3364
19.3465	-16.3097	25.304
19.323	-16.285	25.2701
19.3004	-16.2686	25.2423
19.2827	-16.2438	25.2128
19.2559	-16.2352	25.1868
19.2299	-16.2295	25.1631
19.2032	-16.2251	25.1399
19.1755	-16.2205	25.1158
19.1471	-16.2166	25.0916
19.1167	-16.2117	25.0653
19.0889	-16.2068	25.0409
19.0625	-16.2004	25.0166
19.0357	-16.195	24.9927
19.0085	-16.191	24.9694
18.9821	-16.1927	24.9504
18.9576	-16.1942	24.9328
18.9311	-16.1967	24.9142
18.9057	-16.1981	24.8959
18.8727	-16.2092	24.878
18.8415	-16.2094	24.8545
18.8056	-16.2121	24.8291
18.7722	-16.2045	24.7988
18.7454	-16.1973	24.7738
18.7186	-16.1901	24.7489
18.6885	-16.1884	24.725
18.657	-16.1825	24.6973
18.6268	-16.178	24.6715
18.594	-16.1743	24.6444
18.5612	-16.1668	24.6147
18.5334	-16.1595	24.5889
18.506	-16.1528	24.5639
18.4731	-16.1477	24.5357
18.4437	-16.1441	24.5113
18.4169	-16.1359	24.4857
18.3899	-16.1277	24.46
18.3648	-16.1183	24.4349
18.3388	-16.1079	24.4085
18.3132	-16.1007	24.3846
18.284	-16.093	24.3575
18.2546	-16.0829	24.3288
18.2265	-16.0761	24.3032
18.2022	-16.0723	24.2825
18.1817	-16.0552	24.2558
18.1615	-16.0374	24.2289
18.1414	-16.0206	24.2027
18.1207	-16.0003	24.1737
