#1 AntPos X	#2 AntPos Y	#3 Distance form nest	
0	0	0
0	0	0
0	0	0
0	0	0
0	0	0
0	0	0
0	0	0
0	0	0
0	0	0
0	0	0
0	0	0
0	0	0
0	0	0
0	0	0
0	0	0
0	0	0
0	0	0
0	0	0
0	0	0
0	0	0
0	0	0
0	0	0
0	0	0
0	0	0
0	0	0
0	0	0
0	0	0
0	0	0
0	0	0
0	0	0
0	0	0
0	0	0
0	0	0
0	0	0
0	0	0
0	0	0
0	0	0
0	0	0
0	0	0
0	0	0
0	0	0
0	0	0
0	0	0
0	0	0
0	0	0
0	0	0
0	0	0
0	0	0
0	0	0
0	0	0
0	0	0
0	0	0
0	0	0
0	0	0
0	0	0
0	0	0
0	0	0
0	0	0
0	0	0
0	0	0
0	0	0
0	0	0
0	0	0
0	0	0
0	0	0
0	0	0
0	0	0
0	0	0
0	0	0
0	0	0
0	0	0
0	0	0
0	0	0
0	0	0
0	0	0
0	0	0
0	0	0
0	0	0
0	0	0
0	0	0
0	0	0
0	0	0
0	0	0
0	0	0
0	0	0
0	0	0
0	0	0
0	0	0
0	0	0
0	0	0
0	0	0
0	0	0
0	0	0
0	0	0
0	0	0
0	0	0
0	0	0
0	0	0
0	0	0
0	0	0
0	0	0
0	0	0
0	0	0
0	0	0
0	0	0
0	0	0
0	0	0
0	0	0
0	0	0
0	0	0
0	0	0
0	0	0
0	0	0
0	0	0
0	0	0
0	0	0
0	0	0
0	0	0
0	0	0
0	0	0
0	0	0
0	0	0
0	0	0
0	0	0
0	0	0
0	0	0
0	0	0
0	0	0
0	0	0
0	0	0
0	0	0
0	0	0
0	0	0
0	0	0
0	0	0
0	0	0
0	0	0
0	0	0
0	0	0
0	0	0
0	0	0
0	0	0
0	0	0
0	0	0
0	0	0
0	0	0
0	0	0
0	0	0
0	0	0
0	0	0
0	0	0
0	0	0
0	0	0
0	0	0
0	0	0
0	0	0
0	0	0
0	0	0
0	0	0
0	0	0
0	0	0
0	0	0
0	0	0
0	0	0
0	0	0
0	0	0
0	0	0
0	0	0
0	0	0
0	0	0
0	0	0
0	0	0
0	0	0
0	0	0
0	0	0
0	0	0
0	0	0
0	0	0
0	0	0
0	0	0
0	0	0
0	0	0
0	0	0
0	0	0
0	0	0
0	0	0
0	0	0
0	0	0
0	0	0
0	0	0
0	0	0
0	0	0
0	0	0
0	0	0
0	0	0
0	0	0
0	0	0
0	0	0
0	0	0
0	0	0
0	0	0
0	0	0
0	0	0
0	0	0
0	0	0
0	0	0
0	0	0
0	0	0
0	0	0
0	0	0
0	0	0
0	0	0
0	0	0
0	0	0
0	0	0
0	0	0
0	0	0
0	0	0
0	0	0
0	0	0
0	0	0
0	0	0
0	0	0
0	0	0
0	0	0
0	0	0
0	0	0
0	0	0
0	0	0
0	0	0
0	0	0
0	0	0
0	0	0
0	0	0
0	0	0
0	0	0
0	0	0
0	0	0
0	0	0
0	0	0
0	0	0
0	0	0
0	0	0
0	0	0
0	0	0
0	0	0
0	0	0
0	0	0
0	0	0
0	0	0
0	0	0
0	0	0
0	0	0
0	0	0
0	0	0
0	0	0
0	0	0
0	0	0
0	0	0
0	0	0
0	0	0
0	0	0
0	0	0
0	0	0
0	0	0
0	0	0
0	0	0
0	0	0
0	0	0
0	0	0
0	0	0
0	0	0
0	0	0
0	0	0
0	0	0
0	0	0
0	0	0
0	0	0
0	0	0
0	0	0
0	0	0
0	0	0
0	0	0
0	0	0
0	0	0
0	0	0
0	0	0
0	0	0
0	0	0
0	0	0
0	0	0
0	0	0
0	0	0
0	0	0
0	0	0
0	0	0
0	0	0
0	0	0
0	0	0
0	0	0
0	0	0
0	0	0
0	0	0
0	0	0
0	0	0
0	0	0
0	0	0
0	0	0
0	0	0
0	0	0
0	0	0
0	0	0
0	0	0
0	0	0
0	0	0
0	0	0
0	0	0
0	0	0
0	0	0
0	0	0
0	0	0
0	0	0
0	0	0
0	0	0
0	0	0
0	0	0
0	0	0
0	0	0
0	0	0
0	0	0
0	0	0
0	0	0
0	0	0
0	0	0
0	0	0
0	0	0
0	0	0
0	0	0
0	0	0
0	0	0
0	0	0
0	0	0
0	0	0
0	0	0
0	0	0
0	0	0
0	0	0
0	0	0
0	0	0
0	0	0
0	0	0
0	0	0
0	0	0
0	0	0
0	0	0
0	0	0
0	0	0
0	0	0
0	0	0
0	0	0
0	0	0
0	0	0
0	0	0
0	0	0
0	0	0
0	0	0
0	0	0
0	0	0
0	0	0
0	0	0
0	0	0
0	0	0
0	0	0
0	0	0
0	0	0
0	0	0
0	0	0
0	0	0
0	0	0
0	0	0
0	0	0
0	0	0
0	0	0
0	0	0
0	0	0
0	0	0
0	0	0
0	0	0
0	0	0
0	0	0
0	0	0
0	0	0
0	0	0
0	0	0
0	0	0
0	0	0
0	0	0
0	0	0
0	0	0
0	0	0
0	0	0
0	0	0
0	0	0
0	0	0
0	0	0
0	0	0
0	0	0
0	0	0
0	0	0
0	0	0
0	0	0
0	0	0
0	0	0
0	0	0
0	0	0
0	0	0
0	0	0
0	0	0
0	0	0
0	0	0
0	0	0
0	0	0
0	0	0
0	0	0
0	0	0
0	0	0
0	0	0
0	0	0
0	0	0
0	0	0
0	0	0
0	0	0
0	0	0
0	0	0
0	0	0
0	0	0
0	0	0
0	0	0
0	0	0
0	0	0
0	0	0
0	0	0
0	0	0
0	0	0
0	0	0
0	0	0
0	0	0
0	0	0
0	0	0
0	0	0
0	0	0
0	0	0
0	0	0
0	0	0
0	0	0
0	0	0
0	0	0
0	0	0
0	0	0
0	0	0
0	0	0
0	0	0
0	0	0
0	0	0
0	0	0
0	0	0
0	0	0
0	0	0
0	0	0
0	0	0
0	0	0
0	0	0
0	0	0
0	0	0
0	0	0
0	0	0
0	0	0
0	0	0
0	0	0
0	0	0
0	0	0
0	0	0
0	0	0
0	0	0
0	0	0
0	0	0
0	0	0
0	0	0
0	0	0
0	0	0
0	0	0
0	0	0
0	0	0
0	0	0
0	0	0
0	0	0
0	0	0
0	0	0
0	0	0
0	0	0
0	0	0
0	0	0
0	0	0
0	0	0
0	0	0
0	0	0
0	0	0
0	0	0
0	0	0
0	0	0
0	0	0
0	0	0
0	0	0
0	0	0
0	0	0
0	0	0
0	0	0
0	0	0
0	0	0
0	0	0
0	0	0
0	0	0
0	0	0
0	0	0
0	0	0
0	0	0
0	0	0
0	0	0
0	0	0
0	0	0
0	0	0
0	0	0
0	0	0
0	0	0
0	0	0
0	0	0
0	0	0
0	0	0
0	0	0
0	0	0
0	0	0
0	0	0
0	0	0
0	0	0
0	0	0
0	0	0
0	0	0
0	0	0
0	0	0
0	0	0
0	0	0
0	0	0
0	0	0
0	0	0
0	0	0
0	0	0
0.0094255	0.0157518	0.0183565
0.0348303	0.0293409	0.0455416
0.0633331	0.0289566	0.0696388
0.0906609	0.0120727	0.0914612
0.120006	0.00403531	0.120074
0.148293	-0.00620519	0.148423
0.173532	-0.0130927	0.174025
0.195669	-0.0204054	0.19673
0.219507	-0.0306625	0.221639
0.243814	-0.0384591	0.246828
0.269115	-0.0460405	0.273024
0.292939	-0.054334	0.297935
0.31747	-0.0624121	0.323547
0.345791	-0.0714126	0.353088
0.37502	-0.0799022	0.383438
0.403293	-0.0852914	0.412214
0.430452	-0.0956098	0.440943
0.455266	-0.107151	0.467706
0.489053	-0.113313	0.502008
0.518697	-0.123873	0.533284
0.548142	-0.130541	0.563472
0.572493	-0.140068	0.589379
0.599216	-0.144836	0.616472
0.628306	-0.152955	0.646656
0.658043	-0.161279	0.677519
0.686922	-0.162385	0.705855
0.718919	-0.166587	0.737967
0.746032	-0.170274	0.765217
0.778675	-0.181831	0.799623
0.812785	-0.186859	0.833988
0.842154	-0.195296	0.864503
0.87397	-0.199516	0.896455
0.904674	-0.202751	0.927116
0.937608	-0.204309	0.95961
0.971819	-0.210816	0.994422
1.00536	-0.206178	1.02628
1.03585	-0.212682	1.05746
1.06829	-0.211317	1.08899
1.09804	-0.212648	1.11844
1.12725	-0.213295	1.14726
1.15869	-0.215164	1.1785
1.19263	-0.21304	1.21151
1.22137	-0.204227	1.23832
1.24885	-0.207826	1.26603
1.27553	-0.207374	1.29228
1.30167	-0.208211	1.31821
1.33054	-0.203681	1.34604
1.36293	-0.203112	1.37798
1.3946	-0.199878	1.40885
1.42467	-0.196524	1.43817
1.45371	-0.193796	1.46657
1.48164	-0.191505	1.49396
1.50893	-0.182003	1.51986
1.54297	-0.181558	1.55362
1.57669	-0.176245	1.58651
1.60563	-0.169288	1.61453
1.63414	-0.165215	1.64247
1.66433	-0.163102	1.6723
1.6908	-0.15353	1.69776
1.71841	-0.150988	1.72503
1.74466	-0.14485	1.75066
1.77237	-0.142125	1.77806
1.80293	-0.135458	1.80801
1.83571	-0.133858	1.84058
1.86625	-0.123351	1.87032
1.89859	-0.120957	1.90243
1.9288	-0.112121	1.93205
1.9613	-0.108747	1.96431
1.99092	-0.104346	1.99366
2.02408	-0.0973167	2.02642
2.05572	-0.0977502	2.05805
2.08604	-0.0880293	2.08789
2.12208	-0.0854674	2.1238
2.1572	-0.078646	2.15864
2.19208	-0.0755683	2.19338
2.22576	-0.0761669	2.22706
2.25832	-0.0680442	2.25934
2.29174	-0.0688097	2.29278
2.32447	-0.0582558	2.3252
2.3519	-0.0585347	2.35263
2.37979	-0.053296	2.38039
2.40885	-0.0536386	2.40944
2.44438	-0.0501254	2.44489
2.47662	-0.0493614	2.47711
2.50731	-0.0461154	2.50773
2.53876	-0.0444779	2.53915
2.56908	-0.0451493	2.56947
2.59826	-0.0439976	2.59864
2.62843	-0.0454362	2.62882
2.65822	-0.0506612	2.6587
2.6845	-0.0451736	2.68488
2.71605	-0.0481216	2.71648
2.73839	-0.0505071	2.73886
2.75833	-0.051008	2.7588
2.78871	-0.0489394	2.78914
2.81705	-0.0482923	2.81746
2.84874	-0.0480086	2.84914
2.87896	-0.0514078	2.87942
2.90278	-0.0515691	2.90324
2.93045	-0.0577887	2.93102
2.95078	-0.0586014	2.95136
2.9734	-0.0598931	2.974
2.99161	-0.067749	2.99238
3.01848	-0.0660277	3.0192
3.04496	-0.0737531	3.04585
3.07406	-0.0739005	3.07495
3.10256	-0.0810004	3.10362
3.13349	-0.082883	3.13458
3.16264	-0.0905074	3.16393
3.19251	-0.0939556	3.19389
3.22088	-0.0998629	3.22242
3.25193	-0.105851	3.25365
3.28238	-0.120803	3.28461
3.3173	-0.125793	3.31968
3.34407	-0.135635	3.34682
3.37282	-0.139712	3.37571
3.40346	-0.154305	3.40695
3.43446	-0.160382	3.4382
3.46215	-0.171412	3.46639
3.4893	-0.181358	3.49401
3.51315	-0.19083	3.51832
3.54067	-0.195768	3.54608
3.56851	-0.205618	3.57443
3.59393	-0.211809	3.60016
3.61918	-0.222881	3.62604
3.64664	-0.227115	3.6537
3.67164	-0.2404	3.6795
3.69781	-0.248528	3.70615
3.72222	-0.25527	3.73096
3.74815	-0.269199	3.75781
3.77114	-0.279007	3.78145
3.79537	-0.288085	3.80629
3.81814	-0.297312	3.8297
3.84309	-0.307896	3.8554
3.86657	-0.320912	3.87986
3.89186	-0.331172	3.90592
3.92542	-0.347879	3.94081
3.95767	-0.368166	3.97475
3.98859	-0.381031	4.00675
4.0199	-0.394623	4.03922
4.04681	-0.406583	4.06719
4.07233	-0.424282	4.09438
4.09789	-0.437848	4.12122
4.12357	-0.451186	4.14818
4.15043	-0.469374	4.17688
4.17151	-0.480136	4.19905
4.19489	-0.492128	4.22366
4.21985	-0.513525	4.25099
4.24478	-0.527463	4.27743
4.27101	-0.540434	4.30507
4.29821	-0.557787	4.33425
4.32808	-0.5759	4.36622
4.35796	-0.590863	4.39783
4.38446	-0.61068	4.42679
4.41511	-0.623646	4.45894
4.43812	-0.638069	4.48375
4.4621	-0.65222	4.50951
4.49006	-0.667353	4.53938
4.51671	-0.682086	4.56792
4.54152	-0.695357	4.59444
4.56734	-0.710241	4.62224
4.59191	-0.724858	4.64877
4.61494	-0.740122	4.67391
4.63417	-0.753501	4.69503
4.65517	-0.766273	4.71781
4.67956	-0.775991	4.74346
4.7041	-0.793052	4.77048
4.73117	-0.805245	4.79921
4.76313	-0.824351	4.83394
4.79318	-0.839928	4.86622
4.81914	-0.854571	4.89432
4.84443	-0.866245	4.92127
4.86957	-0.879153	4.9483
4.89473	-0.891012	4.97516
4.91958	-0.902536	5.00168
4.94418	-0.914779	5.0281
4.96948	-0.927721	5.05533
4.99682	-0.936498	5.08382
5.02219	-0.949664	5.11119
5.04575	-0.957212	5.13574
5.06992	-0.968635	5.16163
5.09495	-0.97764	5.1879
5.12094	-0.986942	5.21518
5.14518	-0.994977	5.2405
5.17041	-1.00406	5.267
5.19605	-1.01133	5.29355
5.22303	-1.02097	5.32189
5.25012	-1.02463	5.34917
5.27681	-1.03552	5.37746
5.30636	-1.04101	5.40751
5.3349	-1.04914	5.43708
5.36343	-1.05575	5.46635
5.39042	-1.06182	5.49401
5.42175	-1.06463	5.52529
5.44526	-1.07376	5.55012
5.47387	-1.07713	5.57884
5.50014	-1.08475	5.60609
5.53177	-1.09034	5.6382
5.55991	-1.10017	5.66772
5.58932	-1.10243	5.69701
5.61824	-1.10839	5.72653
5.64693	-1.11086	5.75516
5.66792	-1.11765	5.77706
5.70213	-1.11719	5.81054
5.73329	-1.12341	5.84232
5.76332	-1.12341	5.87179
5.78638	-1.13336	5.89633
5.8221	-1.13827	5.93233
5.85481	-1.1373	5.96425
5.88255	-1.13819	5.99165
5.91061	-1.13974	6.0195
5.93947	-1.14125	6.04812
5.97031	-1.13895	6.07798
5.99999	-1.14254	6.10781
6.03087	-1.14221	6.13808
6.05586	-1.14511	6.16317
6.08055	-1.14388	6.18721
6.10779	-1.14713	6.21458
6.13791	-1.14509	6.24382
6.16752	-1.1538	6.27452
6.19909	-1.15472	6.30572
6.22625	-1.15485	6.33244
6.25696	-1.15385	6.36247
6.28735	-1.15481	6.39253
6.31612	-1.15481	6.42082
6.35119	-1.15403	6.45518
6.37925	-1.15611	6.48316
6.41507	-1.15595	6.51838
6.44434	-1.15606	6.54721
6.47666	-1.15546	6.57892
6.50622	-1.15325	6.60764
6.53636	-1.16065	6.63861
6.57146	-1.15683	6.67251
6.60411	-1.16201	6.70556
6.6306	-1.16491	6.73215
6.65931	-1.16447	6.76035
6.69317	-1.16662	6.79408
6.72599	-1.1722	6.82737
6.757	-1.17272	6.85801
6.78653	-1.17842	6.88808
6.81689	-1.18231	6.91866
6.84825	-1.18677	6.95032
6.87566	-1.18814	6.97756
6.90325	-1.19458	7.00585
6.93917	-1.1964	7.04155
6.97196	-1.20575	7.07545
7.00335	-1.21081	7.10725
7.03369	-1.21557	7.13796
7.0611	-1.22159	7.166
7.09063	-1.22674	7.19596
7.11925	-1.23275	7.2252
7.14899	-1.24066	7.25584
7.1759	-1.24606	7.28328
7.203	-1.25401	7.31134
7.2309	-1.26079	7.33999
7.26556	-1.26321	7.37456
7.30033	-1.27627	7.41105
7.3291	-1.28382	7.4407
7.35034	-1.29116	7.46288
7.37827	-1.30125	7.49213
7.40519	-1.31359	7.5208
7.43537	-1.31836	7.55134
7.47052	-1.3254	7.58718
7.50056	-1.3321	7.61793
7.52638	-1.34501	7.64562
7.54719	-1.3534	7.66758
7.57135	-1.36544	7.69349
7.60267	-1.37591	7.72617
7.63198	-1.38791	7.75715
7.65855	-1.39606	7.78475
7.68814	-1.4051	7.81548
7.71478	-1.41986	7.84435
7.74668	-1.43316	7.87813
7.77836	-1.44112	7.91073
7.80584	-1.45674	7.94061
7.83262	-1.46401	7.96827
7.85556	-1.47985	7.99373
7.88382	-1.48939	8.02327
7.91037	-1.50518	8.0523
7.93924	-1.51418	8.08234
7.96805	-1.53077	8.11376
7.99546	-1.53557	8.14158
8.02149	-1.55105	8.17007
8.05084	-1.56102	8.20078
8.07655	-1.57801	8.22926
8.10417	-1.58744	8.25818
8.12905	-1.60528	8.28603
8.15706	-1.61678	8.31575
8.18333	-1.63559	8.34518
8.21338	-1.6452	8.37653
8.23898	-1.65879	8.40431
8.25977	-1.67403	8.4277
8.28583	-1.68171	8.45477
8.30608	-1.69831	8.47792
8.33218	-1.70847	8.50553
8.35356	-1.72686	8.53018
8.38409	-1.73733	8.5622
8.40917	-1.75747	8.59086
8.43782	-1.77076	8.62162
8.46377	-1.78932	8.65084
8.49164	-1.80186	8.68071
8.51757	-1.81776	8.70938
8.54984	-1.8335	8.74423
8.58002	-1.85643	8.77856
8.61447	-1.87166	8.81545
8.64893	-1.89095	8.85322
8.67834	-1.90564	8.8851
8.70452	-1.92418	8.91466
8.73113	-1.94567	8.94529
8.76091	-1.96366	8.97828
8.78998	-1.9811	9.01047
8.81535	-1.99955	9.03928
8.84248	-2.01342	9.06881
8.87143	-2.03343	9.10149
8.90073	-2.05417	9.13469
8.92315	-2.07924	9.1622
8.94749	-2.09557	9.18961
8.97567	-2.11539	9.22157
8.99901	-2.13483	9.24877
9.02129	-2.15042	9.27405
9.04329	-2.16883	9.29972
9.06584	-2.18711	9.32592
9.08847	-2.20422	9.35195
9.10469	-2.22894	9.37356
9.13237	-2.24754	9.40487
9.15559	-2.268	9.43232
9.17749	-2.28751	9.45828
9.20144	-2.30167	9.48495
9.22155	-2.32465	9.51005
9.24895	-2.34231	9.54094
9.26881	-2.36344	9.56539
9.28989	-2.38225	9.59047
9.31099	-2.40473	9.61651
9.33041	-2.43018	9.6417
9.34902	-2.45498	9.66598
9.37161	-2.47556	9.69306
9.38992	-2.49935	9.71686
9.41264	-2.51496	9.74284
9.43008	-2.53965	9.76608
9.4544	-2.55718	9.79412
9.47238	-2.58892	9.8198
9.49913	-2.61186	9.85166
9.51864	-2.64071	9.87815
9.5405	-2.66664	9.90616
9.55958	-2.69333	9.93175
9.57648	-2.72271	9.95602
9.59539	-2.7474	9.98097
9.61717	-2.77112	10.0085
9.63636	-2.79376	10.0332
9.65037	-2.81936	10.0538
9.66872	-2.84203	10.0778
9.68159	-2.87125	10.0984
9.70034	-2.90054	10.1247
9.71802	-2.9273	10.1493
9.72601	-2.95236	10.1642
9.7447	-2.97506	10.1887
9.75725	-3.00196	10.2086
9.77276	-3.02645	10.2307
9.78822	-3.051	10.2527
9.80292	-3.07586	10.2741
9.81502	-3.10387	10.2941
9.83232	-3.12827	10.318
9.84579	-3.15481	10.3389
9.86042	-3.17846	10.36
9.86994	-3.20664	10.3778
9.88849	-3.22989	10.4026
9.89815	-3.25959	10.4211
9.91308	-3.28078	10.4419
9.92561	-3.30571	10.4616
9.9307	-3.32695	10.4732
9.94897	-3.35059	10.498
9.95723	-3.37633	10.5141
9.97465	-3.40256	10.539
9.98559	-3.42997	10.5582
9.99721	-3.45432	10.5772
10.01	-3.4764	10.5964
10.0178	-3.50166	10.6122
10.0306	-3.52589	10.6322
10.0406	-3.54971	10.6496
10.0513	-3.57587	10.6684
10.0656	-3.60248	10.6909
10.0754	-3.63099	10.7097
10.0799	-3.65252	10.7213
10.0954	-3.67504	10.7435
10.1019	-3.69963	10.758
10.1165	-3.72358	10.78
10.1255	-3.74718	10.7966
10.1421	-3.7732	10.8213
10.1542	-3.80023	10.842
10.169	-3.8314	10.8668
10.1679	-3.85752	10.8751
10.1802	-3.8886	10.8976
10.1929	-3.91677	10.9196
10.2053	-3.94387	10.9408
10.2158	-3.97111	10.9605
10.228	-3.99711	10.9813
10.2378	-4.02482	11.0006
10.248	-4.05267	11.0202
10.2549	-4.07648	11.0354
10.2676	-4.10038	11.0561
10.2763	-4.12637	11.0738
10.287	-4.15138	11.093
10.2966	-4.17776	11.1119
10.3071	-4.20592	11.1322
10.3174	-4.23612	11.1532
10.3301	-4.26237	11.1749
10.3406	-4.28676	11.194
10.3488	-4.30838	11.2098
10.3586	-4.32971	11.2271
10.3679	-4.35571	11.2456
10.3772	-4.37956	11.2635
10.3861	-4.40493	11.2816
10.4	-4.43402	11.3058
10.4094	-4.46277	11.3257
10.4226	-4.48809	11.3478
10.4306	-4.51701	11.3666
10.4414	-4.54592	11.388
10.4542	-4.57229	11.4104
10.4647	-4.59686	11.4299
10.4756	-4.62208	11.4499
10.4883	-4.64724	11.4717
10.501	-4.67601	11.4951
10.5135	-4.70262	11.5173
10.5193	-4.72493	11.5317
10.5342	-4.74703	11.5543
10.5457	-4.77284	11.5754
10.5606	-4.79828	11.5996
10.572	-4.83221	11.624
10.59	-4.85873	11.6514
10.6019	-4.88873	11.6748
10.6183	-4.9142	11.7003
10.6245	-4.9393	11.7165
10.638	-4.96197	11.7383
10.6498	-4.98817	11.7601
10.672	-5.0149	11.7916
10.6866	-5.04999	11.8197
10.7075	-5.07459	11.8491
10.7227	-5.1031	11.8751
10.7445	-5.12615	11.9047
10.7611	-5.15046	11.9301
10.7815	-5.17192	11.9578
10.7974	-5.19611	11.9826
10.8201	-5.21897	12.013
10.8383	-5.24284	12.0398
10.8583	-5.26442	12.0672
10.8803	-5.28396	12.0955
10.9001	-5.30562	12.1228
10.9224	-5.32354	12.1507
10.9444	-5.34315	12.179
10.9689	-5.3629	12.2098
10.9901	-5.38479	12.2384
11.0142	-5.40275	12.2679
11.0392	-5.42363	12.2996
11.065	-5.44002	12.3299
11.089	-5.46259	12.3614
11.1171	-5.47868	12.3938
11.1396	-5.50278	12.4246
11.1681	-5.51786	12.4568
11.1933	-5.53654	12.4877
11.2187	-5.55371	12.5181
11.2451	-5.56694	12.5477
11.2683	-5.58464	12.5763
11.2982	-5.59595	12.6081
11.3231	-5.61388	12.6384
11.3523	-5.62312	12.6687
11.3796	-5.6457	12.7031
11.4117	-5.6554	12.7362
11.4404	-5.67665	12.7713
11.4738	-5.69261	12.8084
11.5019	-5.70152	12.8374
11.5291	-5.71158	12.8663
11.5562	-5.72069	12.8947
11.582	-5.72732	12.9207
11.6049	-5.73737	12.9457
11.6319	-5.74177	12.9719
11.6577	-5.74789	12.9977
11.6798	-5.75178	13.0192
11.707	-5.76432	13.0492
11.7372	-5.76822	13.078
11.7701	-5.78085	13.1131
11.8008	-5.78397	13.142
11.8279	-5.79114	13.1695
11.8529	-5.79445	13.1934
11.8738	-5.80258	13.2158
11.9003	-5.80061	13.2387
11.9253	-5.80617	13.2636
11.9521	-5.80693	13.2881
11.9794	-5.81313	13.3154
12.0107	-5.80524	13.3401
12.0432	-5.80956	13.3712
12.0752	-5.80754	13.3992
12.1049	-5.81235	13.428
12.1363	-5.81315	13.4567
12.1708	-5.81662	13.4893
12.2041	-5.81504	13.5187
12.2312	-5.81303	13.5423
12.2604	-5.8114	13.568
12.2895	-5.80947	13.5934
12.318	-5.80704	13.6182
12.3411	-5.80411	13.6379
12.3668	-5.80151	13.6599
12.3932	-5.79687	13.6819
12.42	-5.79797	13.7066
12.4458	-5.79061	13.727
12.4713	-5.78928	13.7496
12.4969	-5.77445	13.7665
12.5298	-5.77213	13.7954
12.56	-5.76358	13.8193
12.5885	-5.75499	13.8416
12.6108	-5.74829	13.8591
12.6351	-5.73934	13.8775
12.6574	-5.73077	13.8943
12.6889	-5.72442	13.9204
12.7163	-5.70942	13.9392
12.737	-5.70179	13.9549
12.7571	-5.68729	13.9674
12.7868	-5.68489	13.9936
12.8144	-5.67034	14.0129
12.8455	-5.65957	14.037
12.8719	-5.641	14.0537
12.9051	-5.62879	14.0793
12.9332	-5.61028	14.0976
12.96	-5.59727	14.117
12.9827	-5.57691	14.1299
13.0051	-5.55631	14.1423
13.0305	-5.54087	14.1597
13.0479	-5.51702	14.1663
13.0718	-5.49916	14.1814
13.0924	-5.47813	14.1923
13.12	-5.45859	14.2102
13.1387	-5.43089	14.2169
13.163	-5.41005	14.2314
13.1809	-5.38187	14.2373
13.2019	-5.35908	14.2481
13.2211	-5.33423	14.2567
13.2376	-5.30916	14.2626
13.2547	-5.28567	14.2697
13.2746	-5.26353	14.2801
13.2931	-5.23056	14.2852
13.3106	-5.20495	14.2921
13.3203	-5.17974	14.292
13.3382	-5.15412	14.2994
13.3418	-5.13016	14.2941
13.3605	-5.10407	14.3023
13.3711	-5.07253	14.3009
13.389	-5.04507	14.308
13.4007	-5.01612	14.3088
13.4175	-4.98979	14.3153
13.4271	-4.96192	14.3146
13.4403	-4.93663	14.3183
13.4469	-4.91231	14.3161
13.4581	-4.88472	14.3171
13.4641	-4.85986	14.3144
13.4747	-4.83503	14.3159
13.4796	-4.80698	14.3111
13.4904	-4.77722	14.3112
13.4922	-4.74891	14.3035
13.5019	-4.72306	14.3042
13.5085	-4.68916	14.2992
13.5172	-4.6622	14.2986
13.5194	-4.63278	14.2911
13.5283	-4.60544	14.2907
13.5302	-4.57174	14.2817
13.5384	-4.5425	14.2802
13.5355	-4.51029	14.2672
13.5413	-4.47879	14.2628
13.5414	-4.44961	14.2537
13.543	-4.42845	14.2487
13.5418	-4.40644	14.2407
13.5457	-4.38193	14.2369
13.5376	-4.35727	14.2216
13.5372	-4.32513	14.2113
13.5327	-4.29557	14.1981
13.5306	-4.26449	14.1868
13.5267	-4.23427	14.174
13.5245	-4.2048	14.1631
13.5196	-4.17252	14.1488
13.5158	-4.14054	14.1358
13.5095	-4.10822	14.1203
13.5062	-4.08587	14.1107
13.5072	-4.06166	14.1047
13.5013	-4.03525	14.0915
13.4918	-4.00807	14.0746
13.4864	-3.97849	14.061
13.4769	-3.95101	14.0441
13.4692	-3.92289	14.0289
13.464	-3.88805	14.0141
13.4517	-3.86169	13.9951
13.4427	-3.83267	13.9784
13.4346	-3.80653	13.9635
13.4248	-3.7792	13.9466
13.4104	-3.75474	13.9261
13.4016	-3.72572	13.9099
13.3917	-3.70006	13.8935
13.3777	-3.67928	13.8744
13.3728	-3.64898	13.8617
13.3526	-3.61403	13.8331
13.3382	-3.58345	13.8112
13.3228	-3.55594	13.7891
13.3067	-3.53207	13.7675
13.2947	-3.50519	13.749
13.2802	-3.48169	13.729
13.2712	-3.4553	13.7137
13.2549	-3.43331	13.6923
13.2425	-3.40791	13.674
13.2262	-3.38496	13.6525
13.2184	-3.36054	13.6389
13.1987	-3.34	13.6147
13.1835	-3.31304	13.5934
13.1661	-3.29108	13.5711
13.151	-3.26591	13.5504
13.1342	-3.24214	13.5284
13.1184	-3.21896	13.5076
13.102	-3.19891	13.4868
13.0857	-3.17619	13.4657
13.0734	-3.15343	13.4484
13.0562	-3.13077	13.4264
13.0409	-3.10476	13.4054
13.0234	-3.0835	13.3835
13.0092	-3.05824	13.3638
12.9892	-3.0284	13.3376
12.9739	-3.00069	13.3164
12.9516	-2.98145	13.2903
12.9363	-2.95022	13.2684
12.9163	-2.92647	13.2437
12.907	-2.90803	13.2305
12.8916	-2.88886	13.2113
12.8818	-2.86374	13.1962
12.8629	-2.84211	13.1731
12.8502	-2.8156	13.155
12.8312	-2.79323	13.1317
12.8212	-2.76485	13.1159
12.8015	-2.74121	13.0917
12.7891	-2.71191	13.0735
12.7699	-2.68747	13.0497
12.7628	-2.66225	13.0375
12.7432	-2.63837	13.0134
12.7315	-2.60991	12.9963
12.7094	-2.59054	12.9707
12.6982	-2.55878	12.9534
12.6791	-2.53375	12.9298
12.6678	-2.50491	12.9131
12.6533	-2.47947	12.8939
12.645	-2.44935	12.8801
12.6229	-2.42166	12.8531
12.6137	-2.39285	12.8386
12.5933	-2.36818	12.814
12.5815	-2.33781	12.7969
12.5677	-2.31159	12.7785
12.5577	-2.28403	12.7638
12.5441	-2.25692	12.7456
12.5356	-2.22851	12.7321
12.5238	-2.19793	12.7152
12.5074	-2.1702	12.6942
12.5026	-2.13954	12.6843
12.4883	-2.1104	12.6654
12.4818	-2.08043	12.654
12.469	-2.05219	12.6368
12.4657	-2.01733	12.6279
12.4525	-1.98695	12.61
12.4468	-1.95812	12.5999
12.4326	-1.93335	12.5821
12.432	-1.90551	12.5772
12.4173	-1.88428	12.5594
12.4108	-1.85213	12.5483
12.4001	-1.82312	12.5334
12.394	-1.79424	12.5232
12.3859	-1.76597	12.5111
12.3779	-1.73634	12.4991
12.3707	-1.70801	12.488
12.364	-1.68375	12.4782
12.3548	-1.66304	12.4663
12.3525	-1.64073	12.461
12.3412	-1.61934	12.447
12.34	-1.59048	12.442
12.3277	-1.5637	12.4265
12.32	-1.53076	12.4147
12.3129	-1.50022	12.4039
12.3052	-1.46927	12.3926
12.2998	-1.43896	12.3837
12.2899	-1.41008	12.3705
12.2843	-1.37869	12.3614
12.2753	-1.3484	12.3491
12.2662	-1.31884	12.3369
12.264	-1.28974	12.3316
12.2508	-1.26024	12.3154
12.2472	-1.22681	12.3085
12.2339	-1.19602	12.2922
12.224	-1.16905	12.2797
12.2166	-1.1402	12.2697
12.2053	-1.10665	12.2554
12.1945	-1.07072	12.2414
12.1852	-1.04009	12.2295
12.1805	-1.00738	12.2221
12.1718	-0.974882	12.2107
12.1577	-0.944727	12.1943
12.1503	-0.911789	12.1845
12.1437	-0.885715	12.1759
12.1332	-0.859313	12.1636
12.1263	-0.827021	12.1545
12.1137	-0.798356	12.14
12.1051	-0.766019	12.1293
12.0926	-0.737932	12.1151
12.0819	-0.708062	12.1026
12.0736	-0.681493	12.0928
12.0604	-0.656625	12.0782
12.0569	-0.626256	12.0731
12.0432	-0.598902	12.0581
12.0325	-0.569292	12.046
12.0214	-0.541816	12.0336
12.0109	-0.513196	12.0219
12.0017	-0.488838	12.0116
11.9908	-0.46544	11.9998
11.9789	-0.438971	11.9869
11.9699	-0.414787	11.9771
11.9586	-0.39175	11.9651
11.9509	-0.367369	11.9566
11.9338	-0.344932	11.9388
11.9287	-0.318967	11.9329
11.9137	-0.294211	11.9174
11.9037	-0.266464	11.9067
11.8892	-0.239483	11.8917
11.8824	-0.210657	11.8843
11.874	-0.178709	11.8753
11.8609	-0.151323	11.8619
11.8477	-0.128768	11.8484
11.8379	-0.101665	11.8383
11.8247	-0.0754266	11.8249
11.8106	-0.0475849	11.8107
11.7993	-0.020222	11.7993
11.7828	0.000804015	11.7828
11.7751	0.0302225	11.7752
11.7663	0.0534802	11.7664
11.7519	0.0765397	11.7522
11.7436	0.103639	11.7441
11.7294	0.129664	11.7302
11.7236	0.157406	11.7247
11.7068	0.185781	11.7083
11.6967	0.215517	11.6987
11.6832	0.239953	11.6857
11.6747	0.267394	11.6778
11.6607	0.291668	11.6644
11.6521	0.318194	11.6564
11.6386	0.338313	11.6435
11.6328	0.369034	11.6386
11.6167	0.394865	11.6234
11.6084	0.42439	11.6162
11.5927	0.449196	11.6014
11.5818	0.475317	11.5916
11.5676	0.502201	11.5785
11.5673	0.537489	11.5797
11.5554	0.571184	11.5695
11.541	0.600131	11.5566
11.5304	0.628186	11.5475
11.5196	0.649566	11.5379
11.5162	0.679617	11.5362
11.504	0.701266	11.5254
11.4957	0.726882	11.5187
11.487	0.751335	11.5116
11.4715	0.77664	11.4977
11.4617	0.806107	11.49
11.4501	0.830902	11.4802
11.4413	0.856095	11.4732
11.429	0.8732	11.4623
11.4255	0.903068	11.4611
11.4085	0.935459	11.4468
11.393	0.963763	11.4337
11.3842	0.994667	11.4276
11.3708	1.02627	11.417
11.3614	1.05447	11.4102
11.3427	1.08042	11.3941
11.334	1.11139	11.3884
11.318	1.13491	11.3748
11.3041	1.16741	11.3642
11.2961	1.19815	11.3595
11.2802	1.22573	11.3466
11.2714	1.25684	11.3412
11.2568	1.2812	11.3294
11.2481	1.31672	11.3249
11.2355	1.34678	11.316
11.2269	1.37734	11.311
11.2126	1.41361	11.3014
11.2038	1.44549	11.2966
11.1939	1.47384	11.2905
11.1876	1.50917	11.2889
11.1833	1.5379	11.2886
11.1715	1.56501	11.2806
11.1665	1.59165	11.2793
11.1553	1.61517	11.2716
11.1544	1.6459	11.2752
11.1429	1.67482	11.2681
11.136	1.70007	11.2651
11.1289	1.72683	11.2621
11.1226	1.75414	11.2601
11.1128	1.78104	11.2546
11.1121	1.80705	11.2581
11.1058	1.82875	11.2554
11.101	1.85213	11.2544
11.0922	1.87496	11.2495
11.0913	1.89984	11.2528
11.0824	1.9253	11.2484
11.082	1.95697	11.2534
11.0756	1.98277	11.2517
11.0739	2.01049	11.255
11.0652	2.04117	11.2519
11.0626	2.06539	11.2538
11.0536	2.09018	11.2495
11.0518	2.11821	11.253
11.048	2.14606	11.2545
11.0476	2.17395	11.2594
11.0421	2.2021	11.2596
11.0421	2.23107	11.2652
11.0372	2.25964	11.2662
11.0379	2.28733	11.2724
11.033	2.31554	11.2734
11.0341	2.34451	11.2805
11.0281	2.37961	11.2819
11.0293	2.4132	11.2902
11.0258	2.4408	11.2927
11.0274	2.46935	11.3005
11.0241	2.49915	11.3039
11.0279	2.5211	11.3124
11.0234	2.54768	11.314
11.027	2.57617	11.3239
11.0218	2.60465	11.3254
11.0214	2.63153	11.3312
11.0177	2.65884	11.334
11.0211	2.68922	11.3445
11.0149	2.7186	11.3454
11.0214	2.74563	11.3583
11.0142	2.77372	11.3581
11.0152	2.80077	11.3657
11.0132	2.82799	11.3705
11.016	2.85653	11.3803
11.0143	2.88433	11.3857
11.0146	2.91242	11.3931
11.0162	2.93882	11.4014
11.0124	2.9639	11.4042
11.0143	2.9801	11.4103
11.0094	3.00197	11.4114
11.0145	3.02931	11.4235
11.0098	3.05826	11.4266
11.0127	3.08793	11.4375
11.0094	3.11487	11.4416
11.0126	3.14425	11.4527
11.0112	3.17242	11.4591
11.0111	3.1983	11.4662
11.0114	3.22276	11.4734
11.0051	3.24973	11.4749
11.0068	3.27976	11.4851
11.0005	3.31055	11.4879
10.9976	3.33975	11.4936
10.9976	3.36865	11.5019
10.9913	3.3952	11.5038
10.9952	3.42426	11.5161
10.9885	3.45783	11.5197
10.9883	3.48792	11.5286
10.981	3.51705	11.5304
10.981	3.54768	11.5399
10.9758	3.57767	11.5442
10.9732	3.60793	11.5512
10.9654	3.6356	11.5523
10.9628	3.66361	11.5587
10.9563	3.69167	11.5615
10.9515	3.72196	11.5667
10.9449	3.75164	11.5701
10.9396	3.7768	11.5732
10.9329	3.80474	11.576
10.9256	3.83683	11.5797
10.9178	3.86604	11.5821
10.9105	3.89442	11.5847
10.8983	3.92267	11.5828
10.8898	3.94809	11.5834
10.8831	3.97495	11.5863
10.8742	4.00079	11.5868
10.8678	4.02596	11.5896
10.8566	4.05076	11.5877
10.8503	4.07884	11.5916
10.8468	4.10768	11.5986
10.8287	4.13936	11.5928
10.8198	4.17214	11.5963
10.8045	4.19954	11.5919
10.7936	4.22887	11.5925
10.7785	4.24906	11.5858
10.7682	4.27447	11.5855
10.7536	4.29857	11.5809
10.7404	4.32823	11.5798
10.7259	4.35267	11.5754
10.715	4.37518	11.5738
10.6999	4.39821	11.5685
10.6876	4.42831	11.5687
10.6704	4.45261	11.5621
10.6581	4.48149	11.5619
10.6408	4.50844	11.5565
10.6246	4.53313	11.5513
10.6098	4.56054	11.5484
10.5931	4.58184	11.5416
10.5821	4.6038	11.5402
10.5535	4.62729	11.5234
10.5303	4.65799	11.5145
10.5096	4.68575	11.5069
10.4907	4.71856	11.5031
10.4683	4.74082	11.4918
10.4528	4.76721	11.4886
10.4293	4.79308	11.478
10.4099	4.82501	11.4737
10.3872	4.85045	11.4638
10.3661	4.87414	11.4549
10.35	4.8942	11.4488
10.3295	4.91619	11.4397
10.3072	4.93453	11.4275
10.2883	4.95796	11.4206
10.2681	4.97933	11.4117
10.2449	5.00172	11.4006
10.2257	5.02368	11.3931
10.2067	5.04406	11.3851
10.1879	5.0648	11.3774
10.1702	5.08696	11.3715
10.1496	5.10962	11.3633
10.13	5.13249	11.356
10.107	5.15465	11.3455
10.0816	5.18139	11.3351
10.0545	5.20041	11.3198
10.0254	5.21941	11.3027
10.0039	5.24305	11.2945
9.98195	5.25959	11.2828
9.96195	5.28384	11.2765
9.94169	5.29611	11.2644
9.92827	5.31678	11.2623
9.90637	5.33264	11.2505
9.8866	5.35307	11.2428
9.86266	5.36598	11.2279
9.84141	5.38676	11.2192
9.81696	5.403	11.2056
9.79761	5.41749	11.1956
9.77765	5.43339	11.1859
9.7559	5.44222	11.1712
9.73409	5.46093	11.1613
9.70331	5.47332	11.1405
9.67748	5.49229	11.1274
9.65318	5.50757	11.1138
9.63257	5.52566	11.1049
9.60719	5.53921	11.0897
9.58132	5.55672	11.0761
9.5569	5.56877	11.061
9.52834	5.58314	11.0436
9.50497	5.59825	11.0311
9.47551	5.61183	11.0126
9.4488	5.62729	10.9976
9.42219	5.63853	10.9805
9.39477	5.65032	10.963
9.37109	5.66474	10.9502
9.34524	5.67529	10.9335
9.32069	5.69308	10.9218
9.29099	5.70421	10.9023
9.26379	5.72213	10.8886
9.23307	5.73127	10.8672
9.20486	5.75031	10.8534
9.17554	5.7627	10.8351
9.14682	5.77459	10.8171
9.11979	5.7887	10.8018
9.09358	5.79612	10.7837
9.06873	5.81179	10.7712
9.04251	5.82587	10.7567
9.0148	5.83859	10.7404
8.98738	5.8514	10.7244
8.96131	5.86375	10.7093
8.93376	5.8805	10.6954
8.9007	5.89496	10.6758
8.87411	5.90116	10.6571
8.85434	5.91911	10.6506
8.82834	5.92858	10.6343
8.80485	5.9467	10.6249
8.77589	5.96002	10.6084
8.74452	5.97361	10.5901
8.7166	5.9937	10.5784
8.68743	6.00555	10.5612
8.65787	6.02375	10.5472
8.62187	6.03566	10.5245
8.59277	6.05519	10.5119
8.56135	6.07274	10.4964
8.53438	6.09054	10.4848
8.51106	6.10792	10.4759
8.47903	6.11427	10.4536
8.45321	6.13142	10.4428
8.42639	6.14704	10.4303
8.40177	6.16158	10.419
8.37577	6.1748	10.4059
8.34873	6.18788	10.3919
8.32462	6.20436	10.3824
8.30124	6.2182	10.3719
8.27771	6.24091	10.3667
8.25152	6.25922	10.3569
8.22343	6.27221	10.3424
8.19623	6.28873	10.3308
8.17151	6.30115	10.3188
8.14824	6.32163	10.313
8.12414	6.33515	10.3022
8.10167	6.3501	10.2937
8.08686	6.36091	10.2888
8.06629	6.37219	10.2796
8.04693	6.38911	10.2749
8.02407	6.40191	10.265
7.99701	6.42139	10.256
7.9697	6.43627	10.2441
7.94616	6.45636	10.2385
7.92265	6.47274	10.2306
7.90116	6.49164	10.2259
7.87869	6.50607	10.2178
7.85552	6.52551	10.2123
7.83308	6.54398	10.2069
7.8081	6.56636	10.2021
7.78431	6.5889	10.1985
7.7651	6.61274	10.1993
7.74363	6.63343	10.1964
7.72137	6.65788	10.1954
7.69732	6.67907	10.1911
7.67868	6.69815	10.1896
7.66158	6.72019	10.1912
7.64307	6.7401	10.1905
7.62678	6.76468	10.1945
7.60766	6.78867	10.1962
7.59047	6.81516	10.2011
7.57281	6.83946	10.2042
7.55504	6.86445	10.2078
7.541	6.89049	10.215
7.52623	6.91378	10.2198
7.51618	6.93551	10.2271
7.50131	6.95753	10.2312
7.48643	6.97882	10.2348
7.47418	7.00873	10.2462
7.45762	7.03649	10.2532
7.44749	7.06551	10.2658
7.44424	7.0934	10.2827
7.42856	7.11814	10.2884
7.42198	7.14524	10.3024
7.40416	7.17173	10.308
7.3948	7.2035	10.3234
7.38027	7.23415	10.3345
7.37612	7.26257	10.3514
7.36487	7.28948	10.3623
7.35629	7.31281	10.3727
7.35307	7.33987	10.3895
7.34239	7.3637	10.3988
7.34261	7.39927	10.4242
7.33494	7.42779	10.439
7.3322	7.45757	10.4583
7.32243	7.48313	10.4697
7.32279	7.51236	10.4909
7.31739	7.54353	10.5095
7.31716	7.57407	10.5313
7.31072	7.60098	10.5462
7.31142	7.62982	10.5674
7.31059	7.65454	10.5847
7.307	7.68145	10.6017
7.30681	7.70971	10.6221
7.30557	7.7387	10.6423
7.30385	7.76657	10.6614
7.30587	7.79713	10.6851
7.29849	7.82148	10.6978
7.29984	7.84964	10.7194
7.29584	7.88063	10.7394
7.29944	7.90911	10.7627
7.29615	7.93883	10.7823
7.3013	7.96938	10.8083
7.29817	7.99983	10.8287
7.30227	8.02787	10.8522
7.29961	8.05543	10.8708
7.30459	8.08344	10.8949
7.30239	8.1128	10.9152
7.30815	8.14167	10.9406
7.30742	8.17193	10.9626
7.31227	8.20358	10.9895
7.31339	8.23083	11.0106
7.315	8.25495	11.0297
7.3153	8.28462	11.0521
7.32276	8.31773	11.0818
7.32198	8.34984	11.1055
7.32863	8.3787	11.1315
7.32888	8.41422	11.1585
7.33243	8.44533	11.1843
7.33505	8.47714	11.21
7.34615	8.50934	11.2417
7.35135	8.53817	11.2669
7.35726	8.56757	11.293
7.35758	8.59523	11.3142
7.36599	8.62263	11.3405
7.37119	8.6591	11.3717
7.37761	8.69018	11.3995
7.38105	8.71793	11.4229
7.38783	8.74407	11.4472
7.39035	8.77137	11.4697
7.39762	8.79869	11.4953
7.40026	8.82805	11.5195
7.4086	8.85626	11.5465
7.41057	8.88208	11.5675
7.42261	8.90634	11.5939
7.42199	8.93555	11.6159
7.43105	8.96592	11.6451
7.43517	8.99643	11.6712
7.44373	9.024	11.6979
7.44539	9.05283	11.7212
7.45354	9.07952	11.747
7.46015	9.10288	11.7693
7.46326	9.12932	11.7917
7.46914	9.16057	11.8196
7.4766	9.1892	11.8466
7.48383	9.21734	11.873
7.48557	9.24893	11.8986
7.49048	9.2825	11.9278
7.50217	9.31508	11.9605
7.50789	9.3448	11.9872
7.50643	9.37212	12.0076
7.5147	9.39825	12.0332
7.52009	9.42774	12.0596
7.53373	9.4576	12.0915
7.53822	9.48899	12.1188
7.54848	9.51334	12.1443
7.55179	9.54272	12.1693
7.56442	9.56944	12.1981
7.57255	9.60283	12.2294
7.58201	9.63251	12.2586
7.59127	9.66395	12.289
7.59742	9.69415	12.3165
7.61093	9.72087	12.3459
7.61367	9.74882	12.3696
7.6238	9.77188	12.394
7.62918	9.79601	12.4164
7.63788	9.82262	12.4427
7.6429	9.85514	12.4715
7.65715	9.88218	12.5016
7.66182	9.91302	12.5288
7.67501	9.93854	12.5571
7.68222	9.96872	12.5854
7.69284	9.99646	12.6138
7.6976	10.026	12.6402
7.71086	10.0555	12.6716
7.71714	10.0865	12.7001
7.72571	10.1165	12.7291
7.73921	10.1364	12.7531
7.74519	10.1688	12.7825
7.75817	10.1975	12.8132
7.76228	10.2281	12.84
7.77607	10.2561	12.8707
7.78498	10.2831	12.8976
7.79461	10.3084	12.9236
7.80006	10.3347	12.9478
7.8171	10.3587	12.9773
7.8238	10.3854	13.0026
7.84228	10.4138	13.0364
7.85261	10.4385	13.0623
7.86078	10.4649	13.0884
7.87367	10.491	13.117
7.88236	10.5229	13.1477
7.90043	10.5523	13.1821
7.90889	10.5848	13.2132
7.92549	10.6126	13.2454
7.93664	10.6435	13.2768
7.95535	10.6705	13.3097
7.963	10.6966	13.3351
7.98092	10.7189	13.3638
7.99081	10.7473	13.3924
8.00899	10.7736	13.4244
8.0215	10.8016	13.4543
8.04468	10.8238	13.486
8.05945	10.8566	13.5211
8.08102	10.8833	13.5554
8.09646	10.9114	13.5872
8.11895	10.9314	13.6167
8.13433	10.959	13.6479
8.15442	10.9832	13.6794
8.17138	11.0053	13.7073
8.18993	11.0262	13.7351
8.20639	11.0463	13.761
8.2265	11.0625	13.786
8.24017	11.0838	13.8112
8.26281	11.1046	13.8414
8.28162	11.1278	13.8713
8.30408	11.1499	13.9025
8.32401	11.1721	13.9322
8.34464	11.1909	13.9595
8.36082	11.2114	13.9857
8.38237	11.2292	14.0128
8.40519	11.2511	14.044
8.43088	11.2687	14.0735
8.45299	11.2918	14.1053
8.48146	11.3128	14.1391
8.5099	11.328	14.1683
8.531	11.3502	14.1988
8.55926	11.3668	14.229
8.58287	11.3871	14.2594
8.61268	11.4015	14.2889
8.63787	11.4229	14.3212
8.66904	11.4413	14.3547
8.69676	11.4581	14.3848
8.72369	11.4731	14.413
8.74744	11.4889	14.44
8.77177	11.498	14.462
8.79549	11.5139	14.489
8.82156	11.5257	14.5142
8.84708	11.5428	14.5433
8.87779	11.5541	14.571
8.90837	11.5733	14.6048
8.93793	11.5876	14.6342
8.96979	11.6117	14.6728
8.99866	11.6253	14.7011
9.02859	11.6373	14.7289
9.05123	11.6627	14.7629
9.09011	11.6725	14.7945
9.12087	11.6886	14.8261
9.15235	11.6989	14.8536
9.1856	11.7122	14.8845
9.21503	11.7265	14.914
9.24528	11.7316	14.9367
9.27255	11.7485	14.9669
9.30517	11.7564	14.9933
9.33005	11.7737	15.0223
9.35886	11.7779	15.0435
9.38225	11.793	15.0699
9.41301	11.7985	15.0934
9.44055	11.8132	15.122
9.46992	11.8195	15.1453
9.49938	11.8289	15.171
9.52809	11.8403	15.1979
9.55611	11.8473	15.2209
9.58597	11.8544	15.2453
9.61727	11.861	15.2701
9.64482	11.8742	15.2977
9.67164	11.8839	15.3221
9.69809	11.8905	15.3439
9.72366	11.9007	15.368
9.75134	11.9068	15.3903
9.77278	11.9113	15.4073
9.79655	11.9272	15.4347
9.8295	11.9327	15.4599
9.85833	11.9402	15.484
9.88685	11.9535	15.5125
9.91689	11.9583	15.5353
9.95025	11.9693	15.5651
9.97755	11.9773	15.5887
10.0017	11.9866	15.6113
10.0312	11.9931	15.6352
10.0611	12.0014	15.6608
10.0875	12.0149	15.6881
10.1197	12.0185	15.7115
10.151	12.03	15.7405
10.182	12.036	15.7651
10.207	12.039	15.7835
10.2327	12.0505	15.809
10.2673	12.0513	15.832
10.2966	12.0613	15.8586
10.3221	12.0702	15.8819
10.3497	12.0752	15.9037
10.3785	12.0863	15.9309
10.4121	12.0846	15.9515
10.4396	12.096	15.978
10.4691	12.0981	15.9989
10.5007	12.1076	16.0268
10.5288	12.1079	16.0455
10.5556	12.1153	16.0687
10.5849	12.1177	16.0897
10.6196	12.1224	16.1161
10.6507	12.1285	16.1412
10.6816	12.1327	16.1647
10.7006	12.1314	16.1763
10.7254	12.1401	16.1993
10.7548	12.1388	16.2178
10.7876	12.145	16.2442
10.8175	12.1502	16.268
10.8479	12.1507	16.2886
10.8845	12.1601	16.3199
10.9194	12.1581	16.3418
10.9514	12.163	16.3668
10.979	12.1646	16.3864
11.01	12.1615	16.4049
11.0405	12.1652	16.4282
11.0681	12.1654	16.4469
11.0961	12.1655	16.4657
11.1232	12.168	16.4859
11.1511	12.167	16.504
11.1799	12.165	16.522
11.2081	12.1659	16.5417
11.2328	12.1611	16.555
11.2613	12.1614	16.5746
11.2873	12.1567	16.5888
11.3168	12.1597	16.6111
11.3486	12.1525	16.6275
11.3816	12.1551	16.6519
11.4102	12.1535	16.6704
11.4335	12.1464	16.6811
11.4637	12.1476	16.7027
11.496	12.1353	16.7159
11.5284	12.1346	16.7378
11.5568	12.1287	16.7531
11.5874	12.1259	16.7721
11.6172	12.1208	16.7891
11.6466	12.1183	16.8076
11.672	12.1132	16.8215
11.7003	12.1108	16.8395
11.7268	12.1077	16.8557
11.7564	12.1046	16.874
11.7841	12.0976	16.8884
11.8136	12.1005	16.911
11.8469	12.0979	16.9325
11.8758	12.0918	16.9484
11.9058	12.089	16.9673
11.9315	12.0824	16.9807
11.9592	12.0759	16.9956
11.9897	12.0738	17.0156
12.0188	12.0648	17.0297
12.0443	12.0651	17.048
12.0731	12.0553	17.0614
12.1025	12.048	17.077
12.1317	12.0496	17.0988
12.1639	12.0373	17.1131
12.196	12.0353	17.1345
12.2266	12.0264	17.1501
12.2588	12.0237	17.1711
12.2871	12.0173	17.1868
12.3148	12.0139	17.2043
12.3406	12.008	17.2186
12.3669	12.005	17.2354
12.3867	12.0011	17.2469
12.4097	11.9991	17.262
12.4365	11.9891	17.2744
12.467	11.9869	17.2948
12.4942	11.9764	17.3072
12.5278	11.9806	17.3344
12.5612	11.9713	17.3521
12.5912	11.9629	17.3681
12.6205	11.957	17.3853
12.6501	11.9502	17.4021
12.6785	11.9423	17.4173
12.7058	11.9356	17.4326
12.7352	11.9284	17.4492
12.7615	11.9231	17.4647
12.7836	11.9114	17.4729
12.8127	11.9084	17.4921
12.8396	11.8957	17.5032
12.8721	11.8914	17.5242
12.9022	11.88	17.5386
12.9341	11.8736	17.5577
12.958	11.8638	17.5687
12.9854	11.8583	17.5852
13.0109	11.8452	17.5952
13.0404	11.843	17.6156
13.0711	11.8295	17.6293
13.1022	11.8246	17.649
13.1265	11.8073	17.6555
13.1575	11.8005	17.674
13.1874	11.7867	17.6871
13.2166	11.78	17.7045
13.2433	11.7651	17.7145
13.2686	11.761	17.7306
13.2892	11.7477	17.7373
13.3184	11.742	17.7554
13.3461	11.7289	17.7675
13.3711	11.7149	17.7771
13.3895	11.7041	17.7839
13.413	11.6995	17.7985
13.4328	11.6841	17.8033
13.4541	11.6766	17.8144
13.4783	11.6607	17.8224
13.5054	11.6514	17.8368
13.531	11.6411	17.8494
13.5636	11.6295	17.8666
13.5955	11.6147	17.8812
13.6224	11.6015	17.8931
13.647	11.5963	17.9085
13.6667	11.581	17.9136
13.6973	11.5771	17.9345
13.7258	11.5608	17.9458
13.7564	11.5519	17.9634
13.7834	11.5344	17.9729
13.8122	11.5218	17.9869
13.8373	11.5111	17.9993
13.862	11.4981	18.01
13.8866	11.4909	18.0244
13.9069	11.4695	18.0264
13.9408	11.4602	18.0466
13.9682	11.4393	18.0546
14.0018	11.4306	18.0751
14.0311	11.4149	18.0879
14.0648	11.4022	18.106
14.094	11.3874	18.1194
14.1208	11.3788	18.1349
14.1455	11.3611	18.1431
14.1773	11.3548	18.1639
14.2079	11.3392	18.1781
14.2357	11.3295	18.1938
14.2588	11.3189	18.2053
14.2839	11.3117	18.2204
14.3018	11.2974	18.2256
14.333	11.2911	18.2462
14.3615	11.275	18.2586
14.3908	11.2688	18.2779
14.4156	11.2531	18.2877
14.4451	11.2462	18.3068
14.4715	11.232	18.3189
14.5013	11.2235	18.3373
14.5259	11.2087	18.3477
14.5548	11.1971	18.3634
14.5776	11.1863	18.375
14.6062	11.1784	18.3928
14.634	11.1666	18.4078
14.6631	11.1641	18.4294
14.694	11.1435	18.4416
14.727	11.136	18.4633
14.755	11.1277	18.4807
14.78	11.1188	18.4953
14.8081	11.1137	18.5147
14.8374	11.1007	18.5303
14.8658	11.0942	18.5492
14.891	11.0849	18.5638
14.9175	11.079	18.5816
14.9419	11.067	18.5941
14.9713	11.065	18.6165
14.9969	11.0523	18.6295
15.0277	11.0511	18.6536
15.0548	11.0395	18.6687
15.0805	11.029	18.6831
15.1076	11.0233	18.7016
15.1353	11.0133	18.7182
15.1637	11.008	18.738
15.1924	10.9939	18.753
15.2248	10.9866	18.775
15.2546	10.9785	18.7944
15.2839	10.9711	18.8139
15.3137	10.9671	18.8358
15.344	10.9568	18.8545
15.375	10.9503	18.8759
15.4026	10.9452	18.8955
15.4331	10.9358	18.9149
15.4597	10.9317	18.9342
15.4861	10.9215	18.9499
15.5167	10.9174	18.9725
15.5453	10.9065	18.9897
15.5756	10.8967	19.0089
15.6058	10.8923	19.0311
15.6338	10.8843	19.0495
15.6578	10.8838	19.0689
15.6813	10.8725	19.0818
15.71	10.8723	19.1053
15.7375	10.8612	19.1216
15.7674	10.8598	19.1453
15.797	10.8496	19.164
15.8263	10.8477	19.1871
15.851	10.8422	19.2043
15.8783	10.8393	19.2252
15.9095	10.8392	19.251
15.9405	10.8306	19.2718
15.9715	10.8292	19.2967
16.0039	10.8171	19.3167
16.0374	10.8183	19.3451
16.0719	10.8049	19.3663
16.1043	10.8048	19.3931
16.1346	10.7974	19.4142
16.1646	10.7993	19.4402
16.1969	10.7918	19.4628
16.2277	10.7914	19.4883
16.2574	10.786	19.51
16.2846	10.7793	19.529
16.3152	10.7815	19.5558
16.3403	10.7778	19.5747
16.3633	10.7844	19.5975
16.3911	10.7795	19.618
16.4221	10.7831	19.6458
16.4514	10.7838	19.6707
16.4779	10.7762	19.6888
16.5077	10.7782	19.7148
16.5338	10.7674	19.7307
16.5671	10.7696	19.7598
16.5969	10.7628	19.7812
16.6323	10.7645	19.8118
16.6652	10.7619	19.838
16.6945	10.764	19.8638
16.7262	10.7605	19.8885
16.757	10.7642	19.9165
16.7879	10.759	19.9396
16.8253	10.7667	19.9753
16.8586	10.7627	20.0012
16.8948	10.7662	20.0336
16.926	10.7622	20.0578
16.9554	10.7667	20.085
16.9865	10.7628	20.1091
17.0171	10.7673	20.1374
17.0517	10.7624	20.1641
17.0931	10.7634	20.1997
17.1287	10.764	20.2301
17.1579	10.7636	20.2546
17.1843	10.7664	20.2784
17.2125	10.7566	20.2972
17.2412	10.7615	20.3241
17.2715	10.7572	20.3475
17.302	10.7602	20.375
17.3339	10.7514	20.3975
17.3634	10.7494	20.4215
17.3958	10.7567	20.4529
17.4233	10.7577	20.4768
17.4506	10.7579	20.5001
17.4775	10.7556	20.5218
17.5034	10.7562	20.5442
17.5322	10.7534	20.5673
17.5638	10.7546	20.5949
17.5945	10.7512	20.6193
17.6247	10.7498	20.6443
17.6527	10.7452	20.6658
17.6846	10.747	20.694
17.715	10.7415	20.7172
17.7482	10.7411	20.7454
17.7787	10.736	20.7688
17.8087	10.7358	20.7944
17.843	10.7321	20.8219
17.8707	10.7275	20.8433
17.8984	10.7268	20.8666
17.921	10.7203	20.8827
17.9472	10.7272	20.9087
17.9769	10.7214	20.9313
18.0006	10.7176	20.9497
18.0265	10.7145	20.9703
18.0586	10.707	20.9941
18.0913	10.7019	21.0196
18.1214	10.6953	21.0422
18.1515	10.6868	21.0638
18.1795	10.6781	21.0836
18.209	10.6707	21.1052
18.2327	10.6627	21.1217
18.2585	10.6574	21.1413
18.2867	10.6416	21.1576
18.3165	10.6339	21.1796
18.3437	10.6192	21.1957
18.3738	10.6144	21.2194
18.3996	10.595	21.2321
18.4348	10.5843	21.2572
18.4606	10.5688	21.2719
18.4884	10.5608	21.2921
18.5127	10.5409	21.3033
18.5391	10.5243	21.318
18.5674	10.514	21.3376
18.5864	10.493	21.3438
18.6105	10.4813	21.3591
18.6294	10.4601	21.3651
18.6562	10.4465	21.3818
18.6738	10.428	21.3882
18.6963	10.4122	21.4001
18.7143	10.3897	21.4049
18.7386	10.3719	21.4176
18.7582	10.3481	21.4231
18.7814	10.3247	21.4322
18.7986	10.2935	21.4323
18.8235	10.2694	21.4426
18.8396	10.2348	21.4402
18.8652	10.2037	21.4479
18.8771	10.1637	21.4394
18.9002	10.1316	21.4445
18.9139	10.0998	21.4415
18.9326	10.0701	21.4441
18.9436	10.0387	21.4392
18.9552	10.0072	21.4347
18.9653	9.98142	21.4316
18.9735	9.9583	21.4281
18.977	9.93506	21.4204
18.9921	9.9074	21.421
18.9993	9.87437	21.412
19.0095	9.83608	21.4035
19.0107	9.79624	21.3863
19.0153	9.76141	21.3745
19.0142	9.73396	21.361
19.0194	9.71077	21.3551
19.0198	9.68468	21.3435
19.0215	9.65811	21.333
19.0265	9.63396	21.3265
19.0255	9.59907	21.3099
19.0256	9.56694	21.2955
19.0182	9.53424	21.2743
19.0181	9.49631	21.2572
19.0112	9.46334	21.2363
19.0166	9.42874	21.2258
19.0126	9.39376	21.2066
19.0019	9.36279	21.1833
18.9979	9.33276	21.1665
18.9847	9.2989	21.1398
18.979	9.26694	21.1206
18.9714	9.23821	21.1012
18.9555	9.21493	21.0766
18.9512	9.18462	21.0595
18.936	9.15587	21.0333
18.9259	9.12538	21.011
18.9096	9.099	20.9849
18.899	9.07233	20.9638
18.8824	9.04841	20.9385
18.8758	9.0172	20.919
18.8586	8.99018	20.8918
18.8445	8.96371	20.8678
18.8262	8.93971	20.841
18.8127	8.9127	20.8172
18.7973	8.89343	20.795
18.7858	8.87009	20.7746
18.7641	8.84994	20.7464
18.75	8.8228	20.722
18.7297	8.80038	20.6942
18.7146	8.77588	20.6701
18.6926	8.75549	20.6415
18.6841	8.73014	20.623
18.6626	8.70834	20.5944
18.6403	8.6912	20.5669
18.6249	8.66955	20.5438
18.6008	8.65077	20.514
18.5822	8.62751	20.4873
18.5571	8.61068	20.4575
18.5336	8.58654	20.426
18.511	8.57003	20.3986
18.4908	8.55083	20.3722
18.4669	8.53514	20.3439
18.4458	8.51813	20.3176
18.4142	8.50388	20.2829
18.3878	8.48257	20.25
18.361	8.46577	20.2187
18.3374	8.44594	20.189
18.3106	8.43181	20.1587
18.2873	8.41558	20.1308
18.2636	8.39842	20.102
18.2406	8.38511	20.0756
18.2164	8.36911	20.047
18.1898	8.3575	20.0179
18.1677	8.34103	19.9909
18.1424	8.33139	19.9639
18.118	8.31569	19.9352
18.0905	8.3078	19.907
18.0666	8.28908	19.8774
18.0428	8.27577	19.8502
18.0126	8.26889	19.8199
17.9858	8.25285	19.7889
17.9567	8.24055	19.7572
17.9277	8.23204	19.7274
17.8992	8.2184	19.6958
17.8691	8.213	19.6662
17.8433	8.19747	19.6362
17.8149	8.19472	19.6092
17.7898	8.1805	19.5806
17.7592	8.17518	19.5505
17.7305	8.1602	19.5181
17.6995	8.15798	19.4891
17.6746	8.14628	19.4616
17.6438	8.14568	19.4333
17.6112	8.13707	19.4001
17.5792	8.13471	19.3701
17.5476	8.12317	19.3366
17.5157	8.12192	19.3072
17.4898	8.11207	19.2795
17.4622	8.11382	19.2552
17.4298	8.09948	19.2198
17.3957	8.09773	19.1881
17.3651	8.09192	19.1579
17.3309	8.0944	19.128
17.3039	8.08373	19.099
17.2685	8.08851	19.069
17.2416	8.07914	19.0407
17.2129	8.08249	19.016
17.1833	8.0727	18.9851
17.1481	8.07263	18.9532
17.112	8.06041	18.9154
17.0754	8.05834	18.8814
17.0479	8.05804	18.8564
17.0226	8.05504	18.8322
16.9963	8.05304	18.8076
16.9722	8.04634	18.7829
16.9411	8.05365	18.758
16.9088	8.0482	18.7265
16.8728	8.04639	18.6932
16.8382	8.04479	18.6613
16.808	8.0392	18.6317
16.7833	8.03944	18.6095
16.7606	8.02591	18.5831
16.729	8.0276	18.5553
16.699	8.01933	18.5248
16.6691	8.02296	18.4994
16.637	8.01037	18.465
16.6037	8.01219	18.4358
16.5724	7.99762	18.4013
16.5389	7.99856	18.3715
16.5083	7.98997	18.3402
16.4724	7.9953	18.3102
16.4345	7.98762	18.2728
16.3988	7.98849	18.241
16.3664	7.98066	18.2085
16.333	7.9772	18.177
16.3024	7.97415	18.1482
16.273	7.96668	18.1184
16.2417	7.96674	18.0904
16.2148	7.95955	18.063
16.1805	7.95996	18.0325
16.1481	7.95295	18.0003
16.1147	7.95462	17.9711
16.09	7.95214	17.9479
16.0635	7.94957	17.9229
16.04	7.94695	17.9007
16.0148	7.93793	17.8741
15.9845	7.94073	17.8482
15.9535	7.93251	17.8168
15.9231	7.9299	17.7884
15.894	7.92318	17.7594
15.8597	7.91911	17.7269
15.8284	7.91362	17.6965
15.8001	7.9104	17.6697
15.7731	7.90257	17.642
15.7411	7.90263	17.6134
15.7117	7.89105	17.582
15.6793	7.8899	17.5525
15.6484	7.87992	17.5205
15.6155	7.88085	17.4915
15.5827	7.87137	17.4579
15.552	7.86506	17.4277
15.5246	7.85424	17.3983
15.4948	7.84886	17.3693
15.4678	7.8382	17.3405
15.4367	7.83344	17.3105
15.4166	7.81394	17.2838
15.3837	7.80403	17.25
15.3599	7.79514	17.2248
15.3341	7.7912	17.1999
15.3091	7.77501	17.1703
15.2789	7.76752	17.14
15.2526	7.75083	17.109
15.2186	7.74444	17.0758
15.1971	7.72369	17.0472
15.1643	7.71462	17.0139
15.1366	7.69455	16.9801
15.1073	7.68308	16.9487
15.0884	7.67051	16.9262
15.0692	7.65101	16.9002
15.0378	7.6418	16.8681
15.0125	7.62064	16.836
14.9867	7.60428	16.8055
14.9649	7.58317	16.7766
14.9379	7.56635	16.7448
14.917	7.54321	16.7158
14.889	7.52603	16.683
14.8733	7.50198	16.6582
14.8492	7.48502	16.629
14.8308	7.46221	16.6023
14.8068	7.44668	16.5739
14.7904	7.41435	16.5448
14.7627	7.39378	16.5108
14.7429	7.36339	16.4795
14.7252	7.34006	16.4532
14.7064	7.31941	16.4271
14.6926	7.29179	16.4025
14.671	7.26982	16.3734
14.6617	7.2459	16.3545
14.6399	7.22262	16.3246
14.626	7.19761	16.3011
14.608	7.16985	16.2727
14.5911	7.14522	16.2467
14.5771	7.11912	16.2227
14.5642	7.09327	16.1997
14.5537	7.06686	16.1787
14.5359	7.04289	16.1522
14.5292	7.01674	16.1348
14.5159	6.99316	16.1126
14.508	6.9668	16.094
14.4964	6.93746	16.0709
14.485	6.90784	16.0478
14.4724	6.8827	16.0257
14.4675	6.85887	16.011
14.4532	6.835	15.9879
14.448	6.80597	15.9707
14.4357	6.78257	15.9497
14.4312	6.75506	15.934
14.4213	6.7273	15.9132
14.4119	6.70177	15.8939
14.4066	6.67556	15.8781
14.393	6.65044	15.8552
14.3891	6.62008	15.8389
14.3755	6.59226	15.815
14.3712	6.56191	15.7984
14.3612	6.52975	15.776
14.3512	6.50084	15.7549
14.346	6.47369	15.739
14.3346	6.44751	15.7178
14.3308	6.42049	15.7033
14.3212	6.39005	15.6821
14.3152	6.35936	15.6642
14.3036	6.331	15.6421
14.2959	6.29944	15.6222
14.2845	6.26996	15.6
14.2831	6.24139	15.5873
14.2661	6.22104	15.5635
14.2588	6.19389	15.546
14.2545	6.16823	15.5318
14.248	6.14194	15.5155
14.2429	6.11648	15.5007
14.2373	6.08993	15.4851
14.2323	6.06273	15.4698
14.2283	6.03216	15.4541
14.2242	6.00134	15.4384
14.2173	5.97185	15.4206
14.215	5.94255	15.4071
14.2026	5.91313	15.3844
14.2044	5.88353	15.3746
14.1926	5.8522	15.3518
14.1988	5.82469	15.3471
14.1923	5.79573	15.3301
14.19	5.76582	15.3166
14.1842	5.74087	15.3019
14.1813	5.71013	15.2878
14.173	5.67542	15.2671
14.1716	5.64457	15.2543
14.1625	5.61652	15.2355
14.1617	5.59109	15.2254
14.1554	5.56475	15.2099
14.1533	5.53354	15.1965
14.1484	5.50362	15.1812
14.1462	5.47688	15.1694
14.1424	5.44958	15.156
14.1407	5.42141	15.1444
14.1389	5.39361	15.1328
14.1357	5.36571	15.1198
14.1354	5.33739	15.1096
14.1287	5.31046	15.0937
14.1302	5.28058	15.0847
14.1267	5.25464	15.0723
14.1308	5.22777	15.0668
14.1238	5.19871	15.0502
14.1278	5.16831	15.0435
14.1228	5.13764	15.0282
14.1244	5.10734	15.0194
14.1189	5.07795	15.0043
14.1174	5.05285	14.9944
14.1197	5.02479	14.9872
14.1148	4.99536	14.9727
14.1176	4.96475	14.9651
14.1149	4.93373	14.9523
14.1194	4.91081	14.949
14.1171	4.88501	14.9384
14.1199	4.85891	14.9325
14.111	4.83151	14.9152
14.1108	4.79617	14.9036
14.111	4.76259	14.893
14.1089	4.73304	14.8816
14.1121	4.70134	14.8746
14.1074	4.67022	14.8603
14.1115	4.63425	14.8529
14.1077	4.59948	14.8386
14.1153	4.57079	14.8369
14.1047	4.54284	14.8182
14.1103	4.50587	14.8123
14.1074	4.47209	14.7992
14.1126	4.44055	14.7947
14.1097	4.40971	14.7828
14.1205	4.37925	14.784
14.1182	4.34935	14.7729
14.123	4.3206	14.7691
14.1186	4.29084	14.7563
14.1271	4.26211	14.756
14.1194	4.23602	14.7412
14.1238	4.20558	14.7367
14.1226	4.17375	14.7265
14.1259	4.14325	14.721
14.1223	4.1133	14.7091
14.1283	4.08422	14.7067
14.1241	4.05259	14.694
14.1291	4.02164	14.6903
14.1235	3.98941	14.6761
14.1283	3.96059	14.673
14.1238	3.93129	14.6607
14.1279	3.90136	14.6567
14.1208	3.87025	14.6416
14.1325	3.83676	14.644
14.1302	3.80178	14.6327
14.1243	3.77372	14.6197
14.1308	3.74457	14.6186
14.1242	3.71569	14.6047
14.1268	3.68402	14.5993
14.1222	3.65756	14.5882
14.1182	3.6301	14.5774
14.1137	3.59946	14.5655
14.1064	3.57201	14.5517
14.1045	3.54323	14.5427
14.0981	3.51748	14.5303
14.0988	3.49352	14.5251
14.087	3.46719	14.5074
14.0871	3.43288	14.4993
14.0727	3.40622	14.4791
14.0689	3.37487	14.468
14.0545	3.34317	14.4466
14.0506	3.30827	14.4348
14.0368	3.27668	14.4142
14.0331	3.24365	14.4031
14.0222	3.21351	14.3857
14.0111	3.18669	14.3689
14.0068	3.16217	14.3593
13.9961	3.14093	14.3442
13.9948	3.11842	14.338
13.9774	3.09427	14.3158
13.9707	3.05685	14.3012
13.9573	3.02687	14.2817
13.9421	3.00049	14.2613
13.933	2.96879	14.2457
13.9205	2.94186	14.2279
13.9089	2.91523	14.2111
13.8979	2.88779	14.1947
13.8849	2.86375	14.1771
13.8727	2.84008	14.1604
13.8606	2.81284	14.1431
13.8451	2.79055	14.1235
13.8369	2.76337	14.1102
13.8153	2.74159	14.0847
13.8006	2.71075	14.0643
13.7843	2.68197	14.0428
13.7659	2.6518	14.0189
13.7497	2.62022	13.9971
13.7323	2.59064	13.9745
13.7182	2.56547	13.9561
13.7058	2.54342	13.9398
13.6884	2.52097	13.9186
13.6687	2.49897	13.8952
13.6534	2.47734	13.8764
13.6369	2.45513	13.8561
13.6124	2.43248	13.828
13.5937	2.40725	13.8052
13.5705	2.38805	13.779
13.5527	2.36478	13.7575
13.5314	2.35093	13.7341
13.5087	2.33013	13.7081
13.4835	2.31256	13.6804
13.4608	2.28825	13.6539
13.4372	2.2704	13.6276
13.4131	2.25434	13.6012
13.3884	2.24095	13.5746
13.3673	2.22279	13.5508
13.3441	2.21216	13.5262
13.3252	2.20472	13.5063
13.3105	2.18753	13.489
13.284	2.17201	13.4604
13.2638	2.15729	13.4381
13.2335	2.14599	13.4064
13.2035	2.12717	13.3738
13.171	2.11344	13.3395
13.1415	2.09601	13.3076
13.107	2.08488	13.2718
13.0814	2.06411	13.2432
13.0498	2.05458	13.2106
13.0182	2.03239	13.1759
12.9838	2.02226	13.1403
12.9552	2.00178	13.1089
12.9279	1.99671	13.0812
12.9035	1.97864	13.0543
12.8752	1.97576	13.026
12.85	1.96137	12.9988
12.8181	1.95726	12.9667
12.7929	1.93637	12.9386
12.757	1.92339	12.9012
12.7252	1.91255	12.8682
12.7008	1.90155	12.8423
12.6725	1.8977	12.8138
12.6468	1.88816	12.787
12.6287	1.87912	12.7677
12.6064	1.87934	12.7457
12.5832	1.87017	12.7214
12.5543	1.87239	12.6931
12.5206	1.85837	12.6578
12.4858	1.85672	12.6231
12.4527	1.84343	12.5884
12.4171	1.84466	12.5533
12.3835	1.83352	12.5185
12.3495	1.83509	12.4851
12.3198	1.82633	12.4545
12.2893	1.82858	12.4246
12.2572	1.81714	12.3911
12.2271	1.81525	12.3611
12.1972	1.8212	12.3324
12.1653	1.81698	12.3003
12.1318	1.82476	12.2683
12.0993	1.82296	12.2358
12.0687	1.83329	12.2071
12.0381	1.83269	12.1768
12.0083	1.84479	12.1491
11.977	1.84805	12.1188
11.9449	1.86371	12.0894
11.9092	1.8696	12.055
11.8751	1.88216	12.0233
11.8465	1.89503	11.9971
11.8205	1.90458	11.973
11.7983	1.91921	11.9534
11.7688	1.92826	11.9257
11.7479	1.94928	11.9085
11.7184	1.95821	11.8809
11.692	1.98011	11.8585
11.6588	1.99198	11.8277
11.6329	2.01471	11.8061
11.6064	2.03205	11.783
11.5849	2.05714	11.7661
11.5582	2.0743	11.7429
11.5377	2.10047	11.7273
11.5163	2.12067	11.7099
11.4973	2.14436	11.6956
11.4769	2.16375	11.6791
11.4634	2.18858	11.6705
11.4375	2.21003	11.6491
11.4252	2.2432	11.6434
11.4024	2.26836	11.6258
11.3846	2.29205	11.613
11.3713	2.3246	11.6065
11.3558	2.35408	11.5973
11.3449	2.38301	11.5925
11.3423	2.40966	11.5954
11.3246	2.43732	11.5839
11.3202	2.47247	11.5871
11.3052	2.50262	11.5789
11.2979	2.53188	11.5781
11.2884	2.56138	11.5753
11.2859	2.59198	11.5798
11.2808	2.62345	11.5819
11.2771	2.65312	11.585
11.2659	2.68158	11.5807
11.2581	2.71404	11.5807
11.264	2.74665	11.594
11.2574	2.77902	11.5954
11.2655	2.8078	11.6101
11.2574	2.8403	11.6102
11.2632	2.87584	11.6246
11.274	2.90944	11.6433
11.2727	2.94314	11.6506
11.2765	2.9717	11.6615
11.2903	3.00194	11.6826
11.2918	3.03604	11.6929
11.3075	3.07016	11.7169
11.3093	3.10459	11.7277
11.3179	3.1293	11.7426
11.3321	3.15376	11.7628
11.3393	3.18363	11.7777
11.3599	3.20898	11.8045
11.3688	3.24153	11.8219
11.3902	3.26787	11.8497
11.4033	3.30446	11.8724
11.4254	3.33853	11.9032
11.4385	3.36904	11.9243
11.4608	3.39248	11.9523
11.4709	3.42303	11.9707
11.4936	3.44639	11.9992
11.5064	3.47647	12.0201
11.5361	3.50259	12.0561
11.5531	3.53393	12.0815
11.5805	3.55725	12.1145
11.598	3.58115	12.1383
11.6213	3.5993	12.166
11.6422	3.62384	12.1932
11.6673	3.64209	12.2225
11.6884	3.67026	12.2511
11.7136	3.69059	12.2812
11.735	3.71224	12.3082
11.7623	3.72733	12.3387
11.7835	3.7496	12.3657
11.8113	3.76483	12.3968
11.8322	3.78854	12.4239
11.8626	3.81034	12.4595
11.8845	3.83107	12.4867
11.9109	3.84247	12.5153
11.9346	3.86291	12.5442
11.9643	3.87775	12.577
11.9879	3.89795	12.6057
12.0192	3.91375	12.6404
12.047	3.93179	12.6724
12.0753	3.94201	12.7025
12.0983	3.96352	12.731
12.1288	3.97352	12.7631
12.1552	3.99122	12.7937
12.1889	3.99741	12.8277
12.2171	4.01456	12.8598
12.2554	4.01819	12.8973
12.2863	4.03418	12.9317
12.3189	4.04313	12.9655
12.349	4.05297	12.9971
12.3768	4.06565	13.0275
12.4038	4.07569	13.0563
12.4336	4.08518	13.0875
12.4648	4.09188	13.1192
12.4885	4.11206	13.1481
12.5199	4.12152	13.1809
12.5512	4.12899	13.2129
12.5816	4.13487	13.2437
12.61	4.14333	13.2732
12.6353	4.15047	13.2995
12.6682	4.14888	13.3303
12.7022	4.15952	13.3659
12.7314	4.16085	13.3941
12.7614	4.16691	13.4245
12.7934	4.16952	13.4557
12.8257	4.1773	13.4888
12.8563	4.178	13.5182
12.8834	4.18005	13.5445
12.9123	4.18456	13.5734
12.9386	4.1798	13.597
12.9685	4.18416	13.6267
12.9918	4.18102	13.648
13.0155	4.19033	13.6734
13.0445	4.19199	13.7015
13.0728	4.2026	13.7317
13.1031	4.20155	13.7602
13.1299	4.20549	13.787
13.1609	4.21099	13.8181
13.1909	4.21278	13.8473
13.2194	4.21715	13.8758
13.2468	4.21861	13.9023
13.2759	4.22187	13.9311
13.305	4.22471	13.9596
13.3367	4.22614	13.9903
13.3625	4.23275	14.0169
13.3898	4.23691	14.0441
13.4185	4.24561	14.0742
13.4498	4.25354	14.1064
13.4786	4.2631	14.1367
13.5041	4.27867	14.1658
13.5285	4.29382	14.1935
13.5509	4.30671	14.2188
13.5753	4.31671	14.2451
13.5954	4.33026	14.2684
13.6165	4.34837	14.294
13.6381	4.36968	14.321
13.66	4.38676	14.3471
13.6823	4.40977	14.3754
13.7055	4.42947	14.4035
13.7243	4.45256	14.4285
13.7429	4.47282	14.4525
13.7554	4.48905	14.4694
13.7725	4.50833	14.4916
13.7873	4.53225	14.5131
13.8007	4.5591	14.5343
13.8144	4.58384	14.5551
13.8317	4.61109	14.5801
13.84	4.64094	14.5974
13.8573	4.66737	14.6222
13.8692	4.6955	14.6425
13.8786	4.72684	14.6614
13.8915	4.75296	14.6821
13.9038	4.77006	14.6992
13.9096	4.79647	14.7133
13.9236	4.82213	14.735
13.9294	4.84899	14.7493
13.9405	4.87501	14.7683
13.949	4.90227	14.7854
13.9578	4.92943	14.8027
13.9659	4.95562	14.819
13.967	4.98134	14.8287
13.9777	5.00802	14.8478
13.9835	5.03372	14.8619
13.9932	5.05977	14.8799
14.0047	5.08434	14.899
14.0106	5.11175	14.914
14.0171	5.13633	14.9285
14.0195	5.15752	14.9381
14.0273	5.18281	14.9542
14.0316	5.20909	14.9673
14.0403	5.23538	14.9846
14.0443	5.26202	14.9977
14.0532	5.29098	15.0162
14.0551	5.32321	15.0294
14.0631	5.35327	15.0475
14.0703	5.38234	15.0646
14.0742	5.40938	15.078
14.0763	5.43585	15.0894
14.0799	5.45775	15.1007
14.0917	5.47889	15.1194
14.095	5.50977	15.1337
14.102	5.53549	15.1495
14.104	5.56171	15.161
14.1144	5.58926	15.1807
14.1185	5.61946	15.1957
14.1268	5.64646	15.2134
14.1318	5.67369	15.2282
14.1376	5.70008	15.2434
14.1411	5.73139	15.2584
14.1455	5.76382	15.2747
14.1547	5.79387	15.2946
14.1588	5.82173	15.309
14.1659	5.84508	15.3244
14.1693	5.87228	15.338
14.1816	5.89911	15.3596
14.1884	5.9273	15.3767
14.1927	5.95165	15.3901
14.2002	5.97707	15.4068
14.2047	6.00356	15.4213
14.2158	6.02642	15.4404
14.2263	6.05152	15.4599
14.2319	6.08063	15.4765
14.2376	6.11246	15.4943
14.2454	6.14039	15.5125
14.2535	6.17057	15.5319
14.2602	6.20016	15.5498
14.2734	6.22967	15.5737
14.2782	6.25923	15.5899
14.2857	6.28384	15.6067
14.288	6.30754	15.6183
14.2979	6.33368	15.6379
14.3038	6.36148	15.6547
14.3133	6.38819	15.6742
14.3156	6.41988	15.6892
14.3257	6.44949	15.7105
14.3336	6.47773	15.7293
14.343	6.50432	15.7489
14.3601	6.53216	15.776
14.3644	6.56043	15.7916
14.3757	6.58737	15.8131
14.3786	6.61461	15.8271
14.3916	6.6407	15.8499
14.4006	6.66987	15.8703
14.4076	6.69597	15.8876
14.421	6.72344	15.9113
14.4317	6.75698	15.9352
14.4501	6.78398	15.9634
14.4562	6.81547	15.9822
14.4716	6.84489	16.0087
14.484	6.87113	16.0312
14.495	6.89595	16.0518
14.5065	6.91963	16.0724
14.5207	6.94414	16.0957
14.5359	6.97803	16.124
14.557	7.00539	16.1549
14.5692	7.03115	16.1771
14.5847	7.05427	16.2011
14.5974	7.07367	16.221
14.6133	7.09405	16.2442
14.63	7.11115	16.2667
14.6462	7.12874	16.289
14.6605	7.15087	16.3115
14.6781	7.17419	16.3375
14.6935	7.19298	16.3596
14.7123	7.21107	16.3845
14.7315	7.23508	16.4123
14.7526	7.25649	16.4407
14.7723	7.27808	16.4679
14.7884	7.29401	16.4893
14.8076	7.3106	16.5139
14.8257	7.33052	16.539
14.8468	7.34604	16.5648
14.8644	7.36655	16.5897
14.8871	7.38391	16.6177
14.9084	7.40438	16.6459
14.929	7.42469	16.6734
14.9536	7.43933	16.7019
14.9755	7.46076	16.7311
15.0048	7.46948	16.7612
15.0251	7.4931	16.7899
15.0514	7.50881	16.8204
15.0772	7.52871	16.8524
15.0978	7.54394	16.8776
15.1124	7.55699	16.8966
15.1343	7.57425	16.9239
15.1609	7.58549	16.9526
15.1856	7.60056	16.9815
15.2109	7.61108	17.0088
15.2359	7.62617	17.0379
15.2625	7.63772	17.0669
15.2891	7.64958	17.096
15.3164	7.66417	17.1269
15.3459	7.67828	17.1596
15.3761	7.69138	17.1924
15.4045	7.70335	17.2233
15.4338	7.71277	17.2537
15.4637	7.72311	17.2851
15.4907	7.73757	17.3156
15.5203	7.74693	17.3463
15.5464	7.7595	17.3753
15.5741	7.76809	17.4039
15.5962	7.77831	17.4282
15.6232	7.785	17.4554
15.6505	7.794	17.4838
15.6808	7.80071	17.514
15.7066	7.80995	17.5411
15.7354	7.8167	17.5699
15.7632	7.8263	17.5991
15.7898	7.83789	17.6281
15.8203	7.84731	17.6596
15.8458	7.85551	17.6861
15.8712	7.85529	17.7088
15.8946	7.86193	17.7327
15.9198	7.86845	17.7582
15.949	7.87458	17.787
15.9771	7.87993	17.8146
16.0079	7.89075	17.8471
16.0389	7.89552	17.8769
16.0685	7.90325	17.9069
16.0936	7.90538	17.9304
16.1224	7.90898	17.9578
16.1497	7.91596	17.9855
16.1768	7.92188	18.0124
16.2049	7.92794	18.0403
16.2322	7.92782	18.0647
16.2616	7.93892	18.096
16.2914	7.93904	18.1229
16.3226	7.94185	18.1521
16.3492	7.94943	18.1794
16.3802	7.94678	18.2061
16.4101	7.95298	18.2357
16.4356	7.95829	18.261
16.4692	7.96207	18.2928
16.4972	7.97161	18.3223
16.5268	7.97338	18.3497
16.5564	7.98135	18.3798
16.5856	7.98413	18.4073
16.617	7.99155	18.4389
16.6477	7.99177	18.4666
16.6706	7.99889	18.4903
16.6928	7.99897	18.5103
16.7245	8.0098	18.5436
16.7523	8.01158	18.5695
16.7779	8.01828	18.5955
16.8109	8.02082	18.6263
16.8389	8.03071	18.6559
16.8707	8.02919	18.6839
16.9004	8.04017	18.7154
16.9326	8.042	18.7453
16.9572	8.04999	18.771
16.9881	8.05059	18.7992
17.0185	8.05533	18.8287
17.0498	8.06602	18.8615
17.0749	8.07058	18.8861
17.0979	8.07418	18.9085
17.1236	8.07907	18.9338
17.1487	8.08215	18.9578
17.1745	8.08893	18.9841
17.207	8.08549	19.012
17.2364	8.09156	19.0412
17.2621	8.09563	19.0661
17.2862	8.10237	19.0909
17.3093	8.10501	19.1129
17.3315	8.11479	19.1372
17.361	8.11264	19.163
17.3947	8.12814	19.2
17.4291	8.13446	19.2339
17.4594	8.14593	19.2662
17.4977	8.14421	19.3002
17.5312	8.15635	19.3357
17.5628	8.1671	19.3689
17.5908	8.17123	19.396
17.6158	8.18896	19.4262
17.6438	8.19894	19.4558
17.6713	8.20831	19.4846
17.6962	8.22016	19.5122
17.7282	8.22222	19.5422
17.7555	8.23937	19.5741
17.7831	8.24675	19.6023
17.8071	8.26598	19.6321
17.8377	8.27501	19.6636
17.8665	8.29197	19.697
17.8963	8.30191	19.7281
17.9225	8.32445	19.7614
17.9548	8.33684	19.7959
17.9819	8.35826	19.8295
18.0142	8.36846	19.8631
18.0403	8.38888	19.8953
18.07	8.39687	19.9256
18.0935	8.42459	19.9587
18.1247	8.43728	19.9923
18.1498	8.4602	20.0248
18.1804	8.4718	20.0574
18.2054	8.49508	20.0899
18.2378	8.50968	20.1254
18.2613	8.53501	20.1574
18.2931	8.55745	20.1957
18.3127	8.58368	20.2246
18.3449	8.60078	20.2611
18.3658	8.62987	20.2923
18.3951	8.64833	20.3267
18.4148	8.6784	20.3573
18.4428	8.69526	20.3898
18.4601	8.72315	20.4174
18.4867	8.74302	20.4499
18.5042	8.77317	20.4786
18.528	8.79018	20.5074
18.5426	8.81874	20.5329
18.5673	8.84484	20.5664
18.5792	8.87482	20.5901
18.6019	8.8987	20.6208
18.6186	8.93965	20.6535
18.6378	8.9757	20.6864
18.6511	9.0088	20.7128
18.6635	9.03818	20.7368
18.6752	9.07353	20.7628
18.6865	9.1028	20.7857
18.6904	9.1334	20.8026
18.7109	9.15908	20.8324
18.717	9.19712	20.8545
18.7268	9.22894	20.8774
18.7243	9.26172	20.8897
18.7373	9.29674	20.9169
18.7351	9.33304	20.9311
18.7442	9.36476	20.9534
18.7405	9.40055	20.9661
18.7452	9.43341	20.9851
18.7374	9.46453	20.9921
18.7388	9.49832	21.0086
18.734	9.52979	21.0186
18.7333	9.56146	21.0323
18.7205	9.58946	21.0337
18.7238	9.62177	21.0514
18.712	9.6552	21.0562
18.7094	9.68775	21.0688
18.6918	9.71696	21.0667
18.6808	9.75335	21.0737
18.6694	9.78953	21.0803
18.6569	9.82242	21.0846
18.6453	9.85049	21.0874
18.6366	9.87496	21.0912
18.6212	9.89165	21.0854
18.6135	9.9185	21.0912
18.5932	9.94051	21.0836
18.5847	9.97517	21.0925
18.5675	10.0015	21.0899
18.5534	10.0276	21.0899
18.5261	10.0542	21.0785
18.511	10.0862	21.0805
18.4808	10.1157	21.0682
18.4644	10.1415	21.0662
18.4383	10.165	21.0546
18.4222	10.1937	21.0544
18.3944	10.2114	21.0387
18.3753	10.2386	21.0352
18.3469	10.2576	21.0197
18.3276	10.2813	21.0144
18.3004	10.3012	21.0005
18.2831	10.329	20.9991
18.2537	10.3439	20.9808
18.2396	10.364	20.9785
18.2149	10.3803	20.965
18.1937	10.4016	20.9572
18.1655	10.4132	20.9385
18.1443	10.4373	20.9321
18.1172	10.4558	20.9179
18.0936	10.4739	20.9065
18.0623	10.4896	20.8873
18.0359	10.5089	20.8742
18.0067	10.5197	20.8543
17.9782	10.5441	20.8421
17.952	10.5554	20.8252
17.9295	10.5751	20.8158
17.8998	10.5798	20.7926
17.8735	10.5981	20.7794
17.8404	10.6071	20.7555
17.8131	10.6289	20.7432
17.787	10.6401	20.7266
17.7624	10.6553	20.7133
17.7333	10.6628	20.6922
17.7086	10.6827	20.6813
17.6729	10.6922	20.6556
17.6374	10.7102	20.6346
17.6078	10.7196	20.6142
17.5832	10.7371	20.6023
17.5474	10.7384	20.5725
17.5172	10.7548	20.5553
17.4914	10.7622	20.5371
17.4696	10.7768	20.5262
17.4389	10.7832	20.5034
17.4121	10.8	20.4895
17.3789	10.8022	20.4625
17.3499	10.8186	20.4465
17.3169	10.8256	20.4223
17.2917	10.8413	20.4092
17.2607	10.848	20.3865
17.2296	10.8615	20.3674
17.2003	10.8687	20.3464
17.1723	10.8836	20.3308
17.1392	10.8834	20.3027
17.1083	10.8969	20.2839
17.0764	10.9012	20.2593
17.0435	10.9185	20.2409
17.0063	10.921	20.2109
16.9748	10.9315	20.1901
16.9457	10.9382	20.1693
16.918	10.9522	20.1537
16.8874	10.9563	20.1302
16.8544	10.9775	20.1141
16.8181	10.9848	20.0877
16.7904	11.0014	20.0736
16.752	11.0045	20.0432
16.7197	11.021	20.0253
16.6835	11.0313	20.0007
16.6558	11.0516	19.9888
16.6276	11.0548	19.9671
16.6032	11.0705	19.9555
16.5709	11.0829	19.9355
16.548	11.1021	19.9272
16.5182	11.1138	19.909
16.4941	11.1319	19.8991
16.4701	11.143	19.8854
16.4484	11.1583	19.8761
16.4211	11.1657	19.8576
16.3972	11.1857	19.8491
16.3669	11.1956	19.8297
16.3426	11.2177	19.8221
16.3109	11.2289	19.8023
16.2853	11.2523	19.7946
16.2562	11.2667	19.7788
16.2351	11.2913	19.7755
16.1998	11.3096	19.7571
16.1764	11.337	19.7535
16.1524	11.353	19.7431
16.137	11.3794	19.7457
16.1102	11.4039	19.738
16.0855	11.4258	19.7305
16.0659	11.4475	19.7271
16.0419	11.4634	19.7167
16.0251	11.4898	19.7185
15.9943	11.4994	19.6991
15.9697	11.5225	19.6926
15.9572	11.5492	19.6981
15.9359	11.5652	19.6903
15.9302	11.5974	19.7045
15.9163	11.6291	19.712
15.8901	11.6531	19.7051
15.8759	11.6878	19.7142
15.8484	11.7093	19.7048
15.8368	11.7381	19.7127
15.8128	11.7625	19.7079
15.8003	11.7948	19.7172
15.7781	11.82	19.7145
15.7688	11.8576	19.7296
15.7505	11.8878	19.7332
15.7364	11.9194	19.741
15.7168	11.9503	19.744
15.7089	11.9825	19.7572
15.6893	12.0092	19.7579
15.6856	12.0428	19.7754
15.6667	12.0715	19.778
15.6593	12.1037	19.7917
15.6439	12.1303	19.7959
15.6388	12.1619	19.8112
15.6233	12.1944	19.8189
15.6187	12.2311	19.838
15.6029	12.2613	19.8441
15.6059	12.2944	19.867
15.6019	12.3219	19.8809
15.5914	12.3487	19.8893
15.5898	12.3786	19.9065
15.5791	12.4064	19.9155
15.5803	12.4361	19.9349
15.5765	12.4631	19.9489
15.5777	12.4863	19.9643
15.5637	12.5087	19.9674
15.5608	12.5314	19.9794
15.5642	12.5592	19.9994
15.5572	12.5874	20.0117
15.5608	12.617	20.0331
15.5525	12.6473	20.0458
15.5559	12.6848	20.0721
15.5608	12.7203	20.0983
15.5642	12.7512	20.1205
15.5707	12.7868	20.1482
15.5776	12.8237	20.1769
15.5833	12.8579	20.2031
15.596	12.8892	20.2328
15.5969	12.9225	20.2547
15.6137	12.9536	20.2875
15.6187	12.9846	20.3111
15.6325	13.0115	20.339
15.6403	13.041	20.3639
15.6579	13.0706	20.3964
15.6655	13.0972	20.4192
15.681	13.1224	20.4472
15.6878	13.1469	20.4682
15.7077	13.1665	20.4961
15.7119	13.1903	20.5146
15.7303	13.2135	20.5436
15.7388	13.2405	20.5674
15.7617	13.2591	20.5969
15.7813	13.2862	20.6294
15.8008	13.3084	20.6586
15.8158	13.3344	20.6869
15.8399	13.3467	20.7132
15.8653	13.3751	20.751
15.8829	13.3953	20.7774
15.9012	13.4161	20.8048
15.9239	13.4336	20.8334
15.9437	13.4576	20.8641
15.9722	13.4738	20.8962
15.9922	13.4999	20.9284
16.0206	13.5175	20.9614
16.0379	13.5399	20.9891
16.0657	13.5547	21.0199
16.0889	13.5779	21.0526
16.1199	13.5888	21.0833
16.143	13.6089	21.114
16.1724	13.6226	21.1453
16.1951	13.6428	21.1756
16.2239	13.6536	21.2046
16.2522	13.672	21.2381
16.2799	13.6789	21.2638
16.3041	13.6979	21.2945
16.3352	13.7061	21.3236
16.3611	13.7296	21.3585
16.3975	13.7463	21.3972
16.4273	13.7577	21.4273
16.4494	13.7724	21.4537
16.4796	13.7769	21.4798
16.5017	13.7973	21.5098
16.5317	13.8054	21.538
16.5583	13.8209	21.5684
16.5915	13.8247	21.5963
16.6151	13.8427	21.626
16.6481	13.8516	21.657
16.6795	13.8667	21.6908
16.7113	13.8747	21.7204
16.7401	13.8875	21.7507
16.769	13.892	21.7758
16.7967	13.9119	21.8099
16.833	13.92	21.843
16.8675	13.9378	21.8809
16.9028	13.9436	21.9118
16.9323	13.9593	21.9446
16.965	13.9646	21.9732
16.9964	13.9779	22.0059
17.0259	13.9805	22.0304
17.0541	13.9977	22.063
17.0847	14.0048	22.0912
17.1084	14.0186	22.1183
17.1359	14.0281	22.1456
17.1601	14.0331	22.1675
17.183	14.0442	22.1923
17.2103	14.0461	22.2146
17.2322	14.0637	22.2427
17.2658	14.0699	22.2726
17.2919	14.0847	22.3023
17.325	14.0913	22.3321
17.3531	14.1084	22.3647
17.3872	14.1145	22.3949
17.4134	14.132	22.4264
17.4383	14.1288	22.4437
17.4669	14.1359	22.4704
17.4906	14.1525	22.4992
17.5213	14.1587	22.5269
17.544	14.1799	22.558
17.5798	14.1902	22.5922
17.6082	14.2095	22.6265
17.641	14.2215	22.6596
17.6661	14.2389	22.69
17.6983	14.2444	22.7186
17.725	14.2621	22.7504
17.7561	14.2697	22.7795
17.7856	14.2901	22.8152
17.8209	14.2962	22.8466
17.8498	14.3148	22.8807
17.8806	14.3237	22.9103
17.9067	14.3417	22.942
17.9365	14.3497	22.9702
17.9632	14.3676	23.0023
17.9975	14.3734	23.0327
18.0271	14.3881	23.065
18.0545	14.4006	23.0943
18.0829	14.4152	23.1255
18.1112	14.4262	23.1545
18.1335	14.4401	23.1806
18.1625	14.4449	23.2063
18.1954	14.4584	23.2405
18.2232	14.472	23.2707
18.249	14.4868	23.3001
18.275	14.4959	23.3261
18.298	14.5151	23.3561
18.3258	14.529	23.3865
18.3523	14.5411	23.4147
18.3758	14.5553	23.442
18.4035	14.5641	23.4692
18.4213	14.5856	23.4965
18.4498	14.598	23.5265
18.4785	14.6218	23.5638
18.5129	14.6303	23.5961
18.5407	14.6506	23.6304
18.5697	14.6594	23.6587
18.5927	14.6841	23.692
18.6206	14.6966	23.7217
18.6449	14.7143	23.7517
18.673	14.7236	23.7795
18.6942	14.7437	23.8086
18.724	14.7573	23.8404
18.7504	14.7768	23.8732
18.773	14.7934	23.9013
18.7957	14.804	23.9256
18.8171	14.8187	23.9516
18.8437	14.8313	23.9802
18.8665	14.8509	24.0103
18.893	14.8633	24.0388
18.9143	14.8856	24.0694
18.9432	14.8988	24.1002
18.9643	14.9217	24.1309
18.9952	14.9379	24.1652
19.0128	14.9622	24.1941
19.0434	14.9783	24.2281
19.0666	15.0047	24.2626
19.0956	15.0217	24.296
19.1204	15.046	24.3304
19.1451	15.0656	24.362
19.1641	15.0845	24.3886
19.1882	15.0996	24.417
19.2014	15.1211	24.4405
19.2293	15.1362	24.4719
19.2523	15.1602	24.5047
19.2768	15.1792	24.5358
19.2972	15.2065	24.5687
19.3263	15.2275	24.6045
19.3462	15.2554	24.6374
19.374	15.2732	24.6703
19.3889	15.2956	24.6958
19.416	15.3138	24.7284
19.435	15.3404	24.7597
19.4672	15.361	24.7978
19.4884	15.3888	24.8317
19.5169	15.4141	24.8697
19.5381	15.4401	24.9025
19.5627	15.4597	24.9339
19.5827	15.4908	24.9689
19.6195	15.5056	25.007
19.6467	15.525	25.0404
19.6661	15.5522	25.0725
19.6925	15.5711	25.1048
19.7137	15.5889	25.1325
19.7302	15.6103	25.1588
19.7535	15.6289	25.1885
19.7669	15.6485	25.2112
19.7856	15.6666	25.2372
19.8077	15.6847	25.2657
19.83	15.7047	25.2956
19.8514	15.7248	25.3249
19.869	15.738	25.3468
19.8864	15.7548	25.3709
19.917	15.7711	25.4051
19.9396	15.7963	25.4383
19.9668	15.8148	25.4712
19.9879	15.8389	25.5027
20.0156	15.8554	25.5347
20.035	15.8739	25.5613
20.0614	15.8867	25.59
20.0868	15.9095	25.624
20.1136	15.9193	25.6511
20.1329	15.9413	25.6799
20.1668	15.9516	25.7129
20.194	15.9765	25.7496
20.2262	15.9911	25.784
20.2511	16.0118	25.8164
20.2788	16.0214	25.8441
20.3057	16.0368	25.8747
20.33	16.0522	25.9034
20.3566	16.0662	25.9329
20.385	16.0865	25.9678
20.4219	16.1023	26.0065
20.452	16.1211	26.0418
20.4799	16.1313	26.07
20.5065	16.1473	26.1008
20.5387	16.1582	26.1328
20.5666	16.1734	26.1642
20.5963	16.1826	26.1933
20.6225	16.198	26.2233
20.6522	16.2042	26.2505
20.6787	16.2154	26.2783
20.7038	16.2233	26.3029
20.7282	16.2352	26.3295
20.7572	16.2396	26.355
20.7821	16.2554	26.3843
20.8135	16.2615	26.4128
20.8403	16.2756	26.4426
20.8693	16.2781	26.467
20.897	16.2881	26.495
20.9246	16.2997	26.5239
20.9531	16.3076	26.5513
20.9731	16.3221	26.576
21.002	16.3264	26.6014
21.0289	16.3428	26.6327
21.0632	16.3457	26.6616
21.0915	16.3536	26.6888
21.1237	16.363	26.72
21.1603	16.3784	26.7584
21.1954	16.3806	26.7875
21.2264	16.3911	26.8184
21.2533	16.393	26.8409
21.2789	16.4045	26.8682
21.3104	16.4104	26.8968
21.3426	16.4225	26.9296
21.3717	16.4278	26.9559
21.4006	16.4418	26.9874
21.4318	16.4451	27.0142
21.4611	16.4549	27.0433
21.4943	16.4597	27.0726
21.5256	16.4704	27.1039
21.5598	16.4729	27.1327
21.5901	16.486	27.1647
21.6227	16.4883	27.192
21.6527	16.4991	27.2224
21.6832	16.5016	27.2482
21.711	16.5118	27.2765
21.7407	16.5141	27.3016
21.7669	16.5266	27.3299
21.7979	16.5285	27.3558
21.8241	16.5379	27.3824
21.8502	16.5401	27.4045
21.878	16.5455	27.4299
21.9088	16.5522	27.4585
21.938	16.5582	27.4855
21.9651	16.5687	27.5134
21.9951	16.5709	27.5387
22.0224	16.5779	27.5647
22.0506	16.5771	27.5867
22.0804	16.5847	27.6152
22.11	16.5894	27.6416
22.1394	16.6004	27.6717
22.1691	16.6035	27.6974
22.1974	16.6138	27.7262
22.2266	16.618	27.7521
22.2501	16.6222	27.7734
22.2771	16.6254	27.797
22.3054	16.6294	27.822
22.3328	16.6404	27.8506
22.364	16.6404	27.8757
22.392	16.6501	27.9039
22.4267	16.6601	27.9377
22.4625	16.6683	27.9714
22.4981	16.6823	28.0083
22.5307	16.6887	28.0382
22.5596	16.7003	28.0684
22.5899	16.7032	28.0945
22.6181	16.7127	28.1228
22.6424	16.7201	28.1467
22.6664	16.7299	28.1718
22.6946	16.7308	28.1951
22.7202	16.7434	28.2232
22.7493	16.7449	28.2475
22.7773	16.7582	28.278
22.8089	16.766	28.3081
22.8376	16.7746	28.3363
22.8677	16.7795	28.3634
22.8959	16.7924	28.3937
22.9247	16.796	28.4192
22.9608	16.8138	28.4587
22.9955	16.8214	28.4913
23.0254	16.834	28.5228
23.0543	16.8411	28.5504
23.0822	16.8533	28.5801
23.1164	16.8639	28.614
23.1471	16.878	28.6471
23.1802	16.8833	28.677
23.2106	16.8961	28.7091
23.2487	16.9043	28.7446
23.2824	16.9184	28.7802
23.3128	16.9315	28.8126
23.3383	16.9463	28.8419
23.3672	16.9535	28.8695
23.3884	16.9745	28.899
23.4197	16.988	28.9323
23.4407	16.9981	28.9552
23.4587	17.0118	28.9778
23.4878	17.02	29.0062
23.5126	17.038	29.0368
23.5421	17.0481	29.0667
23.5733	17.0666	29.1028
23.603	17.0751	29.1318
23.627	17.0959	29.1635
23.6596	17.105	29.1952
23.6844	17.1218	29.2251
23.709	17.131	29.2504
23.7292	17.1505	29.2782
23.7618	17.163	29.3119
23.7861	17.1851	29.3446
23.8194	17.2018	29.3814
23.8461	17.222	29.4148
23.8725	17.2418	29.4479
23.8993	17.2601	29.4803
23.9239	17.2767	29.51
23.9418	17.2959	29.5357
23.9662	17.3095	29.5635
23.9887	17.3302	29.5938
24.0112	17.3439	29.6201
24.0302	17.3658	29.6483
24.0555	17.3815	29.678
24.077	17.4109	29.7127
24.1046	17.4311	29.7468
24.1259	17.4549	29.778
24.1481	17.4708	29.8054
24.166	17.4952	29.8341
24.1949	17.5148	29.8691
24.2152	17.543	29.902
24.2423	17.5635	29.936
24.2605	17.5889	29.9657
24.2785	17.6097	29.9925
24.3003	17.6294	30.0217
24.3151	17.6493	30.0453
24.3347	17.669	30.0727
24.3454	17.6947	30.0966
24.3683	17.7162	30.1277
24.3848	17.7435	30.1571
24.4034	17.7638	30.1841
24.4169	17.7868	30.2085
24.4343	17.8047	30.2332
24.4465	17.8298	30.2578
24.4726	17.8514	30.2916
24.4854	17.8766	30.3168
24.5039	17.8994	30.3452
24.5105	17.924	30.365
24.5301	17.9451	30.3933
24.541	17.9706	30.4171
24.5579	17.995	30.4452
24.5725	18.0188	30.471
24.5845	18.0436	30.4954
24.5995	18.0674	30.5216
24.6047	18.1008	30.5455
24.6223	18.1384	30.582
24.6433	18.1769	30.6217
24.6512	18.214	30.6501
24.6726	18.2449	30.6858
24.6843	18.2784	30.7151
24.6966	18.3084	30.7428
24.7102	18.3429	30.7743
24.7179	18.3757	30.8001
24.7295	18.4023	30.8252
24.7315	18.4323	30.8447
24.747	18.4603	30.8739
24.747	18.4951	30.8947
24.7633	18.5285	30.9277
24.7669	18.5606	30.9499
24.7821	18.5902	30.9797
24.7837	18.6265	31.0029
24.7959	18.6592	31.0323
24.7942	18.6906	31.0498
24.8112	18.7163	31.0789
24.8142	18.7534	31.1036
24.8122	18.7905	31.1244
24.8212	18.8248	31.1523
24.8167	18.8636	31.1722
24.8293	18.8999	31.2041
24.8278	18.9355	31.2245
24.8324	18.9622	31.2444
24.8298	18.9873	31.2575
24.8356	19.0168	31.2802
24.8288	19.048	31.2937
24.8384	19.0755	31.318
24.8353	19.1089	31.336
24.8464	19.141	31.3643
24.8438	19.1776	31.3847
24.8432	19.2063	31.4016
24.8367	19.2357	31.4146
24.8437	19.2689	31.4404
24.8368	19.3021	31.4553
24.8418	19.3356	31.4798
24.8345	19.3661	31.4928
24.8401	19.3981	31.517
24.8288	19.43	31.5277
24.8298	19.4665	31.551
24.8148	19.4975	31.5584
24.8164	19.531	31.5803
24.8064	19.5619	31.5915
24.8141	19.5971	31.6194
24.8063	19.6228	31.6292
24.8046	19.6544	31.6475
24.7972	19.6811	31.6582
24.7984	19.7087	31.6764
24.786	19.7337	31.6822
24.7828	19.7648	31.6991
24.7668	19.7928	31.7041
24.7636	19.8263	31.7226
24.7527	19.8566	31.7329
24.7498	19.8884	31.7506
24.7382	19.918	31.7602
24.7395	19.9504	31.7815
24.7277	19.9817	31.792
24.7275	20.014	31.8121
24.7183	20.042	31.8226
24.7174	20.0723	31.8409
24.7032	20.101	31.8481
24.6981	20.1339	31.8649
24.6845	20.1628	31.8726
24.6873	20.1988	31.8975
24.6755	20.2313	31.909
24.6704	20.2633	31.9254
24.6552	20.2876	31.929
24.649	20.32	31.9449
24.6341	20.3462	31.9501
24.6305	20.3784	31.9678
24.6144	20.4091	31.975
24.6126	20.4432	31.9954
24.5976	20.4731	32.003
24.5946	20.5062	32.0218
24.5753	20.5325	32.0239
24.5636	20.5584	32.0316
24.5618	20.5886	32.0495
24.5517	20.6138	32.058
24.5504	20.6403	32.0741
24.5346	20.6676	32.0795
24.5351	20.7019	32.102
24.5231	20.7378	32.116
24.5168	20.7662	32.1296
24.5032	20.7902	32.1347
24.4997	20.8198	32.1512
24.4865	20.8446	32.1572
24.4845	20.8774	32.177
24.4698	20.9065	32.1846
24.4586	20.938	32.1966
24.4565	20.9691	32.2153
24.4419	20.9979	32.2229
24.4391	21.0304	32.242
24.4231	21.0529	32.2446
24.4252	21.0823	32.2654
24.4177	21.1106	32.2782
24.4087	21.1371	32.2888
24.4059	21.1664	32.3058
24.3928	21.1945	32.3143
24.3968	21.2298	32.3405
24.3868	21.2632	32.3549
24.3834	21.2934	32.3722
24.3699	21.3213	32.3804
24.3673	21.3528	32.3991
24.3514	21.3809	32.4058
24.3448	21.4125	32.4217
24.3343	21.442	32.4332
24.3384	21.4719	32.4561
24.327	21.4991	32.4656
24.3254	21.5297	32.4846
24.3106	21.5575	32.492
24.3074	21.5866	32.5089
24.2852	21.6126	32.5097
24.2725	21.6433	32.5206
24.2606	21.6736	32.5319
24.2567	21.7009	32.5472
24.2425	21.7264	32.5536
24.2399	21.7637	32.5766
24.2243	21.7954	32.5861
24.2233	21.8346	32.6116
24.2099	21.8692	32.6248
24.1985	21.9015	32.6381
24.1789	21.9285	32.6416
24.1718	21.9605	32.6579
24.152	21.9876	32.6615
24.1431	22.0167	32.6745
24.1229	22.0413	32.6762
24.1138	22.0723	32.6904
24.0934	22.0978	32.6926
24.0918	22.1284	32.7121
24.077	22.1558	32.7198
24.0658	22.1835	32.7303
24.0477	22.2044	32.7311
24.0393	22.2339	32.7449
24.0203	22.26	32.7488
24.0104	22.2921	32.7633
23.9901	22.3204	32.7678
23.9765	22.351	32.7786
23.9528	22.374	32.777
23.9374	22.4054	32.7872
23.9171	22.4301	32.7893
23.9067	22.4596	32.8019
23.8856	22.4833	32.8027
23.8738	22.5121	32.8139
23.8496	22.5372	32.8135
23.8333	22.5704	32.8245
23.8111	22.5939	32.8245
23.7912	22.628	32.8337
23.7703	22.6553	32.8373
23.7508	22.687	32.8452
23.7259	22.7104	32.8432
23.7099	22.7391	32.8516
23.6821	22.7529	32.8411
23.664	22.7827	32.8487
23.6463	22.8084	32.8537
23.627	22.8304	32.8552
23.6113	22.8511	32.8583
23.5928	22.8716	32.8593
23.576	22.8952	32.8636
23.5534	22.9146	32.8609
23.5352	22.9425	32.8674
23.5095	22.9622	32.8627
23.4926	22.9911	32.8708
23.4662	23.0094	32.8648
23.4467	23.0345	32.8684
23.4243	23.0573	32.8685
23.4069	23.0891	32.8784
23.3812	23.1089	32.874
23.3649	23.136	32.8815
23.3366	23.1557	32.8753
23.3198	23.1857	32.8845
23.3008	23.21	32.8881
23.281	23.241	32.896
23.254	23.2612	32.8912
23.2382	23.2905	32.9008
23.219	23.3125	32.9028
23.2074	23.3399	32.9141
23.1822	23.3617	32.9117
23.1708	23.3866	32.9214
23.1496	23.4016	32.9171
23.1329	23.4306	32.926
23.1189	23.4528	32.932
23.1053	23.4788	32.941
23.0896	23.5026	32.9469
23.0854	23.53	32.9636
23.0736	23.5545	32.9728
23.0629	23.5791	32.9829
23.0466	23.6014	32.9874
23.0418	23.6282	33.0033
23.0241	23.6523	33.0082
23.0132	23.6795	33.0201
22.9977	23.7062	33.0284
22.9894	23.736	33.044
22.9768	23.7617	33.0537
22.9694	23.7885	33.0679
22.9547	23.8174	33.0785
22.95	23.8499	33.0987
22.9339	23.8806	33.1096
22.925	23.9135	33.1272
22.918	23.9411	33.1423
22.9118	23.9705	33.1592
22.906	23.992	33.1708
22.9032	24.0169	33.1869
22.8878	24.0448	33.1964
22.8862	24.0772	33.2188
22.8736	24.1066	33.2314
22.8714	24.1409	33.2549
22.8556	24.1717	33.2663
22.853	24.2058	33.2893
22.8353	24.2369	33.2998
22.835	24.272	33.3252
22.8216	24.2977	33.3347
22.819	24.3261	33.3537
22.8055	24.3528	33.3639
22.7884	24.3788	33.3712
22.7751	24.4061	33.3821
22.7501	24.428	33.381
22.7311	24.4549	33.3877
22.7052	24.4798	33.3884
22.6753	24.4959	33.3799
22.6515	24.5189	33.3807
22.6178	24.5325	33.3678
22.583	24.5482	33.3558
22.5515	24.5629	33.3453
22.5251	24.5721	33.3342
22.5065	24.5796	33.3271
22.4819	24.5958	33.3225
22.4512	24.6012	33.3058
22.4194	24.6071	33.2888
22.3937	24.6132	33.276
22.3667	24.6219	33.2642
22.3435	24.6228	33.2493
22.318	24.6212	33.231
22.2909	24.6188	33.211
22.2644	24.618	33.1926
22.2386	24.6157	33.1736
22.2117	24.6205	33.1592
22.1839	24.6259	33.1445
22.1544	24.6341	33.1309
22.1269	24.6353	33.1134
22.0999	24.6375	33.097
22.0767	24.6404	33.0837
22.0491	24.6427	33.067
22.0204	24.6438	33.0487
21.9882	24.64	33.0244
21.9645	24.6366	33.0061
21.9376	24.6327	32.9853
21.9099	24.6289	32.964
21.8815	24.6256	32.9426
21.851	24.6228	32.9204
21.8214	24.6215	32.8997
21.7925	24.6212	32.8804
21.7642	24.6208	32.8613
21.7356	24.6208	32.8424
21.7031	24.6236	32.8229
21.6711	24.6202	32.7993
21.6382	24.6158	32.7742
21.6152	24.6171	32.76
21.5931	24.6178	32.7459
21.5637	24.6157	32.725
21.5319	24.6171	32.7051
21.5042	24.6109	32.6822
21.4752	24.6083	32.6612
21.4433	24.6002	32.6342
21.4135	24.5935	32.6094
21.3863	24.586	32.586
21.3628	24.5669	32.5562
21.3361	24.556	32.5303
21.3086	24.5458	32.5047
21.2824	24.5352	32.4795
21.2585	24.5219	32.4538
21.2377	24.5059	32.4281
21.2073	24.5002	32.4039
21.1827	24.4907	32.3806
21.158	24.4837	32.3591
21.1299	24.4733	32.3329
21.1089	24.4655	32.3133
21.0869	24.4591	32.294
21.0614	24.4529	32.2727
21.0363	24.4498	32.254
21.0169	24.4461	32.2385
20.9951	24.4411	32.2205
20.971	24.4288	32.1955
20.945	24.4227	32.1739
20.9151	24.4161	32.1494
20.8862	24.411	32.1268
20.8583	24.4082	32.1065
20.8273	24.3996	32.0799
20.8009	24.3959	32.0599
20.7737	24.3921	32.0393
20.7432	24.3895	32.0176
20.7146	24.3886	31.9984
20.6862	24.3875	31.9792
20.6562	24.3907	31.9623
20.617	24.3951	31.9402
20.5806	24.3995	31.9202
20.5488	24.4032	31.9026
20.5182	24.4093	31.8874
20.489	24.4146	31.8728
20.4645	24.4183	31.8598
20.4368	24.4193	31.8428
20.4128	24.4167	31.8254
20.3871	24.4187	31.8104
20.3587	24.4243	31.7966
20.3347	24.4297	31.7854
20.3098	24.4357	31.774
20.2843	24.4437	31.764
20.2573	24.4478	31.7499
20.2295	24.4552	31.7378
20.2026	24.4611	31.7253
20.1745	24.47	31.7142
20.1451	24.4741	31.6987
20.1164	24.4777	31.6832
20.0892	24.4767	31.6652
20.0594	24.479	31.648
20.032	24.4813	31.6325
20.0057	24.4808	31.6154
19.9781	24.4876	31.6033
19.9514	24.4952	31.5923
19.9247	24.5047	31.5828
19.9006	24.5144	31.5751
19.8673	24.5242	31.5618
19.8348	24.5274	31.5439
19.8044	24.5329	31.5291
19.7754	24.5408	31.5169
19.7415	24.5411	31.4959
19.7104	24.5485	31.4822
19.6791	24.5543	31.4671
19.6531	24.5617	31.4567
19.6219	24.576	31.4483
19.5886	24.5744	31.4263
19.5573	24.5876	31.4172
19.5203	24.5831	31.3906
19.4862	24.5916	31.3761
19.4523	24.5984	31.3604
19.4204	24.6053	31.346
19.3898	24.6133	31.3333
19.3601	24.6174	31.3182
19.328	24.6208	31.3011
19.2973	24.6242	31.2847
19.2721	24.6229	31.2683
19.2411	24.6237	31.2498
19.2115	24.6225	31.2306
19.1832	24.6228	31.2135
19.1545	24.6253	31.1978
19.1268	24.6238	31.1796
19.1002	24.6228	31.1625
19.0764	24.6262	31.1506
19.0495	24.6233	31.1318
19.0157	24.6194	31.108
18.9794	24.6189	31.0855
18.9439	24.6205	31.0651
18.9082	24.6153	31.0392
18.8772	24.6125	31.0181
18.8478	24.6117	30.9996
18.8178	24.6095	30.9796
18.789	24.6077	30.9607
18.7572	24.605	30.9393
18.7254	24.6056	30.9205
18.6965	24.6	30.8985
18.6695	24.5952	30.8784
18.6423	24.5877	30.856
18.6149	24.5805	30.8336
18.5883	24.5774	30.8152
18.5679	24.5772	30.8027
18.5406	24.57	30.7805
18.5115	24.5629	30.7574
18.486	24.5565	30.7368
18.458	24.5456	30.7113
18.4315	24.5378	30.6892
18.4018	24.5301	30.6651
18.3735	24.5214	30.6413
18.3535	24.5126	30.6222
18.3305	24.5025	30.6003
18.3057	24.492	30.577
18.2855	24.4851	30.5595
18.2588	24.4736	30.5343
18.2329	24.4598	30.5078
18.2041	24.4525	30.4847
18.1758	24.4437	30.4607
18.1497	24.4342	30.4375
18.1227	24.4249	30.4139
18.0942	24.4145	30.3886
18.0656	24.4074	30.3659
18.0362	24.4002	30.3426
18.0056	24.3954	30.3206
17.9757	24.3928	30.3008
17.9474	24.3901	30.2818
17.9196	24.3842	30.2605
17.8953	24.3748	30.2386
17.8727	24.3588	30.2123
17.8466	24.3519	30.1913
17.8227	24.3434	30.1703
17.7988	24.3351	30.1496
17.7712	24.3261	30.126
17.7407	24.3133	30.0977
17.7134	24.3014	30.0719
17.6818	24.2893	30.0436
17.6492	24.2789	30.016
17.6197	24.2693	29.9909
17.5887	24.2629	29.9675
17.5613	24.2538	29.9441
17.5368	24.2436	29.9214
17.5111	24.2306	29.8958
17.4843	24.2236	29.8745
17.4569	24.2164	29.8526
17.4266	24.2152	29.8339
17.3967	24.2129	29.8146
17.3685	24.2058	29.7924
17.3444	24.2022	29.7754
17.322	24.1967	29.7579
17.2993	24.1915	29.7405
17.2727	24.1827	29.7178
17.2515	24.1721	29.6968
17.2241	24.1668	29.6767
17.1962	24.1647	29.6587
17.1666	24.1594	29.6373
17.1349	24.1493	29.6107
17.1051	24.1414	29.587
17.0788	24.1351	29.5667
17.0548	24.132	29.5503
17.0303	24.1276	29.5326
17.004	24.1217	29.5126
16.9769	24.1119	29.489
16.9469	24.1135	29.473
16.9214	24.1183	29.4622
16.8951	24.1378	29.4632
16.8625	24.1475	29.4524
16.833	24.1574	29.4437
16.7961	24.1679	29.4312
16.7654	24.1841	29.427
16.7332	24.1936	29.4165
16.7016	24.2028	29.406
16.6721	24.2115	29.3966
16.6441	24.2218	29.3891
16.6141	24.2279	29.3772
16.5856	24.2333	29.3656
16.5556	24.2379	29.3524
16.5263	24.2442	29.3411
16.4976	24.2514	29.3309
16.4698	24.2591	29.3216
16.4447	24.2608	29.309
16.418	24.2626	29.2955
16.3914	24.2639	29.2816
16.3639	24.2653	29.2674
16.3392	24.2677	29.2555
16.3106	24.2704	29.2419
16.2838	24.2722	29.2284
16.2586	24.2718	29.2141
16.232	24.2714	29.1989
16.205	24.2689	29.1818
16.1794	24.2671	29.1662
16.1569	24.2675	29.154
16.1319	24.2703	29.1425
16.1053	24.2733	29.1303
16.0805	24.2728	29.1162
16.0512	24.2711	29.0986
16.0247	24.2641	29.0781
15.9941	24.2558	29.0544
15.9627	24.2483	29.0308
15.932	24.2415	29.0083
15.9045	24.2343	28.9871
15.8749	24.2272	28.965
15.8463	24.2218	28.9448
15.8177	24.2149	28.9233
15.791	24.2058	28.9011
15.7597	24.1991	28.8784
15.7314	24.1951	28.8596
15.7012	24.1949	28.8431
15.666	24.1777	28.8095
15.6319	24.1732	28.7872
15.6036	24.1559	28.7573
15.5695	24.1541	28.7373
15.5334	24.1381	28.7042
15.4962	24.1376	28.6838
15.4636	24.1247	28.6553
15.4343	24.1099	28.627
15.4045	24.1007	28.6032
15.3786	24.0899	28.5801
15.3484	24.0788	28.5545
15.3174	24.0768	28.5362
15.2883	24.0778	28.5214
15.2602	24.081	28.5091
15.2346	24.0845	28.4983
15.2084	24.0905	28.4894
15.1801	24.0947	28.4778
15.1614	24.0961	28.4691
15.1391	24.0987	28.4595
15.1168	24.1008	28.4494
15.0883	24.0955	28.4297
15.0575	24.1061	28.4224
15.0274	24.1151	28.4141
14.9983	24.1216	28.4042
14.9678	24.1277	28.3934
14.9395	24.1337	28.3835
14.9117	24.1399	28.3742
14.8814	24.1402	28.3585
14.8533	24.1432	28.3463
14.8298	24.1511	28.3408
14.8014	24.1668	28.3393
14.7711	24.1806	28.3352
14.7417	24.1951	28.3323
14.7112	24.2082	28.3277
14.683	24.2208	28.3238
14.6566	24.2319	28.3196
14.63	24.2438	28.3161
14.6015	24.2608	28.3159
14.5722	24.2678	28.3068
14.5476	24.2756	28.3009
14.5249	24.2836	28.296
14.5002	24.2923	28.2908
14.476	24.2959	28.2815
14.4553	24.3038	28.2777
14.4342	24.3086	28.2711
14.4098	24.3132	28.2626
14.3824	24.3186	28.2532
14.3559	24.3238	28.2443
14.3279	24.3295	28.235
14.2997	24.3372	28.2274
14.2701	24.3449	28.219
14.2414	24.3517	28.2103
14.2181	24.3578	28.2039
14.1916	24.3662	28.1977
14.1638	24.3693	28.1865
14.1359	24.3733	28.1759
14.1086	24.377	28.1654
14.0871	24.3801	28.1573
14.0661	24.3864	28.1523
14.043	24.3905	28.1444
14.0187	24.393	28.1343
13.9926	24.3956	28.1236
13.9659	24.3986	28.1129
13.9381	24.4011	28.1013
13.9086	24.4032	28.0885
13.875	24.4067	28.0749
13.8412	24.4112	28.0621
13.8126	24.4101	28.0471
13.7857	24.4173	28.0401
13.7586	24.4247	28.0333
13.731	24.4312	28.0254
13.7031	24.4366	28.0164
