0.656566	0
0.656566	0
0.656566	0
0.656566	0
0.656566	0
0.656566	0
0.656566	0
0.656566	0
0.656566	0
0.656566	0
0.656566	0
0.656566	0
0.656566	0
0.656566	0
0.656566	0
0.656566	0
0.656566	0
0.656566	0
0.656566	0
0.656566	0
0.656566	0
0.656566	0
0.656566	0
0.656566	0
0.656566	0
0.656566	0
0.656566	0
0.656566	0
0.656566	0
0.656566	0
0.656566	0
0.656566	0
0.656566	0
0.656566	0
0.656566	0
0.656566	0
0.656566	0
0.656566	0
0.656566	0
0.656566	0
0.656566	0
0.656566	0
0.656566	0
0.656566	0
0.656566	0
0.656566	0
0.656566	0
0.656566	0
0.656566	0
0.656566	0
0.656566	0
0.656566	0
0.656566	0
0.656566	0
0.656566	0
0.656566	0
0.656566	0
0.656566	0
0.656566	0
0.656566	0
0.656566	0
0.656566	0
0.656566	0
0.656566	0
0.656566	0
0.656566	0
0.656566	0
0.656566	0
0.656566	0
0.656566	0
0.656566	0
0.656566	0
0.656566	0
0.656566	0
0.656566	0
0.656566	0
0.656566	0
0.656566	0
0.656566	0
0.656566	0
0.656566	0
0.656566	0
0.656566	0
0.656566	0
0.656566	0
0.656566	0
0.656566	0
0.656566	0
0.656566	0
0.656566	0
0.656566	0
0.656566	0
0.656566	0
0.656566	0
0.656566	0
0.656566	0
0.656566	0
0.656566	0
0.656566	0
0.656566	0
0.656566	0
0.656566	0
0.656566	0
0.656566	0
0.656566	0
0.656566	0
0.656566	0
0.656566	0
0.656566	0
0.656566	0
0.656566	0
0.656566	0
0.656566	0
0.656566	0
0.656566	0
0.656566	0
0.656566	0
0.656566	0
0.656566	0
0.656566	0
0.656566	0
0.656566	0
0.656566	0
0.656566	0
0.656566	0
0.656566	0
0.656566	0
0.656566	0
0.656566	0
0.656566	0
0.656566	0
0.656566	0
0.656566	0
0.656566	0
0.656566	0
0.656566	0
0.656566	0
0.656566	0
0.656566	0
0.656566	0
0.656566	0
0.656566	0
0.656566	0
0.656566	0
0.656566	0
0.656566	0
0.656566	0
0.656566	0
0.656566	0
0.656566	0
0.656566	0
0.656566	0
0.656566	0
0.656566	0
0.656566	0
0.656566	0
0.656566	0
0.656566	0
0.656566	0
0.656566	0
0.656566	0
0.656566	0
0.656566	0
0.656566	0
0.656566	0
0.656566	0
0.656566	0
0.656566	0
0.656566	0
0.656566	0
0.656566	0
0.656566	0
0.656566	0
0.656566	0
0.656566	0
0.656566	0
0.656566	0
0.656566	0
0.656566	0
0.656566	0
0.656566	0
0.656566	0
0.656566	0
0.656566	0
0.656566	0
0.656566	0
0.656566	0
0.656566	0
0.656566	0
0.656566	0
0.656566	0
0.656566	0
0.656566	0
0.656566	0
0.656566	0
0.656566	0
0.656566	0
0.656566	0
0.656566	0
0.656566	0
0.656566	0
0.656566	0
0.656566	0
0.656566	0
0.656566	0
0.656566	0
0.656566	0
0.656566	0
0.656566	0
0.656566	0
0.656566	0
0.656566	0
0.656566	0
0.656566	0
0.656566	0
0.656566	0
0.656566	0
0.656566	0
0.656566	0
0.656566	0
0.656566	0
0.656566	0
0.656566	0
0.656566	0
0.656566	0
0.656566	0
0.656566	0
0.656566	0
0.656566	0
0.656566	0
0.656566	0
0.656566	0
0.656566	0
0.656566	0
0.656566	0
0.656566	0
0.656566	0
0.656566	0
0.656566	0
0.656566	0
0.656566	0
0.656566	0
0.656566	0
0.656566	0
0.656566	0
0.656566	0
0.656566	0
0.656566	0
0.656566	0
0.656566	0
0.656566	0
0.656566	0
0.656566	0
0.656566	0
0.656566	0
0.656566	0
0.656566	0
0.656566	0
0.656566	0
0.656566	0
0.656566	0
0.656566	0
0.656566	0
0.656566	0
0.656566	0
0.656566	0
0.656566	0
0.656566	0
0.656566	0
0.656566	0
0.656566	0
0.656566	0
0.656566	0
0.656566	0
0.656566	0
0.656566	0
0.656566	0
0.656566	0
0.656566	0
0.656566	0
0.656566	0
0.656566	0
0.656566	0
0.656566	0
0.656566	0
0.656566	0
0.656566	0
0.656566	0
0.656566	0
0.656566	0
0.656566	0
0.656566	0
0.656566	0
0.656566	0
0.656566	0
0.656566	0
0.656566	0
0.656566	0
0.656566	0
0.656566	0
0.656566	0
0.656566	0
0.656566	0
0.656566	0
0.656566	0
0.656566	0
0.656566	0
0.656566	0
0.656566	0
0.656566	0
0.656566	0
0.656566	0
0.656566	0
0.656566	0
0.656566	0
0.656566	0
0.656566	0
0.656566	0
0.656566	0
0.656566	0
0.656566	0
0.656566	0
0.656566	0
0.656566	0
0.656566	0
0.656566	0
0.656566	0
0.656566	0
0.656566	0
0.656566	0
0.656566	0
0.656566	0
0.656566	0
0.656566	0
0.656566	0
0.656566	0
0.656566	0
0.656566	0
0.656566	0
0.656566	0
0.656566	0
0.656566	0
0.656566	0
0.656566	0
0.656566	0
0.656566	0
0.656566	0
0.656566	0
0.656566	0
0.656566	0
0.656566	0
0.656566	0
0.656566	0
0.656566	0
0.656566	0
0.656566	0
0.656566	0
0.656566	0
0.656566	0
0.656566	0
0.656566	0
0.656566	0
0.656566	0
0.656566	0
0.656566	0
0.656566	0
0.656566	0
0.656566	0
0.656566	0
0.656566	0
0.656566	0
0.656566	0
0.656566	0
0.656566	0
0.656566	0
0.656566	0
0.656566	0
0.656566	0
0.656566	0
0.656566	0
0.656566	0
0.656566	0
0.656566	0
0.656566	0
0.656566	0
0.656566	0
0.656566	0
0.656566	0
0.656566	0
0.656566	0
0.656566	0
0.656566	0
0.656566	0
0.656566	0
0.656566	0
0.656566	0
0.656566	0
0.656566	0
0.656566	0
0.656566	0
0.656566	0
0.656566	0
0.656566	0
0.656566	0
0.656566	0
0.656566	0
0.656566	0
0.656566	0
0.656566	0
0.656566	0
0.656566	0
0.656566	0
0.656566	0
0.656566	0
0.663531	-0.0114376
0.676166	-0.0187286
0.691445	-0.0231947
0.708267	-0.0255149
0.725391	-0.0226667
0.741986	-0.0169238
0.758434	-0.0132491
0.774003	-0.00765477
0.790839	-0.00657071
0.807042	0.000942108
0.826333	0.00281441
0.843548	0.0096311
0.859973	0.0112823
0.875354	0.0123658
0.891101	0.0135601
0.907193	0.0142873
0.922691	0.0131369
0.938672	0.0114653
0.955498	0.00910622
0.971788	0.00696509
0.987448	0.00507887
1.00493	0.00275791
1.02173	0.00080527
1.03698	4.53329e-05
1.05264	-0.00142979
1.06804	-0.00329822
1.08428	-0.00517413
1.10037	-0.00697387
1.1164	-0.00971506
1.13224	-0.0129673
1.14758	-0.0168174
1.16457	-0.0193521
1.1822	-0.0215412
1.19924	-0.0228797
1.21603	-0.0240769
1.23001	-0.0262719
1.24421	-0.0260351
1.25851	-0.0249241
1.2735	-0.0233038
1.28967	-0.0216484
1.30624	-0.0201315
1.32266	-0.018447
1.3391	-0.0165732
1.3555	-0.0146912
1.37193	-0.0119139
1.38675	-0.00994836
1.4015	-0.00803357
1.41451	-0.00537962
1.4285	-0.00273261
1.44349	0.000201371
1.46004	0.00319252
1.47708	0.00456926
1.49336	0.00734514
1.51139	0.00927027
1.52637	0.0126492
1.54253	0.0164271
1.55861	0.0204285
1.57615	0.0228727
1.59227	0.0289498
1.60813	0.0344867
1.62322	0.0399315
1.63856	0.0454361
1.65397	0.0508117
1.66932	0.0562801
1.68713	0.0638896
1.70384	0.0704643
1.72099	0.0750964
1.73669	0.0797118
1.75267	0.0848728
1.7683	0.0903821
1.78217	0.0953547
1.79588	0.100817
1.81008	0.106316
1.82401	0.110911
1.83958	0.116127
1.85434	0.121805
1.86711	0.12683
1.88118	0.132316
1.89535	0.136828
1.91197	0.141145
1.92915	0.145456
1.94606	0.151583
1.96214	0.158747
1.97626	0.165302
1.99063	0.171747
2.00517	0.17941
2.01943	0.186971
2.03377	0.194268
2.04661	0.201706
2.06021	0.208517
2.07396	0.21595
2.08862	0.22293
2.10328	0.229698
2.11798	0.238736
2.13277	0.247181
2.14845	0.255381
2.16318	0.264096
2.17718	0.27253
2.19211	0.280949
2.20563	0.290392
2.21917	0.300189
2.23308	0.311431
2.24769	0.32167
2.2595	0.331712
2.27248	0.341074
2.28603	0.34961
2.29747	0.359754
2.3111	0.368782
2.32168	0.379554
2.33553	0.389088
2.34891	0.399487
2.36353	0.409386
2.37652	0.420342
2.39008	0.429645
2.40188	0.440114
2.4141	0.450501
2.42682	0.461124
2.43889	0.471235
2.45092	0.481725
2.4621	0.49171
2.47288	0.502542
2.48533	0.511385
2.49376	0.525482
2.5032	0.53911
2.51401	0.549276
2.52243	0.563095
2.53254	0.575746
2.54327	0.588017
2.55	0.60353
2.55684	0.618779
2.56283	0.634297
2.56818	0.649134
2.57413	0.664247
2.57958	0.678004
2.58552	0.692971
2.58806	0.709178
2.59006	0.724626
2.59156	0.742079
2.59237	0.757824
2.59429	0.774589
2.59492	0.791765
2.59783	0.805973
2.59242	0.825061
2.59157	0.84316
2.58982	0.859965
2.58933	0.876269
2.58133	0.893201
2.58049	0.911439
2.57187	0.928946
2.5705	0.948679
2.56169	0.966292
2.55757	0.983423
2.54742	0.998028
2.54232	1.0168
2.5284	1.03165
2.51992	1.04855
2.50511	1.06222
2.49379	1.07642
2.48036	1.08714
2.47138	1.10339
2.45727	1.11462
2.44382	1.12582
2.42855	1.13309
2.41535	1.14338
2.39807	1.14967
2.3824	1.15581
2.36651	1.16239
2.35084	1.16869
2.3351	1.17394
2.3193	1.17862
2.3026	1.18302
2.28526	1.18481
2.26748	1.18769
2.24928	1.19056
2.23207	1.19263
2.21557	1.19431
2.1993	1.19539
2.18298	1.1957
2.16564	1.19463
2.15029	1.19158
2.13514	1.18752
2.12003	1.1853
2.10309	1.18131
2.0869	1.17772
2.07111	1.17427
2.05332	1.17144
2.03616	1.16867
2.01987	1.16574
2.00341	1.164
1.98785	1.15917
1.97069	1.15384
1.95433	1.14866
1.93682	1.14458
1.91909	1.13899
1.90171	1.13299
1.88516	1.12696
1.87056	1.12345
1.85514	1.11795
1.83984	1.11201
1.82453	1.10455
1.80943	1.09687
1.79395	1.09021
1.77972	1.08396
1.76498	1.07742
1.7506	1.0711
1.73655	1.06345
1.72035	1.05481
1.70459	1.04624
1.68856	1.04015
1.67351	1.03158
1.65813	1.02333
1.6423	1.0144
1.62741	1.00551
1.61316	0.996632
1.59977	0.987532
1.58621	0.978522
1.57254	0.968668
1.55921	0.958801
1.54528	0.950154
1.53183	0.941783
1.51918	0.932693
1.50668	0.922923
1.49454	0.912669
1.484	0.9024
1.47286	0.891229
1.46162	0.879688
1.45047	0.868462
1.43826	0.858349
1.42662	0.848365
1.41595	0.837875
1.40481	0.826847
1.39358	0.815485
1.38125	0.804139
1.371	0.788775
1.36096	0.77422
1.35102	0.759382
1.34136	0.745294
1.33336	0.730924
1.32534	0.716153
1.3184	0.701058
1.31172	0.686288
1.30601	0.671248
1.30217	0.654075
1.29669	0.638289
1.29672	0.620967
1.29138	0.602271
1.29438	0.581431
1.28882	0.56306
1.29154	0.543865
1.28778	0.525122
1.29076	0.506506
1.28927	0.489121
1.29275	0.472428
1.29126	0.455141
1.29315	0.437957
1.29591	0.422014
1.3006	0.405294
1.30851	0.390552
1.31092	0.372797
1.31519	0.356881
1.32242	0.341964
1.33167	0.328079
1.33921	0.312081
1.35129	0.29869
1.35939	0.283182
1.37156	0.270348
1.38446	0.25717
1.3983	0.244391
1.41336	0.235353
1.42627	0.225011
1.44153	0.217811
1.45607	0.209471
1.47259	0.205455
1.48911	0.197809
1.5059	0.191266
1.523	0.1876
1.53711	0.183212
1.55225	0.182443
1.56724	0.180597
1.58236	0.175958
1.5999	0.17691
1.61599	0.175955
1.63281	0.173404
1.65084	0.170854
1.66834	0.169695
1.68495	0.169525
1.70195	0.16996
1.71924	0.170948
1.73466	0.171782
1.7521	0.172366
1.7719	0.174953
1.79008	0.178272
1.80848	0.178609
1.82712	0.180895
1.84516	0.184897
1.86026	0.190141
1.87523	0.194766
1.89086	0.197545
1.90632	0.201584
1.9204	0.205711
1.93551	0.209714
1.95175	0.214828
1.96754	0.220791
1.9835	0.225304
1.99905	0.231914
2.01404	0.237211
2.02803	0.241268
2.04234	0.246834
2.05685	0.252915
2.07298	0.257576
2.0872	0.264256
2.10136	0.270723
2.11566	0.277737
2.12917	0.285521
2.14418	0.291271
2.15886	0.299836
2.17326	0.307635
2.18698	0.31501
2.20083	0.323051
2.21458	0.331289
2.22851	0.339712
2.24214	0.348224
2.25576	0.35697
2.27199	0.367742
2.2873	0.377413
2.30174	0.388662
2.31649	0.399129
2.32927	0.410517
2.34309	0.420529
2.353	0.432869
2.36566	0.443167
2.37633	0.455629
2.38761	0.466248
2.39601	0.479313
2.4086	0.490613
2.41583	0.507424
2.42657	0.521576
2.43348	0.539283
2.44382	0.554377
2.44923	0.57102
2.45716	0.583082
2.4602	0.600992
2.46992	0.615489
2.47257	0.633465
2.48092	0.649621
2.48331	0.670315
2.48996	0.687492
2.48981	0.708062
2.49483	0.727049
2.49192	0.746443
2.4959	0.765477
2.49199	0.78284
2.4911	0.800034
2.48283	0.815921
2.4812	0.836421
2.47363	0.853641
2.47345	0.871313
2.4671	0.888021
2.45769	0.902951
2.45296	0.920671
2.44285	0.936794
2.43088	0.951561
2.42162	0.967807
2.40535	0.97865
2.39317	0.994202
2.37786	1.00507
2.36671	1.01969
2.35013	1.02807
2.33492	1.04212
2.31656	1.05032
2.30109	1.06232
2.28418	1.06833
2.2697	1.07627
2.25341	1.08082
2.23831	1.08852
2.22103	1.09126
2.20434	1.09779
2.18583	1.09928
2.16689	1.10354
2.14933	1.10438
2.13236	1.10659
2.11558	1.10388
2.09784	1.10289
2.08023	1.1025
2.06349	1.10209
2.04709	1.10132
2.03146	1.09986
2.0159	1.0976
2.00245	1.09515
1.98838	1.09244
1.97348	1.08989
1.95849	1.08743
1.9436	1.08429
1.92854	1.08066
1.91249	1.07594
1.90009	1.07121
1.88484	1.06991
1.86914	1.06275
1.85319	1.05738
1.83718	1.05199
1.8244	1.0452
1.81191	1.03855
1.79879	1.03086
1.78485	1.02259
1.77032	1.01535
1.75464	1.00782
1.74067	1.00055
1.72615	0.993114
1.71181	0.986892
1.6974	0.979964
1.68306	0.972857
1.66849	0.965975
1.65482	0.958635
1.64203	0.951192
1.6286	0.942231
1.61334	0.934349
1.60005	0.923359
1.58699	0.913454
1.57566	0.904476
1.56393	0.895864
1.55198	0.885367
1.53931	0.875267
1.52927	0.861699
1.51608	0.85086
1.50796	0.834479
1.49572	0.822926
1.48919	0.806309
1.47644	0.792518
1.47036	0.773949
1.45671	0.760057
1.44885	0.742571
1.44485	0.728012
1.43629	0.714058
1.43467	0.697237
1.4286	0.684243
1.42766	0.667128
1.42227	0.650566
1.42324	0.632344
1.42116	0.614217
1.42588	0.595883
1.42428	0.578478
1.42832	0.561862
1.42738	0.541087
1.4311	0.522107
1.43525	0.50313
1.44076	0.486883
1.44595	0.470317
1.45314	0.456322
1.45601	0.442239
1.4633	0.427882
1.47146	0.413165
1.48079	0.398762
1.48917	0.382982
1.5025	0.368803
1.51371	0.353947
1.52745	0.341553
1.53768	0.330787
1.55147	0.32218
1.56455	0.311874
1.57981	0.303057
1.59574	0.296748
1.60926	0.285618
1.62713	0.279864
1.64376	0.272607
1.65879	0.268217
1.67448	0.263627
1.69145	0.25922
1.70881	0.256178
1.72282	0.253502
1.73807	0.252647
1.75396	0.248059
1.77162	0.249738
1.78894	0.246639
1.80657	0.24797
1.82384	0.248423
1.83977	0.248146
1.85643	0.249806
1.87406	0.249305
1.89276	0.255202
1.90851	0.258779
1.92514	0.259998
1.94311	0.265248
1.96013	0.267204
1.97511	0.272345
1.99186	0.275242
2.00822	0.280852
2.0237	0.283639
2.04003	0.288852
2.05602	0.294148
2.07157	0.29958
2.08648	0.305718
2.10293	0.311837
2.1208	0.318831
2.13743	0.326853
2.1549	0.334064
2.16974	0.344123
2.18561	0.351224
2.19934	0.36091
2.21348	0.36861
2.22696	0.380448
2.24315	0.388928
2.25556	0.402809
2.27108	0.412358
2.28072	0.42811
2.29554	0.439618
2.30316	0.456538
2.31668	0.469513
2.32389	0.486643
2.33566	0.500891
2.3408	0.518129
2.35449	0.533434
2.35982	0.552339
2.36876	0.565683
2.37138	0.583947
2.38032	0.599759
2.38229	0.618134
2.38977	0.635234
2.38993	0.653962
2.39357	0.671512
2.38948	0.690929
2.39267	0.710146
2.38937	0.728693
2.3877	0.745863
2.38007	0.760921
2.3786	0.778984
2.37069	0.795614
2.36744	0.812908
2.35933	0.828217
2.35252	0.842756
2.34216	0.855737
2.33537	0.871663
2.32206	0.884598
2.31222	0.89971
2.29809	0.91088
2.28778	0.925585
2.27308	0.935488
2.26197	0.949899
2.24569	0.959264
2.23177	0.97244
2.21401	0.979381
2.19936	0.991939
2.18097	0.997825
2.16572	1.00681
2.14614	1.01016
2.12745	1.01685
2.10991	1.02018
2.09353	1.02358
2.07732	1.0266
2.06114	1.02771
2.04627	1.03114
2.0297	1.02959
2.01255	1.03173
1.99577	1.02956
1.97871	1.03077
1.96206	1.02743
1.94511	1.02751
1.92956	1.02408
1.91252	1.02253
1.89535	1.01902
1.8781	1.01732
1.86105	1.01143
1.84335	1.0084
1.82709	1.00013
1.81008	0.993007
1.793	0.98833
1.7762	0.977586
1.75986	0.970929
1.74576	0.960101
1.7301	0.954566
1.71796	0.940356
1.70217	0.927503
1.6845	0.919315
1.67253	0.903345
1.65556	0.892277
1.64512	0.872979
1.62993	0.857886
1.62261	0.839621
1.60942	0.826369
1.60213	0.808739
1.59089	0.793918
1.5854	0.775688
1.57743	0.759662
1.576	0.741437
1.57065	0.724085
1.57083	0.706184
1.56814	0.687928
