0.656566	0
0.656566	0
0.656566	0
0.656566	0
0.656566	0
0.656566	0
0.656566	0
0.656566	0
0.656566	0
0.656566	0
0.656566	0
0.656566	0
0.656566	0
0.656566	0
0.656566	0
0.656566	0
0.656566	0
0.656566	0
0.656566	0
0.656566	0
0.656566	0
0.656566	0
0.656566	0
0.656566	0
0.656566	0
0.656566	0
0.656566	0
0.656566	0
0.656566	0
0.656566	0
0.656566	0
0.656566	0
0.656566	0
0.656566	0
0.656566	0
0.656566	0
0.656566	0
0.656566	0
0.656566	0
0.656566	0
0.656566	0
0.656566	0
0.656566	0
0.656566	0
0.656566	0
0.656566	0
0.656566	0
0.656566	0
0.656566	0
0.656566	0
0.656566	0
0.656566	0
0.656566	0
0.656566	0
0.656566	0
0.656566	0
0.656566	0
0.656566	0
0.656566	0
0.656566	0
0.656566	0
0.656566	0
0.656566	0
0.656566	0
0.656566	0
0.656566	0
0.656566	0
0.656566	0
0.656566	0
0.656566	0
0.656566	0
0.656566	0
0.656566	0
0.656566	0
0.656566	0
0.656566	0
0.656566	0
0.656566	0
0.656566	0
0.656566	0
0.656566	0
0.656566	0
0.656566	0
0.656566	0
0.656566	0
0.656566	0
0.656566	0
0.656566	0
0.656566	0
0.656566	0
0.656566	0
0.656566	0
0.656566	0
0.656566	0
0.656566	0
0.656566	0
0.656566	0
0.656566	0
0.656566	0
0.656566	0
0.656566	0
0.656566	0
0.656566	0
0.656566	0
0.656566	0
0.656566	0
0.656566	0
0.656566	0
0.656566	0
0.656566	0
0.656566	0
0.656566	0
0.656566	0
0.656566	0
0.656566	0
0.656566	0
0.656566	0
0.656566	0
0.656566	0
0.656566	0
0.656566	0
0.656566	0
0.656566	0
0.656566	0
0.656566	0
0.656566	0
0.656566	0
0.656566	0
0.656566	0
0.656566	0
0.656566	0
0.656566	0
0.656566	0
0.656566	0
0.656566	0
0.656566	0
0.656566	0
0.656566	0
0.656566	0
0.656566	0
0.656566	0
0.656566	0
0.656566	0
0.656566	0
0.656566	0
0.656566	0
0.656566	0
0.656566	0
0.656566	0
0.656566	0
0.656566	0
0.656566	0
0.656566	0
0.656566	0
0.656566	0
0.656566	0
0.656566	0
0.656566	0
0.656566	0
0.656566	0
0.656566	0
0.656566	0
0.656566	0
0.656566	0
0.656566	0
0.656566	0
0.656566	0
0.656566	0
0.656566	0
0.656566	0
0.656566	0
0.656566	0
0.656566	0
0.656566	0
0.656566	0
0.656566	0
0.656566	0
0.656566	0
0.656566	0
0.656566	0
0.656566	0
0.656566	0
0.656566	0
0.656566	0
0.656566	0
0.656566	0
0.656566	0
0.656566	0
0.656566	0
0.656566	0
0.656566	0
0.656566	0
0.656566	0
0.656566	0
0.656566	0
0.656566	0
0.656566	0
0.656566	0
0.656566	0
0.656566	0
0.656566	0
0.656566	0
0.656566	0
0.656566	0
0.656566	0
0.656566	0
0.656566	0
0.656566	0
0.656566	0
0.656566	0
0.656566	0
0.656566	0
0.656566	0
0.656566	0
0.656566	0
0.656566	0
0.656566	0
0.656566	0
0.656566	0
0.656566	0
0.656566	0
0.656566	0
0.656566	0
0.656566	0
0.656566	0
0.656566	0
0.656566	0
0.656566	0
0.656566	0
0.656566	0
0.656566	0
0.656566	0
0.656566	0
0.656566	0
0.656566	0
0.656566	0
0.656566	0
0.656566	0
0.656566	0
0.656566	0
0.656566	0
0.656566	0
0.656566	0
0.656566	0
0.656566	0
0.656566	0
0.656566	0
0.656566	0
0.656566	0
0.656566	0
0.656566	0
0.656566	0
0.656566	0
0.656566	0
0.656566	0
0.656566	0
0.656566	0
0.656566	0
0.656566	0
0.656566	0
0.656566	0
0.656566	0
0.656566	0
0.656566	0
0.656566	0
0.656566	0
0.656566	0
0.656566	0
0.656566	0
0.656566	0
0.656566	0
0.656566	0
0.656566	0
0.656566	0
0.656566	0
0.656566	0
0.656566	0
0.656566	0
0.656566	0
0.656566	0
0.656566	0
0.656566	0
0.656566	0
0.656566	0
0.656566	0
0.656566	0
0.656566	0
0.656566	0
0.656566	0
0.656566	0
0.656566	0
0.656566	0
0.656566	0
0.656566	0
0.656566	0
0.656566	0
0.656566	0
0.656566	0
0.656566	0
0.656566	0
0.656566	0
0.656566	0
0.656566	0
0.656566	0
0.656566	0
0.656566	0
0.656566	0
0.656566	0
0.656566	0
0.656566	0
0.656566	0
0.656566	0
0.656566	0
0.656566	0
0.656566	0
0.656566	0
0.656566	0
0.656566	0
0.656566	0
0.656566	0
0.656566	0
0.656566	0
0.656566	0
0.656566	0
0.656566	0
0.656566	0
0.656566	0
0.656566	0
0.656566	0
0.656566	0
0.656566	0
0.656566	0
0.656566	0
0.656566	0
0.656566	0
0.656566	0
0.656566	0
0.656566	0
0.656566	0
0.656566	0
0.656566	0
0.656566	0
0.656566	0
0.656566	0
0.656566	0
0.656566	0
0.656566	0
0.656566	0
0.656566	0
0.656566	0
0.656566	0
0.656566	0
0.656566	0
0.656566	0
0.656566	0
0.656566	0
0.656566	0
0.656566	0
0.656566	0
0.656566	0
0.656566	0
0.656566	0
0.656566	0
0.656566	0
0.656566	0
0.656566	0
0.656566	0
0.656566	0
0.656566	0
0.656566	0
0.656566	0
0.656566	0
0.656566	0
0.656566	0
0.656566	0
0.656566	0
0.656566	0
0.656566	0
0.656566	0
0.656566	0
0.656566	0
0.656566	0
0.656566	0
0.656566	0
0.656566	0
0.656566	0
0.656566	0
0.649974	-0.00776561
0.641854	-0.0178528
0.631647	-0.0298742
0.619077	-0.0410275
0.607183	-0.0510353
0.593157	-0.0614963
0.579236	-0.070749
0.566094	-0.0789452
0.553804	-0.0856229
0.540443	-0.0927743
0.5276	-0.101332
0.514651	-0.111516
0.501602	-0.123192
0.490016	-0.135289
0.479238	-0.148123
0.468616	-0.160156
0.456909	-0.171703
0.44595	-0.18328
0.433616	-0.194611
0.422361	-0.206017
0.410246	-0.219048
0.400178	-0.233801
0.389134	-0.246256
0.378235	-0.258518
0.367273	-0.270789
0.356233	-0.282969
0.343727	-0.294262
0.333606	-0.306296
0.323692	-0.318455
0.313582	-0.33109
0.303415	-0.343094
0.293051	-0.355326
0.283115	-0.367209
0.273964	-0.379294
0.266192	-0.39228
0.258648	-0.407626
0.249529	-0.421572
0.242034	-0.432208
0.233059	-0.444149
0.223742	-0.456634
0.21297	-0.469911
0.20363	-0.483363
0.194093	-0.494677
0.183816	-0.50635
0.173344	-0.518233
0.161927	-0.530209
0.148885	-0.542856
0.13612	-0.555015
0.124126	-0.564762
0.112968	-0.575155
0.0995844	-0.586349
0.0875213	-0.598601
0.0757545	-0.610771
0.0652007	-0.622666
0.0544948	-0.634725
0.0435534	-0.646416
0.0342297	-0.659226
0.0245677	-0.671623
0.0161064	-0.68363
0.00676215	-0.695717
-0.00215598	-0.708247
-0.010821	-0.720753
-0.0194824	-0.734883
-0.0294788	-0.747661
-0.0403313	-0.761152
-0.0506884	-0.773779
-0.0613328	-0.787313
-0.0721819	-0.800909
-0.0820244	-0.813579
-0.0917803	-0.826591
-0.101496	-0.839543
-0.110377	-0.852016
-0.119505	-0.864883
-0.128299	-0.87577
-0.13927	-0.885796
-0.153198	-0.896843
-0.165393	-0.907734
-0.17648	-0.917837
-0.188655	-0.928146
-0.201215	-0.938718
-0.21352	-0.949061
-0.224943	-0.959611
-0.236621	-0.971086
-0.248153	-0.982715
-0.259673	-0.991055
-0.271405	-1.00094
-0.284139	-1.01122
-0.296549	-1.0206
-0.308684	-1.03048
-0.320279	-1.03895
-0.331603	-1.04742
-0.344615	-1.05704
-0.353948	-1.06828
-0.363465	-1.08159
-0.370625	-1.09453
-0.377666	-1.10594
-0.385728	-1.11891
-0.393259	-1.13251
-0.400419	-1.14456
-0.408173	-1.15756
-0.41432	-1.16932
-0.42131	-1.18189
-0.428798	-1.19674
-0.43649	-1.21096
-0.445019	-1.22423
-0.454546	-1.2383
-0.465297	-1.25375
-0.474737	-1.26694
-0.484356	-1.27986
-0.494325	-1.2919
-0.504556	-1.30387
-0.515079	-1.31619
-0.525204	-1.32852
-0.535948	-1.34135
-0.546689	-1.35359
-0.556566	-1.36581
-0.566155	-1.37838
-0.575741	-1.39154
-0.585462	-1.40498
-0.595244	-1.41889
-0.602996	-1.43186
-0.611564	-1.44475
-0.62019	-1.45903
-0.629943	-1.47344
-0.639831	-1.48765
-0.650131	-1.50257
-0.659641	-1.51699
-0.66896	-1.53135
-0.676546	-1.5435
-0.682512	-1.55681
-0.688868	-1.56858
-0.697277	-1.58162
-0.706174	-1.59493
-0.715171	-1.60835
-0.724065	-1.62228
-0.734497	-1.63618
-0.744678	-1.64967
-0.753998	-1.66469
-0.762709	-1.67895
-0.771996	-1.69215
-0.780992	-1.70448
-0.790228	-1.71733
-0.800727	-1.73086
-0.809434	-1.74258
-0.817779	-1.75579
-0.82638	-1.76904
-0.834357	-1.78301
-0.84356	-1.79578
-0.854957	-1.80704
-0.866249	-1.81822
-0.877955	-1.82919
-0.891612	-1.83915
-0.905185	-1.84911
-0.918541	-1.8586
-0.930479	-1.86943
-0.941409	-1.88172
-0.952487	-1.89306
-0.963093	-1.90512
-0.973823	-1.9183
-0.984118	-1.93099
-0.995108	-1.94319
-1.00818	-1.95319
-1.02111	-1.96287
-1.03495	-1.97181
-1.04873	-1.98071
-1.06239	-1.98959
-1.07608	-1.99847
-1.0921	-2.00938
-1.10754	-2.01968
-1.12177	-2.02849
-1.13522	-2.03754
-1.15022	-2.04926
-1.16364	-2.06211
-1.17733	-2.07514
-1.19108	-2.08673
-1.20321	-2.09676
-1.21799	-2.10716
-1.23161	-2.11739
-1.24754	-2.12783
-1.26314	-2.13787
-1.27595	-2.1442
-1.29114	-2.15182
-1.30642	-2.15989
-1.32115	-2.16796
-1.33632	-2.17608
-1.35144	-2.1837
-1.36425	-2.19177
-1.37919	-2.20024
-1.3965	-2.2079
-1.41268	-2.21509
-1.42854	-2.22245
-1.44415	-2.23037
-1.45872	-2.2391
-1.47222	-2.24687
-1.48642	-2.25454
-1.50121	-2.2621
-1.51763	-2.2702
-1.53289	-2.27672
-1.54719	-2.2852
-1.56113	-2.29253
-1.57499	-2.2995
-1.58686	-2.30549
-1.59996	-2.31175
-1.61291	-2.31814
-1.62697	-2.32413
-1.63912	-2.33182
-1.6522	-2.34003
-1.66566	-2.34955
-1.67956	-2.36002
-1.69307	-2.37037
-1.70569	-2.38153
-1.71708	-2.39331
-1.72849	-2.40501
-1.74054	-2.41583
-1.75421	-2.4262
-1.76754	-2.43637
-1.77946	-2.4473
-1.79133	-2.45837
-1.80361	-2.47001
-1.81528	-2.48088
-1.8266	-2.49214
-1.83766	-2.50311
-1.84901	-2.51434
-1.85974	-2.52672
-1.87049	-2.53905
-1.88111	-2.55162
-1.89262	-2.56615
-1.90485	-2.57913
-1.91573	-2.5903
-1.92725	-2.60132
-1.93888	-2.61203
-1.94998	-2.6223
-1.96136	-2.63256
-1.97313	-2.64314
-1.98571	-2.65221
-1.99593	-2.6613
-2.00586	-2.67276
-2.01592	-2.6854
-2.02617	-2.69712
-2.03668	-2.70873
-2.04628	-2.72093
-2.05769	-2.73282
-2.06779	-2.74543
-2.07781	-2.75825
-2.08876	-2.77056
-2.10091	-2.78219
-2.11276	-2.79397
-2.12483	-2.8055
-2.13673	-2.81437
-2.14907	-2.82396
-2.16168	-2.83401
-2.17492	-2.84407
-2.18801	-2.85382
-2.20124	-2.86491
-2.21467	-2.87688
-2.22975	-2.88806
-2.24458	-2.89912
-2.25863	-2.90906
-2.27335	-2.91856
-2.28809	-2.92783
-2.30254	-2.93675
-2.31669	-2.94662
-2.33094	-2.95667
-2.34437	-2.9651
-2.35763	-2.97344
-2.37254	-2.98224
-2.38925	-2.99127
-2.40523	-2.9998
-2.41977	-3.00816
-2.43414	-3.01634
-2.44854	-3.02527
-2.46275	-3.03433
-2.47599	-3.04431
-2.48908	-3.05426
-2.50323	-3.06359
-2.51666	-3.07254
-2.53041	-3.08129
-2.54586	-3.08933
-2.55976	-3.09887
-2.57251	-3.10711
-2.58602	-3.11576
-2.59916	-3.12623
-2.6123	-3.136
-2.62465	-3.14481
-2.63742	-3.15402
-2.64985	-3.16359
-2.66292	-3.17255
-2.67632	-3.18093
-2.69017	-3.19001
-2.70383	-3.19964
-2.71695	-3.20831
-2.73129	-3.21605
-2.74601	-3.2237
-2.75869	-3.23143
-2.77208	-3.23953
-2.78569	-3.24804
-2.79957	-3.25647
-2.81385	-3.26525
-2.82806	-3.27399
-2.84163	-3.28199
-2.85508	-3.28822
-2.86917	-3.29474
-2.88287	-3.30129
-2.89727	-3.3076
-2.91193	-3.31393
-2.92692	-3.3209
-2.94255	-3.3283
-2.95772	-3.33553
-2.97195	-3.34197
-2.98654	-3.34881
-3.00122	-3.35559
-3.01543	-3.36231
-3.0278	-3.36969
-3.03927	-3.37682
-3.05257	-3.38447
-3.06519	-3.3927
-3.07862	-3.40149
-3.09202	-3.41052
-3.106	-3.42032
-3.11986	-3.43013
-3.13352	-3.43968
-3.14766	-3.44875
-3.16068	-3.45748
-3.17379	-3.4661
-3.18725	-3.47455
-3.2008	-3.48307
-3.21519	-3.49133
-3.2298	-3.49877
-3.24405	-3.50514
-3.25821	-3.51044
-3.27323	-3.51542
-3.28801	-3.52135
-3.30407	-3.52839
-3.31967	-3.53509
-3.33529	-3.54161
-3.34922	-3.54646
-3.36351	-3.55079
-3.37876	-3.55563
-3.39568	-3.55993
-3.41204	-3.56409
-3.42799	-3.56814
-3.44357	-3.57213
-3.45945	-3.57633
-3.4745	-3.5813
-3.4886	-3.58786
-3.50296	-3.59455
-3.51766	-3.60145
-3.53386	-3.60777
-3.54977	-3.61306
-3.56438	-3.61767
-3.58031	-3.62293
-3.59624	-3.62673
-3.61324	-3.63128
-3.62952	-3.6352
-3.64818	-3.63891
-3.66545	-3.64216
-3.68052	-3.64471
-3.69537	-3.64721
-3.71195	-3.65051
-3.72689	-3.6544
-3.74245	-3.65855
-3.759	-3.66219
-3.77528	-3.66568
-3.79205	-3.67098
-3.80829	-3.67595
-3.82646	-3.68124
-3.8423	-3.68683
-3.86023	-3.69253
-3.87584	-3.69853
-3.89153	-3.70555
-3.90731	-3.71306
-3.92197	-3.71915
-3.93662	-3.72575
-3.9492	-3.73009
-3.96415	-3.73533
-3.97976	-3.74045
-3.99591	-3.74537
-4.011	-3.75193
-4.02539	-3.75797
-4.03879	-3.76489
-4.05265	-3.7721
-4.0677	-3.78069
-4.08193	-3.78939
-4.09504	-3.79765
-4.10844	-3.80626
-4.1221	-3.81483
-4.13618	-3.82312
-4.15087	-3.83145
-4.16508	-3.83976
-4.17964	-3.8468
-4.19484	-3.85535
-4.20876	-3.86544
-4.22375	-3.87603
-4.23788	-3.88612
-4.25243	-3.89671
-4.26633	-3.90571
-4.2801	-3.91461
-4.29372	-3.92336
-4.30681	-3.93404
-4.31941	-3.94453
-4.33129	-3.9547
-4.34408	-3.96307
-4.35736	-3.97123
-4.37041	-3.98032
-4.38314	-3.989
-4.39736	-3.99668
-4.41179	-4.00502
-4.42596	-4.01343
-4.43964	-4.02179
-4.45295	-4.0302
-4.46659	-4.0403
-4.47997	-4.0494
-4.49418	-4.05809
-4.50869	-4.0665
-4.52273	-4.07471
-4.53849	-4.0825
-4.55291	-4.08923
-4.56783	-4.09603
-4.58317	-4.10274
-4.59668	-4.10972
-4.60954	-4.11975
-4.62354	-4.12904
-4.63784	-4.13631
-4.65332	-4.14412
-4.66852	-4.15176
-4.68457	-4.15943
-4.69973	-4.16565
-4.71433	-4.17143
-4.72932	-4.17954
-4.74415	-4.18743
-4.75831	-4.19302
-4.77247	-4.19696
-4.78731	-4.20105
-4.80108	-4.20534
-4.81446	-4.21085
-4.82729	-4.21657
-4.84151	-4.22154
-4.85889	-4.22711
-4.87549	-4.23248
-4.88974	-4.23838
-4.90446	-4.24444
-4.9205	-4.25065
-4.93542	-4.2541
-4.95124	-4.25811
-4.96707	-4.26142
-4.98305	-4.26418
-5.0007	-4.2678
-5.01587	-4.27115
-5.03173	-4.27448
-5.04796	-4.27776
-5.06537	-4.28124
-5.08087	-4.28472
-5.09617	-4.28932
-5.10959	-4.29662
-5.12307	-4.30437
-5.1377	-4.31146
-5.15041	-4.32054
-5.16363	-4.33072
-5.17685	-4.34086
-5.18992	-4.35083
-5.20199	-4.3617
-5.21411	-4.37262
-5.22685	-4.38287
-5.24086	-4.39365
-5.2541	-4.40501
-5.26698	-4.41607
-5.27734	-4.42643
-5.28781	-4.43722
-5.29929	-4.44753
-5.31098	-4.45819
-5.32295	-4.46898
-5.33499	-4.4799
-5.3488	-4.49003
-5.36237	-4.50027
-5.37524	-4.50987
-5.38799	-4.51969
-5.39925	-4.52842
-5.41081	-4.5392
-5.42294	-4.55033
-5.43373	-4.56052
-5.44423	-4.57278
-5.45334	-4.58631
-5.46111	-4.59903
-5.46943	-4.61337
-5.47947	-4.62722
-5.48968	-4.64062
-5.49909	-4.65426
-5.50795	-4.66748
-5.5152	-4.68022
-5.52259	-4.69287
-5.52913	-4.70412
-5.53683	-4.71643
-5.54424	-4.72923
-5.55156	-4.74327
-5.55855	-4.75794
-5.56556	-4.77271
-5.57243	-4.78733
-5.57913	-4.80163
-5.58412	-4.81553
-5.59027	-4.83091
-5.59605	-4.84556
-5.60178	-4.86018
-5.60811	-4.87463
-5.61462	-4.88913
-5.62098	-4.90357
-5.62771	-4.9177
-5.63489	-4.93177
-5.64222	-4.94611
-5.64928	-4.96087
-5.65636	-4.97557
-5.66381	-4.99066
-5.67187	-5.00514
-5.6789	-5.019
-5.68585	-5.03344
-5.6939	-5.04776
-5.70151	-5.06246
-5.70814	-5.07676
-5.71474	-5.09188
-5.72122	-5.10695
-5.7277	-5.12199
-5.7357	-5.13654
-5.74355	-5.15117
-5.75215	-5.16721
-5.76078	-5.18084
-5.7669	-5.19637
-5.77351	-5.21162
-5.7799	-5.22575
-5.7864	-5.24025
-5.79308	-5.25475
-5.80099	-5.27078
-5.80833	-5.28551
-5.81578	-5.3005
-5.82339	-5.31668
-5.83067	-5.3321
-5.83794	-5.34768
-5.84498	-5.36279
-5.85222	-5.38057
-5.85865	-5.39796
-5.86477	-5.41431
-5.87058	-5.43022
-5.875	-5.44656
-5.87931	-5.46282
-5.88429	-5.47958
-5.88914	-5.49442
-5.89445	-5.50996
-5.89938	-5.52545
-5.90373	-5.54039
-5.90807	-5.55651
-5.9115	-5.5714
-5.91509	-5.58677
-5.91804	-5.6022
-5.92167	-5.61778
-5.92513	-5.6339
-5.92575	-5.6518
-5.92633	-5.66892
-5.92854	-5.6861
-5.93046	-5.70278
-5.93304	-5.71954
-5.93516	-5.737
-5.93811	-5.75269
-5.94035	-5.76672
-5.9429	-5.78084
-5.94533	-5.7953
-5.94832	-5.8089
-5.95417	-5.82496
-5.95922	-5.83977
-5.96405	-5.85452
-5.96842	-5.86924
-5.97351	-5.88433
-5.97831	-5.89866
-5.98434	-5.91522
-5.98691	-5.93019
-5.98852	-5.94734
-5.99027	-5.96379
-5.99423	-5.98015
-5.99867	-5.99548
-6.00332	-6.01087
-6.00754	-6.02615
-6.01182	-6.04266
-6.01562	-6.05751
-6.02022	-6.07308
-6.02507	-6.08842
-6.03018	-6.10325
-6.03464	-6.11711
-6.03912	-6.13238
-6.04472	-6.14736
-6.05109	-6.16387
-6.05698	-6.17863
-6.06297	-6.19499
-6.06968	-6.21126
-6.07606	-6.22719
-6.08144	-6.24351
-6.08558	-6.26063
-6.08899	-6.27577
-6.09251	-6.29106
-6.09642	-6.30602
-6.10049	-6.32173
-6.10688	-6.33666
-6.1131	-6.35135
-6.11867	-6.3679
-6.1223	-6.38295
-6.12507	-6.39877
-6.12794	-6.41502
-6.13147	-6.43033
-6.13577	-6.44449
-6.14047	-6.45964
-6.14466	-6.47355
-6.14855	-6.48942
-6.15254	-6.50581
-6.15624	-6.51984
-6.1607	-6.53456
-6.16531	-6.54975
-6.16779	-6.56467
