0.0125881	-0.0971617
0.0125881	-0.0971617
0.0125881	-0.0971617
0.0125881	-0.0971617
0.0125881	-0.0971617
0.0125881	-0.0971617
0.0125881	-0.0971617
0.0125881	-0.0971617
0.0125881	-0.0971617
0.0125881	-0.0971617
0.0125881	-0.0971617
0.0125881	-0.0971617
0.0125881	-0.0971617
0.0125881	-0.0971617
0.0125881	-0.0971617
0.0125881	-0.0971617
0.0125881	-0.0971617
0.0125881	-0.0971617
0.0125881	-0.0971617
0.0125881	-0.0971617
0.0125881	-0.0971617
0.0125881	-0.0971617
0.0125881	-0.0971617
0.0125881	-0.0971617
0.0125881	-0.0971617
0.0125881	-0.0971617
0.0125881	-0.0971617
0.0125881	-0.0971617
0.0125881	-0.0971617
0.0125881	-0.0971617
0.0125881	-0.0971617
0.0125881	-0.0971617
0.0125881	-0.0971617
0.0125881	-0.0971617
0.0125881	-0.0971617
0.0125881	-0.0971617
0.0125881	-0.0971617
0.0125881	-0.0971617
0.0125881	-0.0971617
0.0125881	-0.0971617
0.0125881	-0.0971617
0.0125881	-0.0971617
0.0125881	-0.0971617
0.0125881	-0.0971617
0.0125881	-0.0971617
0.0125881	-0.0971617
0.0125881	-0.0971617
0.0125881	-0.0971617
0.0125881	-0.0971617
0.0125881	-0.0971617
0.0125881	-0.0971617
0.0125881	-0.0971617
0.0125881	-0.0971617
0.0125881	-0.0971617
0.0125881	-0.0971617
0.0125881	-0.0971617
0.0125881	-0.0971617
0.0125881	-0.0971617
0.0125881	-0.0971617
0.0125881	-0.0971617
0.0125881	-0.0971617
0.0125881	-0.0971617
0.0125881	-0.0971617
0.0125881	-0.0971617
0.0125881	-0.0971617
0.0125881	-0.0971617
0.0125881	-0.0971617
0.0125881	-0.0971617
0.0125881	-0.0971617
0.0125881	-0.0971617
0.0125881	-0.0971617
0.0125881	-0.0971617
0.0125881	-0.0971617
0.0125881	-0.0971617
0.0125881	-0.0971617
0.0125881	-0.0971617
0.0125881	-0.0971617
0.0125881	-0.0971617
0.0125881	-0.0971617
0.0125881	-0.0971617
0.0125881	-0.0971617
0.0125881	-0.0971617
0.0125881	-0.0971617
0.0125881	-0.0971617
0.0125881	-0.0971617
0.0125881	-0.0971617
0.0125881	-0.0971617
0.0125881	-0.0971617
0.0125881	-0.0971617
0.0125881	-0.0971617
0.0125881	-0.0971617
0.0125881	-0.0971617
0.0125881	-0.0971617
0.0125881	-0.0971617
0.0125881	-0.0971617
0.0125881	-0.0971617
0.0125881	-0.0971617
0.0125881	-0.0971617
0.0125881	-0.0971617
0.0125881	-0.0971617
0.0125881	-0.0971617
0.0125881	-0.0971617
0.0125881	-0.0971617
0.0125881	-0.0971617
0.0125881	-0.0971617
0.0125881	-0.0971617
0.0125881	-0.0971617
0.0125881	-0.0971617
0.0125881	-0.0971617
0.0125881	-0.0971617
0.0125881	-0.0971617
0.0125881	-0.0971617
0.0125881	-0.0971617
0.0125881	-0.0971617
0.0125881	-0.0971617
0.0125881	-0.0971617
0.0125881	-0.0971617
0.0125881	-0.0971617
0.0125881	-0.0971617
0.0125881	-0.0971617
0.0125881	-0.0971617
0.0125881	-0.0971617
0.0125881	-0.0971617
0.0125881	-0.0971617
0.0125881	-0.0971617
0.0125881	-0.0971617
0.0125881	-0.0971617
0.0125881	-0.0971617
0.0125881	-0.0971617
0.0125881	-0.0971617
0.0125881	-0.0971617
0.0125881	-0.0971617
0.0125881	-0.0971617
0.0125881	-0.0971617
0.0125881	-0.0971617
0.0125881	-0.0971617
0.0125881	-0.0971617
0.0125881	-0.0971617
0.0125881	-0.0971617
0.0125881	-0.0971617
0.0125881	-0.0971617
0.0125881	-0.0971617
0.0125881	-0.0971617
0.0125881	-0.0971617
0.0125881	-0.0971617
0.0125881	-0.0971617
0.0125881	-0.0971617
0.0125881	-0.0971617
0.0125881	-0.0971617
0.0125881	-0.0971617
0.0125881	-0.0971617
0.0125881	-0.0971617
0.0125881	-0.0971617
0.0125881	-0.0971617
0.0125881	-0.0971617
0.0125881	-0.0971617
0.0125881	-0.0971617
0.0125881	-0.0971617
0.0125881	-0.0971617
0.0125881	-0.0971617
0.0125881	-0.0971617
0.0125881	-0.0971617
0.0125881	-0.0971617
0.0125881	-0.0971617
0.0125881	-0.0971617
0.0125881	-0.0971617
0.0125881	-0.0971617
0.0125881	-0.0971617
0.0125881	-0.0971617
0.0125881	-0.0971617
0.0125881	-0.0971617
0.0125881	-0.0971617
0.0125881	-0.0971617
0.0125881	-0.0971617
0.0125881	-0.0971617
0.0125881	-0.0971617
0.0125881	-0.0971617
0.0125881	-0.0971617
0.0125881	-0.0971617
0.0125881	-0.0971617
0.0125881	-0.0971617
0.0125881	-0.0971617
0.0125881	-0.0971617
0.0125881	-0.0971617
0.0125881	-0.0971617
0.0125881	-0.0971617
0.0125881	-0.0971617
0.0125881	-0.0971617
0.0125881	-0.0971617
0.0125881	-0.0971617
0.0125881	-0.0971617
0.0125881	-0.0971617
0.0125881	-0.0971617
0.0125881	-0.0971617
0.0125881	-0.0971617
0.0125881	-0.0971617
0.0125881	-0.0971617
0.0125881	-0.0971617
0.0125881	-0.0971617
0.0125881	-0.0971617
0.0125881	-0.0971617
0.0125881	-0.0971617
0.0125881	-0.0971617
0.0125881	-0.0971617
0.0125881	-0.0971617
0.0125881	-0.0971617
0.0125881	-0.0971617
0.0125881	-0.0971617
0.0125881	-0.0971617
0.0125881	-0.0971617
0.0125881	-0.0971617
0.0125881	-0.0971617
0.0125881	-0.0971617
0.0125881	-0.0971617
0.0125881	-0.0971617
0.0125881	-0.0971617
0.0125881	-0.0971617
0.0125881	-0.0971617
0.0125881	-0.0971617
0.0125881	-0.0971617
0.0125881	-0.0971617
0.0125881	-0.0971617
0.0125881	-0.0971617
0.0125881	-0.0971617
0.0125881	-0.0971617
0.0125881	-0.0971617
0.0125881	-0.0971617
0.0125881	-0.0971617
0.0125881	-0.0971617
0.0828017	-0.217508
0.206887	-0.234248
0.302862	-0.16036
0.283633	-0.179804
0.313274	-0.117737
0.272162	-0.217945
0.359206	-0.0963853
0.326154	-0.19227
0.338295	-0.174598
0.334592	-0.170136
0.322826	-0.218216
0.297651	-0.14714
0.301115	-0.18201
0.322401	-0.116686
0.313717	-0.154094
0.343112	-0.0790253
0.349841	-0.155983
0.345186	-0.0843348
0.331035	-0.0643703
0.347394	-0.0609562
0.318441	-0.0895682
0.325689	-0.0575656
0.385921	-0.0316204
0.379357	0.024758
0.352365	0.0231095
0.313826	0.0228559
0.316776	0.0141502
0.332505	0.0267732
0.314089	0.0198258
0.306298	0.0308896
0.32652	0.00359912
0.324877	0.0279338
0.329824	0.0368527
0.374733	0.0280386
0.343761	0.0451664
0.320479	0.0511767
0.336116	0.0419845
0.317219	0.0660209
0.334685	0.0910767
0.321246	0.0850404
0.308318	0.0590908
0.339177	0.0380917
0.334984	0.067166
0.315436	0.0726568
0.318792	0.0799284
0.30143	0.0798748
0.318271	0.0851994
0.275366	0.110716
0.261113	0.129852
0.234228	0.186294
0.247003	0.181859
0.248986	0.189177
0.270493	0.174786
0.293204	0.207364
0.293712	0.185086
0.307321	0.175547
0.307337	0.191361
0.336148	0.164935
0.334635	0.168333
0.318965	0.149251
0.284773	0.15376
0.29944	0.138225
0.283275	0.125032
0.304438	0.100257
0.295092	0.087024
0.259358	0.109639
0.287883	0.136644
0.330071	0.142218
0.312492	0.133288
0.337374	0.147037
0.309	0.127637
0.313343	0.13939
0.323515	0.125592
0.307576	0.126875
0.319564	0.127021
0.290056	0.134816
0.300327	0.14345
0.318162	0.130717
0.310291	0.127361
0.2773	0.120194
0.261206	0.132748
0.278325	0.130775
0.302907	0.131331
0.301616	0.130247
0.309369	0.134944
0.307758	0.121738
0.31354	0.0677743
0.305265	0.103205
0.299882	0.130809
0.330211	0.140962
0.336939	0.0886688
0.319383	0.132753
0.310323	0.142747
0.284535	0.125833
0.314693	0.145088
0.267263	0.174307
0.255764	0.173317
0.261495	0.170203
0.275126	0.172886
0.282879	0.191842
0.269949	0.184053
0.295664	0.191083
0.264672	0.18307
0.283974	0.189784
0.267342	0.191316
0.261751	0.186058
0.259666	0.113636
0.321679	0.223059
0.255449	0.241912
0.266576	0.169379
0.259453	0.206152
0.267691	0.189885
0.248365	0.216123
0.26139	0.190906
0.250304	0.209836
0.270947	0.162486
0.226788	0.244995
0.296673	0.228551
0.220558	0.259193
0.290068	0.190574
0.213555	0.253963
0.274253	0.198541
0.227129	0.253553
0.280157	0.196812
0.222539	0.275835
0.2808	0.21111
0.209943	0.295255
0.231231	0.206829
0.188267	0.271442
0.22842	0.248383
0.251017	0.242521
0.192369	0.269046
0.213231	0.241223
0.202562	0.296873
0.213692	0.283008
0.169562	0.282618
0.149743	0.293632
0.126366	0.298232
0.110192	0.303101
0.108254	0.293596
0.0751259	0.303159
0.0783921	0.311074
0.0728607	0.26587
0.100505	0.280979
0.0723566	0.319515
0.0734224	0.322335
0.0724016	0.334044
0.0580293	0.366904
0.0898963	0.322531
-0.0353071	0.374011
-0.0367548	0.36764
-0.036324	0.345972
-0.0331096	0.369778
-0.0536058	0.352749
-0.0623967	0.304742
-0.0457244	0.326777
-0.127473	0.285453
0.00453954	0.367057
-0.180815	0.357342
-0.04999	0.359707
-0.151791	0.332099
-0.0821708	0.325925
-0.147865	0.312651
-0.180734	0.29715
-0.168757	0.286091
-0.220739	0.240888
-0.213054	0.211624
-0.214191	0.193171
-0.23952	0.211294
-0.268459	0.18454
-0.273509	0.174966
-0.282439	0.16993
-0.291498	0.157093
-0.297938	0.138528
-0.28355	0.147057
-0.319202	0.161504
-0.343654	0.163689
-0.298816	0.129411
-0.314447	0.116021
-0.303392	0.0866994
-0.316201	0.085409
-0.287115	0.0736537
-0.290716	0.090992
-0.318236	0.0560157
-0.320586	0.055757
-0.336197	0.0411668
-0.3164	0.0629461
-0.315435	0.0533365
-0.314749	0.0292989
-0.319339	0.0141354
-0.328166	0.030765
-0.336453	-0.0163481
-0.332722	0.0174861
-0.333619	-0.0169807
-0.333761	0.000687036
-0.329421	0.0151154
-0.331855	-0.0608097
-0.310286	-0.066849
-0.314716	-0.068644
-0.31912	-0.0776326
-0.311571	-0.0833127
-0.320356	-0.0399099
-0.31812	-0.0846699
-0.314729	-0.0767051
-0.354177	-0.100674
-0.33344	-0.0623437
-0.31282	-0.150431
-0.295369	-0.11709
-0.264133	-0.125236
-0.255952	-0.119527
-0.255267	-0.120482
-0.277501	-0.133628
-0.300117	-0.141586
-0.343059	-0.16817
-0.308244	-0.170186
-0.290916	-0.157174
-0.298868	-0.169887
-0.292062	-0.204069
-0.298819	-0.195299
-0.298415	-0.209105
-0.281531	-0.150555
-0.291846	-0.170258
-0.292291	-0.155702
-0.264421	-0.171554
-0.280515	-0.17042
-0.295438	-0.192875
-0.283038	-0.201979
-0.248634	-0.192903
-0.259655	-0.191034
-0.271313	-0.154072
-0.275979	-0.177254
-0.265058	-0.178404
-0.264386	-0.183538
-0.318507	-0.204823
-0.266034	-0.176892
-0.266817	-0.186465
-0.2777	-0.184279
-0.294427	-0.178114
-0.280755	-0.179761
-0.25072	-0.173769
-0.255059	-0.187407
-0.275068	-0.214673
-0.260679	-0.2098
-0.228195	-0.229967
-0.24425	-0.22802
-0.242715	-0.219556
-0.232544	-0.22511
-0.278253	-0.240039
-0.264112	-0.234158
-0.27737	-0.243708
-0.265773	-0.238633
-0.232905	-0.227983
-0.229102	-0.247328
-0.199092	-0.242915
-0.21317	-0.276619
-0.174303	-0.272711
-0.203643	-0.251202
-0.187456	-0.215801
-0.155995	-0.201461
-0.220125	-0.230414
-0.186725	-0.198589
-0.184089	-0.224624
-0.199297	-0.242908
-0.210157	-0.270702
-0.193392	-0.251226
-0.193184	-0.275547
-0.172504	-0.285816
-0.194139	-0.301421
-0.110991	-0.292699
-0.127625	-0.323051
-0.108021	-0.333111
-0.0862815	-0.303507
-0.0786996	-0.31723
-0.0176123	-0.300942
-0.0918096	-0.287704
0.00162955	-0.325146
-0.0982419	-0.334383
-0.00908455	-0.356872
-0.0977282	-0.362132
-0.00664776	-0.356901
-0.0682963	-0.319909
0.0194611	-0.336024
-0.072411	-0.350134
0.0554439	-0.356705
0.014347	-0.359453
-0.0532114	-0.359246
-0.0333235	-0.344198
-0.0187104	-0.360646
-0.0197001	-0.332802
-0.0495967	-0.340398
-0.106304	-0.292613
-0.14341	-0.283684
-0.189279	-0.256776
-0.214462	-0.244007
-0.20358	-0.214683
-0.221181	-0.234087
-0.289029	-0.242633
-0.257672	-0.250104
-0.287472	-0.180406
-0.245233	-0.237345
-0.322772	-0.139916
-0.289279	-0.264991
-0.349707	-0.134351
-0.305508	-0.183971
-0.308068	-0.142442
-0.34283	-0.0782347
-0.305161	-0.0923244
-0.300453	-0.0612572
-0.309276	-0.0634719
-0.335614	-0.0330496
-0.344734	-0.00344854
-0.334003	-0.0127142
-0.328581	0.00978644
-0.323161	-0.0350296
-0.357841	0.0626661
-0.359888	-0.0542543
-0.360199	0.0577469
-0.345044	-0.0553525
-0.337062	0.0792725
-0.347037	0.0453485
-0.33921	0.0166905
-0.321523	0.0112477
-0.321421	0.0637906
-0.322845	0.0918002
-0.308617	0.132224
-0.291558	0.133986
-0.28993	0.134451
-0.295949	0.137883
-0.294528	0.142644
-0.335518	0.182755
-0.305302	0.187538
-0.241871	0.164871
-0.26151	0.175222
-0.270164	0.176316
-0.257072	0.206332
-0.254005	0.204621
-0.251416	0.192498
-0.252694	0.176276
-0.271001	0.170409
-0.261326	0.182458
-0.274858	0.204879
-0.287571	0.232794
-0.262935	0.232615
-0.237485	0.236038
-0.21024	0.236421
-0.214061	0.22762
-0.209182	0.230471
-0.219202	0.230268
-0.228014	0.237238
-0.234789	0.232398
-0.224876	0.220231
-0.230846	0.214499
-0.202211	0.201141
-0.220083	0.215969
-0.239985	0.228771
-0.248479	0.236797
-0.24453	0.235006
-0.241267	0.239057
-0.202129	0.22092
-0.225382	0.238957
-0.253343	0.240374
-0.263895	0.235652
-0.238514	0.226876
-0.240183	0.221923
-0.205745	0.215971
-0.227902	0.208284
-0.238601	0.231989
-0.238146	0.234859
-0.252323	0.229964
-0.254653	0.221992
-0.289124	0.214871
-0.295997	0.219725
-0.31308	0.1756
-0.309516	0.189023
-0.312597	0.172592
-0.291353	0.169808
-0.308318	0.179033
-0.286815	0.193048
-0.290446	0.178879
-0.280905	0.149245
-0.258815	0.177437
-0.286916	0.191226
-0.288364	0.180478
-0.283052	0.180462
-0.280177	0.1781
-0.278112	0.184151
-0.225368	0.165729
-0.253232	0.206648
-0.242456	0.148858
-0.249339	0.17459
-0.269421	0.187707
-0.264452	0.193477
-0.247152	0.209907
-0.245345	0.206454
-0.231559	0.202944
-0.242291	0.207804
-0.273	0.202146
-0.273338	0.223194
-0.261149	0.214508
-0.240006	0.2562
-0.215802	0.219397
-0.20769	0.249395
-0.215031	0.27965
-0.21104	0.291189
-0.205545	0.275363
-0.193603	0.267848
-0.197946	0.250189
-0.2044	0.251074
-0.242313	0.24618
-0.183294	0.216091
-0.201654	0.228825
-0.207303	0.238257
-0.216452	0.242257
-0.217793	0.241479
-0.237262	0.228211
-0.258784	0.258373
-0.287289	0.244621
-0.21795	0.264642
-0.242312	0.237338
-0.236332	0.235878
-0.232825	0.241257
-0.233996	0.228108
-0.2162	0.214825
-0.226412	0.216366
-0.245098	0.218002
-0.242606	0.213456
-0.197757	0.186817
-0.234223	0.158655
-0.244245	0.163312
-0.232712	0.211954
-0.246924	0.220311
-0.241008	0.218134
-0.246387	0.209987
-0.238291	0.195517
-0.210913	0.217529
-0.235819	0.199634
-0.26006	0.168159
-0.264315	0.167906
-0.301965	0.151594
-0.253124	0.118749
-0.271415	0.126093
-0.273504	0.143993
-0.290374	0.0947155
-0.299131	0.103954
-0.302794	0.110997
-0.318193	0.127215
-0.318333	0.144665
-0.282352	0.118279
-0.264876	0.101559
-0.285447	0.111161
-0.296901	0.160299
-0.299933	0.15053
-0.318263	0.149219
-0.303246	0.163192
-0.26795	0.158083
-0.248776	0.15352
-0.334192	0.152665
-0.315659	0.19499
-0.288207	0.152007
-0.263458	0.196716
-0.273321	0.202812
-0.245172	0.18544
-0.250035	0.195468
-0.260531	0.198443
-0.267016	0.207867
-0.26301	0.203745
-0.265625	0.203446
-0.280203	0.21892
-0.271497	0.200408
-0.278511	0.184326
-0.231773	0.209357
-0.235712	0.234004
-0.192198	0.244704
-0.177659	0.226287
-0.183626	0.226083
-0.192089	0.203314
-0.200097	0.237832
-0.182195	0.238211
-0.188742	0.255078
-0.190389	0.278492
-0.243374	0.280226
-0.23001	0.264525
-0.233098	0.215711
-0.231283	0.213621
-0.230247	0.216247
-0.22599	0.225947
-0.214794	0.203505
-0.214841	0.211724
-0.228828	0.271803
-0.222762	0.255299
-0.217184	0.251033
-0.211005	0.251288
-0.27977	0.257226
-0.233901	0.269117
-0.217229	0.263867
-0.201804	0.284855
-0.203768	0.301776
-0.196658	0.277443
-0.174859	0.248798
-0.139489	0.239298
-0.168521	0.248654
-0.173397	0.281652
-0.182404	0.27003
-0.175495	0.262809
-0.17396	0.257556
-0.117797	0.28501
-0.129646	0.276266
-0.146256	0.297483
-0.143418	0.311795
-0.125734	0.284805
-0.131719	0.290677
-0.123901	0.275213
-0.136091	0.288756
-0.140571	0.290903
-0.138556	0.294564
-0.127842	0.305261
-0.111528	0.279441
-0.119051	0.284866
-0.132898	0.296792
-0.171041	0.27982
-0.166901	0.273962
-0.182315	0.297141
-0.19252	0.295511
-0.180187	0.300021
-0.177245	0.288583
-0.164839	0.282278
-0.177028	0.260169
-0.157893	0.21773
-0.196353	0.218415
-0.249035	0.22966
-0.226604	0.192911
-0.25531	0.202635
-0.237875	0.191362
-0.238424	0.205048
-0.216968	0.189911
-0.254976	0.208211
-0.255142	0.206091
-0.268409	0.229462
-0.243502	0.20843
-0.240032	0.211909
-0.242736	0.209287
-0.281158	0.180312
-0.256844	0.229263
-0.209979	0.220262
-0.233351	0.243187
-0.227852	0.231113
-0.236769	0.244733
-0.226095	0.241121
-0.230058	0.24376
-0.243543	0.240794
-0.254345	0.20218
-0.250563	0.219155
-0.235347	0.222789
-0.218986	0.240626
-0.194386	0.244723
-0.191524	0.254429
-0.161833	0.248178
-0.176794	0.264941
-0.182023	0.267633
-0.181941	0.270165
-0.214482	0.282781
-0.210913	0.274889
-0.205344	0.266822
-0.202875	0.279583
-0.207265	0.278037
-0.198838	0.255039
-0.191278	0.259628
-0.184037	0.233123
-0.205491	0.21742
-0.233696	0.21828
-0.249922	0.240451
-0.241152	0.23642
-0.244592	0.262308
-0.204964	0.220053
-0.219329	0.22319
-0.223612	0.230566
-0.229722	0.236377
-0.230988	0.246487
-0.22449	0.224647
-0.223321	0.230425
-0.228029	0.240539
-0.225444	0.24061
-0.2383	0.250787
-0.230801	0.24547
-0.246775	0.246112
-0.23425	0.235046
-0.204035	0.227101
-0.197585	0.23994
-0.205977	0.235597
-0.226941	0.243429
-0.231511	0.234202
-0.215732	0.26788
-0.246826	0.226892
-0.237985	0.219858
-0.233265	0.238448
-0.261542	0.245462
-0.269647	0.258872
-0.276074	0.246205
-0.257902	0.237634
-0.256455	0.222589
-0.244477	0.252059
-0.258642	0.239611
-0.226011	0.250347
-0.207497	0.253357
-0.241141	0.24618
-0.247996	0.199919
-0.260606	0.215601
-0.216092	0.188027
-0.233281	0.206416
-0.227906	0.197749
-0.262474	0.244751
-0.288982	0.221094
-0.272351	0.203064
-0.244589	0.163568
-0.258978	0.181657
-0.261045	0.168278
-0.272446	0.178653
-0.279251	0.162714
-0.294009	0.181162
-0.28424	0.176064
-0.272823	0.17616
-0.270432	0.196045
-0.297371	0.216781
-0.274294	0.173128
-0.268265	0.202626
-0.269648	0.204563
-0.251194	0.199781
-0.266234	0.19971
-0.256144	0.199399
-0.271988	0.196404
-0.27041	0.212486
-0.272149	0.186487
-0.300027	0.180476
-0.325352	0.181608
-0.298917	0.171052
-0.293171	0.166863
-0.284029	0.176344
-0.28349	0.169928
-0.288654	0.153496
-0.269019	0.152357
-0.300101	0.202932
-0.299515	0.173265
-0.295052	0.160248
-0.285811	0.128198
-0.287893	0.128824
-0.309905	0.123473
-0.355084	0.0874998
-0.335494	0.0747488
-0.340156	0.0685799
-0.347046	0.0839475
-0.392095	0.0864018
-0.346465	0.119602
-0.364083	0.0996893
-0.344654	0.110662
-0.35339	0.0959345
-0.332724	0.130172
-0.31883	0.12575
-0.322321	0.121651
-0.323299	0.13025
-0.305381	0.1302
-0.304002	0.129804
-0.293198	0.136371
-0.324806	0.108429
-0.278894	0.118796
-0.271374	0.100591
-0.294723	0.103266
-0.318869	0.0952812
-0.322808	0.0744017
-0.308769	0.102539
-0.301775	0.0987953
-0.310381	0.101437
-0.302273	0.0965338
-0.334621	0.126889
-0.312606	0.0962603
-0.350922	0.0938886
-0.357479	0.0758587
-0.317907	0.0829508
-0.310146	0.103203
-0.318915	0.115206
-0.322769	0.118341
-0.324564	0.113468
-0.30023	0.130829
-0.307594	0.137041
-0.305744	0.140332
-0.299661	0.147817
-0.323207	0.158906
-0.294996	0.171849
-0.257537	0.17728
-0.266246	0.204411
-0.284645	0.261586
-0.243413	0.261929
-0.202056	0.239198
-0.233793	0.231176
-0.238703	0.212559
-0.25147	0.220075
-0.23587	0.205
-0.245399	0.204242
-0.257554	0.207979
-0.262748	0.193059
-0.290609	0.212011
-0.277502	0.202208
-0.267513	0.197859
-0.253205	0.185507
-0.257065	0.168404
-0.260645	0.189013
-0.257635	0.213566
-0.25469	0.212393
-0.229586	0.231181
-0.224182	0.217997
-0.227146	0.209822
-0.215663	0.184615
-0.240605	0.207839
-0.233481	0.204062
-0.221314	0.175218
-0.237161	0.189026
-0.238154	0.169284
-0.260868	0.153398
-0.275675	0.1812
-0.26909	0.186338
-0.262743	0.153301
-0.23199	0.205999
-0.224866	0.205117
-0.201167	0.230129
-0.205754	0.220689
-0.21186	0.223773
-0.220899	0.224937
-0.176276	0.220102
-0.161677	0.238211
-0.167301	0.260726
-0.198205	0.256534
-0.198937	0.262819
-0.195668	0.254573
-0.19542	0.251956
-0.197309	0.259606
-0.197098	0.307989
-0.191626	0.277425
-0.168521	0.255211
-0.179136	0.258994
-0.163194	0.263086
-0.167429	0.268141
-0.165085	0.259517
-0.171931	0.250922
-0.209676	0.256104
-0.2177	0.272889
-0.210505	0.290689
-0.195392	0.261352
-0.181662	0.283614
-0.194201	0.249588
-0.187562	0.241105
-0.203382	0.231415
-0.213411	0.235773
-0.2036	0.243347
-0.185414	0.236245
-0.166312	0.24659
-0.140363	0.26801
-0.147174	0.263571
-0.148023	0.271982
-0.14986	0.309201
-0.173091	0.288174
-0.158974	0.229121
-0.178048	0.253208
-0.187101	0.238872
-0.194845	0.240217
-0.197291	0.253981
-0.171081	0.268242
-0.20496	0.292937
-0.2176	0.277021
-0.226129	0.259091
-0.215264	0.251193
-0.232529	0.249365
-0.234752	0.249124
