-0.0296124	0.0986537
-0.0296124	0.0986537
-0.0296124	0.0986537
-0.0296124	0.0986537
-0.0296124	0.0986537
-0.0296124	0.0986537
-0.0296124	0.0986537
-0.0296124	0.0986537
-0.0296124	0.0986537
-0.0296124	0.0986537
-0.0296124	0.0986537
-0.0296124	0.0986537
-0.0296124	0.0986537
-0.0296124	0.0986537
-0.0296124	0.0986537
-0.0296124	0.0986537
-0.0296124	0.0986537
-0.0296124	0.0986537
-0.0296124	0.0986537
-0.0296124	0.0986537
-0.0296124	0.0986537
-0.0296124	0.0986537
-0.0296124	0.0986537
-0.0296124	0.0986537
-0.0296124	0.0986537
-0.0296124	0.0986537
-0.0296124	0.0986537
-0.0296124	0.0986537
-0.0296124	0.0986537
-0.0296124	0.0986537
-0.0296124	0.0986537
-0.0296124	0.0986537
-0.0296124	0.0986537
-0.0296124	0.0986537
-0.0296124	0.0986537
-0.0296124	0.0986537
-0.0296124	0.0986537
-0.0296124	0.0986537
-0.0296124	0.0986537
-0.0296124	0.0986537
-0.0296124	0.0986537
-0.0296124	0.0986537
-0.0296124	0.0986537
-0.0296124	0.0986537
-0.0296124	0.0986537
-0.0296124	0.0986537
-0.0296124	0.0986537
-0.0296124	0.0986537
-0.0296124	0.0986537
-0.0296124	0.0986537
-0.0296124	0.0986537
-0.0296124	0.0986537
-0.0296124	0.0986537
-0.0296124	0.0986537
-0.0296124	0.0986537
-0.0296124	0.0986537
-0.0296124	0.0986537
-0.0296124	0.0986537
-0.0296124	0.0986537
-0.0296124	0.0986537
-0.0296124	0.0986537
-0.0296124	0.0986537
-0.0296124	0.0986537
-0.0296124	0.0986537
-0.0296124	0.0986537
-0.0296124	0.0986537
-0.0296124	0.0986537
-0.0296124	0.0986537
-0.0296124	0.0986537
-0.0296124	0.0986537
-0.0296124	0.0986537
-0.0296124	0.0986537
-0.0296124	0.0986537
-0.0296124	0.0986537
-0.0296124	0.0986537
-0.0296124	0.0986537
-0.0296124	0.0986537
-0.0296124	0.0986537
-0.0296124	0.0986537
-0.0296124	0.0986537
-0.0296124	0.0986537
-0.0296124	0.0986537
-0.0296124	0.0986537
-0.0296124	0.0986537
-0.0296124	0.0986537
-0.0296124	0.0986537
-0.0296124	0.0986537
-0.0296124	0.0986537
-0.0296124	0.0986537
-0.0296124	0.0986537
-0.0296124	0.0986537
-0.0296124	0.0986537
-0.0296124	0.0986537
-0.0296124	0.0986537
-0.0296124	0.0986537
-0.0296124	0.0986537
-0.0296124	0.0986537
-0.0296124	0.0986537
-0.0296124	0.0986537
-0.0296124	0.0986537
-0.0296124	0.0986537
-0.0296124	0.0986537
-0.0296124	0.0986537
-0.0296124	0.0986537
-0.0296124	0.0986537
-0.0296124	0.0986537
-0.0296124	0.0986537
-0.0296124	0.0986537
-0.0296124	0.0986537
-0.0296124	0.0986537
-0.0296124	0.0986537
-0.0296124	0.0986537
-0.0296124	0.0986537
-0.0296124	0.0986537
-0.0296124	0.0986537
-0.0296124	0.0986537
-0.0296124	0.0986537
-0.0296124	0.0986537
-0.0296124	0.0986537
-0.0296124	0.0986537
-0.0296124	0.0986537
-0.0296124	0.0986537
-0.0296124	0.0986537
-0.0296124	0.0986537
-0.0296124	0.0986537
-0.0296124	0.0986537
-0.0296124	0.0986537
-0.0296124	0.0986537
-0.0296124	0.0986537
-0.0296124	0.0986537
-0.0296124	0.0986537
-0.0296124	0.0986537
-0.0296124	0.0986537
-0.0296124	0.0986537
-0.0296124	0.0986537
-0.0296124	0.0986537
-0.0296124	0.0986537
-0.0296124	0.0986537
-0.0296124	0.0986537
-0.0296124	0.0986537
-0.0296124	0.0986537
-0.0296124	0.0986537
-0.0296124	0.0986537
-0.0296124	0.0986537
-0.0296124	0.0986537
-0.0296124	0.0986537
-0.0296124	0.0986537
-0.0296124	0.0986537
-0.0296124	0.0986537
-0.0296124	0.0986537
-0.0296124	0.0986537
-0.0296124	0.0986537
-0.0296124	0.0986537
-0.0296124	0.0986537
-0.0296124	0.0986537
-0.0296124	0.0986537
-0.0296124	0.0986537
-0.0296124	0.0986537
-0.0296124	0.0986537
-0.0296124	0.0986537
-0.0296124	0.0986537
-0.0296124	0.0986537
-0.0296124	0.0986537
-0.0296124	0.0986537
-0.0296124	0.0986537
-0.0296124	0.0986537
-0.0296124	0.0986537
-0.0296124	0.0986537
-0.0296124	0.0986537
-0.0296124	0.0986537
-0.0296124	0.0986537
-0.0296124	0.0986537
-0.0296124	0.0986537
-0.0296124	0.0986537
-0.0296124	0.0986537
-0.0296124	0.0986537
-0.0296124	0.0986537
-0.0296124	0.0986537
-0.0296124	0.0986537
-0.0296124	0.0986537
-0.0296124	0.0986537
-0.0296124	0.0986537
-0.0296124	0.0986537
-0.0296124	0.0986537
-0.0296124	0.0986537
-0.0296124	0.0986537
-0.0296124	0.0986537
-0.104901	0.185667
-0.141027	0.231581
-0.162786	0.244646
-0.184148	0.260897
-0.136727	0.293897
-0.236906	0.248497
-0.228402	0.249281
-0.202171	0.251827
-0.213601	0.258353
-0.19654	0.272403
-0.197828	0.263144
-0.201215	0.262498
-0.211513	0.262608
-0.205583	0.260675
-0.182346	0.249005
-0.180065	0.258027
-0.168237	0.264909
-0.169133	0.259154
-0.166167	0.259916
-0.169543	0.263797
-0.188214	0.254031
-0.208585	0.277824
-0.204258	0.270319
-0.201414	0.259745
-0.203946	0.264501
-0.202033	0.261819
-0.247539	0.220914
-0.245573	0.222932
-0.256179	0.204224
-0.255736	0.203034
-0.255901	0.186408
-0.28626	0.145779
-0.286717	0.148974
-0.27091	0.148417
-0.233368	0.125433
-0.263065	0.136599
-0.273083	0.134958
-0.277862	0.137313
-0.252265	0.147042
-0.259682	0.157066
-0.289131	0.160682
-0.28925	0.147732
-0.282797	0.145699
-0.286471	0.144864
-0.282325	0.107921
-0.29287	0.113556
-0.297137	0.107917
-0.313222	0.11172
-0.310904	0.110727
-0.322871	0.102313
-0.327983	0.103204
-0.325993	0.104265
-0.304566	0.0998413
-0.287384	0.111045
-0.317619	0.102661
-0.302304	0.106468
-0.313379	0.116339
-0.336829	0.105171
-0.311645	0.238366
-0.280081	0.2137
-0.291448	0.21672
-0.279499	0.213132
-0.268399	0.206049
-0.252363	0.181824
-0.262669	0.159286
-0.274405	0.157453
-0.275368	0.15999
-0.203873	0.187504
-0.22228	0.200614
-0.241743	0.237738
-0.237867	0.228824
-0.231407	0.250035
-0.212058	0.238675
-0.210136	0.247194
-0.211205	0.247817
-0.212371	0.25113
-0.262252	0.262791
-0.225059	0.295799
-0.181259	0.285193
-0.182628	0.277357
-0.217067	0.285344
-0.209779	0.267871
-0.2072	0.24642
-0.212211	0.219297
-0.209152	0.212338
-0.231055	0.223811
-0.235701	0.219759
-0.262596	0.201587
-0.257979	0.192611
-0.24108	0.193704
-0.224986	0.183559
-0.233298	0.204421
-0.261509	0.20398
-0.268185	0.178368
-0.293954	0.165847
-0.289398	0.163097
-0.287875	0.159122
-0.292109	0.173219
-0.287441	0.169492
-0.273117	0.167273
-0.297744	0.157135
-0.291794	0.128795
-0.28079	0.195362
-0.259929	0.197945
-0.273856	0.206994
-0.248649	0.206401
-0.232381	0.183541
-0.242772	0.200179
-0.244155	0.204206
-0.232057	0.202947
-0.236634	0.219512
-0.260653	0.219364
-0.270841	0.220748
-0.259397	0.209797
-0.256597	0.207478
-0.255667	0.170675
-0.266995	0.177552
-0.286223	0.164177
-0.297361	0.177394
-0.248313	0.187466
-0.258635	0.189493
-0.260489	0.189352
-0.287967	0.177959
-0.27775	0.161611
-0.284591	0.160631
-0.243447	0.15794
-0.251025	0.162998
-0.289498	0.175911
-0.302639	0.192892
-0.28441	0.186493
-0.28252	0.187913
-0.292974	0.183734
-0.272347	0.177484
-0.299875	0.169965
-0.32273	0.158336
-0.315447	0.152232
-0.303672	0.156219
-0.285477	0.168253
-0.314405	0.167911
-0.301466	0.143662
-0.302298	0.144699
-0.30553	0.144304
-0.309289	0.111158
-0.255767	0.231695
-0.249746	0.210622
-0.24848	0.222656
-0.255323	0.24141
-0.256512	0.268039
-0.218845	0.25759
-0.189345	0.242525
-0.183848	0.258649
-0.200829	0.26723
-0.197267	0.317727
-0.182876	0.29795
-0.225472	0.299375
-0.180465	0.258374
-0.185092	0.276284
-0.178192	0.291439
-0.202868	0.281917
-0.200212	0.26583
-0.184679	0.274937
-0.180063	0.298432
-0.16789	0.285696
-0.168484	0.248332
-0.164607	0.246829
-0.17689	0.278591
-0.148531	0.295746
-0.138779	0.325883
-0.120221	0.320579
-0.152119	0.28867
-0.153358	0.289629
-0.168664	0.297348
-0.163347	0.289446
-0.128174	0.281457
-0.132801	0.289781
-0.12669	0.299352
-0.131286	0.309585
-0.120918	0.293914
-0.119767	0.294394
-0.137873	0.300156
-0.116928	0.312321
-0.13548	0.28377
-0.142641	0.27106
-0.141542	0.270669
-0.145933	0.279146
-0.159806	0.258479
-0.155885	0.298824
-0.170478	0.291447
-0.173674	0.273448
-0.175071	0.292881
-0.16755	0.285832
-0.152118	0.295061
-0.15178	0.299584
-0.14925	0.317065
-0.178058	0.34902
-0.162549	0.336487
-0.124623	0.336742
-0.150106	0.326422
-0.147307	0.334831
-0.1424	0.325711
-0.108379	0.320341
-0.0844898	0.315577
-0.0990653	0.323168
-0.115021	0.312414
-0.126284	0.292444
-0.16214	0.287498
-0.193367	0.294682
-0.198761	0.300956
-0.205382	0.271735
-0.195492	0.270253
-0.224373	0.255465
-0.218454	0.266351
-0.224965	0.304533
-0.219501	0.272036
-0.204577	0.234797
-0.189428	0.248446
-0.192926	0.220809
-0.208283	0.207823
-0.233277	0.21864
-0.234471	0.214149
-0.23813	0.213152
-0.253239	0.217529
-0.276762	0.228968
-0.253773	0.199848
-0.2673	0.197813
-0.270564	0.201675
-0.262465	0.194761
-0.256316	0.184617
-0.281195	0.198907
-0.289953	0.153604
-0.302429	0.156546
-0.30393	0.130438
-0.295252	0.134307
-0.303492	0.138337
-0.306739	0.152376
-0.285739	0.156304
-0.285182	0.155897
-0.277028	0.18375
-0.26163	0.176926
-0.266227	0.162341
-0.272934	0.175043
-0.282393	0.182632
-0.28422	0.168739
-0.296006	0.207638
-0.284897	0.183398
-0.27719	0.179653
-0.305159	0.171962
-0.278818	0.19432
-0.275397	0.178162
-0.276054	0.203298
-0.223299	0.198838
-0.231836	0.205088
-0.190191	0.222843
-0.22241	0.211245
-0.214909	0.221792
-0.222825	0.239335
-0.222964	0.215551
-0.213945	0.19864
-0.231103	0.205086
-0.237463	0.222336
-0.257573	0.216992
-0.270318	0.16735
-0.22637	0.288672
-0.220554	0.271589
-0.207673	0.315083
-0.21863	0.294961
-0.178535	0.327022
-0.15964	0.271285
-0.164186	0.288651
-0.149183	0.210162
-0.178851	0.259134
-0.184307	0.262202
-0.181127	0.264089
-0.173962	0.244192
-0.192711	0.245114
-0.176629	0.257372
-0.175787	0.261779
-0.205521	0.252273
-0.2203	0.229913
-0.225134	0.232111
-0.225614	0.237393
-0.218025	0.217504
-0.242197	0.216036
-0.253146	0.220216
-0.241459	0.215743
-0.249108	0.226417
-0.250201	0.232297
-0.280957	0.189181
-0.266654	0.19836
-0.263889	0.205449
-0.245712	0.20311
-0.222965	0.21467
-0.222821	0.256513
-0.212136	0.269232
-0.20863	0.272923
-0.188351	0.264858
-0.197551	0.254816
-0.177028	0.268001
-0.192892	0.247727
-0.170647	0.266475
-0.180008	0.248593
-0.190245	0.252376
-0.185592	0.229356
-0.191373	0.240005
-0.170932	0.250548
-0.186097	0.23936
-0.189998	0.248656
-0.225987	0.270285
-0.215642	0.259769
-0.230673	0.278232
-0.199594	0.249234
-0.26782	0.197944
-0.27018	0.194594
-0.243774	0.183715
-0.252928	0.178783
-0.272698	0.197011
-0.219525	0.166746
-0.235925	0.177067
-0.226393	0.199755
-0.220857	0.18111
-0.231023	0.188339
-0.241831	0.198127
-0.222651	0.196784
-0.27836	0.153337
-0.311432	0.152464
-0.279983	0.117747
-0.286711	0.1213
-0.276085	0.095782
-0.285298	0.0800046
-0.3001	0.0853629
-0.326782	0.110756
-0.320173	0.0960788
-0.321768	0.0984071
-0.343266	0.0870782
-0.338207	0.0824171
-0.303057	0.0275961
-0.306452	0.0207299
-0.32098	0.0275049
-0.316834	0.0459992
-0.31241	0.0413013
-0.340125	0.0419605
-0.345598	0.0568238
-0.371674	0.0424398
-0.349783	0.0381971
-0.338164	0.0373479
-0.3106	-0.00136789
-0.329712	-0.00961164
-0.351605	-0.0072629
-0.325809	-0.00601034
-0.32533	-0.000293107
-0.292432	-0.0326857
-0.311091	-0.0468547
-0.351884	-0.0130277
-0.352081	-0.0224819
-0.359498	-0.0104477
-0.349794	0.0317475
-0.364294	0.0331288
-0.366346	0.0146978
-0.350651	0.0209689
-0.348947	0.00604894
-0.317926	0.00696692
-0.296341	0.0750957
-0.306809	0.0787976
-0.281311	0.0367213
-0.288466	0.0374126
-0.311922	0.0626976
-0.335509	0.0737921
-0.31771	0.073144
-0.315883	0.0715257
-0.318671	0.0681864
-0.323136	0.0793897
-0.325415	0.0830509
-0.321695	0.0912442
-0.318624	0.0940214
-0.310329	0.0884488
-0.304769	0.135242
-0.30654	0.130218
-0.326756	0.0885343
-0.337932	0.211074
-0.308712	0.191711
-0.269953	0.182975
-0.280961	0.167539
-0.296617	0.126201
-0.277633	0.16563
-0.271295	0.19171
-0.265473	0.196012
-0.242616	0.145817
-0.263966	0.15913
-0.279056	0.160819
-0.263042	0.19338
-0.249954	0.20284
-0.27528	0.215374
-0.248927	0.199961
-0.265181	0.202675
-0.26689	0.205096
-0.259098	0.224004
-0.245676	0.22031
-0.244612	0.219298
-0.276127	0.156913
-0.218948	0.267245
-0.217037	0.256931
-0.217494	0.23238
-0.218571	0.246828
-0.209827	0.24073
-0.226993	0.241395
-0.229819	0.241282
-0.235668	0.218894
-0.241576	0.225258
-0.24175	0.224041
-0.240175	0.222902
-0.242615	0.22405
-0.237962	0.221538
-0.210504	0.217075
-0.216941	0.227524
-0.232807	0.250706
-0.220549	0.271438
-0.181097	0.303219
-0.17657	0.275825
-0.168998	0.294344
-0.160956	0.299219
-0.161763	0.295859
-0.19963	0.2744
-0.21505	0.258451
-0.227283	0.235845
-0.243817	0.230286
-0.237313	0.216854
-0.219332	0.215527
-0.225874	0.221316
-0.227785	0.224397
-0.237611	0.232844
-0.224761	0.238411
-0.224629	0.247652
-0.220474	0.250224
-0.20356	0.24276
-0.204452	0.236652
-0.208551	0.23134
-0.196787	0.254349
-0.186167	0.252517
-0.200704	0.258451
-0.200574	0.258039
-0.208728	0.275192
-0.212161	0.265522
-0.205739	0.274376
-0.137851	0.28291
-0.135513	0.298926
-0.136437	0.259774
-0.128165	0.292248
-0.122435	0.30743
-0.103503	0.331827
-0.0819545	0.304192
-0.0832864	0.309947
-0.0840532	0.31319
-0.104656	0.31336
-0.132033	0.286982
-0.138487	0.316387
-0.128147	0.32055
-0.148744	0.299954
-0.171283	0.29342
-0.200181	0.281041
-0.199357	0.269131
-0.202603	0.258097
-0.205903	0.307725
-0.206947	0.288117
-0.195178	0.314103
-0.181211	0.297808
-0.201634	0.209137
-0.19351	0.211947
-0.206207	0.227102
-0.239588	0.271899
-0.204936	0.254024
-0.197551	0.254436
-0.196806	0.259623
-0.192828	0.259224
-0.203198	0.248171
-0.248772	0.235214
-0.238234	0.235848
-0.200644	0.148191
-0.227936	0.177891
-0.234328	0.203794
-0.214267	0.216841
-0.229439	0.239449
-0.19837	0.242763
-0.182836	0.243279
-0.182411	0.259595
-0.144772	0.223958
-0.167343	0.247111
-0.181647	0.257652
-0.187812	0.263525
-0.196457	0.256069
-0.172532	0.267757
-0.250383	0.206843
-0.235667	0.186617
-0.237117	0.219496
-0.280405	0.225531
-0.258779	0.237313
-0.235385	0.245841
-0.251059	0.239145
-0.267011	0.268185
-0.25268	0.233471
-0.241605	0.223077
-0.271768	0.228824
-0.225581	0.233261
-0.201523	0.255487
-0.242801	0.219188
-0.246978	0.21825
-0.258778	0.23778
-0.271245	0.232377
-0.262931	0.210033
-0.252099	0.221046
-0.251006	0.214264
-0.247918	0.241547
-0.239609	0.234127
-0.228632	0.209072
-0.240196	0.215246
-0.2221	0.233056
-0.241091	0.258055
-0.227155	0.253467
-0.228311	0.242212
-0.231112	0.284202
-0.295221	0.210832
-0.286627	0.189605
-0.264812	0.182434
-0.269909	0.186078
-0.274712	0.215239
-0.256758	0.22122
-0.259368	0.203799
-0.259817	0.202189
-0.277297	0.194831
-0.249617	0.166947
-0.267871	0.191086
-0.286559	0.199161
-0.275433	0.197678
-0.271899	0.180515
-0.261858	0.178007
-0.263499	0.179157
-0.270602	0.17907
-0.249882	0.17927
-0.261285	0.17187
-0.261605	0.174275
-0.294869	0.19242
-0.27385	0.186244
-0.255898	0.153347
-0.258974	0.156322
-0.271266	0.16248
-0.263464	0.140743
-0.308039	0.154325
-0.300109	0.150911
-0.300278	0.160032
-0.295011	0.155173
-0.28639	0.153836
-0.283379	0.147658
-0.253963	0.164613
-0.249067	0.162167
-0.249919	0.157721
-0.248046	0.175953
-0.235685	0.196142
-0.269744	0.187187
-0.266225	0.174168
-0.247047	0.183769
-0.255667	0.18584
-0.257591	0.210283
-0.25889	0.200759
-0.260557	0.208537
-0.275164	0.232602
-0.262649	0.20131
-0.253318	0.205069
-0.239202	0.20155
-0.236195	0.208643
-0.244725	0.217325
-0.243213	0.206689
-0.25312	0.192348
-0.234292	0.195657
-0.22848	0.195699
-0.24089	0.209142
-0.271319	0.206701
-0.283168	0.178658
-0.265099	0.18731
-0.2554	0.19433
-0.268326	0.17696
-0.280697	0.187784
-0.302938	0.193857
-0.30611	0.195905
-0.248112	0.208335
-0.264137	0.200213
-0.295688	0.201124
-0.276919	0.194123
-0.26912	0.190657
-0.265083	0.188236
-0.282173	0.190471
-0.288507	0.185418
-0.282443	0.174447
-0.256632	0.17211
-0.23766	0.171873
-0.264198	0.158888
-0.284791	0.194105
-0.273062	0.184441
-0.291568	0.204026
-0.27169	0.216931
-0.259211	0.180475
-0.280214	0.191205
-0.250485	0.168393
-0.266827	0.173861
-0.295664	0.18903
-0.259852	0.201521
-0.284205	0.177987
-0.307838	0.169554
-0.281981	0.202706
-0.25322	0.147991
-0.27666	0.138538
-0.272583	0.132451
-0.279327	0.121985
-0.313642	0.130698
-0.305276	0.132825
-0.296119	0.153579
-0.29273	0.149856
-0.291477	0.148469
-0.295401	0.154717
-0.297282	0.145432
-0.304178	0.137883
-0.315423	0.15708
-0.310628	0.168289
-0.297443	0.170617
-0.306533	0.166588
-0.251417	0.169711
-0.28475	0.201917
-0.276771	0.221679
-0.271799	0.218072
-0.290668	0.187286
-0.281283	0.162113
-0.272054	0.191361
-0.267457	0.188028
-0.261771	0.228159
-0.249637	0.218659
-0.241234	0.185754
-0.241304	0.178516
-0.243358	0.211429
-0.245714	0.211987
-0.245	0.232735
-0.259565	0.207752
-0.250699	0.181496
-0.231348	0.205555
-0.257889	0.215218
-0.243306	0.206904
-0.242703	0.199039
-0.240213	0.211192
-0.231701	0.217803
-0.256066	0.249986
-0.245876	0.242296
-0.26235	0.210883
-0.250072	0.245326
-0.216975	0.254325
-0.214025	0.273844
-0.222436	0.265185
-0.214562	0.275695
-0.202622	0.265843
-0.197115	0.289289
-0.167641	0.268138
-0.195993	0.282878
-0.21	0.287937
-0.216248	0.268882
-0.209798	0.25954
-0.216963	0.246826
-0.218933	0.230419
-0.19279	0.255664
-0.19478	0.252314
-0.19698	0.258703
-0.201523	0.26854
-0.164342	0.250434
-0.171796	0.262895
-0.178509	0.257013
-0.187798	0.258951
-0.188629	0.305276
-0.18463	0.305005
-0.176487	0.293088
-0.20351	0.31633
-0.175824	0.304068
-0.165259	0.309841
-0.136535	0.300879
-0.141512	0.289335
-0.141116	0.287432
-0.141555	0.291364
-0.128959	0.287309
-0.105926	0.319419
-0.10342	0.310923
-0.140171	0.32941
-0.136017	0.30176
-0.138574	0.319541
-0.135739	0.308233
-0.135969	0.300827
-0.0795591	0.306783
-0.0525026	0.329375
-0.0786156	0.321097
-0.107589	0.359237
-0.0990824	0.32221
-0.0970448	0.273533
-0.0938504	0.302569
-0.0638109	0.294358
-0.0630761	0.296703
-0.0696746	0.304745
-0.069677	0.312769
-0.0623667	0.302974
-0.0618999	0.282816
-0.0748738	0.301568
-0.0774025	0.305534
-0.0808072	0.31518
-0.0335328	0.327576
-0.0605648	0.335507
-0.0296425	0.306766
-0.0230546	0.318368
-0.0392932	0.342348
-0.037336	0.33982
-0.0117374	0.323471
-0.00636669	0.305333
0.00196291	0.313809
0.00815605	0.325339
-0.00103668	0.340929
-0.0010293	0.333652
-0.0414811	0.326698
-0.0580261	0.327056
-0.0628542	0.319728
-0.0707579	0.335364
-0.0706619	0.334258
-0.064378	0.314289
-0.0565821	0.323227
-0.0528658	0.325623
-0.0624597	0.334735
-0.068892	0.346525
-0.0509573	0.306504
-0.045524	0.29489
-0.0471933	0.309156
-0.0751484	0.299902
-0.0958435	0.307141
-0.0663939	0.320792
-0.0472898	0.328133
-0.0267097	0.312579
-0.0140334	0.315054
0.00718619	0.329613
-0.0040358	0.318799
-0.00410357	0.323453
0.00538658	0.333524
-0.0355114	0.316537
-0.0478092	0.332091
-0.0782962	0.321007
-0.0681939	0.384084
-0.0676141	0.344851
-0.0591842	0.341165
-0.0512988	0.337088
-0.0390061	0.347116
-0.061693	0.355263
-0.0250993	0.309499
-0.0191631	0.291391
-0.0262903	0.30203
0.00287676	0.316698
0.00523275	0.319154
0.00674899	0.32777
-0.0166244	0.314441
-0.00458227	0.274309
-0.0273771	0.321192
0.0190621	0.337067
0.0210741	0.319642
0.0247525	0.349249
-0.00477909	0.335354
0.00735371	0.340311
0.0140322	0.336217
-0.0130014	0.32866
0.0740296	0.334077
0.107926	0.308783
0.10056	0.359506
0.0974653	0.346187
0.102442	0.332971
0.111727	0.343964
0.100212	0.33347
0.116461	0.312515
0.12148	0.33662
0.117291	0.321808
0.104635	0.367463
0.106132	0.323235
0.104093	0.31697
0.106905	0.329617
0.104469	0.31403
0.102775	0.316783
0.10253	0.317276
0.0647725	0.301948
0.092374	0.305528
0.095679	0.308811
0.0948205	0.306798
0.101822	0.298465
0.107552	0.306847
0.115151	0.315741
0.116867	0.313149
0.10564	0.28493
0.118528	0.307702
0.122785	0.304316
0.12805	0.318849
0.12533	0.310809
0.162901	0.295024
0.160142	0.280124
0.163309	0.26962
0.158326	0.268446
0.14387	0.251154
0.169283	0.272379
0.161214	0.290205
0.128058	0.293335
0.145948	0.301172
0.140498	0.309845
0.149877	0.269688
0.148745	0.270754
0.122067	0.236909
0.114879	0.284039
0.167562	0.306594
0.188922	0.296214
0.172223	0.250437
0.187867	0.268549
