0.0987549	-0.0912611
0.0987549	-0.0912611
0.0987549	-0.0912611
0.0987549	-0.0912611
0.0987549	-0.0912611
0.0987549	-0.0912611
0.0987549	-0.0912611
0.0987549	-0.0912611
0.0987549	-0.0912611
0.0987549	-0.0912611
0.0987549	-0.0912611
0.0987549	-0.0912611
0.0987549	-0.0912611
0.0987549	-0.0912611
0.0987549	-0.0912611
0.0987549	-0.0912611
0.0987549	-0.0912611
0.0987549	-0.0912611
0.0987549	-0.0912611
0.0987549	-0.0912611
0.0987549	-0.0912611
0.0987549	-0.0912611
0.0987549	-0.0912611
0.0987549	-0.0912611
0.0987549	-0.0912611
0.0987549	-0.0912611
0.0987549	-0.0912611
0.0987549	-0.0912611
0.0987549	-0.0912611
0.0987549	-0.0912611
0.0987549	-0.0912611
0.0987549	-0.0912611
0.0987549	-0.0912611
0.0987549	-0.0912611
0.0987549	-0.0912611
0.0987549	-0.0912611
0.0987549	-0.0912611
0.0987549	-0.0912611
0.0987549	-0.0912611
0.0987549	-0.0912611
0.0987549	-0.0912611
0.0987549	-0.0912611
0.0987549	-0.0912611
0.0987549	-0.0912611
0.0987549	-0.0912611
0.0987549	-0.0912611
0.0987549	-0.0912611
0.0987549	-0.0912611
0.0987549	-0.0912611
0.0987549	-0.0912611
0.0987549	-0.0912611
0.0987549	-0.0912611
0.0987549	-0.0912611
0.0987549	-0.0912611
0.0987549	-0.0912611
0.0987549	-0.0912611
0.0987549	-0.0912611
0.0987549	-0.0912611
0.0987549	-0.0912611
0.0987549	-0.0912611
0.0987549	-0.0912611
0.0987549	-0.0912611
0.0987549	-0.0912611
0.0987549	-0.0912611
0.0987549	-0.0912611
0.0987549	-0.0912611
0.0987549	-0.0912611
0.0987549	-0.0912611
0.0987549	-0.0912611
0.0987549	-0.0912611
0.0987549	-0.0912611
0.0987549	-0.0912611
0.0987549	-0.0912611
0.0987549	-0.0912611
0.0987549	-0.0912611
0.0987549	-0.0912611
0.0987549	-0.0912611
0.0987549	-0.0912611
0.0987549	-0.0912611
0.0987549	-0.0912611
0.0987549	-0.0912611
0.0987549	-0.0912611
0.0987549	-0.0912611
0.0987549	-0.0912611
0.0987549	-0.0912611
0.0987549	-0.0912611
0.0987549	-0.0912611
0.0987549	-0.0912611
0.0987549	-0.0912611
0.0987549	-0.0912611
0.0987549	-0.0912611
0.0987549	-0.0912611
0.0987549	-0.0912611
0.0987549	-0.0912611
0.0987549	-0.0912611
0.0987549	-0.0912611
0.0987549	-0.0912611
0.0987549	-0.0912611
0.0987549	-0.0912611
0.0987549	-0.0912611
0.0987549	-0.0912611
0.0987549	-0.0912611
0.0987549	-0.0912611
0.0987549	-0.0912611
0.0987549	-0.0912611
0.0987549	-0.0912611
0.0987549	-0.0912611
0.0987549	-0.0912611
0.0987549	-0.0912611
0.0987549	-0.0912611
0.0987549	-0.0912611
0.0987549	-0.0912611
0.0987549	-0.0912611
0.0987549	-0.0912611
0.0987549	-0.0912611
0.0987549	-0.0912611
0.0987549	-0.0912611
0.0987549	-0.0912611
0.0987549	-0.0912611
0.0987549	-0.0912611
0.0987549	-0.0912611
0.0987549	-0.0912611
0.0987549	-0.0912611
0.0987549	-0.0912611
0.0987549	-0.0912611
0.0987549	-0.0912611
0.0987549	-0.0912611
0.0987549	-0.0912611
0.0987549	-0.0912611
0.0987549	-0.0912611
0.0987549	-0.0912611
0.0987549	-0.0912611
0.0987549	-0.0912611
0.0987549	-0.0912611
0.0987549	-0.0912611
0.0987549	-0.0912611
0.0987549	-0.0912611
0.0987549	-0.0912611
0.0987549	-0.0912611
0.0987549	-0.0912611
0.0987549	-0.0912611
0.0987549	-0.0912611
0.0987549	-0.0912611
0.0987549	-0.0912611
0.0987549	-0.0912611
0.0987549	-0.0912611
0.0987549	-0.0912611
0.0987549	-0.0912611
0.0987549	-0.0912611
0.0987549	-0.0912611
0.0987549	-0.0912611
0.0987549	-0.0912611
0.0987549	-0.0912611
0.0987549	-0.0912611
0.0987549	-0.0912611
0.0987549	-0.0912611
0.0987549	-0.0912611
0.0987549	-0.0912611
0.0987549	-0.0912611
0.0987549	-0.0912611
0.0987549	-0.0912611
0.0987549	-0.0912611
0.0987549	-0.0912611
0.0987549	-0.0912611
0.0987549	-0.0912611
0.0987549	-0.0912611
0.0987549	-0.0912611
0.0987549	-0.0912611
0.0987549	-0.0912611
0.0987549	-0.0912611
0.0987549	-0.0912611
0.0987549	-0.0912611
0.0987549	-0.0912611
0.0987549	-0.0912611
0.0987549	-0.0912611
0.0987549	-0.0912611
0.0987549	-0.0912611
0.0987549	-0.0912611
0.0987549	-0.0912611
0.0987549	-0.0912611
0.0987549	-0.0912611
0.0987549	-0.0912611
0.0987549	-0.0912611
0.0987549	-0.0912611
0.0987549	-0.0912611
0.0987549	-0.0912611
0.0987549	-0.0912611
0.0987549	-0.0912611
0.0987549	-0.0912611
0.0987549	-0.0912611
0.0987549	-0.0912611
0.0987549	-0.0912611
0.0987549	-0.0912611
0.0987549	-0.0912611
0.0987549	-0.0912611
0.0987549	-0.0912611
0.0987549	-0.0912611
0.0987549	-0.0912611
0.0987549	-0.0912611
0.0987549	-0.0912611
0.0987549	-0.0912611
0.0987549	-0.0912611
0.0987549	-0.0912611
0.0987549	-0.0912611
0.0987549	-0.0912611
0.0987549	-0.0912611
0.0987549	-0.0912611
0.0987549	-0.0912611
0.0987549	-0.0912611
0.0987549	-0.0912611
0.0987549	-0.0912611
0.0987549	-0.0912611
0.0987549	-0.0912611
0.0987549	-0.0912611
0.0987549	-0.0912611
0.0987549	-0.0912611
0.0987549	-0.0912611
0.0987549	-0.0912611
0.0987549	-0.0912611
0.0987549	-0.0912611
0.0987549	-0.0912611
0.0987549	-0.0912611
0.0987549	-0.0912611
0.0987549	-0.0912611
0.0987549	-0.0912611
0.0987549	-0.0912611
0.0987549	-0.0912611
0.0987549	-0.0912611
0.0987549	-0.0912611
0.0987549	-0.0912611
0.0987549	-0.0912611
0.0987549	-0.0912611
0.0987549	-0.0912611
0.0987549	-0.0912611
0.0987549	-0.0912611
0.0987549	-0.0912611
0.0987549	-0.0912611
0.0987549	-0.0912611
0.215436	-0.074222
0.245639	-0.203416
0.335469	-0.0791493
0.328944	-0.154238
0.271401	-0.231822
0.327291	-0.129421
0.288992	-0.217619
0.355229	-0.119398
0.29594	-0.207286
0.331066	-0.129181
0.309866	-0.180386
0.339439	-0.136226
0.301843	-0.190021
0.335802	-0.133225
0.32087	-0.12816
0.354631	-0.129787
0.334452	-0.107413
0.326656	-0.133898
0.325584	-0.0933436
0.320054	-0.0832533
0.314017	-0.0894939
0.264615	-0.0313531
0.285739	0.00341736
0.306403	-0.00500544
0.323285	-0.00401309
0.319395	-0.000944226
0.330305	-0.0287023
0.377812	-0.0151295
0.346397	-0.00385303
0.355108	-0.0339267
0.367115	0.0334111
0.361049	0.069856
0.300738	0.0181373
0.269002	0.00692775
0.295958	0.0511293
0.284336	0.0559196
0.294472	0.0851662
0.306319	0.0872076
0.311619	0.0898055
0.315792	0.0946395
0.315435	0.0958085
0.343925	0.0995389
0.338172	0.112425
0.339668	0.0857884
0.327692	0.085401
0.330014	0.086467
0.307895	0.065368
0.300675	0.0771015
0.289927	0.0802118
0.306698	0.0936541
0.328763	0.109714
0.320257	0.0983942
0.321776	0.110464
0.340964	0.139386
0.332335	0.135756
0.30945	0.134379
0.279205	0.118552
0.285443	0.122908
0.294923	0.0926738
0.298996	0.109541
0.319956	0.0939896
0.316995	0.078756
0.318451	0.090599
0.309014	0.0846933
0.325965	0.081403
0.309607	0.126296
0.329686	0.147398
0.336545	0.0986863
0.288052	0.102212
0.264793	0.138712
0.286181	0.160514
0.278113	0.180561
0.293669	0.193065
0.32592	0.172607
0.283631	0.154748
0.274645	0.161242
0.266955	0.160727
0.275092	0.170184
0.279343	0.170652
0.276004	0.178409
0.267079	0.183534
0.262627	0.181539
0.281016	0.171887
0.272353	0.162318
0.278373	0.160501
0.28333	0.13828
0.293869	0.144947
0.315274	0.177693
0.306923	0.15345
0.304681	0.148544
0.296703	0.161574
0.295203	0.18268
0.288357	0.154022
0.324535	0.15647
0.314663	0.129904
0.276454	0.143884
0.273211	0.155661
0.248834	0.145953
0.265571	0.157662
0.273489	0.170275
0.283604	0.175284
0.280789	0.175942
0.312076	0.180243
0.293656	0.16461
0.281992	0.185814
0.27454	0.191412
0.280367	0.190433
0.278147	0.1883
0.274382	0.208767
0.295507	0.201393
0.277337	0.220859
0.245033	0.21555
0.270276	0.186494
0.237132	0.230141
0.300683	0.177714
0.271607	0.234151
0.272025	0.190983
0.225476	0.239652
0.293357	0.236311
0.234314	0.236366
0.301241	0.205366
0.229044	0.278334
0.282509	0.20252
0.20729	0.244427
0.259472	0.198459
0.221177	0.264632
0.265247	0.163444
0.200203	0.265757
0.234367	0.21451
0.231253	0.239403
0.22336	0.266491
0.215294	0.199272
0.176879	0.266115
0.205979	0.254314
0.173168	0.275037
0.18204	0.289738
0.160999	0.292544
0.146338	0.299544
0.122671	0.28114
0.145352	0.260637
0.072488	0.328821
0.0632555	0.324369
0.0621118	0.377014
0.0743089	0.355353
0.087007	0.314982
0.0856719	0.346483
0.0364543	0.331936
0.0327609	0.33563
0.0105375	0.338964
0.00401877	0.348443
-0.010689	0.341034
-0.0257978	0.353008
-0.0531725	0.330768
-0.0419271	0.313695
-0.0691736	0.303949
-0.0221443	0.32662
-0.157661	0.323884
-0.0474144	0.362623
-0.121988	0.325601
-0.0216373	0.358907
-0.150539	0.332624
-0.126039	0.313866
-0.14227	0.302753
-0.172424	0.285579
-0.165758	0.273863
-0.235454	0.285278
-0.235743	0.250908
-0.238764	0.244345
-0.222631	0.21965
-0.263394	0.158027
-0.275455	0.160447
-0.263463	0.136886
-0.26708	0.128284
-0.279283	0.134112
-0.285607	0.136978
-0.278665	0.128204
-0.277785	0.147797
-0.278954	0.156092
-0.290235	0.101719
-0.325725	0.0784429
-0.278088	0.093668
-0.302646	0.0897806
-0.327261	0.0697937
-0.317222	0.0624537
-0.350544	0.0499665
-0.310085	0.0608611
-0.32125	0.0467634
-0.337708	0.0519376
-0.336662	0.0260739
-0.379687	0.0246326
-0.35643	0.0154123
-0.309268	0.0234601
-0.312543	-0.045654
-0.309636	-0.0442889
-0.323753	-0.0505782
-0.316626	-0.0156569
-0.332585	-0.0352094
-0.338824	-0.032308
-0.33091	-0.0381504
-0.363978	-0.0332021
-0.342016	-0.0647432
-0.308411	-0.0680006
-0.315024	-0.107157
-0.314986	-0.114465
-0.307143	-0.0980465
-0.330073	-0.117927
-0.320659	-0.111813
-0.3267	-0.116181
-0.321515	-0.126198
-0.325741	-0.132632
-0.314054	-0.130266
-0.286814	-0.112452
-0.303894	-0.124681
-0.272529	-0.12374
-0.278943	-0.154539
-0.292705	-0.122413
-0.275268	-0.129087
-0.296472	-0.143861
-0.336472	-0.160976
-0.320936	-0.14647
-0.297502	-0.154146
-0.308071	-0.142227
-0.264367	-0.17596
-0.265288	-0.163605
-0.258619	-0.111846
-0.286764	-0.187807
-0.29663	-0.146127
-0.275132	-0.169709
-0.26157	-0.178777
-0.263429	-0.185454
-0.263282	-0.193032
-0.226612	-0.209134
-0.237114	-0.20231
-0.286773	-0.178554
-0.294912	-0.1257
-0.27106	-0.193401
-0.275475	-0.198305
-0.286888	-0.203278
-0.266839	-0.208379
-0.292686	-0.178465
-0.273177	-0.19454
-0.268422	-0.207113
-0.254345	-0.190379
-0.275175	-0.171339
-0.270386	-0.180274
-0.260538	-0.196992
-0.254039	-0.20532
-0.256051	-0.207157
-0.253148	-0.209175
-0.251366	-0.211209
-0.270561	-0.207522
-0.266254	-0.217721
-0.242779	-0.203129
-0.236311	-0.230666
-0.238501	-0.236071
-0.231981	-0.236531
-0.26084	-0.219949
-0.250844	-0.218495
-0.252184	-0.219741
-0.260122	-0.223013
-0.241008	-0.19018
-0.227089	-0.224068
-0.208742	-0.264478
-0.194214	-0.269735
-0.185689	-0.269387
-0.193174	-0.247393
-0.172822	-0.274059
-0.17627	-0.269768
-0.155796	-0.285509
-0.109268	-0.247864
-0.0995261	-0.229577
-0.0977514	-0.244736
-0.0324738	-0.26503
-0.0734163	-0.32463
-0.093752	-0.325065
-0.0337578	-0.318815
-0.0627526	-0.281172
-0.0118563	-0.346384
-0.102185	-0.362812
-0.0109576	-0.362367
-0.109366	-0.341479
0.00825083	-0.361975
-0.0554239	-0.317831
-0.000870229	-0.336101
-0.0528599	-0.329925
-0.0223062	-0.321562
-0.0316296	-0.322904
0.0092406	-0.314404
-0.042281	-0.323629
-0.0252114	-0.331554
-0.0472161	-0.298863
-0.115105	-0.28567
-0.101568	-0.285581
-0.129622	-0.289527
-0.144426	-0.283461
-0.182985	-0.275895
-0.200751	-0.258624
-0.217056	-0.242537
-0.235298	-0.222038
-0.2338	-0.220402
-0.266013	-0.204402
-0.263148	-0.209225
-0.312344	-0.157596
-0.262745	-0.211409
-0.325575	-0.136104
-0.27326	-0.190149
-0.326143	-0.105906
-0.310213	-0.131215
-0.329244	-0.0974566
-0.335921	-0.0339756
-0.32491	-0.0631946
-0.352927	-0.0319914
-0.339081	-0.00707015
-0.343567	-0.0194168
-0.282446	-0.014647
-0.313933	-0.042157
-0.305883	0.0210479
-0.325608	-0.0315301
-0.329217	0.00732562
-0.343435	-0.0371627
-0.355648	0.00985578
-0.37279	-0.00657456
-0.355249	0.0182011
-0.350164	0.0887326
-0.329635	0.113393
-0.325309	0.104476
-0.326728	0.134551
-0.301741	0.122436
-0.287691	0.120079
-0.305857	0.0950879
-0.297274	0.126322
-0.312275	0.0876866
-0.30633	0.1482
-0.309165	0.143568
-0.311773	0.139429
-0.269252	0.145959
-0.274592	0.182802
-0.274725	0.181315
-0.275115	0.196861
-0.26061	0.182653
-0.262315	0.184951
-0.264606	0.169268
-0.262598	0.171381
-0.266533	0.172976
-0.252499	0.198443
-0.249348	0.221886
-0.28013	0.22988
-0.268759	0.254596
-0.255182	0.247757
-0.245825	0.246117
-0.187453	0.250625
-0.197429	0.254327
-0.198043	0.250525
-0.190698	0.22167
-0.20748	0.230663
-0.251586	0.234976
-0.204735	0.226731
-0.215102	0.220761
-0.177753	0.216723
-0.196972	0.263875
-0.203818	0.259602
-0.188306	0.232745
-0.176644	0.23516
-0.183847	0.248998
-0.177434	0.246589
-0.205205	0.255315
-0.227719	0.267474
-0.230441	0.274898
-0.213593	0.235281
-0.251011	0.229157
-0.251047	0.220307
-0.242037	0.189052
-0.243195	0.171737
-0.248705	0.161711
-0.266289	0.170407
-0.265322	0.174331
-0.289253	0.156543
-0.286497	0.130021
-0.314719	0.135754
-0.296641	0.158906
-0.276603	0.154899
-0.299827	0.139011
-0.287497	0.18763
-0.301519	0.177434
-0.266217	0.181993
-0.257222	0.149214
-0.257482	0.170892
-0.267496	0.173996
-0.265828	0.193279
-0.264669	0.182161
-0.250277	0.204795
-0.219119	0.173912
-0.238788	0.208332
-0.239047	0.20926
-0.251859	0.202499
-0.250659	0.204713
-0.266493	0.224916
-0.264878	0.205376
-0.288335	0.248349
-0.288881	0.254739
-0.244427	0.273995
-0.233576	0.262695
-0.241155	0.247902
-0.273211	0.276326
-0.236264	0.292765
-0.216649	0.282777
-0.21841	0.310147
-0.227002	0.305813
-0.236719	0.295831
-0.21334	0.285885
-0.197876	0.302197
-0.196142	0.281395
-0.23397	0.240641
-0.230506	0.229355
-0.226311	0.207484
-0.23672	0.212933
-0.250578	0.219394
-0.252639	0.223101
-0.232953	0.243373
-0.222904	0.241049
-0.221057	0.262844
-0.217228	0.261987
-0.267117	0.246795
-0.259379	0.192323
-0.276362	0.186016
-0.270319	0.175138
-0.27092	0.177478
-0.287866	0.220453
-0.261963	0.209084
-0.231869	0.175594
-0.250985	0.160216
-0.239369	0.143513
-0.265599	0.174454
-0.270877	0.158231
-0.273291	0.1572
-0.284362	0.166429
-0.286541	0.164511
-0.310842	0.197984
-0.273893	0.211159
-0.268521	0.20728
-0.281108	0.218259
-0.292606	0.207534
-0.292808	0.17116
-0.284891	0.172309
-0.277773	0.171263
-0.261225	0.172217
-0.271452	0.179463
-0.263814	0.167487
-0.240273	0.157509
-0.247803	0.1648
-0.277882	0.180052
-0.296374	0.179852
-0.284857	0.172601
-0.280497	0.195012
-0.270438	0.194283
-0.263524	0.189447
-0.299777	0.147284
-0.306099	0.142555
-0.295663	0.152784
-0.294865	0.181537
-0.28362	0.183581
-0.279113	0.206263
-0.257982	0.215522
-0.250865	0.201982
-0.230399	0.213443
-0.17443	0.222381
-0.199004	0.237858
-0.198549	0.246216
-0.237824	0.243208
-0.272902	0.241262
-0.239244	0.249611
-0.232784	0.236042
-0.201825	0.267011
-0.181322	0.279975
-0.180914	0.281104
-0.144499	0.283833
-0.151188	0.281077
-0.14412	0.27809
-0.166127	0.267924
-0.15712	0.297826
-0.165893	0.327471
-0.167546	0.304607
-0.166042	0.314768
-0.174832	0.294422
-0.155201	0.311372
-0.170383	0.295549
-0.175732	0.285275
-0.15946	0.307062
-0.107507	0.301194
-0.184559	0.263525
-0.148699	0.299723
-0.175096	0.278375
-0.210439	0.280154
-0.175274	0.272378
-0.193896	0.264349
-0.195575	0.259876
-0.234698	0.257241
-0.199401	0.239387
-0.197271	0.235673
-0.167312	0.25897
-0.145742	0.252109
-0.164203	0.267891
-0.185171	0.264967
-0.191896	0.264564
-0.198634	0.242647
-0.153913	0.230413
-0.16684	0.235468
-0.18083	0.249908
-0.172775	0.228668
-0.16434	0.223779
-0.181538	0.239044
-0.191194	0.249918
-0.199519	0.256882
-0.197552	0.229164
-0.178228	0.236826
-0.199952	0.277166
-0.17688	0.279166
-0.197479	0.259832
-0.194496	0.25437
-0.20034	0.255098
-0.206844	0.265217
-0.199105	0.272656
-0.16061	0.269378
-0.174657	0.272314
-0.169006	0.284089
-0.203946	0.293419
-0.193138	0.271896
-0.190733	0.260072
-0.208272	0.236721
-0.192049	0.234644
-0.230456	0.239121
-0.232646	0.239713
-0.225078	0.235175
-0.224336	0.241031
-0.227926	0.240485
-0.267111	0.210451
-0.263373	0.2083
-0.250739	0.164648
-0.22782	0.168146
-0.246415	0.190733
-0.252193	0.190559
-0.263629	0.212809
-0.270644	0.244871
-0.246696	0.222127
-0.269896	0.260336
-0.259077	0.260884
-0.244405	0.247896
-0.231165	0.237944
-0.261322	0.219639
-0.246129	0.22501
-0.272027	0.234728
-0.255053	0.191464
-0.272668	0.19159
-0.239159	0.144536
-0.265811	0.181802
-0.260603	0.197819
-0.240385	0.229926
-0.241682	0.218978
-0.247459	0.221683
-0.250755	0.2312
-0.243388	0.241595
-0.256671	0.268408
-0.232828	0.251753
-0.230449	0.239967
-0.214672	0.221318
-0.214265	0.206813
-0.24038	0.201792
-0.239308	0.224069
-0.240319	0.239766
-0.214057	0.22843
-0.218014	0.237586
-0.229423	0.21027
-0.22739	0.218214
-0.21127	0.223202
-0.177256	0.263603
-0.14694	0.257391
-0.154901	0.282408
-0.169622	0.276728
-0.135365	0.274627
-0.158182	0.274004
-0.169988	0.303511
-0.182205	0.292498
-0.176223	0.289663
-0.163001	0.266006
-0.183808	0.277618
-0.187461	0.275255
-0.194037	0.273002
-0.189543	0.27256
-0.20232	0.274966
-0.231296	0.278263
-0.229733	0.230103
-0.249373	0.276047
-0.204524	0.278471
-0.195099	0.235811
-0.192098	0.229339
-0.200194	0.24151
-0.201102	0.232268
-0.226165	0.240594
-0.24089	0.236961
-0.230513	0.220623
-0.284452	0.27493
-0.273109	0.263912
-0.269287	0.250144
-0.257503	0.236419
-0.280139	0.22704
-0.266114	0.218692
-0.286604	0.18997
-0.259114	0.190317
-0.261389	0.190439
-0.273003	0.19044
-0.277861	0.198749
-0.263833	0.186859
-0.25349	0.205846
-0.261568	0.202969
-0.260754	0.200295
-0.254791	0.201183
-0.269967	0.209843
-0.252525	0.18493
-0.263498	0.154914
-0.273057	0.157285
-0.273462	0.186575
-0.270588	0.176239
-0.261392	0.18245
-0.26682	0.190431
-0.276362	0.18089
-0.281897	0.186653
-0.282289	0.182192
-0.262329	0.188138
-0.29139	0.176933
-0.256228	0.164052
-0.297214	0.121622
-0.299676	0.129399
-0.274965	0.085575
-0.299845	0.10058
-0.30272	0.111368
-0.307148	0.0702676
-0.307607	0.123632
-0.273164	0.117582
-0.271714	0.141687
-0.320704	0.151152
-0.331803	0.171657
-0.331098	0.140404
-0.37636	0.129447
-0.343882	0.115251
-0.327501	0.108554
-0.317573	0.122198
-0.309234	0.124547
-0.289603	0.115311
-0.312086	0.119989
-0.302843	0.133093
-0.282436	0.131255
-0.277996	0.110224
-0.286821	0.102847
-0.297107	0.114845
-0.304289	0.0988462
-0.315376	0.0989511
-0.314493	0.094833
-0.32111	0.103135
-0.295541	0.0758316
-0.317001	0.0783041
-0.309568	0.0612517
-0.292364	0.0270212
-0.310007	0.0254481
-0.312678	0.0271078
-0.339298	0.0137819
-0.352826	0.0177044
-0.323488	0.0296122
-0.325236	0.0330189
-0.333138	0.0398211
-0.338481	0.0358811
-0.32627	0.046856
-0.308455	0.0534588
-0.290451	0.0582589
-0.305621	0.0673133
-0.337046	0.100727
-0.322196	0.102777
-0.333575	0.140496
-0.31938	0.135082
-0.331888	0.143254
-0.304077	0.139684
-0.259422	0.132176
-0.286507	0.135818
-0.281122	0.103013
-0.294158	0.0910251
-0.328211	0.0576052
-0.313342	0.117726
-0.283584	0.150695
-0.258565	0.148765
-0.271856	0.153551
-0.294649	0.138664
-0.29363	0.142602
-0.300713	0.147702
-0.294745	0.14523
-0.288934	0.151299
-0.300297	0.192391
-0.331364	0.172689
-0.294695	0.168173
-0.284147	0.1645
-0.276695	0.188796
-0.274438	0.221614
-0.261785	0.215158
-0.266838	0.238306
-0.255765	0.237095
-0.220732	0.194711
-0.235579	0.195441
-0.242162	0.20431
-0.232395	0.215354
-0.232615	0.249182
-0.226958	0.224014
-0.232191	0.233378
-0.229025	0.236297
-0.225853	0.229768
-0.2138	0.243892
-0.218035	0.237624
-0.233825	0.249538
-0.224723	0.25319
-0.206727	0.268721
-0.207768	0.267516
-0.16846	0.274194
-0.131911	0.292005
-0.163686	0.249561
-0.162396	0.236888
-0.178394	0.245499
-0.188252	0.255465
-0.211194	0.275397
-0.246389	0.272098
-0.264213	0.278318
-0.227512	0.268313
-0.240757	0.298231
-0.210856	0.286929
-0.215128	0.274408
-0.210721	0.283116
-0.242364	0.260427
-0.231137	0.253395
-0.226443	0.247489
-0.213235	0.25887
-0.234985	0.288472
-0.227625	0.291499
-0.241399	0.30295
-0.231278	0.288073
-0.212049	0.257733
-0.179583	0.247504
-0.203099	0.245565
-0.197904	0.248005
-0.1935	0.23324
-0.197644	0.245895
-0.213704	0.261491
-0.223741	0.262649
-0.240221	0.249715
-0.233919	0.225072
-0.233829	0.211731
-0.242008	0.230046
-0.230794	0.216501
-0.228274	0.227543
-0.207094	0.234754
-0.214072	0.241268
-0.206217	0.253649
-0.208212	0.261855
-0.227069	0.256928
-0.232444	0.261177
-0.255572	0.246604
-0.216665	0.218501
