#1 AntPos X	#2 AntPos Y	#3 Distance form nest	
0	0	0
0	0	0
0	0	0
0	0	0
0	0	0
0	0	0
0	0	0
0	0	0
0	0	0
0	0	0
0	0	0
0	0	0
0	0	0
0	0	0
0	0	0
0	0	0
0	0	0
0	0	0
0	0	0
0	0	0
0	0	0
0	0	0
0	0	0
0	0	0
0	0	0
0	0	0
0	0	0
0	0	0
0	0	0
0	0	0
0	0	0
0	0	0
0	0	0
0	0	0
0	0	0
0	0	0
0	0	0
0	0	0
0	0	0
0	0	0
0	0	0
0	0	0
0	0	0
0	0	0
0	0	0
0	0	0
0	0	0
0	0	0
0	0	0
0	0	0
0	0	0
0	0	0
0	0	0
0	0	0
0	0	0
0	0	0
0	0	0
0	0	0
0	0	0
0	0	0
0	0	0
0	0	0
0	0	0
0	0	0
0	0	0
0	0	0
0	0	0
0	0	0
0	0	0
0	0	0
0	0	0
0	0	0
0	0	0
0	0	0
0	0	0
0	0	0
0	0	0
0	0	0
0	0	0
0	0	0
0	0	0
0	0	0
0	0	0
0	0	0
0	0	0
0	0	0
0	0	0
0	0	0
0	0	0
0	0	0
0	0	0
0	0	0
0	0	0
0	0	0
0	0	0
0	0	0
0	0	0
0	0	0
0	0	0
0	0	0
0	0	0
0	0	0
0	0	0
0	0	0
0	0	0
0	0	0
0	0	0
0	0	0
0	0	0
0	0	0
0	0	0
0	0	0
0	0	0
0	0	0
0	0	0
0	0	0
0	0	0
0	0	0
0	0	0
0	0	0
0	0	0
0	0	0
0	0	0
0	0	0
0	0	0
0	0	0
0	0	0
0	0	0
0	0	0
0	0	0
0	0	0
0	0	0
0	0	0
0	0	0
0	0	0
0	0	0
0	0	0
0	0	0
0	0	0
0	0	0
0	0	0
0	0	0
0	0	0
0	0	0
0	0	0
0	0	0
0	0	0
0	0	0
0	0	0
0	0	0
0	0	0
0	0	0
0	0	0
0	0	0
0	0	0
0	0	0
0	0	0
0	0	0
0	0	0
0	0	0
0	0	0
0	0	0
0	0	0
0	0	0
0	0	0
0	0	0
0	0	0
0	0	0
0	0	0
0	0	0
0	0	0
0	0	0
0	0	0
0	0	0
0	0	0
0	0	0
0	0	0
0	0	0
0	0	0
0	0	0
0	0	0
0	0	0
0	0	0
0	0	0
0	0	0
0	0	0
0	0	0
0	0	0
0	0	0
0	0	0
0	0	0
0	0	0
0	0	0
0	0	0
0	0	0
0	0	0
0	0	0
0	0	0
0	0	0
0	0	0
0	0	0
0	0	0
0	0	0
0	0	0
0	0	0
0	0	0
0	0	0
0	0	0
0	0	0
0	0	0
0	0	0
0	0	0
0	0	0
0	0	0
0	0	0
0	0	0
0	0	0
0	0	0
0	0	0
0	0	0
0	0	0
0	0	0
0	0	0
0	0	0
0	0	0
0	0	0
0	0	0
0	0	0
0	0	0
0	0	0
0	0	0
0	0	0
0	0	0
0	0	0
0	0	0
0	0	0
0	0	0
0	0	0
0	0	0
0	0	0
0	0	0
0	0	0
0	0	0
0	0	0
0	0	0
0	0	0
0	0	0
0	0	0
0	0	0
0	0	0
0	0	0
0	0	0
0	0	0
0	0	0
0	0	0
0	0	0
0	0	0
0	0	0
0	0	0
0	0	0
0	0	0
0	0	0
0	0	0
0	0	0
0	0	0
0	0	0
0	0	0
0	0	0
0	0	0
0	0	0
0	0	0
0	0	0
0.0208628	-0.00530518	0.0215267
0.0437063	-0.0239939	0.0498593
0.0613316	-0.0502952	0.0793169
0.0752638	-0.0768328	0.107554
0.0910926	-0.101855	0.136646
0.102907	-0.127673	0.163983
0.119176	-0.151139	0.192474
0.1312	-0.177606	0.220811
0.146605	-0.205003	0.25203
0.160143	-0.230565	0.280724
0.174732	-0.254829	0.308981
0.188772	-0.280163	0.337826
0.203098	-0.30427	0.365827
0.215906	-0.330953	0.395152
0.23115	-0.355473	0.424018
0.244324	-0.380953	0.45257
0.259719	-0.405461	0.481511
0.273853	-0.42884	0.508821
0.288252	-0.455587	0.539118
0.302168	-0.481706	0.568635
0.31627	-0.507029	0.597583
0.330839	-0.530873	0.625524
0.34346	-0.555573	0.653166
0.357194	-0.579946	0.68112
0.371089	-0.604437	0.709261
0.385036	-0.628906	0.737411
0.399011	-0.6536	0.765769
0.411179	-0.678955	0.793756
0.423375	-0.702385	0.820117
0.437902	-0.726393	0.848177
0.449826	-0.750424	0.874916
0.463931	-0.773592	0.90204
0.478847	-0.796685	0.929517
0.496635	-0.820323	0.958946
0.513932	-0.843416	0.987662
0.531263	-0.86506	1.01517
0.549139	-0.886622	1.04291
0.568443	-0.908742	1.07189
0.586091	-0.92936	1.09873
0.604797	-0.949278	1.12557
0.622208	-0.969494	1.15198
0.642476	-0.990061	1.18025
0.661037	-1.01065	1.20763
0.679969	-1.03142	1.23539
0.699475	-1.05135	1.26277
0.718247	-1.07178	1.29019
0.737697	-1.09204	1.31786
0.756952	-1.11243	1.34554
0.774766	-1.13405	1.37344
0.793296	-1.1525	1.39914
0.811199	-1.17458	1.42747
0.829974	-1.19609	1.45585
0.850724	-1.2175	1.48528
0.869072	-1.24194	1.51582
0.890976	-1.2629	1.54556
0.90719	-1.28782	1.57527
0.928528	-1.30783	1.60393
0.946296	-1.33309	1.63481
0.968441	-1.35372	1.66446
0.985125	-1.37927	1.69495
1.00883	-1.40055	1.72606
1.02558	-1.42738	1.75762
1.04911	-1.44985	1.7896
1.0649	-1.47722	1.82104
1.08876	-1.49853	1.8523
1.10554	-1.52599	1.88438
1.13016	-1.5462	1.9152
1.14753	-1.57327	1.94731
1.17098	-1.59472	1.97847
1.186	-1.62119	2.0087
1.21013	-1.64087	2.03884
1.2262	-1.66842	2.07055
1.24957	-1.68867	2.10072
1.26686	-1.71515	2.1323
1.29008	-1.7359	2.16279
1.30676	-1.76158	2.19335
1.32849	-1.78187	2.2226
1.34532	-1.8049	2.25113
1.36581	-1.82496	2.27945
1.38249	-1.84793	2.30784
1.40308	-1.86779	2.33608
1.42004	-1.89161	2.36531
1.43994	-1.9113	2.39301
1.45656	-1.93621	2.4229
1.47825	-1.9569	2.45249
1.49351	-1.97984	2.47999
1.51599	-1.99879	2.50866
1.53302	-2.02409	2.53912
1.55571	-2.04489	2.5694
1.57551	-2.06981	2.60121
1.59744	-2.09231	2.63241
1.61621	-2.11439	2.66135
1.63514	-2.13541	2.68954
1.65315	-2.15819	2.71858
1.67221	-2.17829	2.74613
1.68937	-2.20017	2.77394
1.71051	-2.21926	2.80196
1.72464	-2.24446	2.83054
1.74704	-2.26489	2.8604
1.76644	-2.28838	2.89084
1.79042	-2.30977	2.92244
1.80962	-2.3342	2.95351
1.83094	-2.35602	2.98381
1.85062	-2.37786	3.01314
1.87018	-2.3974	3.04058
1.88755	-2.41901	3.0683
1.90933	-2.43716	3.09601
1.92797	-2.45997	3.12546
1.94984	-2.47978	3.15455
1.96961	-2.49769	3.18085
1.98878	-2.51812	3.20877
2.00773	-2.53741	3.23565
2.02832	-2.55593	3.26295
2.0488	-2.57543	3.29096
2.06996	-2.59427	3.31888
2.0916	-2.61366	3.34754
2.11258	-2.63193	3.37491
2.13407	-2.64917	3.40182
2.15657	-2.66733	3.43008
2.17906	-2.68734	3.45978
2.20342	-2.70384	3.48795
2.22738	-2.72054	3.51604
2.25126	-2.7365	3.54353
2.27593	-2.75087	3.57031
2.30208	-2.76941	3.60127
2.32913	-2.78335	3.62931
2.35554	-2.79601	3.65599
2.38115	-2.80619	3.68029
2.407	-2.81482	3.70363
2.43649	-2.82217	3.72842
2.4653	-2.82784	3.75159
2.49384	-2.83529	3.77599
2.52241	-2.84065	3.79892
2.55023	-2.84896	3.82364
2.57892	-2.85306	3.84588
2.605	-2.86354	3.87116
2.63507	-2.86545	3.89287
2.66473	-2.87928	3.92314
2.69723	-2.8834	3.94829
2.72591	-2.89817	3.97869
2.75655	-2.90298	4.00324
2.78403	-2.91627	4.0318
2.81482	-2.92008	4.05587
2.84278	-2.93501	4.08603
2.87446	-2.93931	4.11121
2.90333	-2.95634	4.14358
2.93581	-2.96208	4.17048
2.96353	-2.97842	4.2016
2.99695	-2.98566	4.23035
3.0249	-3.00472	4.26361
3.05498	-3.0104	4.28898
3.08039	-3.02595	4.31801
3.11099	-3.03135	4.34365
3.13815	-3.04854	4.37511
3.16884	-3.05517	4.40178
3.19537	-3.07356	4.43364
3.22775	-3.08083	4.46205
3.25423	-3.09891	4.49369
3.28518	-3.10696	4.52168
3.3106	-3.12478	4.55239
3.34033	-3.13407	4.58042
3.36511	-3.15459	4.61253
3.39447	-3.16512	4.64116
3.42064	-3.18564	4.6743
3.44968	-3.19864	4.70442
3.47292	-3.22015	4.73609
3.50309	-3.23097	4.76559
3.52495	-3.25498	4.79793
3.55426	-3.26838	4.82857
3.57656	-3.28967	4.8594
3.60541	-3.30275	4.88949
3.62752	-3.32451	4.9205
3.65609	-3.33808	4.95074
3.67721	-3.36148	4.98211
3.70571	-3.37667	5.0134
3.72663	-3.40009	5.04463
3.75636	-3.41601	5.07734
3.77751	-3.44303	5.11117
3.80642	-3.46	5.14397
3.82651	-3.48648	5.17665
3.85496	-3.50333	5.20904
3.87527	-3.52845	5.24097
3.90312	-3.54699	5.27404
3.92252	-3.57339	5.30616
3.95018	-3.59141	5.33874
3.97137	-3.6169	5.37156
3.99881	-3.63433	5.40359
4.01794	-3.66091	5.43564
4.04498	-3.6795	5.46814
4.0633	-3.70675	5.50004
4.09013	-3.72491	5.5321
4.10966	-3.75249	5.56511
4.13668	-3.77175	5.59806
4.15318	-3.79993	5.62924
4.17883	-3.81957	5.66142
4.19551	-3.84839	5.69319
4.22114	-3.86915	5.72611
4.23689	-3.89654	5.75624
4.26158	-3.9163	5.78778
4.27773	-3.94519	5.81923
4.30257	-3.9657	5.8514
4.31647	-3.99484	5.88139
4.34065	-4.01677	5.91402
4.35543	-4.04581	5.94461
4.37967	-4.06851	5.97781
4.39408	-4.09717	6.00789
4.41707	-4.12057	6.04066
4.43137	-4.15021	6.07135
4.45412	-4.17342	6.10382
4.46773	-4.20479	6.13521
4.49011	-4.22791	6.16736
4.50216	-4.25706	6.19613
4.52489	-4.27809	6.22709
4.53782	-4.30733	6.25659
4.55849	-4.33054	6.28756
4.57138	-4.36048	6.31754
4.59288	-4.38436	6.34958
4.60441	-4.41504	6.37912
4.62415	-4.44002	6.41066
4.63508	-4.46952	6.43899
4.65608	-4.49317	6.47052
4.66754	-4.52261	6.49922
4.68958	-4.54652	6.5317
4.70108	-4.57723	6.56134
4.72249	-4.60144	6.59357
4.73356	-4.63206	6.62288
4.75286	-4.65746	6.65444
4.76324	-4.68737	6.6828
4.78338	-4.71219	6.71457
4.79341	-4.74151	6.74231
4.81287	-4.76528	6.77286
4.82321	-4.79458	6.80083
4.84332	-4.81654	6.83058
4.85289	-4.84549	6.85779
4.87351	-4.87108	6.89047
4.88404	-4.89973	6.91818
4.90459	-4.9221	6.94853
4.91541	-4.95198	6.97735
4.936	-4.97574	7.00872
4.94657	-5.00755	7.03876
4.96767	-5.03276	7.07152
4.97741	-5.06483	7.1012
4.9981	-5.09084	7.13426
5.00911	-5.12143	7.16381
5.02845	-5.14706	7.19566
5.03819	-5.17727	7.22409
5.0587	-5.20223	7.25628
5.06948	-5.23259	7.28558
5.09065	-5.25622	7.31728
5.10169	-5.28663	7.34681
5.12312	-5.31174	7.37977
5.13373	-5.34273	7.40945
5.15406	-5.36784	7.44164
5.16422	-5.39859	7.47088
5.18462	-5.42395	7.5033
5.1927	-5.45545	7.53167
5.2131	-5.48131	7.56447
5.22203	-5.51175	7.59269
5.24283	-5.53812	7.62614
5.2532	-5.56998	7.65642
5.2726	-5.59646	7.689
5.28437	-5.62889	7.72068
5.30403	-5.65349	7.75207
5.31367	-5.68346	7.78054
5.33296	-5.7094	7.81266
5.34434	-5.73857	7.84175
5.3626	-5.76371	7.8726
5.37238	-5.7919	7.89991
5.39147	-5.81616	7.93068
5.40116	-5.84665	7.95964
5.42139	-5.87046	7.99085
5.42857	-5.90361	8.0201
5.45096	-5.93281	8.05675
5.46017	-5.96665	8.08791
5.48043	-5.99385	8.12166
5.49001	-6.02572	8.15166
5.50838	-6.0499	8.1819
5.51796	-6.07893	8.20983
5.53856	-6.1031	8.24157
5.54962	-6.1328	8.27101
5.57031	-6.15673	8.30263
5.58077	-6.18677	8.33193
5.60122	-6.2132	8.36525
5.61219	-6.24351	8.39512
5.63319	-6.26794	8.42733
5.64442	-6.29637	8.45599
5.66443	-6.31989	8.48686
5.67475	-6.35066	8.51667
5.69657	-6.37467	8.54911
5.70898	-6.40333	8.57876
5.72903	-6.42702	8.60978
5.73966	-6.45683	8.63912
5.76049	-6.48089	8.67094
5.77118	-6.51069	8.70032
5.79216	-6.53484	8.73231
5.80144	-6.56777	8.76312
5.8227	-6.59406	8.7969
5.83475	-6.62505	8.82811
5.8567	-6.65101	8.86211
5.87062	-6.67906	8.89235
5.89256	-6.70099	8.92332
5.90645	-6.7279	8.9527
5.92553	-6.75037	8.98217
5.93763	-6.77884	9.01156
5.96004	-6.8015	9.04336
5.97321	-6.8314	9.07454
5.99585	-6.85476	9.10703
6.00886	-6.88377	9.13744
6.0316	-6.90726	9.17008
6.04375	-6.93683	9.20036
6.066	-6.96079	9.23304
6.07938	-6.98965	9.26358
6.10247	-7.01215	9.29572
6.1158	-7.04102	9.32625
6.13859	-7.06204	9.35706
6.15377	-7.09016	9.38825
6.17659	-7.11169	9.41947
6.19107	-7.13975	9.45015
6.21326	-7.16006	9.48003
6.22853	-7.18759	9.51083
6.25249	-7.20878	9.54255
6.26771	-7.23879	9.57519
6.29234	-7.26041	9.60766
6.30776	-7.28908	9.63943
6.33183	-7.31066	9.6715
6.34948	-7.33944	9.7048
6.37246	-7.36129	9.73636
6.38713	-7.38935	9.76719
6.41097	-7.41057	9.79883
6.42594	-7.43725	9.8288
6.44953	-7.45895	9.86065
6.46492	-7.48618	9.89132
6.48904	-7.50559	9.92177
6.50393	-7.53321	9.9524
6.52859	-7.55518	9.98515
6.54375	-7.58276	10.0159
6.56798	-7.60423	10.048
6.58358	-7.63262	10.0797
6.60806	-7.65396	10.1119
6.623	-7.68119	10.1422
6.64787	-7.70058	10.1732
6.664	-7.72872	10.205
6.68816	-7.75005	10.2369
6.70297	-7.7794	10.2688
6.72714	-7.80152	10.3014
6.74252	-7.82974	10.3328
6.76632	-7.8518	10.365
6.78145	-7.8799	10.3962
6.80501	-7.9022	10.4285
6.81956	-7.93066	10.4595
6.84472	-7.95313	10.493
6.85953	-7.98348	10.5256
6.8853	-8.00621	10.5597
6.90029	-8.03402	10.5905
6.92314	-8.05579	10.6219
6.93509	-8.08698	10.6534
6.95788	-8.10979	10.6855
6.97203	-8.13862	10.7166
6.9951	-8.1608	10.7485
7.00832	-8.18911	10.7786
7.03075	-8.21028	10.8093
7.04376	-8.23935	10.8398
7.06621	-8.26227	10.8718
7.07924	-8.29164	10.9026
7.10241	-8.31483	10.9353
7.11694	-8.34427	10.9671
7.14	-8.36883	11.0008
7.15285	-8.39914	11.0322
7.17433	-8.42289	11.0642
7.18536	-8.45298	11.0942
7.20564	-8.47709	11.1258
7.219	-8.50612	11.1565
7.23994	-8.53069	11.1888
7.25175	-8.56138	11.2199
7.27113	-8.58468	11.2502
7.28273	-8.61234	11.2788
7.30433	-8.63388	11.3092
7.31572	-8.66393	11.3395
7.33738	-8.68724	11.3712
7.34914	-8.71689	11.4015
7.3694	-8.74122	11.4332
7.379	-8.77245	11.4632
7.39839	-8.79782	11.4951
7.41003	-8.82822	11.5259
7.42902	-8.85342	11.5574
7.43718	-8.88331	11.5855
7.45582	-8.9078	11.6163
7.4648	-8.93836	11.6455
7.48294	-8.96438	11.6771
7.49141	-8.99578	11.7066
7.5092	-9.02215	11.7383
7.51803	-9.05229	11.7671
7.53479	-9.07806	11.7976
7.54513	-9.10575	11.8256
7.55924	-9.13075	11.8538
7.56696	-9.15979	11.8811
7.5843	-9.18536	11.9119
7.59193	-9.21693	11.9411
7.60929	-9.24452	11.9734
7.61734	-9.27736	12.0039
7.63351	-9.30608	12.0363
7.64136	-9.33793	12.066
7.65592	-9.365	12.0961
7.66151	-9.39557	12.1233
7.67635	-9.42402	12.1548
7.68237	-9.45524	12.1828
7.69671	-9.48307	12.2134
7.70238	-9.51361	12.2407
7.71602	-9.5405	12.2702
7.72042	-9.56951	12.2955
7.73527	-9.59697	12.3262
7.74022	-9.63	12.3551
7.7538	-9.65761	12.3851
7.75857	-9.68984	12.4132
7.77339	-9.71935	12.4455
7.77836	-9.75109	12.4734
7.79256	-9.78034	12.5052
7.79523	-9.81419	12.5333
7.80945	-9.84186	12.5638
7.81309	-9.87318	12.5906
7.82861	-9.90099	12.6221
7.83138	-9.93479	12.6503
7.8472	-9.96414	12.6832
7.85133	-9.99653	12.7112
7.86826	-10.0276	12.7461
7.87193	-10.0637	12.7768
7.88606	-10.0944	12.8096
7.88986	-10.127	12.8377
7.90338	-10.1562	12.869
7.90649	-10.1882	12.8962
7.91943	-10.2169	12.9268
7.9216	-10.2477	12.9525
7.93477	-10.2773	12.984
7.93803	-10.3086	13.0107
7.95131	-10.3376	13.0418
7.95369	-10.3696	13.0687
7.96652	-10.3997	13.1003
7.96759	-10.4325	13.127
7.98047	-10.4623	13.1586
7.98202	-10.4937	13.1845
7.99567	-10.5243	13.2171
7.99865	-10.5576	13.2454
8.01127	-10.5876	13.2769
8.01319	-10.6197	13.3038
8.0258	-10.649	13.3347
8.02591	-10.6806	13.3601
8.03774	-10.7104	13.391
8.03919	-10.742	13.4171
8.05017	-10.771	13.4469
8.05111	-10.8021	13.4724
8.06225	-10.832	13.503
8.06285	-10.8639	13.529
8.07364	-10.8925	13.5584
8.07289	-10.9251	13.5841
8.083	-10.9565	13.6155
8.08306	-10.9888	13.6414
8.09356	-11.0189	13.6719
8.09312	-11.0518	13.6982
8.10353	-11.0827	13.7293
8.10353	-11.1154	13.7557
8.11283	-11.147	13.7867
8.11045	-11.1796	13.8117
8.12011	-11.2096	13.8416
8.11814	-11.2415	13.8664
8.12696	-11.2727	13.8968
8.12483	-11.3052	13.9219
8.13306	-11.3344	13.9504
8.13032	-11.3656	13.9742
8.13854	-11.3973	14.0048
8.1356	-11.4298	14.0295
8.14218	-11.4611	14.0589
8.14054	-11.4944	14.0851
8.14694	-11.5249	14.1137
8.14361	-11.5551	14.1364
8.15091	-11.585	14.1651
8.14692	-11.6156	14.1878
8.15318	-11.6448	14.2153
8.14846	-11.6759	14.2381
8.15392	-11.7072	14.267
8.15091	-11.7367	14.2894
8.15564	-11.7672	14.3171
8.15237	-11.7976	14.3403
8.15743	-11.8284	14.3685
8.15307	-11.8593	14.3915
8.15718	-11.8884	14.4179
8.15319	-11.9194	14.4411
8.15779	-11.9506	14.4695
8.15361	-11.9815	14.4927
8.15799	-12.0117	14.5201
8.15405	-12.0427	14.5435
8.15893	-12.0735	14.5718
8.15385	-12.1035	14.5938
8.15841	-12.134	14.6216
8.15226	-12.1656	14.6445
8.1569	-12.1959	14.6722
8.15153	-12.2256	14.694
8.15596	-12.2571	14.7227
8.15164	-12.2889	14.7467
8.157	-12.3189	14.7747
8.15121	-12.3502	14.7976
8.15634	-12.3819	14.8269
8.15277	-12.4118	14.85
8.15815	-12.442	14.8781
8.15107	-12.4725	14.8998
8.15671	-12.5035	14.9288
8.15145	-12.5368	14.9539
8.15682	-12.5682	14.9831
8.15078	-12.6007	15.0071
8.15658	-12.6337	15.0379
8.15191	-12.6669	15.0633
8.15728	-12.6981	15.0925
8.15234	-12.7284	15.1153
8.1583	-12.7593	15.1445
8.15295	-12.7918	15.1691
8.15761	-12.8235	15.1983
8.15232	-12.8546	15.2218
8.15801	-12.886	15.2513
8.15092	-12.9191	15.2755
8.15571	-12.9518	15.3057
8.15042	-12.9845	15.3306
8.15543	-13.0163	15.3602
8.14974	-13.0475	15.3836
8.1563	-13.08	15.4147
8.15206	-13.1123	15.4398
8.15685	-13.1447	15.4699
8.15211	-13.1777	15.4954
8.15648	-13.2085	15.5239
8.15105	-13.2417	15.5494
8.15458	-13.2761	15.5805
8.14758	-13.3067	15.6029
8.15224	-13.3381	15.6321
8.14693	-13.3695	15.6562
8.15163	-13.4005	15.6851
8.1449	-13.4312	15.7079
8.14924	-13.4628	15.7371
8.14381	-13.4955	15.7623
8.14829	-13.5256	15.7904
8.14244	-13.5558	15.8133
8.14718	-13.5865	15.842
8.14242	-13.6162	15.8651
8.14557	-13.6466	15.8928
8.13968	-13.6766	15.9155
8.14326	-13.7073	15.9437
8.13747	-13.7386	15.9677
8.14032	-13.7694	15.9956
8.13307	-13.8018	16.0199
8.13595	-13.8338	16.0489
8.1305	-13.8642	16.0724
8.13156	-13.895	16.0995
8.12603	-13.9255	16.1231
8.12713	-13.9575	16.1512
8.12215	-13.9879	16.175
8.12469	-14.0191	16.2033
8.11637	-14.0481	16.2242
8.11966	-14.0786	16.2522
8.11075	-14.109	16.2742
8.11317	-14.1411	16.3032
8.10675	-14.1721	16.3269
8.1094	-14.2033	16.3553
8.10251	-14.2341	16.3787
8.10545	-14.2651	16.4071
8.09842	-14.2955	16.43
8.10092	-14.3266	16.4583
8.09235	-14.3569	16.4805
8.09441	-14.3871	16.5078
8.08659	-14.4169	16.5299
8.09052	-14.4464	16.5576
8.08193	-14.4775	16.5806
8.08422	-14.5082	16.6085
8.07557	-14.5382	16.6305
8.07737	-14.569	16.6583
8.06858	-14.5994	16.6807
8.06832	-14.6316	16.7087
8.06051	-14.661	16.7307
8.06204	-14.6909	16.7576
8.05448	-14.7199	16.7794
8.05501	-14.7506	16.8067
8.04623	-14.7827	16.8306
8.04424	-14.8155	16.8585
8.0369	-14.8448	16.8808
8.03741	-14.8745	16.9071
8.02828	-14.9042	16.9289
8.02815	-14.9343	16.9553
8.01987	-14.9638	16.9774
8.01915	-14.992	17.002
8.00879	-15.0217	17.0233
8.00812	-15.0531	17.0507
7.99864	-15.0825	17.0722
7.99941	-15.1132	17.0997
7.98914	-15.1428	17.1211
7.98821	-15.1744	17.1486
7.97752	-15.2044	17.1701
7.97633	-15.236	17.1976
7.96554	-15.2654	17.2187
7.96589	-15.297	17.2469
7.95486	-15.3258	17.2673
7.95407	-15.357	17.2946
7.94331	-15.3866	17.316
7.94169	-15.4164	17.3417
7.93064	-15.445	17.3621
7.92882	-15.4782	17.3908
7.91762	-15.5078	17.4121
7.91682	-15.5394	17.4399
7.9054	-15.5683	17.4604
7.90162	-15.5987	17.4858
7.89253	-15.6271	17.5071
7.89079	-15.6571	17.5331
7.88004	-15.6854	17.5535
7.87808	-15.7153	17.5794
7.86719	-15.7445	17.6006
7.86521	-15.775	17.627
7.85452	-15.8034	17.6477
7.85342	-15.8336	17.6742
7.84357	-15.862	17.6953
7.84214	-15.8926	17.7221
7.83173	-15.9216	17.7435
7.83006	-15.9523	17.7704
7.81895	-15.9815	17.7917
7.81638	-16.0121	17.818
7.80623	-16.0411	17.8397
7.80442	-16.0719	17.8666
7.79347	-16.1013	17.8883
7.78997	-16.1331	17.9153
7.78026	-16.1622	17.9374
7.77677	-16.1934	17.964
7.76685	-16.2221	17.9856
7.76582	-16.2525	18.0125
7.75426	-16.2815	18.0337
7.7519	-16.3133	18.0614
7.73997	-16.3433	18.0834
7.73752	-16.3748	18.1108
7.72577	-16.4035	18.1318
7.72496	-16.4352	18.1601
7.71066	-16.4638	18.1799
7.7071	-16.495	18.2067
7.69602	-16.5241	18.2284
7.69501	-16.5559	18.2568
7.68259	-16.5863	18.2792
7.6819	-16.6178	18.3074
7.66978	-16.6451	18.3272
7.66802	-16.6761	18.3546
7.65545	-16.7051	18.3757
7.65307	-16.7365	18.4033
7.64035	-16.7656	18.4244
7.63842	-16.7973	18.4525
7.6246	-16.8268	18.4737
7.62134	-16.8603	18.5029
7.60784	-16.8906	18.5249
7.60456	-16.9228	18.5529
7.59101	-16.9523	18.5742
7.58606	-16.9833	18.6006
7.57568	-17.0083	18.6191
7.57456	-17.0361	18.6441
7.5624	-17.0634	18.6641
7.55916	-17.0935	18.6903
7.54748	-17.1215	18.7112
7.54562	-17.1508	18.7373
7.53339	-17.1797	18.7589
7.52922	-17.2108	18.7856
7.51732	-17.2407	18.8083
7.51218	-17.2716	18.8345
7.50271	-17.298	18.855
7.49651	-17.3267	18.8788
7.48769	-17.3549	18.9013
7.48138	-17.3831	18.9247
7.47376	-17.4112	18.9475
7.46545	-17.4377	18.9685
7.45622	-17.4627	18.9879
7.45134	-17.49	19.0111
7.44493	-17.5174	19.0339
7.43738	-17.5433	19.0547
7.43129	-17.5706	19.0774
7.42342	-17.5977	19.0994
7.41674	-17.6262	19.123
7.41089	-17.6548	19.1471
7.40343	-17.6824	19.1697
7.39617	-17.7094	19.1919
7.38907	-17.7369	19.2144
7.38182	-17.7655	19.2381
7.37555	-17.7951	19.2631
7.36818	-17.8237	19.2866
7.36157	-17.852	19.3103
7.35514	-17.88	19.3337
7.34781	-17.9079	19.3567
7.34092	-17.9362	19.3804
7.33427	-17.9636	19.4032
7.32767	-17.9909	19.426
7.32167	-18.0177	19.4485
7.31322	-18.044	19.4697
7.3083	-18.0734	19.4951
7.30069	-18.102	19.5188
7.29545	-18.1298	19.5426
7.28905	-18.1571	19.5655
7.28283	-18.1843	19.5885
7.27596	-18.2119	19.6116
7.27012	-18.2396	19.6351
7.26384	-18.2673	19.6586
7.25851	-18.2951	19.6824
7.25242	-18.3225	19.7057
7.24367	-18.3505	19.7285
7.23849	-18.3788	19.7529
7.23123	-18.4055	19.775
7.22534	-18.4329	19.7984
7.21659	-18.4611	19.8215
7.21188	-18.4898	19.8465
7.20597	-18.5202	19.8727
7.199	-18.5489	19.8969
7.19249	-18.577	19.9207
7.18628	-18.6044	19.9441
7.18029	-18.6322	19.9679
7.17333	-18.6601	19.9914
7.16747	-18.684	20.0116
7.16312	-18.7088	20.0332
7.15518	-18.7343	20.0541
7.1489	-18.7604	20.0763
7.14156	-18.7868	20.0984
7.13354	-18.8112	20.1183
7.12745	-18.8375	20.1408
7.1205	-18.8637	20.1629
7.11324	-18.8915	20.1863
7.10468	-18.9185	20.2086
7.09704	-18.9458	20.2314
7.08782	-18.9735	20.2541
7.08121	-19.001	20.2776
7.07143	-19.0255	20.2972
7.06593	-19.053	20.321
7.05582	-19.0797	20.3426
7.04973	-19.1081	20.3671
