0.656566	0
0.656566	0
0.656566	0
0.656566	0
0.656566	0
0.656566	0
0.656566	0
0.656566	0
0.656566	0
0.656566	0
0.656566	0
0.656566	0
0.656566	0
0.656566	0
0.656566	0
0.656566	0
0.656566	0
0.656566	0
0.656566	0
0.656566	0
0.656566	0
0.656566	0
0.656566	0
0.656566	0
0.656566	0
0.656566	0
0.656566	0
0.656566	0
0.656566	0
0.656566	0
0.656566	0
0.656566	0
0.656566	0
0.656566	0
0.656566	0
0.656566	0
0.656566	0
0.656566	0
0.656566	0
0.656566	0
0.656566	0
0.656566	0
0.656566	0
0.656566	0
0.656566	0
0.656566	0
0.656566	0
0.656566	0
0.656566	0
0.656566	0
0.656566	0
0.656566	0
0.656566	0
0.656566	0
0.656566	0
0.656566	0
0.656566	0
0.656566	0
0.656566	0
0.656566	0
0.656566	0
0.656566	0
0.656566	0
0.656566	0
0.656566	0
0.656566	0
0.656566	0
0.656566	0
0.656566	0
0.656566	0
0.656566	0
0.656566	0
0.656566	0
0.656566	0
0.656566	0
0.656566	0
0.656566	0
0.656566	0
0.656566	0
0.656566	0
0.656566	0
0.656566	0
0.656566	0
0.656566	0
0.656566	0
0.656566	0
0.656566	0
0.656566	0
0.656566	0
0.656566	0
0.656566	0
0.656566	0
0.656566	0
0.656566	0
0.656566	0
0.656566	0
0.656566	0
0.656566	0
0.656566	0
0.656566	0
0.656566	0
0.656566	0
0.656566	0
0.656566	0
0.656566	0
0.656566	0
0.656566	0
0.656566	0
0.656566	0
0.656566	0
0.656566	0
0.656566	0
0.656566	0
0.656566	0
0.656566	0
0.656566	0
0.656566	0
0.656566	0
0.656566	0
0.656566	0
0.656566	0
0.656566	0
0.656566	0
0.656566	0
0.656566	0
0.656566	0
0.656566	0
0.656566	0
0.656566	0
0.656566	0
0.656566	0
0.656566	0
0.656566	0
0.656566	0
0.656566	0
0.656566	0
0.656566	0
0.656566	0
0.656566	0
0.656566	0
0.656566	0
0.656566	0
0.656566	0
0.656566	0
0.656566	0
0.656566	0
0.656566	0
0.656566	0
0.656566	0
0.656566	0
0.656566	0
0.656566	0
0.656566	0
0.656566	0
0.656566	0
0.656566	0
0.656566	0
0.656566	0
0.656566	0
0.656566	0
0.656566	0
0.656566	0
0.656566	0
0.656566	0
0.656566	0
0.656566	0
0.656566	0
0.656566	0
0.656566	0
0.656566	0
0.656566	0
0.66697	-0.00389099
0.682819	-0.00171662
0.698798	-0.00684276
0.716625	-0.00536546
0.73465	-0.00961138
0.753228	-0.0099539
0.770729	-0.0133664
0.788278	-0.0173466
0.804965	-0.0204422
0.82143	-0.0252022
0.837301	-0.0329606
0.849767	-0.0455169
0.865395	-0.0541273
0.881331	-0.0641624
0.894974	-0.0742854
0.905851	-0.0859589
0.922482	-0.092781
0.937841	-0.105278
0.950045	-0.118041
0.966444	-0.12574
0.981254	-0.135475
0.995791	-0.144902
1.00967	-0.153906
1.02318	-0.164163
1.03831	-0.172922
1.05323	-0.17969
1.06863	-0.186424
1.08476	-0.193696
1.1004	-0.200883
1.11637	-0.210501
1.1312	-0.221871
1.14804	-0.229647
1.16321	-0.235702
1.17725	-0.240165
1.19206	-0.244606
1.20891	-0.251258
1.22555	-0.256625
1.2394	-0.2618
1.25411	-0.26692
1.26966	-0.271283
1.28544	-0.275528
1.30124	-0.279622
1.31636	-0.281158
1.33074	-0.285902
1.34568	-0.290797
1.36024	-0.296441
1.37542	-0.302334
1.39067	-0.308242
1.40565	-0.314178
1.42091	-0.319924
1.43749	-0.326163
1.45355	-0.332556
1.46961	-0.33817
1.4865	-0.344208
1.50347	-0.347964
1.52041	-0.354257
1.53743	-0.359167
1.55368	-0.364141
1.56983	-0.369777
1.58563	-0.376907
1.59978	-0.383778
1.61411	-0.39156
1.62556	-0.400334
1.63863	-0.408807
1.65397	-0.417219
1.6696	-0.425201
1.68469	-0.432908
1.69714	-0.441731
1.71003	-0.45088
1.72205	-0.463493
1.73955	-0.470981
1.75424	-0.478027
1.76904	-0.485226
1.78383	-0.492368
1.79893	-0.500761
1.81314	-0.510589
1.82735	-0.519563
1.84132	-0.528388
1.85487	-0.537186
1.86851	-0.545812
1.88241	-0.554518
1.89535	-0.562498
1.90865	-0.570718
1.92171	-0.577459
1.93567	-0.585811
1.94965	-0.594257
1.96394	-0.602391
1.97946	-0.610399
1.99542	-0.617684
2.01074	-0.624882
2.02532	-0.631793
2.04037	-0.636635
2.05552	-0.644011
2.06873	-0.651457
2.08351	-0.654032
2.09859	-0.663246
2.11741	-0.666442
2.13365	-0.676725
2.15183	-0.682101
2.1662	-0.686821
2.18324	-0.685609
2.19949	-0.692007
2.21847	-0.689521
2.2372	-0.695863
2.25541	-0.695235
2.2729	-0.702612
2.29257	-0.701524
2.31111	-0.707018
2.32919	-0.708979
2.34747	-0.711851
2.36355	-0.714818
2.37925	-0.719346
2.39307	-0.729002
2.40422	-0.741428
2.4153	-0.753867
2.426	-0.766068
2.43686	-0.778581
2.44613	-0.791781
2.4549	-0.804902
2.46377	-0.816608
2.47362	-0.828957
2.48293	-0.840657
2.49265	-0.852896
2.50256	-0.865436
2.5132	-0.877282
2.52329	-0.89017
2.5334	-0.903165
2.54391	-0.914533
2.55552	-0.928329
2.56778	-0.940559
2.58114	-0.952504
2.59493	-0.965941
2.60729	-0.979282
2.61876	-0.992535
2.63082	-1.00521
2.64198	-1.01647
2.65327	-1.02719
2.66417	-1.03839
2.67557	-1.04964
2.68648	-1.05967
2.69591	-1.07156
2.71117	-1.07793
2.72397	-1.09059
2.73701	-1.10312
2.74979	-1.11479
2.76222	-1.12624
2.77498	-1.13751
2.78743	-1.14765
2.79931	-1.15817
2.81119	-1.16936
2.82329	-1.18017
2.83596	-1.19146
2.84856	-1.20277
2.8608	-1.21386
2.87239	-1.2241
2.885	-1.23502
2.89669	-1.24527
2.90792	-1.25651
2.92078	-1.26433
2.93421	-1.27356
2.94758	-1.28294
2.96115	-1.29235
2.97527	-1.30077
2.98902	-1.30924
3.00102	-1.31844
3.01379	-1.32887
3.02654	-1.33893
3.04032	-1.34926
3.05347	-1.35985
3.06549	-1.37059
3.07765	-1.38122
3.08868	-1.39188
3.1024	-1.40129
3.11454	-1.41024
3.12718	-1.41975
3.14022	-1.42923
3.15356	-1.4387
3.16797	-1.44836
3.18217	-1.45758
3.19668	-1.46605
3.21344	-1.47399
3.23106	-1.48185
3.24751	-1.49165
3.2616	-1.50092
3.2755	-1.51003
3.2902	-1.52068
3.30403	-1.53135
3.3187	-1.54212
3.33256	-1.55237
3.34759	-1.56152
3.36196	-1.57013
3.37758	-1.57895
3.39311	-1.58747
3.40881	-1.59574
3.42297	-1.60263
3.4374	-1.60982
3.45092	-1.61533
3.46385	-1.61889
3.47685	-1.62262
3.4914	-1.62812
3.50614	-1.63344
3.52064	-1.6392
3.53626	-1.6439
3.55128	-1.64882
3.56728	-1.6537
3.58202	-1.65884
3.59703	-1.66193
3.61373	-1.66353
3.62975	-1.67108
3.64413	-1.67807
3.66123	-1.6844
3.67585	-1.69175
3.68965	-1.69762
3.70432	-1.70356
3.71872	-1.70911
3.7347	-1.71532
3.75142	-1.72062
3.76737	-1.72579
3.78223	-1.73097
3.79812	-1.73627
3.81336	-1.7418
3.82956	-1.74829
3.8451	-1.75414
3.8612	-1.76015
3.87702	-1.76637
3.89281	-1.77222
3.90819	-1.77873
3.92195	-1.78491
3.9364	-1.79122
3.95049	-1.79749
3.96466	-1.80478
3.97953	-1.81217
3.99389	-1.81958
4.00821	-1.82704
4.02392	-1.83398
4.03817	-1.84032
4.05266	-1.84708
4.0652	-1.85364
4.07975	-1.85932
4.09398	-1.86599
4.10779	-1.87307
4.12301	-1.87842
4.13492	-1.88802
4.15184	-1.89174
4.16536	-1.90187
4.18369	-1.90413
4.19936	-1.91504
4.21793	-1.91971
4.23263	-1.92985
4.24975	-1.93557
4.26502	-1.94529
4.28172	-1.95114
4.29724	-1.95765
4.31203	-1.96332
4.32647	-1.97217
4.34013	-1.97928
4.35556	-1.98582
4.36986	-1.99189
4.38455	-1.99765
4.39904	-2.00298
4.41443	-2.00958
4.42964	-2.01613
4.44451	-2.02294
4.46004	-2.02934
4.47575	-2.03524
4.49108	-2.04106
4.50759	-2.04768
4.52369	-2.05365
4.53914	-2.06031
4.55578	-2.06482
4.5727	-2.07129
4.58971	-2.07679
4.60588	-2.0822
4.6224	-2.08744
4.63998	-2.09192
4.65597	-2.09729
4.67042	-2.10076
4.6845	-2.10573
4.6991	-2.11006
4.71403	-2.11553
4.73056	-2.11973
4.74685	-2.12295
4.76151	-2.12821
4.77606	-2.12838
4.79113	-2.13596
4.80869	-2.13603
4.82518	-2.14319
4.84855	-2.14288
4.86838	-2.14931
4.88955	-2.14777
4.90878	-2.15338
4.92726	-2.15181
4.94536	-2.15663
4.9668	-2.15518
4.9861	-2.1587
5.00458	-2.1589
5.02213	-2.15951
5.03956	-2.15764
5.05655	-2.15925
5.0728	-2.16087
5.08907	-2.16233
5.10589	-2.16367
5.12215	-2.16508
5.13863	-2.16582
5.15513	-2.1664
5.17189	-2.16819
5.18938	-2.1707
5.20663	-2.17404
5.22345	-2.17914
5.23772	-2.1821
5.2517	-2.18518
5.26822	-2.18913
5.28388	-2.19158
5.29868	-2.19242
5.31583	-2.19238
5.33377	-2.1919
5.35277	-2.19156
5.3709	-2.19017
5.38815	-2.18907
5.40235	-2.18822
5.41701	-2.18885
5.43237	-2.18961
5.44865	-2.19039
5.46465	-2.19093
5.48244	-2.18961
5.4996	-2.18787
5.51585	-2.18598
5.53159	-2.18421
5.54708	-2.18401
5.56338	-2.18305
5.58005	-2.18108
5.59674	-2.17936
5.61292	-2.17709
5.63089	-2.17474
5.64796	-2.17254
5.66449	-2.17029
5.68015	-2.1678
5.69678	-2.16605
5.71313	-2.16408
5.72961	-2.16205
5.74622	-2.16053
5.76283	-2.15879
5.77987	-2.15769
5.79667	-2.15659
5.81356	-2.15555
5.83027	-2.15497
5.84687	-2.1544
5.86466	-2.15567
5.8817	-2.15844
5.89843	-2.16029
5.91485	-2.16198
5.93121	-2.1627
5.94821	-2.16441
5.9648	-2.16561
5.98356	-2.16587
5.99985	-2.16694
6.01643	-2.16616
6.03225	-2.16453
6.04838	-2.1629
6.06599	-2.16163
6.08334	-2.1596
6.10024	-2.15765
6.11687	-2.15476
6.13281	-2.15088
6.151	-2.14784
6.16745	-2.1458
6.18232	-2.1447
6.19895	-2.14241
6.21522	-2.13974
6.23164	-2.13629
6.24801	-2.13287
6.26385	-2.13077
6.27877	-2.12808
6.2948	-2.12509
6.31075	-2.11961
6.3264	-2.11389
6.34178	-2.10755
6.35634	-2.10198
6.37111	-2.09653
6.3848	-2.09022
6.40065	-2.08408
6.41629	-2.07817
6.43139	-2.07259
6.44661	-2.06696
6.46268	-2.06183
6.47752	-2.05706
6.49264	-2.05192
6.50911	-2.04709
6.52551	-2.04257
6.54151	-2.03803
6.55592	-2.03223
6.57087	-2.02642
6.58618	-2.0215
6.60133	-2.01771
6.6168	-2.01415
6.6329	-2.00582
6.6482	-1.99792
6.66462	-1.99166
6.68083	-1.98543
6.69628	-1.97859
6.71135	-1.97201
6.72641	-1.96531
6.74098	-1.95848
6.75401	-1.95264
6.76853	-1.94732
6.78334	-1.94101
6.79829	-1.93563
6.81405	-1.92915
6.82911	-1.92291
6.84438	-1.91661
6.85949	-1.91094
6.87439	-1.90527
6.88889	-1.89795
6.90461	-1.89271
6.92024	-1.88534
6.9356	-1.87969
6.95292	-1.87501
6.97141	-1.8694
6.98779	-1.86423
7.00718	-1.85739
7.02377	-1.84995
7.04046	-1.84588
7.05625	-1.84138
7.07232	-1.83892
7.08831	-1.83578
7.10434	-1.83265
7.11859	-1.8282
7.13271	-1.82329
7.14867	-1.81845
7.16453	-1.81368
7.18038	-1.80878
7.1959	-1.80413
7.21131	-1.79874
7.22677	-1.79344
7.24227	-1.78811
7.25757	-1.78327
7.27298	-1.77785
7.28694	-1.77335
7.3004	-1.76912
7.31548	-1.7644
7.33087	-1.75976
7.34598	-1.75573
7.3619	-1.75171
7.37895	-1.74738
7.39723	-1.74165
7.41426	-1.73559
7.43168	-1.73112
7.44911	-1.72702
7.46532	-1.72316
7.48206	-1.71971
7.49656	-1.71599
7.5121	-1.71131
7.52626	-1.70497
7.54345	-1.70596
7.56027	-1.70823
7.57442	-1.71178
7.59036	-1.71379
7.60589	-1.71518
7.62156	-1.71636
7.63755	-1.71757
7.65443	-1.71871
7.67008	-1.72059
7.687	-1.7227
7.70425	-1.72261
7.72016	-1.72297
7.73642	-1.72299
7.75272	-1.72296
7.76953	-1.72098
7.7863	-1.71862
7.80281	-1.71698
7.81997	-1.71649
7.8356	-1.71538
7.85146	-1.71412
7.86848	-1.71278
7.88629	-1.71225
7.90286	-1.70924
7.92027	-1.70569
7.93697	-1.70217
7.95399	-1.69987
7.97045	-1.69736
7.98718	-1.69387
8.00432	-1.69013
8.01946	-1.68654
8.03504	-1.68281
8.04995	-1.67964
8.06558	-1.67679
8.07987	-1.67256
8.0957	-1.6696
8.11063	-1.66193
8.12586	-1.65238
8.14002	-1.64371
8.15409	-1.63507
8.16789	-1.62624
8.18215	-1.61759
8.19847	-1.60917
8.21431	-1.6009
8.22969	-1.59249
8.2447	-1.58465
8.25992	-1.57732
8.27464	-1.56952
8.28897	-1.56222
8.30348	-1.55489
8.31825	-1.54724
8.33367	-1.54156
8.3488	-1.53579
8.36514	-1.53006
8.3804	-1.52271
8.39522	-1.51561
8.40978	-1.50837
8.4247	-1.50151
8.43974	-1.49445
8.45417	-1.48849
8.46835	-1.48147
8.48278	-1.47561
8.49759	-1.46829
8.51219	-1.46087
8.52689	-1.45327
8.54301	-1.44583
8.55724	-1.43861
8.5726	-1.43215
8.5883	-1.42304
8.6034	-1.41506
8.61814	-1.40722
8.63308	-1.39905
8.64858	-1.39156
8.66485	-1.38375
8.6802	-1.37688
8.69532	-1.37002
8.71123	-1.36224
8.72595	-1.355
8.74062	-1.34789
8.75533	-1.34079
8.77136	-1.33158
8.78595	-1.32377
8.79893	-1.31537
8.81124	-1.30532
8.82399	-1.29517
8.83704	-1.28514
8.84964	-1.27535
8.86289	-1.26479
8.87557	-1.2525
8.89127	-1.24542
8.90508	-1.23578
8.91762	-1.22529
8.93354	-1.21522
8.94828	-1.20547
8.96354	-1.19576
8.97717	-1.18795
8.98992	-1.18164
9.00121	-1.17645
9.01495	-1.16979
9.02796	-1.16336
9.0418	-1.15656
9.05503	-1.15053
9.06837	-1.14502
9.08433	-1.1384
9.09957	-1.13196
9.11451	-1.12563
9.12943	-1.11921
9.14343	-1.1123
9.15728	-1.10611
9.17182	-1.09866
9.18767	-1.09387
9.20359	-1.08896
9.21859	-1.08525
9.23449	-1.08122
9.2513	-1.07654
9.26841	-1.071
9.28375	-1.06657
9.29777	-1.06267
9.31221	-1.05812
9.32804	-1.05261
9.34303	-1.04673
9.35766	-1.04066
9.37186	-1.03391
9.38609	-1.02681
9.40111	-1.02104
9.41585	-1.01532
9.43102	-1.00937
9.44604	-1.00267
9.4614	-0.995918
9.47698	-0.989763
9.49331	-0.983651
9.50912	-0.977676
9.52353	-0.971284
9.53861	-0.965709
9.55397	-0.960088
9.5691	-0.954542
9.58459	-0.94812
9.60153	-0.941147
9.61767	-0.934605
9.63425	-0.925888
9.64986	-0.917941
9.66668	-0.910304
9.68307	-0.90237
9.69858	-0.895662
9.71317	-0.88908
9.72783	-0.884712
9.74484	-0.87998
9.7619	-0.876345
9.77744	-0.873235
9.79343	-0.871242
9.80751	-0.865286
9.8211	-0.861077
9.83507	-0.858495
9.85236	-0.856113
9.86886	-0.849693
9.88476	-0.843501
9.89964	-0.838469
9.916	-0.832489
9.93128	-0.827347
9.94845	-0.822189
9.96594	-0.816005
9.98211	-0.809765
9.99898	-0.803395
10.0174	-0.797704
10.0345	-0.792378
10.0509	-0.787544
10.0662	-0.78303
10.0829	-0.777939
10.099	-0.773287
10.1152	-0.766821
10.1308	-0.759416
10.1476	-0.751889
10.1643	-0.746902
10.1815	-0.742471
10.1979	-0.737942
10.2141	-0.733448
10.2299	-0.728476
10.2449	-0.723432
10.2603	-0.718479
10.276	-0.713446
10.2912	-0.70813
10.3065	-0.70275
10.3221	-0.69755
10.3385	-0.693181
10.3557	-0.688986
10.371	-0.68139
10.3895	-0.678229
10.4048	-0.668793
10.4244	-0.666545
10.4414	-0.655972
10.4625	-0.653087
10.4804	-0.644018
10.4995	-0.642453
10.5173	-0.63216
10.537	-0.629778
10.553	-0.617492
10.5726	-0.612399
10.5878	-0.602191
10.6062	-0.597911
10.6228	-0.586659
10.642	-0.583375
10.6591	-0.572857
10.6783	-0.570579
10.6952	-0.560798
10.7133	-0.557326
10.7298	-0.545898
10.7488	-0.541243
10.7632	-0.530996
10.7817	-0.526483
10.797	-0.518494
10.8109	-0.510502
10.8241	-0.502886
10.8385	-0.49524
10.8523	-0.488702
10.8672	-0.481244
10.8824	-0.473892
10.8959	-0.465289
10.9081	-0.459183
10.9199	-0.451881
10.9328	-0.444071
10.9433	-0.436395
10.9566	-0.427866
10.9701	-0.420038
10.9839	-0.411741
10.9968	-0.402667
11.0117	-0.395496
11.0267	-0.388392
11.039	-0.381533
11.0506	-0.374407
11.0603	-0.36467
11.0763	-0.35936
11.0933	-0.353511
11.1094	-0.347906
11.1248	-0.343038
11.1398	-0.338294
11.1555	-0.333034
11.1719	-0.327643
11.1872	-0.322524
11.204	-0.316111
11.218	-0.309791
11.2325	-0.303325
11.2467	-0.297174
11.2624	-0.288462
11.2774	-0.280161
11.2918	-0.272027
11.3058	-0.263733
11.3183	-0.254389
11.332	-0.242434
11.346	-0.234171
11.3605	-0.225071
11.3744	-0.216056
11.3876	-0.206497
11.4007	-0.196511
11.4147	-0.187028
11.4292	-0.178899
11.4436	-0.170584
11.4572	-0.160826
11.4708	-0.15167
11.4843	-0.143166
11.4978	-0.135394
11.5115	-0.127971
11.5243	-0.120981
11.5378	-0.113631
11.5519	-0.106461
11.5662	-0.098915
11.5794	-0.0917115
11.5936	-0.0861363
11.6076	-0.0810713
11.6228	-0.0748728
11.6385	-0.0693489
11.6539	-0.0623007
11.6689	-0.055752
11.684	-0.0492139
11.6981	-0.0427046
11.7131	-0.0358281
11.7282	-0.0277954
11.743	-0.0198763
11.7578	-0.0128208
11.7714	-0.00556799
11.7868	0.00175788
11.8045	0.00897331
11.8208	0.0157302
11.8359	0.0232919
11.851	0.0307914
11.8662	0.0379825
11.8811	0.0448767
11.8965	0.0524482
11.9116	0.0596286
11.9263	0.0665326
11.941	0.0734287
11.9557	0.0805965
11.9714	0.0868112
11.9864	0.0929897
12.0005	0.0976965
12.0146	0.102521
12.0308	0.106874
12.0459	0.11421
12.0609	0.121687
12.0754	0.12908
12.0916	0.135398
12.1074	0.14136
12.1244	0.147293
12.1392	0.151212
12.1533	0.157147
12.1655	0.164563
12.1797	0.170148
12.195	0.175109
12.2098	0.180451
12.2248	0.185799
12.2398	0.193311
12.2539	0.200527
12.2701	0.206743
12.2858	0.214034
12.3011	0.222088
12.3149	0.229663
12.3288	0.237441
12.3435	0.246801
12.358	0.254494
12.3721	0.262192
12.387	0.269224
12.4025	0.274765
12.4179	0.282537
12.4323	0.289194
12.4477	0.297235
12.4627	0.304805
12.4774	0.310621
12.493	0.317797
12.5082	0.324673
12.5218	0.332448
12.5355	0.340469
12.5497	0.348773
12.5613	0.357586
12.5764	0.363096
12.5892	0.375888
12.6069	0.382398
12.6204	0.395164
12.6358	0.400453
12.6487	0.411885
12.6658	0.416949
12.6783	0.428497
12.6969	0.434511
12.7116	0.447142
12.7289	0.452719
12.7438	0.46677
12.7631	0.473627
12.7771	0.487703
12.7952	0.494838
12.8086	0.507355
12.8268	0.513502
12.8404	0.526002
12.8584	0.532266
12.871	0.54464
12.8885	0.551088
12.9012	0.561776
12.9179	0.565678
12.9327	0.576293
12.9489	0.583483
12.9609	0.597509
12.9784	0.604274
12.9921	0.617863
13.0114	0.625315
13.0251	0.640013
13.043	0.647923
13.0564	0.661537
13.0732	0.667203
13.0867	0.680277
13.1048	0.686374
13.1178	0.699507
13.1358	0.706201
13.1494	0.718392
13.1655	0.726391
13.1785	0.743352
13.1958	0.754434
13.2092	0.769192
13.2255	0.77823
13.2377	0.792161
13.2534	0.801511
13.2672	0.814662
13.28	0.827682
13.2924	0.83967
13.3047	0.850791
13.3168	0.860793
13.3284	0.870719
13.3395	0.880363
13.3514	0.890682
13.3637	0.900479
13.3749	0.910129
13.3884	0.920216
13.4023	0.931988
13.4155	0.943043
13.4286	0.953505
13.4415	0.963749
13.4551	0.974123
13.4685	0.984414
13.4817	0.994601
13.4949	1.00471
13.5078	1.01596
13.5199	1.0252
13.5328	1.03469
13.5456	1.04378
13.5588	1.05231
13.5727	1.06014
13.5867	1.06808
13.5991	1.07611
13.6123	1.08367
13.626	1.09152
13.64	1.09949
13.6539	1.10745
13.6679	1.11544
13.6819	1.12067
13.6961	1.1248
13.7106	1.13175
13.7246	1.13824
13.7386	1.14578
13.7529	1.15344
13.7673	1.15978
13.782	1.16581
13.797	1.17096
13.8114	1.1772
13.8261	1.18464
13.8412	1.19148
13.8548	1.20004
13.8702	1.20885
13.8869	1.21738
13.9025	1.22559
13.9176	1.2333
13.932	1.24135
13.9448	1.24876
13.9569	1.25748
13.9706	1.2646
13.9828	1.27601
13.9957	1.28734
14.0083	1.29795
14.0219	1.30895
14.0346	1.31918
14.0475	1.32919
14.0595	1.33943
14.073	1.35081
14.085	1.36185
14.0988	1.37299
14.1101	1.38662
14.1208	1.39996
14.1325	1.41193
14.1432	1.42536
14.1537	1.43701
14.1623	1.45057
14.172	1.46571
14.1817	1.47965
14.1914	1.49196
14.2019	1.50437
14.2124	1.5169
14.2236	1.52904
14.2312	1.54361
14.239	1.55817
14.2467	1.57259
14.2528	1.58492
14.2601	1.59723
14.2659	1.60917
14.2719	1.6239
14.281	1.63808
14.2893	1.65198
14.2975	1.66662
14.3055	1.68052
14.3122	1.69415
14.3188	1.70627
14.326	1.72
14.3327	1.73374
14.3406	1.74787
14.3446	1.76431
14.3488	1.78066
14.3526	1.79635
14.3585	1.81153
14.3634	1.82773
14.3683	1.84638
14.3744	1.86488
14.3799	1.88174
14.3849	1.89763
14.3898	1.91258
14.3939	1.92786
14.3989	1.94285
14.4029	1.96009
14.4066	1.97683
14.4104	1.99204
14.4144	2.00765
14.4165	2.02454
14.4185	2.04151
14.4208	2.05831
14.4234	2.07465
14.4261	2.09074
14.4293	2.10659
14.429	2.12314
14.4294	2.13909
14.4314	2.15543
14.4341	2.17128
14.4349	2.18774
14.4355	2.20474
14.4358	2.22235
14.4366	2.23975
14.4383	2.256
14.4393	2.27404
14.4407	2.2919
14.4416	2.30932
14.4426	2.32642
14.4446	2.34281
14.4455	2.35769
14.4469	2.37196
14.449	2.3885
14.4501	2.40511

-14.4492	2.422
-14.448	2.4385
-14.4461	2.45663
-14.4438	2.47419
-14.4408	2.49135
-14.4379	2.50675
-14.4349	2.52267
-14.431	2.53785
-14.4257	2.55381
-14.4214	2.56892
-14.4162	2.58546
-14.4113	2.60329
-14.4064	2.61965
-14.4013	2.63673
-14.3964	2.65304
-14.3943	2.66825
-14.3921	2.68128
-14.3892	2.69443
-14.3858	2.70899
-14.3829	2.72492
-14.38	2.74128
-14.3776	2.75829
-14.3746	2.7742
-14.3704	2.79078
-14.3666	2.80684
-14.3627	2.8247
-14.3592	2.84148
-14.3558	2.85793
-14.3522	2.87457
-14.3492	2.89053
-14.3455	2.9059
-14.3413	2.92213
-14.337	2.94128
-14.3334	2.96007
-14.3286	2.97774
-14.325	2.99467
-14.3172	3.01021
-14.3095	3.02547
-14.303	3.04055
-14.297	3.05536
-14.2911	3.07129
-14.2861	3.08644
-14.2781	3.10103
-14.2698	3.11567
-14.2621	3.12998
-14.2547	3.14315
-14.2478	3.15751
-14.2406	3.17167
-14.2333	3.18713
-14.2247	3.2013
-14.2153	3.21393
-14.2056	3.22693
-14.1958	3.24
-14.1859	3.25262
-14.1761	3.26495
-14.1646	3.27685
-14.1539	3.28851
-14.1426	3.29816
-14.1378	3.31341
-14.1253	3.32631
-14.116	3.34068
-14.1057	3.3542
-14.0959	3.3678
-14.0865	3.38218
-14.0772	3.39627
-14.0673	3.41107
-14.0575	3.42499
-14.0495	3.43957
-14.037	3.45124
-14.0304	3.46794
-14.0169	3.4799
-14.0091	3.49703
-13.9948	3.51029
-13.9876	3.52781
-13.9733	3.54105
-13.9642	3.55729
-13.958	3.57502
-13.945	3.58991
-13.9383	3.60957
-13.9246	3.62488
-13.9179	3.6451
-13.905	3.6606
-13.9	3.67859
-13.8868	3.69343
-13.8751	3.70789
-13.8647	3.72214
-13.8536	3.73598
-13.8378	3.74467
-13.8231	3.75366
-13.8096	3.7608
-13.7968	3.7689
-13.7842	3.77615
-13.7706	3.78371
-13.756	3.79216
-13.7411	3.80158
-13.7263	3.81216
-13.7125	3.82263
-13.6987	3.83236
-13.6852	3.84275
-13.6723	3.8526
-13.6585	3.86215
-13.6449	3.87188
-13.6322	3.87991
-13.6183	3.88839
-13.6037	3.89749
-13.5899	3.90671
-13.576	3.91423
-13.5617	3.9213
-13.5482	3.9289
-13.5344	3.93668
-13.5184	3.94553
-13.5029	3.95415
-13.4883	3.9623
-13.4724	3.97015
-13.457	3.97781
-13.4418	3.985
-13.4269	3.99209
-13.412	3.99934
-13.3967	4.00469
-13.3823	4.01037
-13.3661	4.01662
-13.3499	4.0222
-13.3348	4.02733
-13.3195	4.03256
-13.3041	4.03683
-13.2884	4.04126
-13.2732	4.04764
-13.2565	4.0539
-13.2402	4.06087
-13.2237	4.06722
-13.2085	4.07482
-13.1936	4.0829
-13.1793	4.09218
-13.1652	4.09999
-13.1531	4.11178
-13.1406	4.12149
-13.1299	4.13343
-13.1191	4.1457
-13.1076	4.15802
-13.0997	4.17242
-13.0867	4.18441
-13.08	4.20157
-13.0666	4.21524
-13.0584	4.23519
-13.0448	4.24983
-13.0392	4.26574
-13.0258	4.27855
-13.0187	4.29602
-13.0045	4.31001
-12.9935	4.32473
-12.9817	4.33919
-12.9721	4.35419
-12.9656	4.37038
-12.9576	4.38576
-12.954	4.40365
-12.9499	4.42006
-12.9489	4.43685
-12.9464	4.45312
-12.9489	4.47064
-12.9469	4.48832
-12.9529	4.50775
-12.95	4.52762
-12.9569	4.54642
-12.9582	4.56614
-12.9677	4.58481
-12.9704	4.602
-12.9806	4.61741
-12.9846	4.63298
-12.996	4.64823
-13.0029	4.66379
-13.014	4.67765
-13.0225	4.69534
-13.0363	4.71033
-13.0437	4.72803
-13.0576	4.742
-13.0652	4.7596
-13.0798	4.7721
-13.0882	4.78963
-13.1022	4.80313
-13.1118	4.8189
-13.1249	4.83124
-13.1357	4.84291
-13.1466	4.85616
-13.156	4.86921
-13.1679	4.88078
-13.1798	4.89297
-13.1915	4.9044
-13.205	4.91573
-13.2188	4.92641
-13.2307	4.93627
-13.2463	4.94155
-13.2594	4.95455
-13.2781	4.96117
-13.2941	4.9755
-13.3138	4.98183
-13.33	4.9944
-13.3498	4.99973
-13.368	5.01384
-13.3879	5.01973
-13.4039	5.02884
-13.4225	5.03133
-13.4388	5.04151
-13.4573	5.04549
-13.474	5.05169
-13.4911	5.05597
-13.5066	5.06359
-13.5219	5.07195
-13.5347	5.0839
-13.5465	5.10186
-13.5576	5.11667
-13.5677	5.13102
-13.5779	5.14387
-13.5876	5.15723
-13.595	5.17167
-13.6027	5.18697
-13.6111	5.20147
-13.62	5.21612
-13.6274	5.23141
-13.638	5.24607
-13.6484	5.26012
-13.6593	5.27363
-13.6678	5.2849
-13.675	5.29663
-13.6827	5.31059
-13.692	5.32323
-13.7017	5.33579
-13.7127	5.35101
-13.7232	5.36513
-13.7347	5.37786
-13.746	5.39031
-13.7571	5.40261
-13.7674	5.41566
-13.7772	5.42877
-13.7865	5.43982
-13.7971	5.45166
-13.8078	5.46354
-13.8184	5.47589
-13.8291	5.48831
-13.8405	5.50097
-13.851	5.5134
-13.8637	5.52567
-13.8759	5.53686
-13.8878	5.54787
-13.8983	5.55896
-13.9093	5.57036
-13.9202	5.58196
-13.9303	5.59333
-13.94	5.60459
-13.9511	5.61689
-13.9608	5.62965
-13.9706	5.6432
-13.9808	5.65645
-13.9911	5.67005
-14.0023	5.68369
-14.0133	5.69662
-14.025	5.70843
-14.0352	5.72277
-14.0456	5.73701
-14.0556	5.75008
-14.0661	5.76461
-14.0757	5.77821
-14.0856	5.79162
-14.0953	5.80508
-14.1041	5.81831
-14.1138	5.83153
-14.1227	5.84549
-14.1317	5.85898
-14.1411	5.87275
-14.1514	5.88622
-14.1628	5.89799
-14.1701	5.91348
-14.1775	5.9298
-14.1843	5.94481
-14.1918	5.96037
-14.1996	5.9753
-14.2065	5.98978
-14.2141	6.00587
-14.2211	6.02146
-14.2272	6.03656
-14.2324	6.05118
-14.2378	6.06615
-14.2438	6.08092
-14.2497	6.09567
-14.2585	6.10988
-14.2672	6.12404
-14.2756	6.13867
-14.2851	6.15234
-14.2956	6.16653
-14.3078	6.18004
-14.3188	6.19278
-14.3298	6.20526
-14.3402	6.21771
-14.3477	6.22791
-14.3567	6.23931
-14.3661	6.25238
-14.3743	6.26612
-14.3817	6.28007
-14.3891	6.29429
-14.3966	6.30904
-14.4026	6.32393
-14.408	6.33869
-14.4135	6.35375
-14.4193	6.36855
-14.4232	6.38423
-14.4266	6.40108
-14.4292	6.41638
-14.4296	6.43601
-14.4299	6.454
-14.4299	6.47105
-14.4311	6.4878
-14.4311	6.50359
-14.4305	6.51922
-14.4295	6.53476
-14.4287	6.55118
-14.429	6.56845
-14.4318	6.58429
-14.4361	6.60064
-14.4418	6.61675
-14.4472	6.63282
-14.4496	6.64921

14.4489	6.66393
14.4435	6.67701
14.4376	6.69132
14.4314	6.7061
14.4252	6.72031
14.4185	6.73649
14.4124	6.75295
