0.656566	0
0.656566	0
0.656566	0
0.656566	0
0.656566	0
0.656566	0
0.656566	0
0.656566	0
0.656566	0
0.656566	0
0.656566	0
0.656566	0
0.656566	0
0.656566	0
0.656566	0
0.656566	0
0.656566	0
0.656566	0
0.656566	0
0.656566	0
0.656566	0
0.656566	0
0.656566	0
0.656566	0
0.656566	0
0.656566	0
0.656566	0
0.656566	0
0.656566	0
0.656566	0
0.656566	0
0.656566	0
0.656566	0
0.656566	0
0.656566	0
0.656566	0
0.656566	0
0.656566	0
0.656566	0
0.656566	0
0.656566	0
0.656566	0
0.656566	0
0.656566	0
0.656566	0
0.656566	0
0.656566	0
0.656566	0
0.656566	0
0.656566	0
0.656566	0
0.656566	0
0.656566	0
0.656566	0
0.656566	0
0.656566	0
0.656566	0
0.656566	0
0.656566	0
0.656566	0
0.656566	0
0.656566	0
0.656566	0
0.656566	0
0.656566	0
0.656566	0
0.656566	0
0.656566	0
0.656566	0
0.656566	0
0.656566	0
0.656566	0
0.656566	0
0.656566	0
0.656566	0
0.656566	0
0.656566	0
0.656566	0
0.656566	0
0.656566	0
0.656566	0
0.656566	0
0.656566	0
0.656566	0
0.656566	0
0.656566	0
0.656566	0
0.656566	0
0.656566	0
0.656566	0
0.656566	0
0.656566	0
0.656566	0
0.656566	0
0.656566	0
0.656566	0
0.656566	0
0.656566	0
0.656566	0
0.656566	0
0.656566	0
0.656566	0
0.656566	0
0.656566	0
0.656566	0
0.656566	0
0.656566	0
0.656566	0
0.656566	0
0.656566	0
0.656566	0
0.656566	0
0.656566	0
0.656566	0
0.656566	0
0.656566	0
0.656566	0
0.656566	0
0.656566	0
0.656566	0
0.656566	0
0.656566	0
0.656566	0
0.656566	0
0.656566	0
0.656566	0
0.656566	0
0.656566	0
0.656566	0
0.656566	0
0.656566	0
0.656566	0
0.656566	0
0.656566	0
0.656566	0
0.656566	0
0.656566	0
0.656566	0
0.656566	0
0.656566	0
0.656566	0
0.656566	0
0.656566	0
0.656566	0
0.656566	0
0.656566	0
0.656566	0
0.656566	0
0.656566	0
0.656566	0
0.656566	0
0.656566	0
0.656566	0
0.656566	0
0.656566	0
0.656566	0
0.656566	0
0.656566	0
0.656566	0
0.656566	0
0.656566	0
0.656566	0
0.656566	0
0.656566	0
0.656566	0
0.656566	0
0.656566	0
0.656566	0
0.656566	0
0.656566	0
0.656566	0
0.656566	0
0.656566	0
0.656566	0
0.656566	0
0.656566	0
0.656566	0
0.656566	0
0.656566	0
0.656566	0
0.656566	0
0.656566	0
0.656566	0
0.647078	0.00543104
0.634955	0.0127177
0.621033	0.0209472
0.60771	0.029359
0.594146	0.0377446
0.58031	0.0461183
0.565786	0.0549228
0.550584	0.0666353
0.536176	0.0776033
0.522292	0.0877845
0.508951	0.0979244
0.495623	0.10754
0.483499	0.116539
0.470935	0.125815
0.458391	0.135196
0.445984	0.144924
0.432784	0.15204
0.419533	0.159538
0.404593	0.167387
0.388796	0.176442
0.372611	0.185603
0.357035	0.193258
0.339678	0.202091
0.320985	0.211593
0.304218	0.220564
0.289698	0.227438
0.275526	0.234144
0.260828	0.240845
0.244819	0.247481
0.228971	0.252944
0.213793	0.259814
0.198257	0.266405
0.18066	0.273353
0.164483	0.281438
0.148562	0.291052
0.133071	0.300792
0.117077	0.309692
0.102756	0.316885
0.090118	0.325485
0.0775834	0.334793
0.0656091	0.343026
0.0533854	0.352554
0.0398174	0.363778
0.0257212	0.372499
0.00958682	0.38021
-0.00559442	0.389467
-0.0199748	0.397054
-0.0342055	0.405073
-0.0475201	0.412868
-0.0608294	0.421283
-0.0755844	0.429538
-0.0910204	0.436935
-0.105971	0.446494
-0.121258	0.456093
-0.135444	0.465471
-0.149725	0.475063
-0.162878	0.484265
-0.176479	0.493199
-0.190481	0.502521
-0.204195	0.512011
-0.2182	0.522334
-0.231297	0.534859
-0.244807	0.547068
-0.257527	0.558718
-0.270182	0.569291
-0.282668	0.580047
-0.296156	0.590239
-0.308926	0.599803
-0.321408	0.609674
-0.333468	0.620164
-0.345945	0.630789
-0.358114	0.640719
-0.370313	0.651609
-0.383458	0.660492
-0.396407	0.670445
-0.411156	0.680929
-0.424162	0.690539
-0.437047	0.700153
-0.450089	0.710736
-0.464032	0.721531
-0.476547	0.730992
-0.488604	0.74065
-0.501059	0.750433
-0.514746	0.762259
-0.527519	0.773257
-0.538936	0.782592
-0.551116	0.792636
-0.56484	0.804324
-0.578339	0.815555
-0.590631	0.827162
-0.603202	0.837061
-0.616433	0.847156
-0.629442	0.855851
-0.640518	0.866146
-0.652197	0.877123
-0.664749	0.88592
-0.677671	0.895092
-0.689975	0.904341
-0.702618	0.913921
-0.713817	0.922957
-0.725185	0.931445
-0.737067	0.940588
-0.748155	0.949808
-0.758721	0.959321
-0.77077	0.970056
-0.783046	0.980902
-0.795087	0.990457
-0.807849	1.00051
-0.820261	1.01093
-0.832448	1.02026
-0.844212	1.02913
-0.856765	1.03856
-0.869051	1.04824
-0.881743	1.05823
-0.893008	1.06731
-0.905019	1.07755
-0.916496	1.08722
-0.927091	1.09759
-0.938084	1.10868
-0.949658	1.12013
-0.961195	1.13159
-0.972496	1.1417
-0.983772	1.1514
-0.995033	1.16208
-1.00656	1.17301
-1.01825	1.18411
-1.03007	1.19537
-1.04221	1.20672
-1.05435	1.21801
-1.0663	1.22921
-1.07951	1.2389
-1.09116	1.24771
-1.1039	1.25745
-1.11576	1.26635
-1.12826	1.27752
-1.14233	1.28735
-1.15472	1.29776
-1.16579	1.30675
-1.17539	1.31748
-1.18581	1.33051
-1.19605	1.34329
-1.20686	1.35642
-1.21736	1.37005
-1.22776	1.38256
-1.23717	1.39522
-1.24681	1.4081
-1.2563	1.42028
-1.26598	1.43116
-1.27366	1.44228
-1.28171	1.45458
-1.29003	1.46696
-1.2987	1.47982
-1.30748	1.4937
-1.31618	1.50633
-1.32831	1.52098
-1.34056	1.5343
-1.35196	1.54622
-1.36327	1.55836
-1.37394	1.57105
-1.3831	1.58245
-1.39277	1.5947
-1.40162	1.60682
-1.40997	1.61952
-1.41842	1.63314
-1.42795	1.64575
-1.43775	1.65847
-1.44787	1.67093
-1.45823	1.68415
-1.46833	1.69713
-1.47917	1.70797
-1.48908	1.71853
-1.50122	1.72874
-1.51303	1.74027
-1.52483	1.752
-1.53628	1.76377
-1.54771	1.77553
-1.56002	1.78691
-1.57233	1.79809
-1.58456	1.81008
-1.59748	1.82424
-1.60733	1.83686
-1.6179	1.85026
-1.62902	1.86384
-1.64049	1.87713
-1.65004	1.89162
-1.6606	1.90496
-1.67152	1.91812
-1.68259	1.92945
-1.69363	1.94174
-1.70349	1.95345
-1.71361	1.96617
-1.72211	1.98032
-1.73069	1.99424
-1.74031	2.00711
-1.74903	2.01834
-1.7585	2.03027
-1.76815	2.04333
-1.7798	2.05643
-1.79189	2.06825
-1.80414	2.08012
-1.81627	2.09195
-1.82767	2.10287
-1.83946	2.11455
-1.8525	2.12576
-1.86507	2.13625
-1.87684	2.14568
-1.8889	2.15626
-1.901	2.16695
-1.91317	2.17771
-1.92562	2.18808
-1.93823	2.19845
-1.95253	2.20941
-1.96749	2.21846
-1.97895	2.22618
-1.99273	2.23353
-2.00583	2.24103
-2.02127	2.24904
-2.03723	2.25745
-2.04994	2.26675
-2.06174	2.2752
-2.07302	2.28277
-2.08723	2.28924
-2.09885	2.30275
-2.1096	2.31488
-2.11904	2.32528
-2.13176	2.33612
-2.14439	2.34683
-2.15629	2.35571
-2.16879	2.36538
-2.182	2.37475
-2.1955	2.38532
-2.20655	2.3952
-2.21723	2.40652
-2.22746	2.4176
-2.23803	2.42805
-2.25038	2.43911
-2.26286	2.45097
-2.27515	2.46256
-2.28724	2.47397
-2.2989	2.48592
-2.31164	2.49904
-2.32413	2.51198
-2.33505	2.52489
-2.34662	2.53759
-2.35858	2.54931
-2.36968	2.56124
-2.38246	2.57352
-2.39472	2.58537
-2.40686	2.59688
-2.41893	2.60792
-2.43113	2.62077
-2.44245	2.63351
-2.45369	2.64579
-2.46358	2.65961
-2.47323	2.6729
-2.48481	2.68516
-2.49446	2.69808
-2.50458	2.71191
-2.51473	2.72571
-2.52405	2.73939
-2.53307	2.75286
-2.54079	2.76668
-2.55429	2.77641
-2.56803	2.78511
-2.5839	2.79489
-2.59799	2.80341
-2.61151	2.81296
-2.62489	2.82319
-2.63877	2.83365
-2.65141	2.8436
-2.6658	2.85338
-2.6798	2.86292
-2.69235	2.87163
-2.70473	2.87752
-2.71883	2.88326
-2.73358	2.88918
-2.74826	2.89487
-2.76293	2.9
-2.77989	2.9051
-2.79685	2.91075
-2.81308	2.91617
-2.82872	2.92188
-2.84319	2.92703
-2.85685	2.93182
-2.87179	2.93454
-2.88523	2.93836
-2.90072	2.94331
-2.91601	2.94855
-2.93227	2.95354
-2.9471	2.95929
-2.96167	2.96406
-2.97673	2.969
-2.9922	2.97405
-3.00791	2.97928
-3.02348	2.98331
-3.03905	2.98758
-3.05529	2.99103
-3.07222	2.99574
-3.08854	3.00013
-3.10481	3.00396
-3.11974	3.00769
-3.1343	3.01164
-3.14755	3.01644
-3.16216	3.02177
-3.17614	3.02725
-3.19	3.0325
-3.20532	3.0395
-3.22062	3.04687
-3.23562	3.05406
-3.24985	3.06115
-3.26375	3.06764
-3.27728	3.07398
-3.29018	3.07869
-3.30426	3.08367
-3.31818	3.08896
-3.33183	3.09573
-3.34601	3.10313
-3.36295	3.1089
-3.38089	3.11425
-3.39914	3.11915
-3.41592	3.12358
-3.43184	3.12856
-3.44809	3.13324
-3.46506	3.13629
-3.48093	3.14053
-3.49672	3.14473
-3.51296	3.14974
-3.52953	3.15401
-3.54427	3.15921
-3.56331	3.15773
-3.58168	3.15661
-3.59902	3.15554
-3.61481	3.15367
-3.62891	3.1527
-3.64427	3.15038
-3.66032	3.14894
-3.67669	3.14821
-3.69405	3.14766
-3.71021	3.14635
-3.72838	3.14494
-3.74557	3.14242
-3.76182	3.13923
-3.77692	3.13726
-3.79253	3.135
-3.8084	3.13392
-3.82422	3.13437
-3.8422	3.13403
-3.85852	3.13381
-3.87438	3.13198
-3.89139	3.12962
-3.90802	3.12734
-3.9232	3.12617
-3.93936	3.12346
-3.95523	3.12153
-3.97228	3.12032
-3.98834	3.11988
-4.00488	3.11942
-4.02144	3.11893
-4.03536	3.11905
-4.04929	3.11795
-4.06547	3.11702
-4.08276	3.11685
-4.09916	3.1168
-4.11543	3.11687
-4.13105	3.11652
-4.14605	3.11849
-4.16166	3.11872
-4.17748	3.11869
-4.19343	3.119
-4.21088	3.12042
-4.22829	3.12091
-4.2449	3.1238
-4.26264	3.12605
-4.2794	3.13046
-4.2979	3.13113
-4.3162	3.13115
-4.33465	3.13029
-4.35198	3.12964
-4.36948	3.12782
-4.38622	3.12672
-4.40292	3.12555
-4.41976	3.12487
-4.43644	3.1256
-4.45287	3.12662
-4.46765	3.12574
-4.48421	3.12468
-4.50035	3.12411
-4.51795	3.12508
-4.53263	3.127
-4.54827	3.12738
-4.56616	3.12922
-4.5833	3.13092
-4.60085	3.13421
-4.61595	3.13744
-4.63054	3.14053
-4.64569	3.14328
-4.65972	3.14606
-4.6767	3.14759
-4.69351	3.14882
-4.71201	3.14945
-4.72873	3.15007
-4.74413	3.15098
-4.75994	3.15184
-4.77602	3.15275
-4.79282	3.1552
-4.80934	3.15816
-4.82457	3.16169
-4.84013	3.1654
-4.85698	3.17035
-4.87317	3.1739
-4.89011	3.17757
-4.90655	3.18122
-4.92384	3.18412
-4.94046	3.18692
-4.95718	3.18998
-4.97249	3.19362
-4.98848	3.19791
-5.00447	3.20273
-5.02154	3.20871
-5.03768	3.21528
-5.05321	3.22184
-5.06936	3.22747
-5.08485	3.23458
-5.10033	3.24314
-5.11312	3.24872
-5.12705	3.25482
-5.1423	3.26078
-5.15842	3.26818
-5.17506	3.27525
-5.19103	3.28208
-5.20617	3.29046
-5.22313	3.29419
-5.24156	3.29892
-5.25859	3.30318
-5.27503	3.30729
-5.29095	3.31115
-5.30713	3.31375
-5.32321	3.31915
-5.33903	3.32574
-5.35437	3.33169
-5.37069	3.3372
-5.38445	3.34189
-5.39905	3.34683
-5.41263	3.35189
-5.42792	3.35727
-5.44337	3.36181
-5.45969	3.3663
-5.47601	3.37092
-5.49332	3.3768
-5.50906	3.3824
-5.52428	3.38688
-5.53977	3.39178
-5.55501	3.3963
-5.57057	3.40089
-5.58588	3.40474
-5.6004	3.40813
-5.61513	3.41266
-5.62997	3.41396
-5.64521	3.41494
-5.66049	3.41645
-5.67569	3.41891
-5.69226	3.42103
-5.70942	3.42223
-5.72506	3.42257
-5.74184	3.42348
-5.75623	3.427
-5.77143	3.43109
-5.78643	3.43244
-5.80128	3.43443
-5.81662	3.43498
-5.83055	3.43637
-5.84543	3.43764
-5.85977	3.43818
-5.87517	3.4398
-5.88997	3.44201
-5.9059	3.44503
-5.9221	3.4469
-5.93712	3.45015
-5.95394	3.4482
-5.97075	3.44577
-5.9861	3.44179
-6.00231	3.43851
-6.01775	3.43633
-6.03356	3.43415
-6.04927	3.43303
-6.06614	3.43269
-6.08179	3.43191
-6.09772	3.43113
-6.11329	3.43124
-6.12978	3.43495
-6.14758	3.43121
-6.16443	3.42766
-6.18224	3.42199
-6.1976	3.41733
-6.2142	3.41176
-6.23065	3.40564
-6.24545	3.39834
-6.26017	3.39104
-6.27646	3.38391
-6.2905	3.37612
-6.30469	3.3682
-6.31969	3.36049
-6.33378	3.35357
-6.34827	3.34673
-6.36304	3.34102
-6.37848	3.33524
-6.39439	3.33108
-6.41087	3.32546
-6.42559	3.32155
-6.44254	3.31607
-6.45841	3.31018
-6.47407	3.30436
-6.49028	3.29856
-6.50613	3.29288
-6.52073	3.28825
-6.5357	3.28364
-6.55077	3.28094
-6.56565	3.28016
-6.5823	3.27819
-6.59848	3.27659
-6.61426	3.27456
-6.62814	3.27143
-6.64241	3.26956
-6.6577	3.26759
-6.67339	3.26534
-6.68955	3.26326
-6.70539	3.26088
-6.72046	3.2591
-6.73381	3.25837
-6.74836	3.25794
-6.76237	3.25692
-6.77796	3.25549
-6.79581	3.25472
-6.81137	3.2542
-6.82769	3.25343
-6.84273	3.25263
-6.85833	3.25187
-6.87559	3.25231
-6.8925	3.25247
-6.90918	3.2526
-6.92788	3.25253
-6.94311	3.2539
-6.95871	3.25506
-6.97469	3.25613
-6.99086	3.25744
-7.00531	3.25777
-7.02051	3.25903
-7.03606	3.25953
-7.05303	3.25975
-7.06957	3.26012
-7.08581	3.26111
-7.09933	3.25973
-7.11186	3.256
-7.12578	3.25061
-7.14014	3.24657
-7.1556	3.24257
-7.17128	3.23826
-7.18762	3.23442
-7.20242	3.23098
-7.2191	3.22638
-7.23541	3.22136
-7.25131	3.21639
-7.26833	3.21107
-7.28194	3.20738
-7.29554	3.2056
-7.31137	3.20325
-7.32764	3.20104
-7.34439	3.19805
-7.35982	3.19512
-7.37745	3.19006
-7.39424	3.18512
-7.41054	3.18061
-7.42792	3.17512
-7.44473	3.16945
-7.46091	3.16541
-7.47811	3.15946
-7.4956	3.15446
-7.51187	3.1497
-7.52798	3.14486
-7.54249	3.14204
-7.55716	3.13861
-7.57137	3.13482
-7.58657	3.13071
-7.6016	3.12626
-7.61635	3.12244
-7.63215	3.11739
-7.64966	3.11441
-7.66653	3.1131
-7.68314	3.11106
-7.69961	3.1092
-7.71754	3.10725
-7.73435	3.10559
-7.75023	3.10416
-7.76758	3.10288
-7.78508	3.10206
-7.80182	3.10168
-7.8179	3.10138
-7.834	3.10123
-7.8513	3.10199
-7.8684	3.1024
-7.88576	3.1033
-7.9024	3.10442
-7.91909	3.10628
-7.93548	3.10675
-7.95171	3.10647
-7.96846	3.10621
-7.98665	3.10665
-8.00358	3.10859
-8.02098	3.11018
-8.03813	3.11236
-8.0538	3.11433
-8.06911	3.11694
-8.08586	3.11766
-8.10161	3.11815
-8.11657	3.11905
-8.13232	3.12014
-8.14831	3.12114
-8.16728	3.12344
-8.18475	3.12344
-8.19922	3.13155
-8.21266	3.13801
-8.22618	3.14495
-8.24121	3.15166
-8.25438	3.1568
-8.26821	3.16156
-8.28279	3.16516
-8.2986	3.16921
-8.31337	3.17439
-8.32736	3.17971
-8.34034	3.18686
-8.35484	3.19398
-8.3693	3.20117
-8.38404	3.20815
-8.39915	3.21561
-8.41217	3.22395
-8.42572	3.23298
-8.43936	3.24179
-8.4526	3.25067
-8.46631	3.2601
-8.47855	3.26941
-8.49033	3.27864
-8.50165	3.28915
-8.5129	3.30162
-8.52866	3.31031
-8.54178	3.32036
-8.5543	3.33055
-8.56783	3.33933
-8.58165	3.34788
-8.59553	3.35544
-8.60969	3.36319
-8.62395	3.37098
-8.639	3.37749
-8.65401	3.38525
-8.66827	3.39318
-8.68152	3.40144
-8.69831	3.40578
-8.71437	3.4107
-8.7295	3.41428
-8.74711	3.41748
-8.76287	3.42083
-8.77798	3.42447
-8.79256	3.42823
-8.80744	3.43201
-8.82224	3.43428
-8.83896	3.43711
-8.85635	3.43708
-8.87426	3.43653
-8.89187	3.43555
-8.90861	3.43453
-8.92669	3.43383
-8.94241	3.43407
-8.95868	3.43468
-8.97513	3.4353
-8.99167	3.43558
-9.00811	3.43533
-9.02213	3.43276
-9.03636	3.42951
-9.05126	3.42711
-9.06693	3.42402
-9.08289	3.42079
-9.09914	3.4171
-9.11546	3.41496
-9.13179	3.41269
-9.14787	3.4115
-9.16413	3.41027
-9.18161	3.4084
-9.19687	3.40678
-9.21297	3.40619
-9.22834	3.40309
-9.24327	3.40077
-9.2586	3.39832
-9.27379	3.39688
-9.28755	3.39486
-9.29998	3.39281
-9.31399	3.3951
-9.3295	3.40052
-9.34374	3.40734
-9.35614	3.4131
-9.3703	3.41923
-9.38506	3.42552
-9.40156	3.43152
-9.41757	3.43744
-9.43313	3.44398
-9.44829	3.45015
-9.46537	3.45717
-9.48145	3.46369
-9.4978	3.47004
-9.51574	3.47582
-9.53256	3.4816
-9.54801	3.4876
-9.56362	3.49301
-9.579	3.49836
-9.59438	3.50374
-9.61037	3.50979
-9.62705	3.51568
-9.64283	3.52156
-9.65896	3.52676
-9.67467	3.53125
-9.69065	3.53657
-9.70518	3.54162
-9.72079	3.54627
-9.73654	3.55202
-9.75137	3.55804
-9.76623	3.56417
-9.78031	3.56819
-9.79524	3.57232
-9.81004	3.57841
-9.82447	3.58482
-9.83927	3.59068
-9.85402	3.59637
-9.86908	3.6018
-9.88309	3.60909
-9.89741	3.61645
-9.91129	3.62321
-9.92488	3.63052
-9.9388	3.63884
-9.95092	3.64715
-9.96376	3.65589
-9.97701	3.66503
-9.99055	3.67454
-10.004	3.68404
-10.018	3.69419
-10.0315	3.70535
-10.0428	3.71654
-10.0545	3.72781
-10.0657	3.74002
-10.0764	3.75245
-10.0887	3.76404
-10.0995	3.77631
-10.1096	3.7879
-10.124	3.79782
-10.1379	3.80741
-10.1512	3.81802
-10.1656	3.82911
-10.1808	3.83976
-10.1942	3.84958
-10.2071	3.86032
-10.2214	3.86937
-10.2359	3.87792
-10.2499	3.88469
-10.2642	3.89237
-10.2786	3.89994
-10.2911	3.90778
-10.3044	3.91604
-10.3183	3.9244
-10.3318	3.93304
-10.3457	3.94283
-10.3624	3.9466
-10.3771	3.9508
-10.3932	3.95436
-10.4091	3.95747
-10.4252	3.96084
-10.4402	3.96399
-10.4561	3.966
-10.472	3.9672
-10.4886	3.96976
-10.5039	3.97203
-10.5187	3.97411
-10.5341	3.97625
-10.5494	3.97991
-10.5652	3.98308
-10.5818	3.98731
-10.6003	3.9918
-10.6175	3.99591
-10.6334	4.00071
-10.649	4.00577
-10.6638	4.01056
-10.681	4.0155
-10.6979	4.01982
-10.715	4.02407
-10.7276	4.03022
-10.7409	4.03712
-10.7541	4.04469
-10.7677	4.05242
-10.7819	4.0582
-10.7972	4.06336
-10.8119	4.07109
-10.8265	4.07881
-10.841	4.08523
-10.8561	4.09265
-10.8711	4.09893
-10.8862	4.10458
-10.9018	4.10968
-10.9166	4.11457
-10.9313	4.11914
-10.9466	4.12379
-10.9624	4.12794
-10.9789	4.13297
-10.9949	4.13787
-11.0106	4.14153
-11.0266	4.14525
-11.041	4.14922
-11.0553	4.15382
-11.0695	4.15809
-11.0847	4.16397
-11.0996	4.16981
-11.1137	4.17791
-11.1316	4.17993
-11.1471	4.17984
-11.1629	4.1791
-11.1783	4.1784
-11.1946	4.17636
-11.2115	4.17573
-11.2303	4.17394
-11.2479	4.17171
-11.2647	4.16954
-11.2821	4.16557
-11.299	4.16213
-11.3145	4.15809
-11.331	4.15636
-11.3473	4.15524
-11.3637	4.15408
-11.3798	4.15267
-11.3948	4.15041
-11.4102	4.14772
-11.4249	4.14423
-11.4381	4.14103
-11.4532	4.13606
-11.4671	4.13111
-11.4828	4.12408
-11.5001	4.12385
-11.5175	4.12359
-11.5347	4.12334
-11.5538	4.12382
-11.5717	4.12432
-11.5876	4.12497
-11.6027	4.12558
-11.6187	4.12657
-11.6345	4.12766
-11.6524	4.12759
-11.6701	4.12866
-11.6865	4.1301
-11.7022	4.13159
-11.7184	4.13324
-11.7337	4.13208
-11.7509	4.13015
-11.7674	4.12819
-11.7847	4.12728
-11.8007	4.12694
-11.8164	4.1268
-11.8317	4.12706
-11.8477	4.12733
-11.8634	4.12719
-11.8793	4.12716
-11.8944	4.12712
-11.909	4.1273
-11.9246	4.12726
-11.9423	4.12927
-11.9593	4.13115
-11.976	4.1344
-11.9919	4.13744
-12.0083	4.14189
-12.025	4.14632
-12.044	4.15117
-12.061	4.1555
-12.0774	4.15973
-12.0935	4.16396
-12.11	4.16798
-12.1275	4.1728
-12.1443	4.17619
-12.1596	4.17826
-12.176	4.18185
-12.1935	4.18607
-12.2109	4.18965
-12.2275	4.19373
-12.2439	4.19838
-12.2621	4.2031
-12.2786	4.20902
-12.295	4.21423
-12.3113	4.22149
-12.325	4.22987
-12.339	4.23829
-12.3529	4.2483
-12.3677	4.25829
-12.3812	4.26779
-12.3957	4.27617
-12.4096	4.28385
-12.4241	4.29147
-12.4381	4.29806
-12.4523	4.30522
-12.4656	4.31395
-12.4777	4.32221
-12.4917	4.3305
-12.5072	4.3408
-12.5202	4.34992
-12.533	4.35905
-12.5476	4.3689
-12.5616	4.37866
-12.5753	4.38738
-12.5889	4.39597
-12.6032	4.4042
-12.6174	4.41585
-12.6311	4.42709
-12.6458	4.43869
-12.6594	4.44996
-12.6743	4.46026
-12.6885	4.47013
-12.7026	4.47995
-12.7168	4.48847
-12.732	4.49756
-12.7466	4.50497
-12.7602	4.51416
-12.7741	4.52451
-12.7875	4.53444
-12.8004	4.54446
-12.8128	4.55435
-12.8241	4.56377
-12.835	4.57371
-12.8465	4.58427
-12.8586	4.59431
-12.8691	4.60672
-12.8811	4.61902
-12.8933	4.6308
-12.9066	4.64409
-12.9191	4.6567
-12.9314	4.66897
-12.9442	4.68084
-12.9564	4.69206
-12.9685	4.70317
-12.9807	4.71479
-12.9928	4.7262
-13.0046	4.73709
-13.0165	4.74739
-13.0283	4.75797
-13.0409	4.76755
-13.0552	4.77566
-13.0702	4.78452
-13.0863	4.79398
-13.1016	4.80314
-13.1149	4.81241
-13.1279	4.82044
-13.1418	4.82902
-13.1562	4.83744
-13.1709	4.84509
-13.186	4.85005
-13.2001	4.85813
-13.2135	4.86552
-13.226	4.87267
-13.2373	4.87952
-13.2498	4.88714
-13.2627	4.89505
-13.2752	4.9054
-13.2878	4.91511
-13.2995	4.9262
-13.3107	4.93614
-13.323	4.94513
-13.3371	4.95314
-13.3511	4.96171
-13.3645	4.97009
-13.3786	4.97831
-13.3917	4.98444
-13.403	4.99766
-13.4146	5.01143
-13.4272	5.02345
-13.4403	5.03681
-13.4525	5.04915
-13.4649	5.06075
-13.4779	5.07203
-13.492	5.08377
-13.5052	5.0958
-13.5187	5.10715
-13.5319	5.11766
-13.5452	5.1285
-13.5598	5.13825
-13.5732	5.14859
-13.5857	5.15791
-13.6002	5.16821
-13.6126	5.17888
-13.6249	5.18891
-13.6368	5.19907
-13.6489	5.20939
-13.6611	5.22037
-13.6736	5.23333
-13.6852	5.24436
-13.6965	5.25495
-13.7077	5.2656
-13.7194	5.27651
-13.7335	5.28883
-13.7459	5.30007
-13.759	5.31269
-13.7713	5.32449
-13.7819	5.33659
-13.7935	5.34799
-13.8061	5.36022
-13.818	5.37153
-13.8298	5.38278
-13.8428	5.39433
-13.8557	5.40401
-13.8676	5.41796
-13.8779	5.43247
-13.8875	5.44669
-13.8969	5.46067
-13.9061	5.475
-13.9141	5.48709
-13.9228	5.49936
-13.9317	5.51227
-13.941	5.52566
-13.9495	5.54098
-13.9571	5.55526
-13.9646	5.56877
-13.9731	5.58215
-13.9814	5.5957
-13.991	5.60976
-14.0004	5.62264
-14.0103	5.63484
-14.0203	5.64734
-14.0303	5.66
-14.0415	5.67251
-14.0528	5.68459
-14.064	5.69654
-14.0748	5.70725
-14.0861	5.71786
-14.0976	5.72875
-14.1069	5.74058
-14.1166	5.75392
-14.1254	5.76571
-14.1352	5.77864
-14.1455	5.79201
-14.1564	5.80329
-14.1678	5.81688
-14.1771	5.82917
-14.1877	5.84207
-14.1975	5.85671
-14.2084	5.87128
-14.2186	5.88494
-14.2283	5.89657
-14.2379	5.90857
-14.2492	5.92055
-14.2576	5.93514
-14.2664	5.95019
-14.2743	5.96519
-14.2845	5.97858
-14.2941	5.99264
-14.3022	6.00704
-14.3102	6.0213
-14.3185	6.03581
-14.3252	6.05037
-14.3331	6.06643
-14.3421	6.08226
-14.3521	6.09763
-14.361	6.11126
-14.3695	6.12352
-14.3783	6.13595
-14.3856	6.1473
-14.394	6.16119
-14.4024	6.17515
-14.4106	6.19003
-14.4193	6.20457
-14.425	6.21818
-14.4308	6.23262
-14.4357	6.24672
-14.4403	6.26145
-14.4439	6.27762
-14.4488	6.29247

14.4477	6.30867
14.4429	6.32286
14.4381	6.33745
14.4321	6.35358
14.4249	6.3703
14.4183	6.38587
14.4117	6.40013
14.4078	6.41195
14.4028	6.42554
14.3976	6.43988
14.3928	6.45471
14.3882	6.47054
14.3822	6.48745
14.3759	6.50243
14.37	6.51876
14.3642	6.5346
14.3598	6.54989
14.3547	6.56601
14.3498	6.58299
14.3442	6.59733
14.339	6.61095
14.3341	6.62561
14.3287	6.63806
14.323	6.65187
14.3166	6.66727
14.3105	6.68299
14.3039	6.69864
14.2979	6.71478
14.2919	6.73015
14.2859	6.74619
14.2804	6.76189
14.2749	6.77726
14.2699	6.79288
14.2645	6.80733
14.2592	6.8225
14.2552	6.8367
14.2511	6.85132
14.2444	6.8664
14.2384	6.88147
14.2323	6.89746
14.2267	6.91278
14.2207	6.93006
14.2145	6.94753
14.2075	6.96488
14.2007	6.98157
14.1942	6.99757
14.1881	7.01294
14.1819	7.02857
14.1759	7.04337
14.1701	7.05953
14.1647	7.07546
14.1603	7.09162
14.1557	7.10898
14.1498	7.1251
14.1445	7.14032
14.1389	7.15565
14.1341	7.17096
14.1294	7.18867
14.1244	7.20578
14.1181	7.22137
14.1101	7.23713
14.1015	7.25215
14.093	7.26647
14.0855	7.28133
14.0782	7.29696
14.0704	7.3131
14.0623	7.32914
14.0551	7.34419
14.0472	7.35934
14.0376	7.37592
14.0274	7.39197
14.0178	7.40689
14.0073	7.42147
13.9971	7.43476
13.9862	7.44824
13.9756	7.46129
13.9649	7.47398
13.9537	7.48588
13.9424	7.4976
13.9312	7.50904
13.9193	7.52079
13.9069	7.53284
13.8931	7.54456
13.8795	7.55615
13.8674	7.56792
13.8548	7.57845
13.8419	7.58879
13.8285	7.59981
13.8167	7.60996
13.8047	7.62035
13.7922	7.63063
13.7796	7.64037
13.7686	7.64955
13.7534	7.65579
13.7384	7.66209
13.7228	7.66971
13.7081	7.67983
13.6913	7.68651
13.6749	7.69434
13.6579	7.70362
13.6432	7.71237
13.6282	7.71604
13.6128	7.7198
13.5972	7.72375
13.579	7.72682
13.5621	7.72991
13.5452	7.73293
13.5287	7.7354
13.5131	7.73785
13.4982	7.74022
13.4844	7.74264
13.4679	7.74554
13.4527	7.74942
13.4361	7.75324
13.4202	7.75737
13.4036	7.7597
13.3892	7.76325
13.3729	7.76737
13.3566	7.77104
13.3406	7.77344
13.3248	7.77607
13.3083	7.77885
13.2926	7.78047
13.2755	7.78213
13.26	7.78494
13.2429	7.78227
13.2266	7.7796
13.2106	7.77696
13.1946	7.77303
13.1792	7.76747
13.1626	7.76307
13.1465	7.75878
13.131	7.75713
13.1153	7.75518
13.1004	7.75467
13.088	7.75331
13.0738	7.75235
13.0585	7.75086
13.0432	7.75041
13.0268	7.74949
13.0098	7.74861
12.9915	7.74629
12.9753	7.7438
12.9591	7.74131
12.9436	7.73922
12.9278	7.73803
12.9105	7.73755
12.894	7.7373
12.8771	7.73875
12.8599	7.73419
12.8443	7.72969
12.829	7.72556
12.8134	7.72021
12.7988	7.71519
12.7835	7.70967
12.7698	7.70445
12.7554	7.69915
12.7404	7.69287
12.7274	7.68629
12.7142	7.6796
12.7	7.67281
12.6827	7.66564
12.6694	7.65933
12.6535	7.65044
12.6393	7.64339
12.6229	7.6357
12.6075	7.62797
12.5926	7.62032
12.5773	7.61215
12.5616	7.60386
12.5456	7.59571
12.5312	7.58691
12.5166	7.57912
12.503	7.57163
12.4876	7.56396
12.4723	7.55554
12.4573	7.54781
12.4437	7.53948
12.4291	7.53448
12.4142	7.52943
12.3998	7.52423
12.3862	7.51965
12.3723	7.51359
12.3579	7.50759
12.3434	7.50165
12.3286	7.49547
12.3135	7.48919
12.2988	7.48395
12.2819	7.47809
12.2663	7.47294
12.2488	7.4663
12.2322	7.45998
12.215	7.45429
12.1968	7.44824
12.1798	7.44323
12.1628	7.43817
12.1479	7.4331
12.1312	7.42873
12.1152	7.42351
12.1004	7.41932
12.086	7.41571
