0.0999381	-0.0720222
0.0999381	-0.0720222
0.0999381	-0.0720222
0.0999381	-0.0720222
0.0999381	-0.0720222
0.0999381	-0.0720222
0.0999381	-0.0720222
0.0999381	-0.0720222
0.0999381	-0.0720222
0.0999381	-0.0720222
0.0999381	-0.0720222
0.0999381	-0.0720222
0.0999381	-0.0720222
0.0999381	-0.0720222
0.0999381	-0.0720222
0.0999381	-0.0720222
0.0999381	-0.0720222
0.0999381	-0.0720222
0.0999381	-0.0720222
0.0999381	-0.0720222
0.0999381	-0.0720222
0.0999381	-0.0720222
0.0999381	-0.0720222
0.0999381	-0.0720222
0.0999381	-0.0720222
0.0999381	-0.0720222
0.0999381	-0.0720222
0.0999381	-0.0720222
0.0999381	-0.0720222
0.0999381	-0.0720222
0.0999381	-0.0720222
0.0999381	-0.0720222
0.0999381	-0.0720222
0.0999381	-0.0720222
0.0999381	-0.0720222
0.0999381	-0.0720222
0.0999381	-0.0720222
0.0999381	-0.0720222
0.0999381	-0.0720222
0.0999381	-0.0720222
0.0999381	-0.0720222
0.0999381	-0.0720222
0.0999381	-0.0720222
0.0999381	-0.0720222
0.0999381	-0.0720222
0.0999381	-0.0720222
0.0999381	-0.0720222
0.0999381	-0.0720222
0.0999381	-0.0720222
0.0999381	-0.0720222
0.0999381	-0.0720222
0.0999381	-0.0720222
0.0999381	-0.0720222
0.0999381	-0.0720222
0.0999381	-0.0720222
0.0999381	-0.0720222
0.0999381	-0.0720222
0.0999381	-0.0720222
0.0999381	-0.0720222
0.0999381	-0.0720222
0.0999381	-0.0720222
0.0999381	-0.0720222
0.0999381	-0.0720222
0.0999381	-0.0720222
0.0999381	-0.0720222
0.0999381	-0.0720222
0.0999381	-0.0720222
0.0999381	-0.0720222
0.0999381	-0.0720222
0.0999381	-0.0720222
0.0999381	-0.0720222
0.0999381	-0.0720222
0.0999381	-0.0720222
0.0999381	-0.0720222
0.0999381	-0.0720222
0.0999381	-0.0720222
0.0999381	-0.0720222
0.0999381	-0.0720222
0.0999381	-0.0720222
0.0999381	-0.0720222
0.0999381	-0.0720222
0.0999381	-0.0720222
0.0999381	-0.0720222
0.0999381	-0.0720222
0.0999381	-0.0720222
0.0999381	-0.0720222
0.0999381	-0.0720222
0.0999381	-0.0720222
0.0999381	-0.0720222
0.0999381	-0.0720222
0.0999381	-0.0720222
0.0999381	-0.0720222
0.0999381	-0.0720222
0.0999381	-0.0720222
0.0999381	-0.0720222
0.0999381	-0.0720222
0.0999381	-0.0720222
0.0999381	-0.0720222
0.0999381	-0.0720222
0.0999381	-0.0720222
0.0999381	-0.0720222
0.0999381	-0.0720222
0.0999381	-0.0720222
0.0999381	-0.0720222
0.0999381	-0.0720222
0.0999381	-0.0720222
0.0999381	-0.0720222
0.0999381	-0.0720222
0.0999381	-0.0720222
0.0999381	-0.0720222
0.0999381	-0.0720222
0.0999381	-0.0720222
0.0999381	-0.0720222
0.0999381	-0.0720222
0.0999381	-0.0720222
0.0999381	-0.0720222
0.0999381	-0.0720222
0.0999381	-0.0720222
0.0999381	-0.0720222
0.0999381	-0.0720222
0.0999381	-0.0720222
0.0999381	-0.0720222
0.0999381	-0.0720222
0.0999381	-0.0720222
0.0999381	-0.0720222
0.0999381	-0.0720222
0.0999381	-0.0720222
0.0999381	-0.0720222
0.0999381	-0.0720222
0.0999381	-0.0720222
0.0999381	-0.0720222
0.0999381	-0.0720222
0.0999381	-0.0720222
0.0999381	-0.0720222
0.0999381	-0.0720222
0.0999381	-0.0720222
0.0999381	-0.0720222
0.0999381	-0.0720222
0.0999381	-0.0720222
0.0999381	-0.0720222
0.0999381	-0.0720222
0.0999381	-0.0720222
0.0999381	-0.0720222
0.0999381	-0.0720222
0.0999381	-0.0720222
0.0999381	-0.0720222
0.0999381	-0.0720222
0.0999381	-0.0720222
0.0999381	-0.0720222
0.0999381	-0.0720222
0.0999381	-0.0720222
0.0999381	-0.0720222
0.0999381	-0.0720222
0.0999381	-0.0720222
0.0999381	-0.0720222
0.0999381	-0.0720222
0.0999381	-0.0720222
0.0999381	-0.0720222
0.0999381	-0.0720222
0.0999381	-0.0720222
0.0999381	-0.0720222
0.0999381	-0.0720222
0.0999381	-0.0720222
0.0999381	-0.0720222
0.0999381	-0.0720222
0.0999381	-0.0720222
0.0999381	-0.0720222
0.0999381	-0.0720222
0.0999381	-0.0720222
0.0999381	-0.0720222
0.0999381	-0.0720222
0.208077	-0.0778199
0.316991	0.0434876
0.319584	-0.102523
0.356543	0.0295459
0.360503	-0.0849183
0.371544	-0.00685043
0.350016	-0.0682495
0.350986	-0.0796047
0.333737	-0.0619125
0.329302	-0.0951986
0.317416	-0.155169
0.249324	-0.251127
0.312571	-0.172207
0.318708	-0.200702
0.272862	-0.20246
0.217553	-0.23347
0.332609	-0.136443
0.307192	-0.249947
0.244064	-0.255249
0.32799	-0.153977
0.296197	-0.1947
0.29074	-0.188549
0.277503	-0.180085
0.270359	-0.205133
0.302577	-0.175172
0.298372	-0.135357
0.307902	-0.134683
0.322761	-0.145441
0.312635	-0.143739
0.319408	-0.192358
0.296624	-0.227401
0.336918	-0.155524
0.303276	-0.121093
0.28078	-0.0892758
0.296255	-0.0888188
0.336988	-0.133029
0.332766	-0.107337
0.277065	-0.103517
0.294246	-0.102394
0.311005	-0.0872561
0.315482	-0.0849123
0.31603	-0.0818633
0.302403	-0.0307285
0.287639	-0.0948738
0.298816	-0.097913
0.291107	-0.112868
0.303692	-0.117855
0.304885	-0.118169
0.299665	-0.118721
0.305135	-0.114918
0.331594	-0.124774
0.321219	-0.127862
0.321192	-0.112284
0.337959	-0.120754
0.339352	-0.0751218
0.338809	-0.125859
0.340419	-0.0982077
0.324993	-0.0994812
0.322936	-0.112706
0.316068	-0.142615
0.283	-0.13741
0.286484	-0.15565
0.22913	-0.175466
0.261383	-0.169473
0.306687	-0.168244
0.312681	-0.159633
0.301806	-0.154131
0.249011	-0.176466
0.257667	-0.182975
0.240411	-0.252273
0.350159	-0.149755
0.293717	-0.140915
0.295964	-0.143984
0.295786	-0.142835
0.302026	-0.167866
0.284258	-0.196564
0.284251	-0.179469
0.279346	-0.176515
0.270895	-0.175961
0.272929	-0.172505
0.277937	-0.174133
0.258856	-0.159599
0.265908	-0.164392
0.261316	-0.134816
0.279203	-0.167054
0.279459	-0.168913
0.285799	-0.162674
0.310409	-0.160169
0.319209	-0.145697
0.306497	-0.143967
0.291549	-0.138204
0.300965	-0.0968508
0.303009	-0.147515
0.264174	-0.148916
0.295717	-0.0515149
0.301623	-0.184262
0.376239	-0.0639312
0.324959	-0.205651
0.363585	-0.107519
0.287263	-0.0944104
0.340832	0.0242334
0.325026	-0.127959
0.379654	0.0497359
0.374641	-0.126851
0.364122	0.0125696
0.349888	-0.147545
0.393347	0.0217547
0.370844	-0.109877
0.361622	-0.0392112
0.365557	-0.0574496
0.32151	-0.059338
0.314005	-0.0905647
0.276417	-0.193126
0.222964	-0.248511
0.221641	-0.248789
0.213955	-0.244018
0.217199	-0.250247
0.185481	-0.263999
0.175304	-0.262428
0.177436	-0.234117
0.197083	-0.246987
0.186078	-0.234001
0.194486	-0.244778
0.198088	-0.250794
0.212918	-0.236925
0.201846	-0.25776
0.202088	-0.259897
0.210191	-0.227367
0.232293	-0.275921
0.245232	-0.244596
0.267124	-0.238885
0.275837	-0.268746
0.24726	-0.266833
0.229262	-0.265047
0.241174	-0.25341
0.22336	-0.225343
0.225715	-0.214321
0.218096	-0.224043
0.227821	-0.224941
0.218379	-0.200587
0.1885	-0.237953
0.305235	-0.127404
0.256064	-0.253144
0.260678	-0.250608
0.255652	-0.233397
0.248607	-0.228949
0.255243	-0.225487
0.249	-0.202715
0.237539	-0.210355
0.237598	-0.223803
0.242037	-0.216197
0.253425	-0.2259
0.251846	-0.226166
0.24497	-0.221823
0.231614	-0.204857
0.252373	-0.218321
0.233812	-0.205007
0.224494	-0.224823
0.257127	-0.156275
0.268728	-0.184698
0.267335	-0.187668
0.271368	-0.188177
0.282491	-0.168414
0.275048	-0.169417
0.239874	-0.183898
0.255476	-0.208692
0.254904	-0.201018
0.275586	-0.206762
0.263047	-0.211811
0.240464	-0.214742
0.243231	-0.212628
0.220625	-0.2131
0.274283	-0.188317
0.242745	-0.178907
0.252979	-0.190134
0.260638	-0.189658
0.266772	-0.189378
0.288363	-0.193295
0.284009	-0.18441
0.290208	-0.169258
0.335201	-0.158948
0.352356	-0.157105
0.328877	-0.195982
0.281946	-0.185386
0.277983	-0.182325
0.29403	-0.212941
0.276564	-0.213438
0.293351	-0.215453
0.277212	-0.204894
0.300602	-0.182931
0.287395	-0.172344
0.312413	-0.17625
0.310496	-0.170482
0.313989	-0.165436
0.283388	-0.137844
0.288429	-0.143728
0.270485	-0.110204
0.258575	-0.0712344
0.260066	-0.0744777
0.290863	-0.110119
0.294841	-0.106395
0.290105	-0.115103
0.312399	-0.0941672
0.300371	-0.0983002
0.319941	-0.0976712
0.29491	-0.102774
0.300071	-0.0618349
0.334007	-0.0320111
0.320363	-0.150952
0.287635	-0.139687
0.342097	-0.126711
0.29237	-0.146982
0.276009	-0.1174
0.293385	-0.118845
0.287943	-0.110983
0.319666	-0.124105
0.334338	-0.105997
0.319106	-0.103356
0.297122	-0.10374
0.317825	-0.10597
0.304864	-0.1106
0.323881	-0.129688
0.310878	-0.117127
0.322019	-0.120076
0.316435	-0.124409
0.315642	-0.117018
0.307634	-0.130246
0.275325	-0.123599
0.288915	-0.126226
0.281702	-0.125385
0.283528	-0.145884
0.297384	-0.147763
0.287143	-0.148144
0.286479	-0.149163
0.314078	-0.13889
0.285027	-0.126783
0.289937	-0.135156
0.250797	-0.131314
0.290859	-0.113421
0.284572	-0.133565
0.276224	-0.141607
0.30437	-0.10686
0.238339	-0.192052
0.338293	-0.0745066
0.270498	-0.20244
0.366483	-0.0452779
0.313383	-0.218235
0.37148	-0.0933455
0.293928	-0.20274
0.342499	-0.114531
0.305292	-0.194391
0.33414	-0.116976
0.310406	-0.130211
0.295764	-0.113407
0.288789	-0.176874
0.273244	-0.142298
0.308565	-0.130723
0.286015	-0.12141
0.293788	-0.11529
0.289817	-0.106508
0.307742	-0.131979
0.304199	-0.131115
0.297476	-0.136178
0.310647	-0.127885
0.314171	-0.11815
0.306482	-0.116419
0.330191	-0.132234
0.32207	-0.11951
0.308974	-0.133222
0.332906	-0.0902482
0.338322	-0.129394
0.340105	-0.109959
0.323565	-0.108253
0.330306	-0.104689
0.351538	-0.0896325
0.319822	-0.107396
0.288992	-0.0694274
0.281585	-0.0993755
0.292143	-0.0865143
0.298456	-0.109479
0.33075	-0.0839383
0.325778	-0.0643551
0.293229	-0.105372
0.290834	-0.00339088
0.301576	-0.151443
0.351165	-0.00147729
0.329698	-0.143313
0.467537	0.00623485
0.396487	-0.128575
0.423362	0.0308683
0.384741	-0.112134
0.369555	0.0313004
0.361876	-0.0964669
0.428858	0.0291697
0.386037	-0.0705199
0.369553	-0.00405359
0.351108	-0.0121433
0.348525	0.0373577
0.33978	-0.0320598
0.324998	-0.0323893
0.325406	-0.0292053
0.336453	-0.0269468
0.325174	-0.0281004
0.32964	-0.0148916
0.329893	-0.0115
0.335161	-0.0358605
0.34999	-0.0501429
0.344911	-0.0668474
0.336487	-0.101951
0.285365	-0.0591556
0.279603	-0.0616029
0.330376	-0.0791526
0.313205	-0.0490081
0.296016	-0.0167555
0.342899	0.000875088
0.358882	0.00963442
0.379964	0.0067892
0.362519	0.0277637
0.345067	0.0218851
0.284086	0.0169998
0.29321	-0.0124465
0.307023	-0.0152003
0.325644	-0.0156042
0.320002	-0.0108354
0.355827	0.0263253
0.34327	0.0349107
0.324868	0.0377568
0.314863	0.035339
0.309918	0.0039859
0.325942	0.0192829
0.333386	0.039271
0.333724	0.0344061
0.323734	0.0455013
0.35923	0.0470081
0.341509	0.0439971
0.330578	0.0450664
0.31327	0.0497454
0.332612	0.0350091
0.326827	0.0393994
0.329791	0.0405937
0.332125	0.0303945
0.332265	0.0348019
0.340746	0.0219851
0.336063	0.021899
0.337609	0.0207994
0.334382	0.0117322
0.331934	0.0113897
0.355766	-0.0253684
0.340837	-0.0554924
0.334531	-0.0370008
0.328378	-0.0337067
0.32717	-0.0144831
0.339995	-0.0341563
0.331906	-0.0240654
0.375252	-0.00509689
0.325693	-0.0215173
0.331737	0.0156464
0.316389	0.0326144
0.322486	0.0325587
0.352254	0.0254464
0.347005	0.0406758
0.338022	0.038832
0.332486	0.0578063
0.318953	0.0777193
0.363734	0.0607944
0.329044	0.0406737
0.297337	0.022055
0.332552	0.0458122
0.325413	0.053413
0.32838	0.0690274
0.327509	0.0684778
0.316749	0.0419609
0.298367	0.053821
0.320608	0.0597768
0.318992	0.109528
0.313023	0.114433
0.307701	0.126725
0.291126	0.111393
0.295352	0.109133
0.273824	0.126229
0.316955	0.122661
0.312767	0.118197
0.302038	0.111708
0.304404	0.112528
0.321508	0.102614
0.296709	0.0953511
0.302352	0.102799
0.329537	0.0965799
0.327948	0.0904072
0.32001	0.0908236
0.288109	0.116125
0.299022	0.116017
0.30622	0.0984308
0.30295	0.0758786
0.30952	0.0711815
0.321894	0.166677
0.306161	0.157939
0.328281	0.125131
0.324302	0.124621
0.308867	0.13691
0.301498	0.131569
0.301083	0.134055
0.291382	0.136491
0.260588	0.116806
0.290538	0.106312
0.296114	0.126206
0.29901	0.107611
0.315199	0.129719
0.301241	0.124781
0.305393	0.125939
0.302118	0.11349
0.298141	0.113268
0.289897	0.146473
0.314356	0.104813
0.312641	0.147386
0.307254	0.11292
0.3464	0.0937834
0.369721	0.112009
0.32762	0.103577
0.387945	0.136717
0.331617	0.148835
0.333863	0.0813689
0.315867	0.0900899
0.321284	0.0491397
0.319908	0.0626905
0.320601	0.0626264
0.284944	0.0890621
0.282467	0.0981438
0.319196	0.0969072
0.317219	0.0953803
0.316992	0.0979078
0.310329	0.0930917
0.308279	0.107847
0.309244	0.105999
0.309906	0.106544
0.305947	0.0967264
0.308167	0.108354
0.279325	0.0900745
0.269169	0.0845651
0.301504	0.0944534
0.307972	0.0927745
0.30219	0.0805922
0.318399	0.0805063
0.340832	0.0864735
0.365739	0.114582
0.340596	0.12125
0.348259	0.0893992
0.348696	0.0820523
0.324116	0.0772171
0.334804	0.0689069
0.290005	0.0745018
0.310898	0.0934688
0.283169	0.12677
0.34384	-0.019739
0.336452	-0.0453879
0.282887	-0.0709125
0.318836	-0.040342
0.3105	-0.0276832
0.313531	-0.0236089
0.319683	-0.0242672
0.337699	-0.0226746
0.313016	-0.0377496
0.338337	-0.0422196
0.345048	0.00194161
0.318115	-0.00725443
0.325355	-0.000383251
0.325895	0.000590181
0.336316	0.039635
0.335297	0.0471576
0.330135	0.0327613
0.343249	0.00980651
0.312605	0.0222384
0.317262	0.0252238
0.340445	0.0266794
0.356166	0.0106261
0.331363	0.0602235
0.348228	0.0711248
0.333941	0.0703203
0.340335	0.0459009
0.329197	0.0502588
0.334588	0.0698903
0.342899	0.0747536
0.302758	0.0716997
0.311655	0.0746572
0.298115	0.0634868
0.312647	0.0569869
0.285841	0.084603
0.31663	0.0592121
0.298596	0.153283
0.304498	0.191043
0.283349	0.173483
0.281303	0.172771
0.275989	0.176543
0.285183	0.173112
0.326527	0.168388
0.316786	0.165247
0.307417	0.168326
0.300299	0.156787
0.30445	0.146575
0.294277	0.156008
0.286603	0.145995
0.290317	0.14664
0.295262	0.152876
0.308428	0.113707
0.302757	0.115262
0.326715	0.114602
0.305233	0.147163
0.296364	0.141853
0.291246	0.144923
0.298322	0.137077
0.300825	0.141355
0.288588	0.119045
0.28369	0.140556
0.28857	0.117035
0.296095	0.146526
0.292118	0.148314
0.293928	0.151992
0.322342	0.148851
0.284609	0.144337
0.307287	0.129328
0.31402	0.182054
0.301972	0.159781
0.294823	0.156613
0.298743	0.163551
0.31002	0.149824
0.3253	0.156171
0.307066	0.137265
0.302355	0.137371
0.318309	0.155458
0.294302	0.144827
0.293409	0.14231
0.294248	0.141838
0.320564	0.18421
0.291805	0.156262
0.259606	0.168075
0.246175	0.200929
0.25506	0.202918
0.261063	0.200748
0.252014	0.195776
0.264907	0.211119
0.25368	0.245779
0.313846	0.14162
0.276221	0.192896
0.250855	0.20976
0.318429	0.201402
0.294711	0.194995
0.305285	0.194106
0.272513	0.156197
0.255012	0.126338
0.225901	0.103829
0.274857	0.133165
0.260095	0.128527
0.276748	0.135948
0.264737	0.120701
0.266665	0.110245
0.319357	0.132323
0.304628	0.128803
0.298821	0.126525
0.298426	0.12847
0.279951	0.138268
0.277112	0.123747
0.29079	0.148926
0.317032	0.0957845
0.31825	0.0982055
0.30006	0.0743532
0.318041	0.0805396
0.33621	0.093509
0.342184	0.110854
0.30685	0.0886726
0.28032	0.0778649
0.28887	0.0911692
0.31651	0.110022
0.299887	0.117649
0.292553	0.1215
0.28409	0.134938
0.284505	0.142059
0.300436	0.115364
0.294715	0.114325
0.303542	0.119056
0.300325	0.133936
0.307116	0.1351
0.311735	0.123106
0.326519	0.122233
0.316234	0.119509
0.28827	0.127843
0.301437	0.111498
0.307302	0.112428
0.302533	0.110902
0.309822	0.128453
0.338839	0.139459
0.322836	0.130828
0.331634	0.174342
0.312215	0.158936
0.336253	0.152741
0.327768	0.158684
0.310363	0.134169
0.291627	0.131636
0.29325	0.087363
0.340338	0.0946405
0.341191	0.0726961
0.310646	0.0622016
0.319849	0.0398663
0.28156	0.119106
0.27189	0.0841844
0.279352	0.0516356
0.345881	0.0476429
0.329835	0.128411
0.318037	0.123839
0.297603	0.100625
0.327303	0.119604
0.305638	0.102846
0.343273	0.103158
0.3498	0.123672
0.323467	0.124808
0.337409	0.127402
0.367791	0.113822
0.342944	0.106525
0.327552	0.0966712
0.305147	0.0902886
0.335917	0.10181
0.321282	0.0930507
0.323438	0.129305
0.311497	0.148106
0.335855	0.150546
0.334079	0.0997271
0.345705	0.0886218
0.326455	0.0905778
0.324853	0.0898933
0.315236	0.0994298
0.300751	0.100877
0.308765	0.0990611
0.312496	0.100657
0.305193	0.106331
0.305642	0.107591
0.312136	0.104011
0.328364	0.0873834
0.343393	0.083885
0.305538	0.151927
0.370622	0.0632209
0.306076	0.188726
0.392521	0.0449561
0.339688	0.211462
0.420983	0.0577015
0.359062	0.18138
0.382044	0.0312849
0.355164	0.205864
0.393593	0.0476504
0.319671	0.245717
0.39277	0.101867
0.304249	0.20416
0.367293	0.0855894
0.331675	0.225033
0.385755	0.0656917
0.341796	0.210366
0.382422	0.0455516
0.33979	0.195618
0.361471	0.069432
0.329904	0.228562
0.379644	0.0931052
0.289069	0.20494
0.368676	0.0902655
0.306367	0.159773
0.277169	0.159836
0.265597	0.152331
0.288022	0.152909
0.274989	0.130763
0.298444	0.14916
0.303131	0.147046
0.270307	0.17205
0.244829	0.122125
0.235197	0.146037
0.258979	0.156203
0.208422	0.153532
0.267188	0.170577
0.269727	0.15655
0.276328	0.16594
0.2571	0.181487
0.298035	0.143415
0.300257	0.142092
0.246252	0.137166
0.231898	0.142528
0.194934	0.194742
0.319773	0.106194
0.338494	0.116972
0.323426	0.112116
0.308088	0.097357
0.298705	0.0948797
0.314625	0.105201
0.328677	0.107814
0.305728	0.102382
0.335804	0.128266
0.280298	0.126386
0.289385	0.12933
0.284422	0.12302
0.313391	0.174242
0.299594	0.166016
0.288106	0.162685
0.280221	0.165869
0.251092	0.186891
0.272541	0.239095
0.280194	0.165253
0.290958	0.182012
0.277871	0.180293
0.263	0.191181
0.263492	0.199712
0.280127	0.189671
0.289812	0.162579
0.287746	0.166301
0.271035	0.195158
0.27265	0.183125
0.269586	0.170064
0.270446	0.155458
0.27295	0.148451
0.257967	0.139792
0.269596	0.147006
0.281656	0.143409
0.285892	0.150911
0.264799	0.14407
0.283472	0.111505
0.279457	0.1013
0.303861	0.123971
0.314688	0.110477
0.307517	0.140963
0.299533	0.130976
0.301784	0.130762
0.283683	0.130185
0.299675	0.137529
0.301958	0.160655
0.296275	0.158381
0.294968	0.141111
0.272092	0.145056
0.307976	0.146518
0.35482	0.144309
0.326124	0.135138
0.300941	0.151234
0.302433	0.14999
0.304789	0.143823
0.296285	0.137884
0.3088	0.151429
0.302892	0.143608
0.292582	0.138082
0.294465	0.137921
0.293633	0.143356
0.314216	0.124293
0.300556	0.123571
0.281552	0.0941368
0.281967	0.0964923
0.323121	0.0870578
0.303369	0.146713
0.299368	0.149545
0.28941	0.14787
0.325469	0.126357
0.315667	0.119232
0.339379	0.118667
0.295928	0.0783731
0.28205	0.118698
0.245243	0.148333
0.28377	0.111689
0.305931	0.0992169
0.296127	0.106844
0.299878	0.106958
0.2986	0.150238
0.283697	0.144318
0.322509	0.124322
0.314519	0.145834
0.306306	0.161063
0.275536	0.151509
0.278451	0.155568
0.292922	0.187191
0.290683	0.153851
0.282567	0.153975
0.297368	0.140641
0.309332	0.110806
0.309556	0.155445
0.286605	0.133136
0.308892	0.160832
0.299436	0.151403
0.293595	0.11632
0.312483	0.143512
0.304122	0.137512
0.271364	0.155513
0.275445	0.160418
0.283257	0.166084
0.231857	0.176254
0.302161	0.110188
0.255357	0.255841
0.355006	0.130208
0.268764	0.255315
0.308929	0.105783
0.258727	0.228644
0.341156	0.101283
0.250613	0.230964
0.370745	0.120276
0.294815	0.252613
0.345594	0.111544
0.297663	0.28102
0.386525	0.137129
0.280182	0.281529
0.361157	0.142694
0.269043	0.250353
0.36483	0.122943
0.270475	0.249987
0.360476	0.125274
0.253036	0.247495
0.348417	0.128946
0.253787	0.213765
0.335057	0.0780482
0.296739	0.212288
0.322941	0.143813
0.2397	0.280513
0.350632	0.135298
0.272859	0.271781
0.387238	0.149045
0.273279	0.293965
0.35917	0.158188
0.266898	0.272275
0.336345	0.113333
0.270653	0.261485
0.360849	0.121935
0.260185	0.262653
0.359364	0.13389
0.273143	0.243804
0.321299	0.159988
0.260107	0.339211
0.346993	0.221644
0.267712	0.29516
0.325008	0.180768
0.245319	0.278614
0.314211	0.187003
0.274316	0.263023
0.257095	0.260395
0.24745	0.239764
0.246946	0.222406
0.241574	0.20004
0.231383	0.198537
0.222761	0.192872
0.237126	0.206374
0.245758	0.195944
0.225571	0.193011
0.269392	0.201733
0.276971	0.235438
0.264825	0.221108
0.261566	0.209242
0.259058	0.204864
0.272182	0.207488
0.267117	0.205816
0.264916	0.203741
0.263653	0.202266
0.256554	0.224825
0.243613	0.184818
0.256599	0.189925
0.256628	0.181739
0.264164	0.170567
0.278853	0.156655
0.279754	0.158821
0.24673	0.160614
0.264724	0.151175
0.274359	0.156906
0.279096	0.159544
0.278015	0.1591
0.2795	0.159856
0.28148	0.104656
0.282736	0.0824355
0.291644	0.139085
0.279408	0.1297
0.280153	0.150897
0.284671	0.153171
0.289759	0.126759
0.293621	0.120585
0.299999	0.103009
0.286972	0.124871
0.294929	0.148803
0.301826	0.136803
0.272473	0.171169
0.307727	0.176162
0.333495	0.170715
0.312899	0.16413
0.30076	0.154203
0.287669	0.161021
0.255925	0.148204
0.242173	0.174454
0.273713	0.142393
0.245721	0.228183
0.257244	0.226525
0.252064	0.212168
0.271262	0.220136
0.254316	0.204534
0.25815	0.200222
0.240904	0.204758
0.269468	0.227592
0.239695	0.22077
0.275945	0.222807
0.225391	0.272669
0.215442	0.266754
0.233711	0.239442
0.213635	0.268567
0.210387	0.233095
0.171824	0.271211
0.193153	0.302694
0.194428	0.278862
0.194996	0.246073
0.209845	0.248385
0.20886	0.250461
0.223875	0.242841
0.152774	0.291309
0.156644	0.29125
0.152778	0.288463
0.123043	0.246507
0.145623	0.246233
0.115101	0.238738
0.120247	0.294711
0.18265	0.283514
0.165307	0.27808
0.165334	0.292708
0.158918	0.278049
0.134691	0.27259
0.130641	0.242408
0.145108	0.27471
0.132737	0.274658
0.158537	0.282618
0.0813849	0.328869
0.0821512	0.326973
0.0776514	0.313834
0.117167	0.303614
0.0972935	0.323908
0.0980124	0.373141
0.12313	0.369966
0.109156	0.337242
0.100491	0.31767
0.0980627	0.298979
0.0817438	0.305714
0.100737	0.299689
0.0798077	0.344766
0.0739283	0.334957
0.0753318	0.30408
0.0812567	0.31226
0.0417671	0.337792
0.0391097	0.339322
0.0452551	0.336058
0.0538772	0.326752
0.0539917	0.321829
0.0622677	0.317018
-0.00525147	0.331005
0.00856843	0.319075
0.0393108	0.326746
0.0534183	0.317096
0.0171248	0.329156
0.0118125	0.339853
0.0054417	0.352288
0.0164504	0.348011
0.0339666	0.325048
0.0192805	0.360682
0.0285941	0.357254
0.0171928	0.348414
0.0207552	0.342083
0.0406772	0.327612
0.018205	0.297741
0.0264341	0.285402
0.0422664	0.330672
0.0219951	0.332293
0.049013	0.337862
0.0232681	0.32983
0.0392087	0.362676
0.0454889	0.351244
0.0594898	0.343108
0.0580164	0.308004
0.0613094	0.318499
0.0776252	0.303538
0.105588	0.319191
0.0866788	0.30218
0.103242	0.330958
0.0982905	0.356444
0.0970752	0.327289
0.103373	0.341662
0.0984605	0.326097
0.0402352	0.304144
0.0443314	0.260576
0.0593032	0.263019
0.0663233	0.29128
0.0583891	0.318686
0.0588164	0.327149
0.046941	0.340059
0.0601891	0.318362
0.0840119	0.331485
0.0762161	0.321191
0.0791643	0.35717
0.0693781	0.335748
0.0684636	0.329017
0.0714676	0.33263
0.0591689	0.319352
0.0741082	0.307355
0.0846026	0.324683
0.086517	0.382883
0.0722221	0.375877
0.0951652	0.353341
0.0730042	0.33853
0.155269	0.310782
0.153114	0.305335
0.13033	0.301629
0.120944	0.29607
0.116508	0.318723
0.10129	0.303013
0.160072	0.291662
0.164818	0.292912
0.155724	0.286123
0.146688	0.263496
0.137668	0.287041
0.144544	0.283343
0.145784	0.30917
0.173198	0.283337
0.187536	0.252668
0.193797	0.259947
0.196085	0.261455
0.197222	0.252391
0.195984	0.246542
0.230294	0.238107
0.213251	0.233191
0.226343	0.192941
0.0975072	0.304983
0.249808	0.258072
0.185717	0.287355
0.205562	0.270368
0.196466	0.272068
0.187032	0.287604
0.186066	0.281777
0.198338	0.295872
0.196491	0.278466
0.160457	0.291658
0.248847	0.233376
0.131443	0.334006
0.270762	0.239262
0.155548	0.342489
0.287494	0.265218
0.143272	0.350398
0.285498	0.264836
0.181453	0.324695
0.125314	0.354664
0.260479	0.297913
0.132522	0.393175
0.273609	0.306084
0.13403	0.404532
0.258631	0.309915
0.100405	0.359714
0.264487	0.296896
0.232554	0.289294
0.20809	0.284964
0.223537	0.276773
0.314365	0.173839
0.295149	0.179794
0.270289	0.142685
0.254554	0.162009
0.252389	0.145117
0.272052	0.15122
0.291861	0.168992
0.2992	0.188342
0.295866	0.211572
0.275161	0.209366
0.276392	0.194712
0.270663	0.207793
0.258068	0.197007
0.274266	0.190949
0.272205	0.194476
0.255609	0.16067
0.278066	0.169712
0.290714	0.1819
0.275968	0.184404
0.277531	0.150369
0.287852	0.141343
0.269925	0.152156
0.274414	0.15548
0.321394	0.176998
0.308462	0.172483
0.292915	0.163002
0.318223	0.157023
0.306934	0.153158
0.304032	0.143709
0.299494	0.14182
0.298149	0.14506
0.305372	0.107058
0.286844	0.113585
0.325745	0.124879
0.323129	0.111629
0.300997	0.102641
0.306655	0.104528
0.308213	0.0854127
0.314037	0.0886275
0.304428	0.127599
0.333108	0.125291
0.326767	0.139418
0.329277	0.126975
0.304599	0.15196
0.297192	0.16156
0.286748	0.185629
0.282155	0.156233
0.242148	0.235817
0.248776	0.194091
0.215467	0.238954
0.215982	0.24525
0.228661	0.246431
0.159444	0.287987
0.259645	0.239828
0.13387	0.343259
0.267318	0.273389
0.164856	0.398986
0.270966	0.292731
0.112743	0.318281
0.267726	0.256235
0.141414	0.349354
0.285678	0.279804
0.218938	0.29436
0.237125	0.28916
0.191468	0.300082
0.128732	0.323817
0.161358	0.307637
0.0713449	0.357681
0.0827692	0.328229
0.0187198	0.335868
0.0501532	0.325412
-0.0485604	0.350393
0.0382831	0.353607
-0.118298	0.388457
0.0568932	0.397404
-0.137673	0.37609
-0.0261113	0.394462
-0.189107	0.373406
-0.0554292	0.343686
-0.204083	0.308144
-0.0791347	0.31146
-0.228561	0.30512
-0.137505	0.311103
-0.221425	0.277182
-0.171632	0.35374
-0.275472	0.299802
-0.148165	0.354136
-0.27772	0.279302
-0.151398	0.351961
-0.292422	0.250017
-0.168558	0.350565
-0.278836	0.270099
-0.191994	0.315356
-0.263183	0.246815
-0.215064	0.233501
-0.21894	0.264973
-0.186481	0.260974
-0.238072	0.231458
-0.238973	0.243629
-0.233892	0.228651
-0.269124	0.226591
-0.276948	0.213654
-0.238022	0.197186
-0.31179	0.105618
-0.262099	0.259945
-0.373785	0.132521
-0.320298	0.286598
-0.39461	0.126429
-0.323557	0.251513
-0.395496	0.106504
-0.364954	0.282227
-0.39669	0.117828
-0.32025	0.182158
-0.372597	0.049882
-0.325376	0.203656
-0.369623	0.0795377
-0.333784	0.123908
-0.342544	0.0857209
-0.310042	0.152264
-0.306701	0.167231
-0.254755	0.238973
-0.237236	0.359269
-0.22102	0.296223
-0.20211	0.287078
-0.204748	0.256862
-0.194375	0.267184
-0.148432	0.2888
-0.152983	0.306062
-0.167531	0.289959
-0.179312	0.293064
-0.1466	0.305772
-0.212502	0.293192
-0.207893	0.280961
-0.218533	0.270368
-0.168737	0.225396
-0.144562	0.23456
-0.154133	0.279198
-0.186148	0.252814
-0.194096	0.251141
-0.219907	0.304428
-0.21033	0.282384
-0.229505	0.254636
-0.225921	0.248849
-0.221542	0.246027
-0.206851	0.261044
-0.196508	0.262291
-0.186041	0.220959
-0.210866	0.236777
-0.214794	0.23767
-0.212374	0.246861
-0.213615	0.248541
-0.228064	0.253038
-0.20886	0.248621
-0.254791	0.245381
-0.243483	0.223966
-0.239035	0.220108
-0.20968	0.221768
-0.219429	0.228063
-0.218691	0.232069
-0.200904	0.227331
-0.195196	0.225139
-0.22226	0.245996
-0.193265	0.255299
-0.195191	0.271004
-0.204504	0.264943
-0.205765	0.27203
-0.225523	0.272845
-0.21995	0.258518
-0.232244	0.236304
-0.20521	0.286784
-0.207781	0.28471
-0.199032	0.261363
-0.210027	0.290619
-0.192361	0.27198
-0.199355	0.268217
-0.19309	0.269324
-0.17561	0.264604
-0.19504	0.264319
-0.178115	0.279143
-0.178635	0.269829
-0.189402	0.275452
-0.204488	0.269385
-0.228079	0.235335
-0.146354	0.309799
-0.148954	0.326483
-0.135918	0.300257
-0.148476	0.311077
-0.156542	0.298583
-0.138953	0.289674
-0.151446	0.321793
-0.140788	0.311688
-0.121619	0.302105
-0.10299	0.292357
-0.10867	0.299481
-0.118974	0.295284
-0.118647	0.295089
-0.176925	0.284214
-0.174277	0.28308
-0.167982	0.292742
-0.188677	0.273428
-0.209539	0.283657
-0.245574	0.270219
-0.219912	0.254796
-0.219321	0.249728
-0.208338	0.248861
-0.150009	0.204069
-0.179679	0.2279
-0.188831	0.261461
-0.163731	0.274874
-0.146591	0.27899
-0.149345	0.284379
-0.14942	0.295037
-0.119916	0.297654
-0.10745	0.295194
-0.111006	0.301371
-0.116142	0.29585
-0.078219	0.313704
-0.0673698	0.336984
-0.0523733	0.30602
-0.00717361	0.392546
-0.00670586	0.359751
0.000712808	0.341021
-0.0241795	0.334967
0.000473033	0.31592
0.0114661	0.312652
0.0192065	0.310734
0.0161407	0.328285
-0.00524454	0.34552
-0.0556723	0.316714
-0.0876524	0.327055
-0.112443	0.322222
-0.109293	0.321386
-0.0477855	0.327729
-0.0638979	0.294528
-0.108153	0.261598
-0.118944	0.286204
-0.122499	0.295432
-0.125509	0.284317
-0.132783	0.323617
-0.122344	0.329194
