#1 AntPos X	#2 AntVel X	#3 AntPos Y	#4 AntVel Y	#5 AntAngle	
0.0147167	0.294335	-0.0404528	-0.809056	-1.22188	
-4.80365e+06	-9.60742e+07	-1.74753e+06	-3.49518e+07	-2.79268	
-7.20544e+06	-4.80371e+07	-2.62127e+06	-1.74759e+07	-2.79268	
-8.40631e+06	-2.40185e+07	-3.0581e+06	-8.73796e+06	-2.79268	
-9.00671e+06	-1.20093e+07	-3.27649e+06	-4.36898e+06	-2.79268	
-9.30689e+06	-6.00464e+06	-3.38566e+06	-2.18449e+06	-2.79268	
-9.45694e+06	-3.00232e+06	-3.44021e+06	-1.09225e+06	-2.79268	
-9.53194e+06	-1.50116e+06	-3.46746e+06	-546123	-2.79268	
-9.56941e+06	-750582	-3.48105e+06	-273062	-2.79268	
-9.58811e+06	-375292	-3.48782e+06	-136531	-2.79268	
-9.59744e+06	-187647	-3.49117e+06	-68266.1	-2.79268	
-9.60207e+06	-93824.4	-3.49282e+06	-34133.4	-2.79268	
-9.60435e+06	-46913.1	-3.49361e+06	-17067	-2.79268	
-9.60547e+06	-23457.7	-3.49398e+06	-8533.99	-2.79267	
-9.60599e+06	-11729.5	-3.49413e+06	-4267.38	-2.79266	
-9.60623e+06	-5865.81	-3.49418e+06	-2133.96	-2.79268	
-9.60631e+06	-2933.88	-3.49417e+06	-1067.31	-2.79269	
-9.60633e+06	-1467.95	-3.49414e+06	-534.112	-2.79264	
-9.6063e+06	-734.914	-3.49409e+06	-267.324	-2.79272	
-9.60626e+06	-368.319	-3.49404e+06	-134.153	-2.7923	
-9.60621e+06	-185.371	-3.49398e+06	-67.2502	-2.79357	
-9.60616e+06	-93.6556	-3.49392e+06	-34.0227	-2.79314	
-9.6061e+06	-47.884	-3.49386e+06	-17.391	-2.79322	
-9.60604e+06	-24.9779	-3.4938e+06	-8.77336	-2.80381	
-9.60598e+06	-13.5239	-3.49374e+06	-4.71498	-2.80613	
-9.60592e+06	-7.65901	-3.49368e+06	-2.77271	-2.79425	
-9.60586e+06	-4.87969	-3.49362e+06	-1.63043	-2.81913	
-9.6058e+06	-3.76222	-3.49356e+06	-1.05795	-2.86747	
-9.60574e+06	-2.98388	-3.4935e+06	-0.840511	-2.86702	
-9.60568e+06	-2.6939	-3.49344e+06	-0.548828	-2.94061	
-9.60562e+06	-2.30362	-3.49338e+06	-0.302877	-3.01086	
-9.60556e+06	-2.097	-3.49332e+06	-0.309444	-2.99509	
-9.6055e+06	-1.84713	-3.49326e+06	-0.157763	-3.05639	
-9.60544e+06	-1.95119	-3.4932e+06	-0.0985146	-3.09115	
-9.60538e+06	-1.98027	-3.49314e+06	-0.208718	-3.03658	
-9.60532e+06	-2.23895	-3.49308e+06	-0.0145081	-3.13511	
-9.60526e+06	-2.10915	-3.49302e+06	-0.00588728	-3.1388	
-9.6052e+06	-2.08173	-3.49296e+06	-0.0175938	-3.13314	
-9.60514e+06	-2.02933	-3.4929e+06	0.152096	3.06678	
-9.60508e+06	-2.01173	-3.49284e+06	0.263235	3.01148	
-9.60502e+06	-2.35825	-3.49278e+06	0.189071	3.06159	
-9.60496e+06	-2.24749	-3.49272e+06	0.159751	3.07063	
-9.6049e+06	-1.93041	-3.49266e+06	0.413395	2.93063	
-9.60484e+06	-1.93558	-3.4926e+06	0.35857	2.95842	
-9.60478e+06	-2.1047	-3.49254e+06	0.44853	2.93162	
-9.60472e+06	-2.08858	-3.49248e+06	0.402449	2.95124	
-9.60466e+06	-2.00571	-3.49242e+06	0.650288	2.82807	
-9.6046e+06	-1.97364	-3.49236e+06	0.453168	2.91589	
-9.60454e+06	-1.94993	-3.4923e+06	0.466156	2.90693	
-9.60448e+06	-1.50357	-3.49224e+06	0.52802	2.80387	
-9.60442e+06	-1.5587	-3.49218e+06	0.520859	2.8191	
-9.60436e+06	-1.76096	-3.49212e+06	0.501962	2.86391	
-9.6043e+06	-1.82013	-3.49206e+06	0.50344	2.87174	
-9.60424e+06	-1.81724	-3.492e+06	0.435876	2.90618	
-9.60418e+06	-1.81352	-3.49194e+06	0.483701	2.88094	
-9.60412e+06	-1.89263	-3.49188e+06	0.365762	2.95069	
-9.60406e+06	-1.95058	-3.49182e+06	0.214655	3.03199	
-9.604e+06	-1.94682	-3.49176e+06	0.0174664	3.13262	
-9.60394e+06	-1.95924	-3.4917e+06	-0.0983715	-3.09143	
-9.60388e+06	-1.97766	-3.49164e+06	-0.215968	-3.03282	
-9.60382e+06	-1.76963	-3.49158e+06	-0.20743	-3.02491	
-9.60376e+06	-1.96203	-3.49152e+06	-0.177895	-3.05117	
-9.6037e+06	-2.05071	-3.49146e+06	-0.0916528	-3.09693	
-9.60364e+06	-2.22835	-3.4914e+06	-0.205256	-3.04974	
-9.60358e+06	-2.22509	-3.49134e+06	-0.246427	-3.03129	
-9.60352e+06	-2.18864	-3.49128e+06	-0.184663	-3.05742	
-9.60346e+06	-2.05186	-3.49122e+06	-0.214878	-3.03725	
-9.6034e+06	-2.01491	-3.49116e+06	-0.201797	-3.04177	
-9.60334e+06	-2.04332	-3.4911e+06	-0.337114	-2.97808	
-9.60328e+06	-1.98846	-3.49104e+06	-0.379439	-2.95304	
-9.60322e+06	-1.95794	-3.49098e+06	-0.470023	-2.90599	
-9.60316e+06	-1.54488	-3.49092e+06	-0.463548	-2.85009	
-9.6031e+06	-1.4374	-3.49086e+06	-0.142695	-3.04264	
-9.60305e+06	-1.71363	-3.4908e+06	-0.170695	-3.04231	
-9.60299e+06	-1.88436	-3.49074e+06	-0.183592	-3.04447	
-9.60293e+06	-1.916	-3.49068e+06	-0.167132	-3.05458	
-9.60287e+06	-1.95695	-3.49062e+06	-0.200822	-3.03933	
-9.60281e+06	-1.92711	-3.49056e+06	-0.151049	-3.06337	
-9.60275e+06	-1.99738	-3.4905e+06	-0.044658	-3.11924	
-9.60269e+06	-2.11578	-3.49044e+06	0.0523729	3.11684	
-9.60263e+06	-2.03715	-3.49038e+06	0.211716	3.03804	
-9.60257e+06	-1.8487	-3.49032e+06	-0.0397621	-3.12009	
-9.60251e+06	-1.90599	-3.49026e+06	-0.0800747	-3.09961	
-9.60245e+06	-2.02642	-3.4902e+06	-0.0573719	-3.11329	
-9.60239e+06	-1.98977	-3.49014e+06	-0.0711818	-3.10583	
-9.60233e+06	-1.95363	-3.49008e+06	-0.117469	-3.08154	
-9.60227e+06	-1.97741	-3.49002e+06	-0.114089	-3.08396	
-9.60221e+06	-1.98128	-3.48996e+06	-0.119794	-3.0812	
-9.60215e+06	-1.82821	-3.4899e+06	-0.0653227	-3.10588	
-9.60209e+06	-1.94223	-3.48984e+06	-0.238794	-3.01926	
-9.60203e+06	-2.31327	-3.48978e+06	-0.371921	-2.98218	
-9.60197e+06	-2.14215	-3.48972e+06	-0.330047	-2.98872	
-9.60191e+06	-2.33661	-3.48966e+06	-0.437002	-2.9567	
-9.60185e+06	-2.02744	-3.4896e+06	-0.346201	-2.97247	
-9.60179e+06	-2.18437	-3.48954e+06	-0.425611	-2.94916	
-9.60173e+06	-2.03745	-3.48948e+06	-0.431871	-2.93272	
-9.60167e+06	-1.84606	-3.48942e+06	-0.368157	-2.94475	
-9.60161e+06	-1.9355	-3.48936e+06	-0.394405	-2.94057	
-9.60155e+06	-2.00744	-3.4893e+06	-0.409589	-2.94032	
-9.60149e+06	-2.31517	-3.48924e+06	-0.317505	-3.0053	
-9.60143e+06	-2.1155	-3.48918e+06	-0.0154502	-3.13429	
-9.60137e+06	-2.16757	-3.48912e+06	-0.00340687	-3.14002	
-9.60131e+06	-1.65838	-3.48906e+06	-0.010614	-3.13519	
-9.60125e+06	-1.86335	-3.489e+06	0.0158669	3.13308	
-9.60119e+06	-2.20526	-3.48894e+06	-0.300982	-3.00595	
-9.60113e+06	-2.06091	-3.48888e+06	-0.292687	-3.00052	
-9.60107e+06	-1.8923	-3.48882e+06	-0.376971	-2.94495	
-9.60101e+06	-1.88926	-3.48876e+06	-0.49193	-2.88687	
-9.60095e+06	-1.93833	-3.4887e+06	-0.49935	-2.88946	
-9.60089e+06	-1.94115	-3.48864e+06	-0.51085	-2.88426	
-9.60083e+06	-1.96153	-3.48858e+06	-0.458864	-2.91179	
-9.60077e+06	-1.94488	-3.48852e+06	-0.418816	-2.92949	
-9.60071e+06	-1.78776	-3.48846e+06	-0.391618	-2.92594	
-9.60065e+06	-1.97712	-3.4884e+06	-0.418299	-2.9331	
-9.60059e+06	-1.85924	-3.48834e+06	-0.16519	-3.05298	
-9.60053e+06	-1.88967	-3.48828e+06	-0.076632	-3.10106	
-9.60047e+06	-2.06727	-3.48822e+06	-0.0836182	-3.10117	
-9.60041e+06	-2.4063	-3.48816e+06	-0.610405	-2.89316	
-9.60035e+06	-2.19492	-3.4881e+06	-0.557143	-2.89301	
-9.60029e+06	-2.13344	-3.48804e+06	-0.591548	-2.87111	
-9.60023e+06	-2.03661	-3.48798e+06	-0.567064	-2.87004	
-9.60017e+06	-1.88767	-3.48792e+06	-0.580345	-2.84332	
-9.60011e+06	-1.82351	-3.48786e+06	-0.591138	-2.82811	
-9.60005e+06	-2.0525	-3.4878e+06	-0.484741	-2.90967	
-9.59999e+06	-1.8532	-3.48774e+06	-0.441017	-2.90796	
-9.59993e+06	-1.9717	-3.48768e+06	-0.445693	-2.91928	
-9.59987e+06	-1.97294	-3.48762e+06	-0.388745	-2.94705	
-9.59981e+06	-1.95818	-3.48756e+06	-0.409502	-2.93544	
-9.59975e+06	-2.08607	-3.4875e+06	-0.600792	-2.86118	
-9.59969e+06	-1.95975	-3.48744e+06	-0.208652	-3.03552	
-9.59963e+06	-1.94829	-3.48738e+06	-0.24353	-3.01724	
-9.59957e+06	-1.84256	-3.48732e+06	-0.26792	-2.9972	
-9.59951e+06	-1.96496	-3.48726e+06	-0.234424	-3.02285	
-9.59945e+06	-1.72104	-3.4872e+06	-0.151173	-3.05398	
-9.59939e+06	-1.84564	-3.48714e+06	-0.123907	-3.07456	
-9.59933e+06	-1.97552	-3.48708e+06	-0.11916	-3.08135	
-9.59927e+06	-1.99377	-3.48702e+06	-0.123961	-3.0795	
-9.59921e+06	-1.93561	-3.48696e+06	-0.121841	-3.07873	
-9.59915e+06	-1.96104	-3.4869e+06	-0.133442	-3.07365	
-9.59909e+06	-1.78452	-3.48684e+06	-0.00076184	-3.14117	
-9.59903e+06	-1.81918	-3.48678e+06	0.00399088	3.1394	
-9.59897e+06	-1.87704	-3.48672e+06	0.0780192	3.10005	
-9.59891e+06	-1.95117	-3.48666e+06	-0.0732561	-3.10407	
-9.59885e+06	-1.89383	-3.4866e+06	0.106781	3.08527	
-9.59879e+06	-1.73379	-3.48654e+06	-0.153386	-3.05335	
-9.59873e+06	-1.95306	-3.48648e+06	-0.1357	-3.07222	
-9.59867e+06	-1.87767	-3.48642e+06	-0.302644	-2.98179	
-9.59861e+06	-1.9283	-3.48636e+06	-0.441858	-2.91634	
-9.59855e+06	-1.80428	-3.4863e+06	-0.504984	-2.86869	
-9.59849e+06	-1.88342	-3.48624e+06	-0.602104	-2.83217	
-9.59843e+06	-1.86892	-3.48618e+06	-0.472606	-2.89391	
-9.59837e+06	-1.91792	-3.48612e+06	-0.424265	-2.92389	
-9.59831e+06	-2.01334	-3.48606e+06	-0.589927	-2.85656	
-9.59825e+06	-2.05813	-3.486e+06	-0.534481	-2.88751	
-9.59819e+06	-1.93942	-3.48594e+06	-0.631804	-2.82666	
-9.59813e+06	-1.58363	-3.48588e+06	-0.803029	-2.6723	
-9.59807e+06	-1.68477	-3.48582e+06	-0.852299	-2.67325	
-9.59801e+06	-1.8239	-3.48576e+06	-0.856491	-2.70257	
-9.59795e+06	-1.61685	-3.4857e+06	-0.922655	-2.62303	
-9.59789e+06	-1.70037	-3.48564e+06	-0.970608	-2.6229	
-9.59783e+06	-1.75038	-3.48558e+06	-0.856522	-2.68651	
-9.59777e+06	-1.60766	-3.48552e+06	-1.07324	-2.55296	
-9.59771e+06	-1.52317	-3.48546e+06	-0.971412	-2.57387	
-9.59765e+06	-1.53837	-3.4854e+06	-1.13692	-2.50514	
-9.59759e+06	-1.63532	-3.48534e+06	-1.06204	-2.56561	
-9.59753e+06	-1.656	-3.48528e+06	-1.07542	-2.56564	
-9.59747e+06	-1.86033	-3.48522e+06	-0.981751	-2.65601	
-9.59741e+06	-1.84143	-3.48516e+06	-0.87038	-2.70005	
-9.59735e+06	-1.7406	-3.4851e+06	-1.10159	-2.57735	
-9.59729e+06	-1.71931	-3.48504e+06	-1.08901	-2.57698	
-9.59723e+06	-1.50498	-3.48498e+06	-1.16076	-2.48461	
-9.59717e+06	-1.78225	-3.48492e+06	-1.22371	-2.53991	
-9.59711e+06	-1.70813	-3.48486e+06	-1.15753	-2.54602	
-9.59705e+06	-1.66627	-3.4848e+06	-1.20264	-2.51641	
-9.59699e+06	-1.63487	-3.48474e+06	-1.14025	-2.53258	
-9.59693e+06	-1.75724	-3.48468e+06	-1.34145	-2.48958	
-9.59687e+06	-1.64096	-3.48463e+06	-1.38788	-2.43956	
-9.59681e+06	-1.60202	-3.48457e+06	-0.937202	-2.61227	
-9.59676e+06	-1.70951	-3.48451e+06	-0.874131	-2.66892	
-9.5967e+06	-1.91533	-3.48445e+06	-0.952681	-2.68003	
-9.59664e+06	-1.72049	-3.48439e+06	-0.848174	-2.68357	
-9.59658e+06	-1.94439	-3.48433e+06	-0.987265	-2.67176	
-9.59652e+06	-1.98409	-3.48427e+06	-1.10559	-2.63322	
-9.59646e+06	-1.85764	-3.48421e+06	-1.0266	-2.63673	
-9.5964e+06	-1.68282	-3.48415e+06	-1.15821	-2.53879	
-9.59634e+06	-1.85198	-3.48409e+06	-1.3486	-2.5122	
-9.59628e+06	-1.58014	-3.48403e+06	-1.19671	-2.49341	
-9.59622e+06	-1.56388	-3.48397e+06	-1.10442	-2.52671	
-9.59616e+06	-1.5983	-3.48391e+06	-1.12901	-2.5266	
-9.5961e+06	-1.7296	-3.48385e+06	-1.14967	-2.55495	
-9.59604e+06	-1.68473	-3.48379e+06	-1.17225	-2.53368	
-9.59598e+06	-1.71752	-3.48373e+06	-1.0772	-2.58143	
-9.59592e+06	-1.77111	-3.48367e+06	-1.08697	-2.59115	
-9.59586e+06	-1.80013	-3.48361e+06	-1.06598	-2.60695	
-9.5958e+06	-1.79159	-3.48355e+06	-1.00848	-2.6289	
-9.59574e+06	-1.87402	-3.48349e+06	-0.907683	-2.69054	
-9.59568e+06	-1.90329	-3.48343e+06	-0.971759	-2.66953	
-9.59562e+06	-2.08431	-3.48337e+06	-1.04173	-2.67811	
-9.59556e+06	-1.76082	-3.48331e+06	-1.0246	-2.61459	
-9.5955e+06	-1.73645	-3.48325e+06	-1.01932	-2.61077	
