#1 AntPos X	#2 AntVel X	#3 AntPos Y	#4 AntVel Y	#5 AntAngle	
0.046345	0.9269	0.0594443	1.18889	0.908596	
-1.81432e+07	-3.62865e+08	1.41451e+07	2.82903e+08	2.47939	
-2.72148e+07	-1.81433e+08	2.12176e+07	1.41452e+08	2.47939	
-3.17505e+07	-9.07163e+07	2.47539e+07	7.07258e+07	2.47939	
-3.40184e+07	-4.53581e+07	2.65219e+07	3.53629e+07	2.47939	
-3.51523e+07	-2.26791e+07	2.74059e+07	1.76815e+07	2.47939	
-3.57192e+07	-1.13395e+07	2.78479e+07	8.84073e+06	2.47939	
-3.60026e+07	-5.66977e+06	2.80689e+07	4.42036e+06	2.47939	
-3.61443e+07	-2.83489e+06	2.81793e+07	2.21018e+06	2.47939	
-3.62151e+07	-1.41744e+06	2.82345e+07	1.10509e+06	2.47939	
-3.62505e+07	-708723	2.82621e+07	552547	2.47939	
-3.62681e+07	-354362	2.82758e+07	276274	2.47939	
-3.62769e+07	-177182	2.82827e+07	138138	2.47939	
-3.62813e+07	-88591.8	2.82861e+07	69069.4	2.47939	
-3.62835e+07	-44296.5	2.82878e+07	34535.5	2.47939	
-3.62845e+07	-22149.3	2.82886e+07	17268.5	2.47939	
-3.6285e+07	-11075.4	2.82889e+07	8635.08	2.47938	
-3.62852e+07	-5538.57	2.82891e+07	4318.15	2.47938	
-3.62853e+07	-2770.03	2.82891e+07	2159.99	2.47931	
-3.62853e+07	-1386.02	2.82891e+07	1080.94	2.47923	
-3.62853e+07	-693.746	2.82891e+07	541.157	2.47913	
-3.62852e+07	-347.711	2.8289e+07	271.157	2.47927	
-3.62852e+07	-174.695	2.8289e+07	136.451	2.4785	
-3.62851e+07	-88.1157	2.82889e+07	69.1851	2.47596	
-3.62851e+07	-44.8595	2.82889e+07	35.3297	2.47448	
-3.6285e+07	-23.1204	2.82888e+07	18.5425	2.46564	
-3.6285e+07	-12.3896	2.82888e+07	9.57034	2.48388	
-3.62849e+07	-6.73279	2.82887e+07	5.2924	2.47541	
-3.62848e+07	-4.45448	2.82886e+07	3.52922	2.47157	
-3.62848e+07	-3.01474	2.82886e+07	2.18775	2.51384	
-3.62847e+07	-2.25361	2.82885e+07	1.79828	2.4681	
-3.62847e+07	-1.85249	2.82885e+07	1.53942	2.44823	
-3.62846e+07	-1.627	2.82884e+07	1.31648	2.4613	
-3.62845e+07	-1.61459	2.82883e+07	1.42432	2.41873	
-3.62845e+07	-1.55781	2.82883e+07	1.25909	2.46184	
-3.62844e+07	-1.60054	2.82882e+07	1.10545	2.53715	
-3.62844e+07	-1.75122	2.82882e+07	1.26516	2.51596	
-3.62843e+07	-1.75655	2.82881e+07	1.2812	2.51142	
-3.62842e+07	-1.83481	2.8288e+07	1.2334	2.54975	
-3.62842e+07	-1.64661	2.8288e+07	1.36183	2.45057	
-3.62841e+07	-1.51177	2.82879e+07	1.31469	2.42581	
-3.62841e+07	-1.51098	2.82879e+07	1.2643	2.44485	
-3.6284e+07	-1.37563	2.82878e+07	1.1658	2.43857	
-3.62839e+07	-1.39239	2.82877e+07	1.27975	2.39833	
-3.62839e+07	-1.3674	2.82877e+07	1.24387	2.40346	
-3.62838e+07	-1.35608	2.82876e+07	1.41393	2.33531	
-3.62838e+07	-1.30582	2.82876e+07	1.36538	2.3339	
-3.62837e+07	-1.40972	2.82875e+07	1.36047	2.37397	
-3.62836e+07	-1.55746	2.82874e+07	1.12361	2.51662	
-3.62836e+07	-1.54746	2.82874e+07	1.1449	2.50461	
-3.62835e+07	-1.69396	2.82873e+07	1.01362	2.60237	
-3.62835e+07	-1.66643	2.82873e+07	0.842197	2.67364	
-3.62834e+07	-1.57135	2.82872e+07	0.624732	2.76318	
-3.62833e+07	-1.6195	2.82871e+07	0.389972	2.90529	
-3.62833e+07	-1.70871	2.82871e+07	0.430881	2.89457	
-3.62832e+07	-1.73333	2.8287e+07	0.398508	2.91561	
-3.62832e+07	-1.85864	2.8287e+07	0.414988	2.92192	
-3.62831e+07	-1.75439	2.82869e+07	0.579391	2.82262	
-3.6283e+07	-1.85596	2.82868e+07	0.699439	2.78119	
-3.6283e+07	-1.93176	2.82868e+07	0.643351	2.82011	
-3.62829e+07	-1.83635	2.82867e+07	0.615163	2.81835	
-3.62829e+07	-1.87076	2.82867e+07	0.718506	2.77489	
-3.62828e+07	-1.818	2.82866e+07	0.693163	2.77733	
-3.62827e+07	-1.75534	2.82865e+07	0.664496	2.77971	
-3.62827e+07	-1.81072	2.82865e+07	0.688086	2.77844	
-3.62826e+07	-1.85422	2.82864e+07	0.870974	2.70246	
-3.62826e+07	-1.83008	2.82864e+07	0.863263	2.70083	
-3.62825e+07	-1.88745	2.82863e+07	0.981209	2.66218	
-3.62824e+07	-1.84349	2.82862e+07	0.929627	2.67453	
-3.62824e+07	-1.86358	2.82862e+07	0.854987	2.71145	
-3.62823e+07	-1.87416	2.82861e+07	0.807749	2.73466	
-3.62823e+07	-1.89098	2.82861e+07	0.765054	2.75714	
-3.62822e+07	-1.81948	2.8286e+07	0.635896	2.80537	
-3.62821e+07	-1.98375	2.82859e+07	0.762845	2.77448	
-3.62821e+07	-1.87652	2.82859e+07	0.664586	2.80122	
-3.6282e+07	-1.85461	2.82858e+07	0.552733	2.85194	
-3.6282e+07	-1.91545	2.82858e+07	0.564006	2.85523	
-3.62819e+07	-1.90162	2.82857e+07	0.744678	2.76835	
-3.62818e+07	-1.91041	2.82856e+07	0.805365	2.74263	
-3.62818e+07	-1.85306	2.82856e+07	0.779813	2.74326	
-3.62817e+07	-1.83059	2.82855e+07	1.00963	2.63757	
-3.62817e+07	-1.90865	2.82855e+07	1.0618	2.63392	
-3.62816e+07	-1.59264	2.82854e+07	1.06287	2.55311	
-3.62815e+07	-1.59803	2.82853e+07	1.102	2.53788	
-3.62815e+07	-1.94188	2.82853e+07	1.01078	2.66167	
-3.62814e+07	-1.74364	2.82852e+07	0.9411	2.64667	
-3.62814e+07	-1.9047	2.82852e+07	1.17118	2.5903	
-3.62813e+07	-1.92493	2.82851e+07	1.06413	2.63659	
-3.62812e+07	-1.84341	2.8285e+07	0.998588	2.64514	
-3.62812e+07	-1.83032	2.8285e+07	1.00738	2.63846	
-3.62811e+07	-1.89049	2.82849e+07	0.653005	2.80901	
-3.62811e+07	-1.74198	2.82849e+07	0.670379	2.77423	
-3.6281e+07	-1.64927	2.82848e+07	0.710776	2.73468	
-3.62809e+07	-1.60584	2.82847e+07	0.785996	2.68641	
-3.62809e+07	-1.77828	2.82847e+07	0.531646	2.85108	
-3.62808e+07	-1.81534	2.82846e+07	0.534872	2.85506	
-3.62808e+07	-1.89787	2.82846e+07	0.570065	2.8498	
-3.62807e+07	-1.9005	2.82845e+07	0.445156	2.91151	
-3.62806e+07	-2.107	2.82844e+07	0.506563	2.90565	
-3.62806e+07	-2.22237	2.82844e+07	0.589373	2.88236	
-3.62805e+07	-2.46966	2.82843e+07	0.452298	2.96046	
-3.62805e+07	-2.22897	2.82843e+07	0.445751	2.94422	
-3.62804e+07	-2.13743	2.82842e+07	0.413438	2.95053	
-3.62803e+07	-1.9329	2.82841e+07	0.212301	3.0322	
-3.62803e+07	-1.93747	2.82841e+07	0.20688	3.03522	
-3.62802e+07	-1.97923	2.8284e+07	0.209748	3.03601	
-3.62802e+07	-2.11768	2.8284e+07	0.228943	3.0339	
-3.62801e+07	-1.92487	2.82839e+07	0.18646	3.04502	
-3.628e+07	-1.92659	2.82838e+07	0.212614	3.03168	
-3.628e+07	-2.12674	2.82838e+07	-0.00346614	-3.13996	
-3.62799e+07	-1.94398	2.82837e+07	-0.0282037	-3.12709	
-3.62799e+07	-1.77728	2.82837e+07	-0.147274	-3.05892	
-3.62798e+07	-1.81556	2.82836e+07	-0.144609	-3.06211	
-3.62797e+07	-1.71537	2.82835e+07	-0.261703	-2.9902	
-3.62797e+07	-1.71811	2.82835e+07	-0.0558834	-3.10908	
-3.62796e+07	-1.82774	2.82834e+07	-0.0377982	-3.12092	
-3.62796e+07	-2.11479	2.82834e+07	-0.259127	-3.01967	
-3.62795e+07	-1.58383	2.82833e+07	-0.319324	-2.94264	
-3.62794e+07	-1.73718	2.82832e+07	-0.306279	-2.96708	
-3.62794e+07	-2.01714	2.82832e+07	-0.581624	-2.86087	
-3.62793e+07	-1.80446	2.82831e+07	-0.61147	-2.81487	
-3.62793e+07	-1.84904	2.82831e+07	-0.617541	-2.81926	
-3.62792e+07	-1.86029	2.8283e+07	-0.683447	-2.78951	
-3.62791e+07	-1.87974	2.82829e+07	-0.810397	-2.73455	
-3.62791e+07	-1.73571	2.82829e+07	-0.942958	-2.64393	
-3.6279e+07	-1.75271	2.82828e+07	-1.06518	-2.59551	
-3.6279e+07	-1.70254	2.82828e+07	-1.02438	-2.59994	
-3.62789e+07	-1.80087	2.82827e+07	-1.04312	-2.61658	
-3.62788e+07	-1.70335	2.82826e+07	-1.0662	-2.58231	
-3.62788e+07	-1.83723	2.82826e+07	-1.258	-2.54119	
-3.62787e+07	-1.71572	2.82825e+07	-1.26295	-2.50704	
-3.62787e+07	-1.6329	2.82825e+07	-1.25475	-2.48641	
-3.62786e+07	-1.67814	2.82824e+07	-1.04531	-2.5845	
-3.62785e+07	-1.67544	2.82823e+07	-0.827285	-2.68294	
-3.62785e+07	-1.76699	2.82823e+07	-0.74272	-2.74368	
-3.62784e+07	-1.47529	2.82822e+07	-0.461042	-2.8387	
-3.62784e+07	-1.82688	2.82822e+07	-0.469676	-2.88995	
-3.62783e+07	-1.78305	2.82821e+07	-0.491641	-2.87255	
-3.62782e+07	-1.89528	2.8282e+07	-0.752501	-2.76364	
-3.62782e+07	-1.81177	2.8282e+07	-0.82138	-2.71595	
-3.62781e+07	-1.86144	2.82819e+07	-0.827263	-2.72339	
-3.62781e+07	-1.84663	2.82819e+07	-0.626439	-2.81454	
-3.6278e+07	-1.8508	2.82818e+07	-0.601167	-2.82753	
-3.62779e+07	-2.09304	2.82817e+07	-0.747743	-2.79847	
-3.62779e+07	-1.59577	2.82817e+07	-0.660281	-2.74927	
-3.62778e+07	-1.68668	2.82816e+07	-0.717028	-2.73963	
-3.62778e+07	-1.78041	2.82816e+07	-0.755068	-2.74049	
-3.62777e+07	-2.08267	2.82815e+07	-0.75968	-2.79183	
-3.62776e+07	-1.98031	2.82814e+07	-0.720702	-2.79256	
-3.62776e+07	-2.06809	2.82814e+07	-0.589595	-2.86387	
-3.62775e+07	-2.2914	2.82813e+07	-0.445092	-2.94974	
-3.62775e+07	-2.02409	2.82813e+07	-0.435293	-2.92976	
-3.62774e+07	-1.92367	2.82812e+07	-0.535546	-2.87007	
-3.62773e+07	-1.82522	2.82811e+07	-0.861578	-2.70056	
-3.62773e+07	-1.79361	2.82811e+07	-0.872447	-2.68887	
-3.62772e+07	-1.76018	2.8281e+07	-0.837033	-2.6977	
-3.62772e+07	-1.77751	2.8281e+07	-0.894262	-2.67547	
-3.62771e+07	-1.78546	2.82809e+07	-0.897673	-2.67573	
-3.62771e+07	-1.71547	2.82808e+07	-0.955533	-2.63338	
-3.6277e+07	-1.64046	2.82808e+07	-0.956244	-2.61383	
-3.62769e+07	-1.67926	2.82807e+07	-0.975444	-2.61535	
-3.62769e+07	-1.47729	2.82807e+07	-1.07962	-2.51049	
-3.62768e+07	-1.51023	2.82806e+07	-1.31021	-2.42699	
-3.62768e+07	-1.5036	2.82805e+07	-1.40106	-2.39148	
-3.62767e+07	-1.42113	2.82805e+07	-1.50728	-2.32679	
-3.62766e+07	-1.52321	2.82804e+07	-1.51284	-2.35961	
-3.62766e+07	-1.44957	2.82804e+07	-1.45844	-2.35314	
-3.62765e+07	-1.43968	2.82803e+07	-1.41387	-2.36524	
-3.62765e+07	-1.2962	2.82802e+07	-1.60056	-2.25151	
-3.62764e+07	-1.16081	2.82802e+07	-1.69314	-2.17179	
-3.62763e+07	-1.06996	2.82801e+07	-1.4219	-2.21588	
-3.62763e+07	-1.20864	2.82801e+07	-1.50634	-2.24698	
-3.62762e+07	-1.1512	2.828e+07	-1.64419	-2.18163	
-3.62762e+07	-1.28419	2.82799e+07	-1.71762	-2.2128	
-3.62761e+07	-1.13512	2.82799e+07	-1.70143	-2.15914	
-3.6276e+07	-1.06428	2.82798e+07	-1.82363	-2.09907	
-3.6276e+07	-1.28261	2.82798e+07	-1.96801	-2.14839	
-3.62759e+07	-1.18801	2.82797e+07	-1.82229	-2.14853	
-3.62759e+07	-1.13228	2.82796e+07	-1.73895	-2.14797	
-3.62758e+07	-1.10365	2.82796e+07	-1.47903	-2.21186	
-3.62757e+07	-1.10996	2.82795e+07	-1.5894	-2.18041	
-3.62757e+07	-1.1744	2.82795e+07	-1.61516	-2.19949	
-3.62756e+07	-1.25343	2.82794e+07	-1.63623	-2.22449	
-3.62756e+07	-1.51463	2.82793e+07	-1.55987	-2.34148	
-3.62755e+07	-1.49352	2.82793e+07	-1.47761	-2.36155	
-3.62754e+07	-1.46796	2.82792e+07	-1.48056	-2.35192	
-3.62754e+07	-1.46866	2.82792e+07	-1.40403	-2.37869	
-3.62753e+07	-1.40161	2.82791e+07	-1.43795	-2.3434	
-3.62753e+07	-1.32231	2.8279e+07	-1.25497	-2.38232	
-3.62752e+07	-1.34842	2.8279e+07	-1.40012	-2.33739	
-3.62751e+07	-1.72588	2.82789e+07	-1.49091	-2.42911	
-3.62751e+07	-1.59368	2.82789e+07	-1.3487	-2.43926	
-3.6275e+07	-1.45607	2.82788e+07	-1.31315	-2.40776	
-3.6275e+07	-1.44969	2.82787e+07	-1.25414	-2.42839	
-3.62749e+07	-1.56641	2.82787e+07	-1.61126	-2.34208	
-3.62748e+07	-1.47468	2.82786e+07	-1.5756	-2.32312	
-3.62748e+07	-1.35605	2.82786e+07	-1.27074	-2.38866	
-3.62747e+07	-1.35839	2.82785e+07	-1.2329	-2.40458	
-3.62747e+07	-1.50826	2.82784e+07	-1.14182	-2.4936	
-3.62746e+07	-1.41488	2.82784e+07	-1.26976	-2.41019	
