#1 AntPos X	#2 AntVel X	#3 AntPos Y	#4 AntVel Y	#5 AntAngle	
-0.0101386	-0.202772	-0.0482025	-0.964049	-1.77811	
3.12407e+06	6.24827e+07	-657049	-1.31422e+07	-0.207311	
4.68608e+06	3.12414e+07	-985544	-6.57109e+06	-0.207311	
5.46706e+06	1.56207e+07	-1.14976e+06	-3.28555e+06	-0.207311	
5.85751e+06	7.81034e+06	-1.23184e+06	-1.64277e+06	-0.207311	
6.05271e+06	3.90517e+06	-1.27285e+06	-821387	-0.207311	
6.15028e+06	1.95259e+06	-1.29332e+06	-410694	-0.207311	
6.19904e+06	976294	-1.30353e+06	-205347	-0.207311	
6.22338e+06	488148	-1.3086e+06	-102674	-0.207311	
6.23553e+06	244075	-1.31111e+06	-51337.2	-0.207312	
6.24157e+06	122039	-1.31234e+06	-25668.9	-0.207312	
6.24456e+06	61020.3	-1.31292e+06	-12834.6	-0.207312	
6.24603e+06	30511.2	-1.31318e+06	-6417.51	-0.207311	
6.24673e+06	15256.6	-1.31328e+06	-3208.96	-0.207311	
6.24705e+06	7629.17	-1.3133e+06	-1604.66	-0.20731	
6.24718e+06	3815.63	-1.31328e+06	-802.448	-0.207285	
6.24722e+06	1908.89	-1.31324e+06	-401.431	-0.207275	
6.2472e+06	955.49	-1.31319e+06	-201.075	-0.207415	
6.24717e+06	478.709	-1.31313e+06	-100.744	-0.207422	
6.24712e+06	240.4	-1.31308e+06	-50.5865	-0.2074	
6.24707e+06	121.178	-1.31302e+06	-25.498	-0.207391	
6.24701e+06	61.548	-1.31296e+06	-12.9431	-0.207273	
6.24695e+06	31.7525	-1.3129e+06	-6.67935	-0.207334	
6.24689e+06	16.6831	-1.31284e+06	-3.41852	-0.202111	
6.24683e+06	9.29199	-1.31278e+06	-1.89781	-0.201471	
6.24677e+06	5.50841	-1.31272e+06	-1.22158	-0.218234	
6.24671e+06	3.67017	-1.31266e+06	-0.850191	-0.227634	
6.24665e+06	3.00155	-1.3126e+06	-0.738658	-0.241298	
6.24659e+06	2.30367	-1.31254e+06	-0.590482	-0.250921	
6.24653e+06	1.98449	-1.31248e+06	-0.438572	-0.217504	
6.24647e+06	1.70758	-1.31242e+06	-0.761941	-0.419699	
6.24641e+06	1.78697	-1.31236e+06	-0.953932	-0.490342	
6.24635e+06	1.77525	-1.3123e+06	-0.744065	-0.39689	
6.24629e+06	1.81693	-1.31224e+06	-0.997225	-0.501961	
6.24623e+06	1.6313	-1.31218e+06	-1.21484	-0.640105	
6.24617e+06	1.63123	-1.31212e+06	-1.15709	-0.616965	
6.24611e+06	1.55508	-1.31206e+06	-1.19488	-0.655154	
6.24605e+06	1.35249	-1.312e+06	-1.23096	-0.738391	
6.24599e+06	1.30427	-1.31194e+06	-1.43398	-0.832732	
6.24593e+06	1.34082	-1.31188e+06	-1.60027	-0.873386	
6.24587e+06	1.29831	-1.31182e+06	-1.58711	-0.885155	
6.24581e+06	1.03564	-1.31176e+06	-1.96164	-1.08504	
6.24575e+06	0.971003	-1.3117e+06	-1.85738	-1.08909	
6.24569e+06	0.970409	-1.31164e+06	-1.8245	-1.08197	
6.24563e+06	0.965533	-1.31158e+06	-1.83026	-1.08536	
6.24557e+06	1.13844	-1.31152e+06	-1.88923	-1.02847	
6.24551e+06	0.980068	-1.31146e+06	-1.76885	-1.06483	
6.24545e+06	0.951168	-1.3114e+06	-1.61785	-1.03931	
6.24539e+06	0.973503	-1.31134e+06	-1.67154	-1.04342	
6.24533e+06	1.03864	-1.31128e+06	-1.75799	-1.03716	
6.24527e+06	0.894284	-1.31122e+06	-1.86419	-1.12351	
6.24521e+06	0.968363	-1.31116e+06	-1.87732	-1.09457	
6.24515e+06	0.9704	-1.3111e+06	-1.67153	-1.04481	
6.24509e+06	1.01237	-1.31104e+06	-1.53459	-0.987634	
6.24503e+06	1.14183	-1.31098e+06	-1.39538	-0.885001	
6.24497e+06	1.16332	-1.31092e+06	-1.57533	-0.934722	
6.24491e+06	1.29781	-1.31086e+06	-1.71119	-0.921926	
6.24485e+06	1.29702	-1.3108e+06	-1.65605	-0.906384	
6.24479e+06	1.2889	-1.31074e+06	-1.60161	-0.893163	
6.24473e+06	1.38129	-1.31068e+06	-1.72212	-0.894785	
6.24467e+06	1.10815	-1.31062e+06	-1.56349	-0.954209	
6.24461e+06	1.13262	-1.31056e+06	-1.5561	-0.941618	
6.24455e+06	1.48103	-1.3105e+06	-1.56886	-0.814186	
6.24449e+06	1.44634	-1.31044e+06	-1.67863	-0.859596	
6.24443e+06	1.45779	-1.31038e+06	-1.57007	-0.822465	
6.24437e+06	1.33401	-1.31032e+06	-1.51506	-0.848859	
6.24431e+06	1.4154	-1.31026e+06	-1.49357	-0.812262	
6.24425e+06	1.42897	-1.3102e+06	-1.57692	-0.834577	
6.2442e+06	1.40349	-1.31014e+06	-1.38864	-0.780082	
6.24414e+06	1.50573	-1.31008e+06	-1.33973	-0.727125	
6.24408e+06	0.997006	-1.31002e+06	-1.64068	-1.02475	
6.24402e+06	1.15056	-1.30996e+06	-1.69489	-0.974413	
6.24396e+06	1.05263	-1.3099e+06	-1.62451	-0.99585	
6.2439e+06	0.971061	-1.30984e+06	-1.42763	-0.97349	
6.24384e+06	1.06856	-1.30978e+06	-1.5448	-0.965651	
6.24378e+06	1.03977	-1.30972e+06	-1.5993	-0.99432	
6.24372e+06	1.09733	-1.30966e+06	-1.68055	-0.992344	
6.24366e+06	0.782204	-1.3096e+06	-1.80328	-1.16152	
6.2436e+06	0.760247	-1.30954e+06	-1.93076	-1.19568	
6.24354e+06	0.726261	-1.30948e+06	-1.91722	-1.20869	
6.24348e+06	0.740412	-1.30942e+06	-1.76833	-1.17427	
6.24342e+06	0.722443	-1.30936e+06	-1.74389	-1.17805	
6.24336e+06	0.87188	-1.3093e+06	-1.79426	-1.11847	
6.2433e+06	0.910158	-1.30924e+06	-1.96229	-1.13651	
6.24324e+06	1.14913	-1.30918e+06	-1.92102	-1.03171	
6.24318e+06	1.22115	-1.30912e+06	-1.88536	-0.996039	
6.24312e+06	1.43669	-1.30906e+06	-1.78577	-0.893305	
6.24306e+06	1.29625	-1.309e+06	-1.6936	-0.917523	
6.243e+06	1.36581	-1.30894e+06	-1.84837	-0.934417	
6.24294e+06	1.40323	-1.30888e+06	-1.71265	-0.884375	
6.24288e+06	1.01958	-1.30882e+06	-1.71616	-1.03472	
6.24282e+06	0.959596	-1.30876e+06	-1.7146	-1.06057	
6.24276e+06	0.959872	-1.3087e+06	-1.6783	-1.05127	
6.2427e+06	0.961516	-1.30864e+06	-1.77296	-1.07387	
6.24264e+06	0.952127	-1.30858e+06	-1.49647	-1.00415	
6.24258e+06	1.0106	-1.30852e+06	-1.53628	-0.988942	
6.24252e+06	1.13886	-1.30846e+06	-1.53987	-0.933997	
6.24246e+06	1.16279	-1.3084e+06	-1.54484	-0.925575	
6.2424e+06	1.1744	-1.30834e+06	-1.56803	-0.927957	
6.24234e+06	1.24119	-1.30828e+06	-1.62571	-0.918728	
6.24228e+06	1.22443	-1.30822e+06	-1.61065	-0.920794	
6.24222e+06	1.26336	-1.30816e+06	-1.6234	-0.909479	
6.24216e+06	1.36761	-1.3081e+06	-1.7041	-0.894507	
6.2421e+06	1.27078	-1.30804e+06	-1.69875	-0.928533	
6.24204e+06	1.23414	-1.30799e+06	-1.57582	-0.906402	
6.24198e+06	0.908477	-1.30793e+06	-1.67891	-1.0748	
6.24192e+06	0.891803	-1.30787e+06	-1.56734	-1.05349	
6.24186e+06	0.93025	-1.30781e+06	-1.72673	-1.07664	
6.2418e+06	0.894213	-1.30775e+06	-1.76315	-1.10143	
6.24174e+06	1.06246	-1.30769e+06	-1.76927	-1.03001	
6.24168e+06	1.0501	-1.30763e+06	-1.73012	-1.02528	
6.24162e+06	1.14883	-1.30757e+06	-1.36774	-0.872166	
6.24156e+06	1.14511	-1.30751e+06	-1.68899	-0.974999	
6.2415e+06	1.15293	-1.30745e+06	-1.62017	-0.952319	
6.24144e+06	1.22966	-1.30739e+06	-1.52631	-0.892626	
6.24138e+06	1.1677	-1.30733e+06	-1.49153	-0.906577	
6.24132e+06	1.25913	-1.30727e+06	-1.54616	-0.88736	
6.24126e+06	1.55595	-1.30721e+06	-1.67054	-0.820901	
6.2412e+06	1.43256	-1.30715e+06	-1.57954	-0.834157	
6.24114e+06	1.35247	-1.30709e+06	-1.49396	-0.835064	
6.24108e+06	1.32423	-1.30703e+06	-1.56383	-0.868172	
6.24102e+06	1.28648	-1.30697e+06	-1.55507	-0.879642	
6.24096e+06	1.26758	-1.30691e+06	-1.52999	-0.878923	
6.2409e+06	1.28813	-1.30685e+06	-1.5238	-0.869014	
6.24084e+06	1.22969	-1.30679e+06	-1.58326	-0.910434	
6.24078e+06	1.23417	-1.30673e+06	-1.56583	-0.903299	
6.24072e+06	1.37601	-1.30667e+06	-1.91972	-0.948897	
6.24066e+06	1.32046	-1.30661e+06	-1.80008	-0.937904	
6.2406e+06	1.41855	-1.30655e+06	-1.56544	-0.834583	
6.24054e+06	1.33462	-1.30649e+06	-1.51653	-0.849116	
6.24048e+06	0.971776	-1.30643e+06	-1.40853	-0.966865	
6.24042e+06	1.07748	-1.30637e+06	-1.42137	-0.92216	
6.24036e+06	1.17888	-1.30631e+06	-1.44519	-0.88654	
6.2403e+06	1.20812	-1.30625e+06	-1.44423	-0.874181	
6.24024e+06	1.2742	-1.30619e+06	-1.48295	-0.860965	
6.24018e+06	1.2908	-1.30613e+06	-1.50141	-0.860685	
6.24012e+06	1.39169	-1.30607e+06	-1.2037	-0.713095	
6.24006e+06	0.954653	-1.30601e+06	-1.39783	-0.971601	
6.24e+06	0.937833	-1.30595e+06	-1.73997	-1.07644	
6.23994e+06	0.980424	-1.30589e+06	-1.67794	-1.042	
6.23988e+06	1.00224	-1.30583e+06	-1.50415	-0.983037	
6.23982e+06	1.2104	-1.30577e+06	-1.70413	-0.953208	
6.23976e+06	1.07825	-1.30571e+06	-1.55116	-0.963349	
6.2397e+06	0.896883	-1.30565e+06	-1.70182	-1.08577	
6.23964e+06	0.924446	-1.30559e+06	-1.56461	-1.03713	
6.23958e+06	1.09911	-1.30553e+06	-1.90371	-1.0472	
6.23952e+06	0.961234	-1.30547e+06	-1.95787	-1.11441	
6.23946e+06	0.90888	-1.30541e+06	-1.96687	-1.13793	
6.2394e+06	0.901146	-1.30535e+06	-1.89929	-1.12779	
6.23934e+06	0.787422	-1.30529e+06	-1.70612	-1.1384	
6.23928e+06	0.919548	-1.30523e+06	-1.80092	-1.09871	
6.23922e+06	1.00516	-1.30517e+06	-1.87484	-1.07866	
6.23916e+06	0.957476	-1.30511e+06	-1.8858	-1.10098	
6.2391e+06	0.771434	-1.30505e+06	-1.64478	-1.13224	
6.23904e+06	0.751143	-1.30499e+06	-1.84482	-1.18413	
6.23898e+06	0.819916	-1.30493e+06	-1.83891	-1.15138	
6.23892e+06	0.676785	-1.30487e+06	-1.92181	-1.2322	
6.23886e+06	0.446613	-1.30481e+06	-1.86004	-1.33515	
6.2388e+06	0.388108	-1.30475e+06	-1.95672	-1.37499	
6.23874e+06	0.33678	-1.30469e+06	-1.96243	-1.40084	
6.23868e+06	0.230024	-1.30463e+06	-1.90324	-1.45052	
6.23862e+06	0.276967	-1.30457e+06	-1.9194	-1.42749	
6.23856e+06	0.253662	-1.30451e+06	-1.95149	-1.44154	
6.2385e+06	0.250587	-1.30445e+06	-1.97072	-1.44432	
6.23844e+06	0.437009	-1.30439e+06	-1.99243	-1.35488	
6.23838e+06	0.383548	-1.30433e+06	-1.92684	-1.37431	
6.23832e+06	0.384577	-1.30427e+06	-1.93499	-1.3746	
6.23826e+06	0.142743	-1.30421e+06	-1.73123	-1.48853	
6.2382e+06	0.161335	-1.30415e+06	-1.9183	-1.48689	
6.23814e+06	0.105917	-1.30409e+06	-2.46797	-1.52791	
6.23808e+06	0.112386	-1.30403e+06	-2.21937	-1.5202	
6.23802e+06	0.00746506	-1.30397e+06	-2.063	-1.56718	
6.23796e+06	0.11387	-1.30391e+06	-1.98944	-1.51362	
6.2379e+06	0.336563	-1.30385e+06	-1.9213	-1.39738	
6.23784e+06	0.330997	-1.30379e+06	-1.94741	-1.40244	
6.23778e+06	0.101208	-1.30373e+06	-1.94114	-1.51871	
6.23772e+06	0.141275	-1.30367e+06	-2.15732	-1.5054	
6.23766e+06	0.0185587	-1.30361e+06	-2.10361	-1.56197	
6.2376e+06	-0.0201226	-1.30355e+06	-1.99298	-1.58089	
6.23754e+06	0.0422633	-1.30349e+06	-1.9919	-1.54958	
6.23748e+06	-0.0208462	-1.30343e+06	-1.97732	-1.58134	
6.23742e+06	-0.0675049	-1.30337e+06	-1.97946	-1.60489	
6.23736e+06	-0.0988013	-1.30331e+06	-1.99487	-1.62028	
6.2373e+06	-0.0418527	-1.30325e+06	-2.06678	-1.59104	
6.23724e+06	-0.0869169	-1.30319e+06	-1.90289	-1.61644	
6.23718e+06	0.0379106	-1.30313e+06	-1.87661	-1.5506	
6.23712e+06	0.16092	-1.30307e+06	-1.55505	-1.46768	
6.23706e+06	0.121892	-1.30301e+06	-1.73355	-1.5006	
6.237e+06	0.162822	-1.30295e+06	-1.63801	-1.47172	
6.23694e+06	0.254763	-1.30289e+06	-1.7133	-1.42318	
6.23688e+06	0.259345	-1.30283e+06	-1.83333	-1.43027	
6.23682e+06	-0.0524165	-1.30277e+06	-1.89948	-1.59838	
6.23676e+06	0.0410924	-1.30271e+06	-1.89811	-1.54915	
6.2367e+06	0.0275934	-1.30265e+06	-1.96281	-1.55674	
6.23664e+06	0.311764	-1.30259e+06	-1.7411	-1.39361	
6.23658e+06	0.401713	-1.30253e+06	-1.85302	-1.35731	
6.23652e+06	0.337282	-1.30247e+06	-1.61029	-1.36433	
6.23646e+06	0.216903	-1.30241e+06	-1.59559	-1.43568	
6.2364e+06	0.152509	-1.30235e+06	-1.94563	-1.49257	
6.23634e+06	0.262648	-1.30229e+06	-1.94457	-1.43654	
