-0.0917374	-0.0401429
-0.0917374	-0.0401429
-0.0917374	-0.0401429
-0.0917374	-0.0401429
-0.0917374	-0.0401429
-0.0917374	-0.0401429
-0.0917374	-0.0401429
-0.0917374	-0.0401429
-0.0917374	-0.0401429
-0.0917374	-0.0401429
-0.0917374	-0.0401429
-0.0917374	-0.0401429
-0.0917374	-0.0401429
-0.0917374	-0.0401429
-0.0917374	-0.0401429
-0.0917374	-0.0401429
-0.0917374	-0.0401429
-0.0917374	-0.0401429
-0.0917374	-0.0401429
-0.0917374	-0.0401429
-0.0917374	-0.0401429
-0.0917374	-0.0401429
-0.0917374	-0.0401429
-0.0917374	-0.0401429
-0.0917374	-0.0401429
-0.0917374	-0.0401429
-0.0917374	-0.0401429
-0.0917374	-0.0401429
-0.0917374	-0.0401429
-0.0917374	-0.0401429
-0.0917374	-0.0401429
-0.0917374	-0.0401429
-0.0917374	-0.0401429
-0.0917374	-0.0401429
-0.0917374	-0.0401429
-0.0917374	-0.0401429
-0.0917374	-0.0401429
-0.0917374	-0.0401429
-0.0917374	-0.0401429
-0.0917374	-0.0401429
-0.0917374	-0.0401429
-0.0917374	-0.0401429
-0.0917374	-0.0401429
-0.0917374	-0.0401429
-0.0917374	-0.0401429
-0.0917374	-0.0401429
-0.0917374	-0.0401429
-0.0917374	-0.0401429
-0.0917374	-0.0401429
-0.0917374	-0.0401429
-0.0917374	-0.0401429
-0.0917374	-0.0401429
-0.0917374	-0.0401429
-0.0917374	-0.0401429
-0.0917374	-0.0401429
-0.0917374	-0.0401429
-0.0917374	-0.0401429
-0.0917374	-0.0401429
-0.0917374	-0.0401429
-0.0917374	-0.0401429
-0.0917374	-0.0401429
-0.0917374	-0.0401429
-0.0917374	-0.0401429
-0.0917374	-0.0401429
-0.0917374	-0.0401429
-0.0917374	-0.0401429
-0.0917374	-0.0401429
-0.0917374	-0.0401429
-0.0917374	-0.0401429
-0.0917374	-0.0401429
-0.0917374	-0.0401429
-0.0917374	-0.0401429
-0.0917374	-0.0401429
-0.0917374	-0.0401429
-0.0917374	-0.0401429
-0.0917374	-0.0401429
-0.0917374	-0.0401429
-0.0917374	-0.0401429
-0.0917374	-0.0401429
-0.0917374	-0.0401429
-0.0917374	-0.0401429
-0.0917374	-0.0401429
-0.0917374	-0.0401429
-0.0917374	-0.0401429
-0.0917374	-0.0401429
-0.0917374	-0.0401429
-0.0917374	-0.0401429
-0.0917374	-0.0401429
-0.0917374	-0.0401429
-0.0917374	-0.0401429
-0.0917374	-0.0401429
-0.0917374	-0.0401429
-0.0917374	-0.0401429
-0.0917374	-0.0401429
-0.0917374	-0.0401429
-0.0917374	-0.0401429
-0.0917374	-0.0401429
-0.0917374	-0.0401429
-0.0917374	-0.0401429
-0.0917374	-0.0401429
-0.0917374	-0.0401429
-0.0917374	-0.0401429
-0.0917374	-0.0401429
-0.0917374	-0.0401429
-0.0917374	-0.0401429
-0.0917374	-0.0401429
-0.0917374	-0.0401429
-0.0917374	-0.0401429
-0.0917374	-0.0401429
-0.0917374	-0.0401429
-0.0917374	-0.0401429
-0.0917374	-0.0401429
-0.0917374	-0.0401429
-0.0917374	-0.0401429
-0.0917374	-0.0401429
-0.0917374	-0.0401429
-0.0917374	-0.0401429
-0.0917374	-0.0401429
-0.0917374	-0.0401429
-0.0917374	-0.0401429
-0.0917374	-0.0401429
-0.0917374	-0.0401429
-0.0917374	-0.0401429
-0.0917374	-0.0401429
-0.0917374	-0.0401429
-0.172262	-0.0639418
-0.253852	-0.0811279
-0.273271	-0.0670087
-0.295498	-0.0680158
-0.288508	-0.0325979
-0.307236	-0.0344877
-0.315914	-0.0360651
-0.333256	-0.0343958
-0.327055	-0.0505911
-0.332054	-0.0583931
-0.342853	-0.0572761
-0.346431	-0.05323
-0.371334	-0.0458166
-0.369444	-0.0381953
-0.358977	-0.0594588
-0.33905	-0.039319
-0.331507	-0.0394299
-0.308898	-0.0388085
-0.322569	-0.0285383
-0.31407	-0.0137165
-0.314853	-0.0206948
-0.324812	-0.0181205
-0.326609	-0.0187823
-0.331027	-0.0394592
-0.340897	-0.033224
-0.334148	-0.0267945
-0.329339	-0.0265043
-0.324965	-0.0324382
-0.305355	-0.0213467
-0.268204	-0.0176882
-0.296497	-0.0238482
-0.31234	-0.0328288
-0.283081	-0.0258032
-0.311563	-0.0200216
-0.322354	-0.0852622
-0.319405	-0.0852689
-0.318535	-0.0895597
-0.316117	-0.0796128
-0.315366	-0.0966359
-0.327637	-0.0921355
-0.317631	-0.0896173
-0.318704	-0.0888056
-0.321848	-0.0944255
-0.319555	-0.0898005
-0.318374	-0.145316
-0.30493	-0.146976
-0.289452	-0.129505
-0.271911	-0.13854
-0.277306	-0.146104
-0.273216	-0.149018
-0.26591	-0.128253
-0.276709	-0.0988403
-0.325787	-0.119404
-0.315999	-0.147885
-0.326606	-0.149557
-0.315112	-0.136164
-0.304949	-0.119602
-0.28984	-0.0647791
-0.270426	-0.0225212
-0.279628	-0.04098
-0.302404	-0.0497456
-0.311421	-0.0570646
-0.320957	-0.0559106
-0.348431	-0.0743854
-0.347756	-0.0534799
-0.326073	-0.0197677
-0.307627	-0.0019645
-0.279878	0.00436727
-0.295998	0.00324003
-0.352557	0.00762745
-0.360242	0.00680923
-0.350391	0.000869335
-0.355171	0.00830335
-0.339403	0.00766105
-0.328667	-0.000734036
-0.319983	-0.0060652
-0.317472	-0.00981918
-0.346397	-0.0196533
-0.32788	-0.0246903
-0.325023	-0.035753
-0.345226	-0.0705708
-0.296484	-0.0464953
-0.315952	-0.044558
-0.328857	-0.0370435
-0.344334	-0.0249621
-0.344014	-0.0254824
-0.333435	-0.0225905
-0.313881	-0.0355562
-0.286738	-0.0472503
-0.310601	-0.053051
-0.288982	-0.0664732
-0.337943	-0.0713228
-0.333391	-0.0726553
-0.315058	-0.07627
-0.318346	-0.0840423
-0.315804	-0.0829174
-0.289293	-0.0971243
-0.297541	-0.100817
-0.284312	-0.079114
-0.307117	-0.0859579
-0.322847	-0.0877309
-0.313319	-0.0667239
-0.31359	-0.0708669
-0.317022	-0.0674983
-0.317523	-0.0658935
-0.320939	-0.0904337
-0.317395	-0.0903384
-0.317758	-0.0932876
-0.321527	-0.118195
-0.316457	-0.113071
-0.280277	-0.118618
-0.29518	-0.127734
-0.289329	-0.125067
-0.29194	-0.169423
-0.292469	-0.192801
-0.272052	-0.193065
-0.270993	-0.194434
-0.293865	-0.188072
-0.292863	-0.167528
-0.292011	-0.12346
-0.304648	-0.127246
-0.300139	-0.133619
-0.316453	-0.145265
-0.31125	-0.139979
-0.296333	-0.144589
-0.286301	-0.138826
-0.278439	-0.168094
-0.28146	-0.165648
-0.300165	-0.158695
-0.241717	-0.173518
-0.274325	-0.198841
-0.259572	-0.190953
-0.242095	-0.180681
-0.257818	-0.182324
-0.296597	-0.188929
-0.308995	-0.153708
-0.290748	-0.125939
-0.309155	-0.127475
-0.310354	-0.126095
-0.305291	-0.1199
-0.300425	-0.123938
-0.342495	-0.161646
-0.34603	-0.153255
-0.316938	-0.107676
-0.316589	-0.0508319
-0.278295	-0.0252043
-0.315916	-0.0472531
-0.317587	-0.047204
-0.316739	-0.0404939
-0.336353	-0.027772
-0.331944	-0.0306256
-0.320503	-0.00124572
-0.312373	0.0312777
-0.324749	0.0284568
-0.325319	0.0318233
-0.300911	-0.0145343
-0.314291	-0.0235473
-0.32461	-0.0249794
-0.32463	-0.0229068
-0.322736	-0.0217965
-0.327795	-0.0247984
-0.297922	0.0225127
-0.315843	0.0288603
-0.345332	0.0631681
-0.338038	0.0671163
-0.324291	0.0877919
-0.337681	0.0878207
-0.331624	0.0899339
-0.347482	0.115666
-0.329693	0.113101
-0.320151	0.109391
-0.305885	0.124069
-0.337841	0.111114
-0.34729	0.0850218
-0.328851	0.091802
-0.309394	0.090853
-0.313119	0.0875937
-0.327835	0.131141
-0.343487	0.146682
-0.309963	0.142711
-0.293991	0.136318
-0.279574	0.161801
-0.292762	0.168747
-0.254366	0.179088
-0.257115	0.179707
-0.269345	0.183343
-0.265869	0.192307
-0.23459	0.167619
-0.255611	0.174108
-0.262029	0.202799
-0.249451	0.171824
-0.282625	0.206396
-0.274131	0.20854
-0.28908	0.19215
-0.290116	0.226895
-0.286319	0.242469
-0.28122	0.242888
-0.275199	0.223502
-0.259649	0.234217
-0.260126	0.234401
-0.25238	0.226595
-0.197	0.226485
-0.211074	0.257014
-0.230771	0.26869
-0.216971	0.262742
-0.217168	0.254489
-0.202948	0.241613
-0.18313	0.253262
-0.186682	0.27868
-0.219851	0.26943
-0.209104	0.258932
-0.262516	0.246792
-0.24911	0.237315
-0.226663	0.247037
-0.224785	0.228238
-0.194356	0.211493
-0.210982	0.237958
-0.214153	0.239648
-0.223776	0.232515
-0.215908	0.251671
-0.211491	0.24447
-0.186114	0.199052
-0.206216	0.230236
-0.192673	0.223728
-0.228347	0.246405
-0.178044	0.219786
-0.169555	0.229055
-0.186142	0.23612
-0.193417	0.245835
-0.211972	0.25765
-0.210495	0.255971
-0.217816	0.264537
-0.225236	0.259603
-0.176967	0.276526
-0.177448	0.313889
-0.176418	0.303271
-0.156789	0.322816
-0.125489	0.331048
-0.116291	0.317416
-0.099149	0.311903
-0.0593501	0.290854
-0.0851569	0.308381
-0.110884	0.330316
-0.122723	0.313678
-0.0997002	0.31325
-0.128569	0.311808
-0.115336	0.313208
-0.0521645	0.305693
-0.0474298	0.294002
-0.0699799	0.351623
-0.0696905	0.3048
-0.0432378	0.297528
-0.0380217	0.313426
-0.0437479	0.322633
-0.0622648	0.321489
-0.0809243	0.321375
-0.0821963	0.318939
-0.106589	0.35574
-0.108919	0.350251
-0.101806	0.333084
-0.107158	0.323634
-0.101432	0.317783
-0.12295	0.334398
-0.11809	0.319665
-0.0959026	0.304326
-0.114183	0.284774
-0.11	0.299598
-0.16322	0.284717
-0.16557	0.293449
-0.157269	0.281872
-0.16676	0.264661
-0.13788	0.274399
-0.116422	0.278547
-0.12047	0.290817
-0.118256	0.315829
-0.137514	0.30068
-0.114823	0.300132
-0.108182	0.31097
-0.111709	0.285732
-0.0972779	0.276619
-0.102889	0.292538
-0.11368	0.324713
-0.110436	0.276291
-0.149482	0.284547
-0.148632	0.288757
-0.151484	0.289169
-0.159369	0.292825
-0.162174	0.296452
-0.205659	0.288673
-0.21144	0.269358
-0.197861	0.247838
-0.189058	0.226038
-0.196785	0.25636
-0.229929	0.264371
-0.232926	0.239128
-0.238229	0.248906
-0.232225	0.245059
-0.224951	0.238185
-0.221808	0.23787
-0.224292	0.242039
-0.225858	0.243607
-0.235791	0.252819
-0.229332	0.267177
-0.229056	0.255503
-0.239266	0.222021
-0.240252	0.225555
-0.240648	0.224806
-0.224728	0.209983
-0.24453	0.197546
-0.255002	0.198383
-0.266954	0.171041
-0.22183	0.172327
-0.240897	0.185836
-0.221519	0.175786
-0.227241	0.18803
-0.238111	0.184229
-0.271794	0.171436
-0.272381	0.176403
-0.255291	0.175188
-0.255851	0.162885
-0.255359	0.158224
-0.267643	0.163882
-0.261644	0.150389
-0.286938	0.163953
-0.282855	0.16894
-0.30565	0.171284
-0.292388	0.167415
-0.277802	0.175604
-0.263181	0.209835
-0.268225	0.194308
-0.250335	0.194868
-0.234044	0.167459
-0.25738	0.175174
-0.263542	0.17948
-0.268304	0.180514
-0.279366	0.172439
-0.326277	0.190435
-0.297345	0.199604
-0.282375	0.187386
-0.280231	0.211106
-0.266772	0.191501
-0.265425	0.192071
-0.269559	0.190576
-0.277963	0.190262
-0.270964	0.193746
-0.295506	0.186391
-0.218158	0.190494
-0.227703	0.19745
-0.232854	0.203431
-0.220035	0.193223
-0.22973	0.209684
-0.235758	0.217242
-0.199411	0.221477
-0.209419	0.230271
-0.221798	0.227425
-0.250627	0.227758
-0.245294	0.223624
-0.260417	0.245853
-0.256551	0.259534
-0.248215	0.259237
-0.26793	0.254103
-0.253944	0.227133
-0.253637	0.226482
-0.252621	0.21689
-0.291888	0.220042
-0.276715	0.208348
-0.295571	0.187109
-0.268784	0.209066
-0.310853	0.181933
-0.30243	0.192141
-0.295074	0.183824
-0.282293	0.185573
-0.272656	0.204753
-0.271929	0.203571
-0.219714	0.231442
-0.223241	0.229661
-0.196656	0.225638
-0.195576	0.296144
-0.178737	0.267522
-0.156789	0.239764
-0.175266	0.273398
-0.168586	0.331489
-0.163874	0.30704
-0.150446	0.288805
-0.13411	0.321784
-0.142233	0.334702
-0.140947	0.314969
-0.160978	0.280795
-0.172235	0.302338
-0.205966	0.258433
-0.187561	0.260369
-0.198181	0.288525
-0.178292	0.265948
-0.170108	0.263707
-0.197752	0.263847
-0.176904	0.256773
-0.184691	0.247544
-0.220622	0.24578
-0.222778	0.246287
-0.214081	0.249126
-0.215659	0.256611
-0.213887	0.250596
-0.20617	0.241966
-0.233733	0.237849
-0.248578	0.23213
-0.224618	0.234705
-0.226959	0.23624
-0.226676	0.236374
-0.218299	0.252522
-0.264215	0.211879
-0.233321	0.209608
-0.260749	0.216029
-0.254335	0.19919
-0.256879	0.235893
-0.248914	0.228408
-0.250851	0.233024
-0.277728	0.200161
-0.258855	0.199555
-0.321772	0.185922
-0.298521	0.174745
-0.29387	0.141103
-0.313428	0.153092
-0.30213	0.147866
-0.307933	0.130873
-0.296866	0.142991
-0.272814	0.15125
-0.28906	0.148101
-0.290398	0.148758
-0.285613	0.114488
-0.301991	0.128551
-0.31129	0.112463
-0.305931	0.118785
-0.305223	0.100225
-0.288447	0.0971672
-0.299275	0.0861905
-0.301799	0.0944391
-0.294375	0.0995791
-0.333179	0.0944306
-0.313612	0.108128
-0.284313	0.0882068
-0.27093	0.100436
-0.291753	0.0841436
-0.316804	0.0882088
-0.330893	0.1022
-0.33001	0.131969
-0.321232	0.123842
-0.328601	0.089333
-0.3267	0.0939795
-0.313235	0.0813961
-0.265998	0.0911595
-0.272577	0.0668355
-0.285663	0.0537364
-0.339245	0.0341255
-0.330008	0.00865801
-0.327854	0.0086276
-0.335175	-0.0102156
-0.353283	-0.015389
-0.3386	-0.00657983
-0.334639	0.0142201
-0.331188	-0.00776019
-0.343735	7.29085e-05
-0.346714	-0.0157091
-0.325555	-0.0109521
-0.290004	-0.0136436
-0.313326	0.00377944
-0.311822	0.00836403
-0.316437	-0.0129331
-0.330358	-0.0196292
-0.365008	-0.0184441
-0.353477	-0.0173219
-0.395767	0.0224784
-0.363611	-0.0100318
-0.33418	2.01636e-05
-0.295947	0.0302054
-0.324789	0.021155
-0.301532	-0.0211672
-0.322712	-0.0132728
-0.321668	0.00383666
-0.332699	0.0314759
-0.302342	0.0577458
-0.284019	0.0947335
-0.297053	0.0991008
-0.303892	0.0836873
-0.260956	0.0559567
-0.296992	0.0611466
-0.229784	0.0918623
-0.256331	0.0924934
-0.285981	0.109232
-0.285184	0.132746
-0.274761	0.153662
-0.261177	0.122314
-0.279294	0.127894
-0.292929	0.119462
-0.298223	0.122564
-0.299292	0.124503
-0.301748	0.12506
-0.332321	0.140167
-0.321049	0.15239
-0.283534	0.149238
-0.296965	0.11127
-0.276715	0.169242
-0.264667	0.17398
-0.256632	0.168692
-0.29199	0.152855
-0.294014	0.167541
-0.298447	0.181853
-0.285582	0.188917
-0.254106	0.192041
-0.247994	0.198616
-0.181773	0.184859
-0.201194	0.217974
-0.211508	0.237731
-0.211978	0.242543
-0.243565	0.260294
-0.245894	0.246188
-0.277371	0.204578
-0.27021	0.189181
-0.292114	0.16008
-0.311798	0.195272
-0.263928	0.188029
-0.267359	0.184034
-0.274893	0.189396
-0.257373	0.188429
-0.295749	0.209764
-0.252362	0.184998
-0.277277	0.177661
-0.282798	0.173293
-0.28749	0.173111
-0.274698	0.174604
-0.284324	0.157922
-0.295251	0.122045
-0.311307	0.118528
-0.307384	0.114833
-0.304117	0.113017
-0.299668	0.0862878
-0.334625	0.111949
-0.279523	0.114148
-0.278683	0.156099
-0.27082	0.227814
-0.248256	0.219063
-0.200193	0.22032
-0.223177	0.232005
-0.217688	0.233603
-0.206087	0.23128
-0.209879	0.233223
-0.209898	0.238231
-0.208756	0.241455
-0.19703	0.239624
-0.225211	0.263645
-0.19961	0.261053
-0.226678	0.243913
-0.227531	0.256608
-0.231824	0.265367
-0.20484	0.299382
-0.191661	0.286411
-0.197915	0.270861
-0.200938	0.266296
-0.200096	0.261904
-0.195507	0.254334
-0.223891	0.271336
-0.205709	0.24941
-0.211971	0.246324
-0.21065	0.22882
-0.224957	0.238615
-0.211574	0.220621
-0.210652	0.229397
-0.21882	0.247615
-0.214878	0.221597
-0.227361	0.222224
-0.241069	0.233614
-0.260001	0.203347
-0.245694	0.215568
-0.250416	0.19795
-0.210056	0.224823
-0.186491	0.22439
-0.29301	0.257064
-0.24673	0.256313
-0.252143	0.24993
-0.224186	0.314061
-0.211575	0.299726
-0.182948	0.284306
-0.153162	0.297909
-0.187247	0.323661
-0.195024	0.299582
-0.187765	0.276346
-0.172922	0.28709
-0.179232	0.266332
-0.152684	0.230553
-0.15431	0.237006
-0.162239	0.247663
-0.196994	0.270268
-0.206207	0.260647
-0.182381	0.258629
-0.202086	0.235605
-0.196562	0.245411
-0.196451	0.25054
-0.18517	0.237703
-0.194362	0.239273
-0.240737	0.229491
-0.222705	0.233679
-0.224722	0.237554
-0.191351	0.227383
-0.188282	0.275605
-0.182709	0.265343
-0.178631	0.275669
-0.167956	0.310855
-0.161544	0.297937
-0.130139	0.256513
-0.152123	0.267468
-0.15528	0.258396
-0.188774	0.239246
-0.183134	0.251581
-0.184772	0.248509
-0.188899	0.259202
-0.189855	0.261799
-0.192872	0.262585
-0.184186	0.236941
-0.170123	0.22167
-0.185444	0.238221
-0.198535	0.244162
-0.185861	0.235714
-0.193079	0.217194
-0.212224	0.216985
-0.222116	0.221831
-0.214856	0.242025
-0.233567	0.249391
-0.229292	0.243944
-0.253348	0.235352
-0.21822	0.235916
-0.196244	0.241481
-0.205024	0.256949
-0.203526	0.216753
-0.212737	0.230583
-0.183056	0.268201
-0.190527	0.239055
-0.254515	0.256673
-0.240389	0.248512
-0.215051	0.240238
-0.251439	0.282891
-0.232488	0.258658
-0.224259	0.22799
-0.258272	0.208247
-0.244526	0.247528
-0.263934	0.232939
-0.203428	0.25149
-0.207267	0.250952
-0.244688	0.229203
-0.214988	0.216784
-0.225132	0.224782
-0.223682	0.238873
-0.219993	0.237377
-0.251943	0.242911
-0.233127	0.242889
-0.229861	0.241001
-0.253745	0.247726
-0.334806	0.272146
-0.282795	0.22616
-0.260953	0.201035
-0.25093	0.195723
-0.252327	0.20045
-0.203875	0.205539
-0.224851	0.210275
-0.23121	0.216094
-0.199893	0.208824
-0.19794	0.228987
-0.186984	0.243973
-0.192965	0.251731
-0.168201	0.246307
-0.191021	0.248926
-0.191443	0.257581
-0.190153	0.247838
-0.203005	0.242549
-0.205605	0.245407
-0.214421	0.237763
-0.220656	0.240868
-0.222658	0.241305
-0.232446	0.217984
-0.231373	0.225251
-0.233605	0.226839
-0.238477	0.242528
-0.227186	0.222671
-0.201972	0.260343
-0.199234	0.259684
-0.18283	0.257759
-0.170464	0.283095
-0.139332	0.311144
-0.129684	0.308414
-0.138548	0.300288
-0.117093	0.287299
-0.106512	0.308045
-0.126405	0.241332
-0.115646	0.269371
-0.112228	0.302858
-0.136999	0.283877
-0.142174	0.294781
-0.149092	0.270405
-0.165974	0.261436
-0.169979	0.263325
-0.158614	0.254685
-0.169075	0.278324
-0.187344	0.280441
-0.194068	0.305
-0.152957	0.31886
-0.132683	0.307101
-0.122179	0.308333
-0.145124	0.344444
-0.136105	0.301625
-0.128174	0.299573
-0.130772	0.315075
-0.136604	0.287092
-0.136729	0.283237
-0.147339	0.312121
-0.178701	0.298088
-0.179394	0.286141
-0.182295	0.268109
-0.185652	0.269935
-0.199097	0.270758
-0.168699	0.21551
-0.1952	0.212197
-0.198184	0.20992
-0.237872	0.20684
-0.231118	0.221301
-0.254054	0.20513
-0.261635	0.205324
-0.257123	0.202303
-0.255742	0.209629
-0.275019	0.20203
-0.257386	0.165566
-0.297121	0.164628
-0.316168	0.188203
-0.270096	0.172655
-0.271826	0.17523
-0.261956	0.178971
-0.260737	0.187301
-0.271874	0.15858
-0.274917	0.139462
-0.275584	0.157595
-0.268383	0.173795
-0.271608	0.175947
-0.277322	0.181098
-0.27461	0.180233
-0.288709	0.203708
-0.278971	0.142046
-0.268158	0.169584
-0.25897	0.163858
-0.282145	0.181376
-0.251989	0.228666
-0.245575	0.222761
-0.232889	0.221912
-0.213037	0.213688
-0.197287	0.234801
-0.204196	0.228686
-0.229505	0.262576
-0.261964	0.277922
-0.224304	0.266305
-0.217436	0.258241
-0.235961	0.260529
-0.238652	0.23204
-0.237658	0.219947
-0.27692	0.233875
-0.263581	0.222419
-0.252123	0.221506
-0.239498	0.217864
-0.249613	0.22831
-0.245841	0.250882
-0.239842	0.241614
-0.243321	0.239643
-0.240855	0.219606
-0.23083	0.215625
-0.236333	0.200372
-0.250774	0.256497
-0.204413	0.23453
-0.21704	0.242354
-0.238405	0.222006
-0.247141	0.217266
-0.253799	0.217867
-0.251266	0.214983
-0.228769	0.200546
-0.224691	0.211773
-0.227675	0.210061
-0.242116	0.229797
-0.23391	0.253501
-0.191796	0.229045
-0.153403	0.239835
-0.13519	0.27714
-0.142894	0.275164
-0.153533	0.248469
-0.13637	0.322074
-0.145551	0.302625
-0.15359	0.332232
-0.154613	0.331696
-0.161676	0.317568
-0.177294	0.300099
-0.157865	0.248184
-0.18942	0.291172
-0.207046	0.298095
-0.209521	0.318647
-0.219101	0.282083
-0.22687	0.281044
-0.205901	0.260065
-0.207545	0.256582
-0.218716	0.24226
-0.210107	0.228111
-0.158534	0.260604
-0.153358	0.265652
-0.151045	0.275146
-0.154293	0.278036
-0.143547	0.294268
-0.127729	0.300106
-0.104259	0.300443
-0.106735	0.303942
-0.135023	0.335511
-0.120923	0.297351
-0.129983	0.327191
-0.130528	0.315067
-0.125529	0.304805
-0.144255	0.302783
-0.122538	0.317122
-0.0851938	0.31234
-0.0848321	0.281816
-0.090272	0.288202
-0.105711	0.29237
-0.14783	0.305025
-0.135921	0.294002
-0.141403	0.298091
-0.158974	0.29996
-0.177519	0.30962
-0.157493	0.298454
-0.142535	0.292547
-0.134183	0.290758
-0.189638	0.309547
-0.178964	0.295568
-0.170444	0.296931
-0.172543	0.285004
-0.153585	0.300904
-0.156349	0.30906
-0.0918877	0.304433
-0.0666181	0.30788
-0.0629138	0.304498
-0.108612	0.296589
-0.123475	0.300898
-0.111611	0.287874
-0.127261	0.285725
-0.116702	0.314188
-0.115593	0.300105
-0.116496	0.3027
-0.0918347	0.331849
-0.100464	0.357713
-0.0907718	0.305597
-0.0557715	0.340485
-0.0237316	0.333405
-0.0165136	0.326825
-0.020356	0.362979
-0.0123511	0.34239
-0.0304608	0.368854
-0.0278398	0.347789
-0.00141308	0.323309
-0.00598216	0.328769
0.00463974	0.35741
-0.00162099	0.340581
0.0179562	0.309158
0.0205074	0.305011
0.0354473	0.313212
0.0327028	0.289969
0.0324321	0.308112
0.0299803	0.309162
-0.0112441	0.315823
-0.011696	0.321172
0.030234	0.319362
0.0453893	0.3224
0.0548996	0.321365
0.0615862	0.309476
0.0651272	0.34021
0.0634741	0.331118
0.0594384	0.332089
0.0540924	0.327648
0.0575556	0.360924
0.0572049	0.328744
0.058893	0.325305
0.0538652	0.327047
0.0411884	0.283726
0.0776211	0.28204
0.0807415	0.291829
0.0728064	0.311972
0.0663138	0.312141
0.0584551	0.329109
0.0648174	0.340301
0.0654914	0.332433
0.0589245	0.331612
0.0483479	0.323553
0.0874404	0.322094
0.0872062	0.304579
0.0838336	0.327466
0.113342	0.320687
0.135391	0.309172
0.12072	0.290303
0.136352	0.331734
0.135093	0.301955
0.138607	0.323118
0.131006	0.307373
0.128908	0.308733
0.130642	0.298772
0.134181	0.286361
0.138655	0.285495
0.139703	0.290683
0.158645	0.260242
0.157218	0.234072
0.198376	0.274731
0.161514	0.276504
0.163156	0.279467
0.166698	0.273726
0.167182	0.276901
0.162256	0.298237
0.15245	0.2908
0.152837	0.290376
0.161751	0.320579
0.127532	0.269364
0.14461	0.288549
0.1411	0.270721
0.11992	0.279266
0.132069	0.299202
0.145874	0.271558
0.185625	0.248469
0.16615	0.268197
0.171641	0.274081
0.169604	0.336153
0.154735	0.325032
0.141156	0.390684
0.117367	0.367233
0.133228	0.334705
0.16996	0.358323
0.158426	0.33496
0.149405	0.310587
0.149064	0.290397
0.151724	0.281716
0.160496	0.296403
0.155078	0.298506
0.148802	0.311524
0.124411	0.301959
0.122279	0.305037
0.17143	0.248143
0.174242	0.256901
0.200205	0.230987
0.235413	0.234063
0.27151	0.242966
0.260176	0.204679
0.280463	0.239181
0.24	0.252927
0.235294	0.243601
0.232599	0.281794
0.210404	0.279006
0.174356	0.275746
0.167157	0.262138
0.18412	0.221898
0.196219	0.237284
0.189958	0.249986
0.197524	0.252539
0.192197	0.253172
0.179492	0.242656
0.18715	0.251759
0.184952	0.259562
0.187032	0.264317
0.167241	0.260415
0.177254	0.24761
0.185631	0.255525
0.185608	0.24826
0.207898	0.23608
0.19782	0.255875
0.205261	0.260778
0.179176	0.260147
0.194033	0.231402
0.202732	0.241719
0.201952	0.23729
0.208917	0.259472
0.225438	0.262212
0.180325	0.230786
0.175092	0.242768
0.210114	0.243605
0.164601	0.199213
0.181474	0.201181
0.213814	0.223921
0.219484	0.216387
0.183524	0.211709
0.203116	0.25342
0.210588	0.26485
0.236718	0.28413
0.220039	0.25766
0.209379	0.253113
0.236889	0.230213
0.232392	0.218929
0.263069	0.230047
0.282091	0.240764
0.273564	0.216484
0.275806	0.196446
0.25631	0.189842
0.268204	0.201728
0.279348	0.188614
0.306203	0.223124
0.30114	0.241599
0.272136	0.193355
0.297818	0.156704
0.295498	0.149077
0.293557	0.122945
0.295064	0.144785
0.273328	0.125578
0.272914	0.127573
0.272739	0.142211
0.249555	0.124257
0.275364	0.0935579
0.304473	0.0930823
0.317978	0.115574
0.311664	0.113249
0.282104	0.126137
0.289636	0.131457
0.280175	0.145194
0.266313	0.142049
0.303309	0.14413
0.317507	0.147374
0.291728	0.148074
0.281812	0.152138
0.313503	0.167245
0.319975	0.136593
0.298108	0.157612
0.29199	0.156177
0.293905	0.20164
0.282951	0.19135
0.291293	0.18975
0.256113	0.173799
0.311446	0.12066
0.318988	0.139125
0.297079	0.15136
0.294245	0.149867
0.304549	0.132533
0.288561	0.14239
0.265524	0.150191
0.267819	0.14965
0.281144	0.149846
0.292691	0.141101
0.26058	0.147525
0.268252	0.139475
0.293359	0.137203
0.317721	0.11579
0.312455	0.117993
0.305833	0.11723
0.310656	0.120054
0.314498	0.105812
0.311879	0.121664
0.309658	0.133621
0.312886	0.130254
0.306028	0.0851187
0.319866	0.108278
0.316055	0.11115
0.283342	0.10153
0.283559	0.0970336
0.301985	0.129994
0.305477	0.13599
0.279176	0.156745
0.272203	0.146646
0.286205	0.15016
0.284561	0.149205
0.287158	0.150318
0.286931	0.158101
0.286041	0.161559
0.285787	0.192302
0.266138	0.222958
0.263902	0.182262
0.269047	0.173254
0.246981	0.159713
0.255518	0.17063
0.273906	0.206851
0.277395	0.232817
0.246832	0.225878
0.252932	0.21743
0.27513	0.231165
0.265516	0.24346
0.252483	0.230602
0.255235	0.202227
0.252144	0.199603
0.235109	0.196536
0.233586	0.20585
0.182238	0.18183
0.182189	0.221659
0.19391	0.237028
0.223767	0.248518
0.252939	0.264738
0.247638	0.244224
0.242078	0.236688
0.236134	0.230958
0.233861	0.228084
0.241062	0.228998
0.247354	0.216458
0.245195	0.220188
0.235933	0.196667
0.234819	0.242112
0.192819	0.291086
0.187313	0.278726
0.177916	0.268274
0.181704	0.272088
0.178647	0.267708
0.194535	0.27059
0.184841	0.267475
0.190826	0.238997
0.208905	0.252108
0.205365	0.276379
0.192042	0.26871
0.178963	0.28655
0.153262	0.285294
0.166488	0.287677
0.164088	0.28269
0.174387	0.264438
0.173388	0.310712
0.168529	0.285788
0.159214	0.241687
0.162251	0.31547
0.155832	0.303091
0.156879	0.303848
0.164473	0.345422
0.153623	0.303463
0.133009	0.286304
0.135792	0.291536
0.136935	0.289121
0.134015	0.283847
0.166398	0.284903
0.15203	0.2804
0.15481	0.332889
0.157843	0.307707
0.172717	0.278301
0.16464	0.257372
0.174536	0.250291
0.192362	0.280752
0.180795	0.249873
0.146479	0.226366
0.128673	0.207096
0.176402	0.306259
0.169312	0.280298
0.160484	0.288049
0.155577	0.285533
0.143446	0.28828
0.152362	0.294881
0.154194	0.268298
0.178393	0.296866
0.174477	0.286318
0.166156	0.276113
0.167492	0.280788
0.164944	0.274478
0.16571	0.277882
0.174122	0.283735
0.155604	0.260617
0.162096	0.270726
0.165352	0.273197
0.221024	0.295303
0.209148	0.281812
0.218603	0.261956
0.187463	0.280283
0.190275	0.264893
0.184728	0.271338
0.180621	0.271838
0.181955	0.251063
0.196277	0.26382
0.164467	0.253746
0.168801	0.270902
0.157039	0.269438
0.175897	0.308302
0.165294	0.283969
0.158233	0.280374
0.167799	0.301445
0.164386	0.308216
0.162793	0.293241
0.150768	0.312284
0.13903	0.297903
0.13384	0.297021
0.137782	0.345842
0.157564	0.323024
0.151545	0.318658
0.152784	0.303783
0.157445	0.261734
0.143833	0.255729
0.148897	0.265676
0.148506	0.266833
0.162305	0.290313
0.144831	0.29417
0.173225	0.312978
0.176734	0.265394
0.209521	0.277595
0.259772	0.289598
0.262694	0.243584
0.271213	0.239094
0.252521	0.243194
0.241539	0.234393
0.239686	0.230562
0.222137	0.226958
0.222918	0.234392
0.249359	0.189996
0.261179	0.190375
0.257013	0.169892
0.26774	0.17208
0.312283	0.169979
0.334309	0.181176
0.302419	0.165554
0.284839	0.177046
0.265855	0.219853
0.260501	0.222773
0.260944	0.214193
0.267077	0.221909
0.265471	0.22721
0.254411	0.223087
0.250042	0.203911
0.242833	0.234006
0.221978	0.223212
0.225167	0.225627
0.25139	0.221491
0.24667	0.211606
0.24361	0.217419
0.268752	0.18929
0.239189	0.204042
0.257809	0.213531
0.2559	0.207851
0.25285	0.206887
0.237903	0.206587
0.225976	0.214569
0.22745	0.232584
0.218431	0.203347
0.219241	0.213813
0.220979	0.16982
0.212041	0.151779
0.243426	0.167454
0.308343	0.191948
0.294457	0.182936
0.30668	0.138175
0.292557	0.137282
0.292593	0.135857
0.275446	0.143405
0.29185	0.146221
0.306729	0.13385
0.290733	0.128139
0.326709	0.111243
0.293338	0.122591
0.299657	0.124748
0.299488	0.123959
0.295478	0.138556
0.30658	0.143831
0.302043	0.142933
0.298749	0.123968
0.300094	0.126861
0.310723	0.137094
0.284689	0.134192
0.298213	0.110877
0.31538	0.113505
0.293442	0.0945611
0.289642	0.0762299
0.302505	0.129264
0.291343	0.140273
0.263737	0.110778
0.297268	0.12924
0.30463	0.125816
0.282728	0.112505
0.305474	0.0877954
0.326698	0.0843684
0.319035	0.0737983
0.308272	0.0296065
0.290414	0.0508479
0.301905	0.0616137
0.297114	0.0709698
0.310613	0.0693438
0.315971	0.065246
0.304888	0.0556655
0.287583	0.0293798
0.312972	0.0240077
0.318979	0.0257947
0.314534	0.0165899
0.351626	0.0371142
0.33924	0.0355157
0.312875	0.0338385
0.315604	0.0384488
0.316418	-0.00315748
0.321812	-0.0101466
0.316486	0.0079482
0.316324	0.0131356
0.326651	0.0177989
0.342756	0.000224986
0.364897	0.00235565
0.346955	0.00878336
0.344099	-0.00331899
0.334512	0.0105585
0.331815	0.00114803
0.31827	-0.0174065
0.316168	-0.0324574
0.323335	-0.0360439
0.327587	-0.0548153
0.318329	-0.059508
0.319399	-0.0602131
0.271535	-0.0719544
0.296091	-0.0762068
0.309227	-0.0960116
0.342262	-0.10191
0.336033	-0.098596
0.324779	-0.0943389
0.314889	-0.0837877
0.339153	-0.0986481
0.324626	-0.0977089
0.312807	-0.107622
0.310599	-0.106696
0.299887	-0.137877
0.331843	-0.133561
0.31371	-0.106131
0.314393	-0.0992039
0.327044	-0.0556584
0.321446	-0.0117785
0.325564	-0.0131092
0.292798	0.0105722
0.328654	0.0431243
0.342206	0.0647453
0.344948	0.0706556
0.352165	0.0841218
0.365217	0.105444
0.296139	0.0847595
0.283962	0.100342
0.323089	0.0848834
0.365144	0.0382137
0.375047	0.0289265
0.379783	0.0341679
0.36939	0.0299307
0.343154	0.0254207
0.34018	0.0111509
0.333692	0.0104732
0.302424	0.0185015
0.312955	-0.0017947
0.314483	0.00891285
0.285628	-0.0116929
0.303285	-0.00794644
0.330759	-0.00815113
0.379682	-0.00429714
0.352123	-0.00495645
0.339098	-0.045237
0.287218	-0.0666934
0.30765	-0.0610861
0.307798	-0.02716
0.316486	0.00188904
0.31277	0.00131409
0.315382	-0.00564485
0.321435	-0.00865769
0.335189	-0.00250069
0.316277	0.00741616
0.323994	-0.0241483
0.355096	-0.0577829
0.345004	-0.0547336
0.324002	-0.0686202
0.312554	-0.0503361
0.316398	-0.0500244
0.357546	-0.0770033
0.327751	-0.093884
0.320584	-0.0918521
0.329008	-0.0615929
0.318758	-0.0419876
0.329966	-0.0156199
0.340595	-0.030071
0.331126	-0.0247492
0.284877	-0.0116431
0.29425	-0.0137338
0.308261	-0.0124189
0.312581	-0.020812
0.34302	0.00203781
0.335769	0.00254072
0.326805	0.00484122
0.310385	0.000830143
0.308903	0.0189123
0.326765	0.0127769
0.328901	0.0258482
0.365132	0.0180018
0.365378	0.0432131
0.347144	0.0388779
0.367967	-0.000300721
0.345256	-0.0158905
0.355724	-0.0762005
0.324147	-0.0491153
0.324091	-0.0388432
0.301394	-0.0594765
0.346788	-0.103384
0.330057	-0.100689
0.350561	-0.0989171
0.331582	-0.09541
0.331847	-0.0782146
0.310304	-0.0403668
0.333726	-0.0137951
0.331592	-0.0361626
0.321889	-0.015791
0.330574	0.0137372
0.322781	0.0104866
0.31806	0.0171307
0.370616	-0.00556014
0.345192	0.00448824
0.352353	-0.0158548
0.321904	-0.00666599
0.320783	-0.0117965
0.323373	-0.00532777
0.348099	-0.00209661
0.339761	-0.00708456
0.327554	0.0158695
0.355165	0.0318519
0.344249	0.0317845
0.344825	0.0795457
0.359352	0.0435705
0.338173	0.039401
0.355475	0.0321208
0.299847	-0.000520038
0.3014	0.00633301
0.324477	0.0210371
0.332184	0.0495799
0.343325	0.0400381
0.307331	0.0271465
0.371654	0.0337583
0.347601	0.035028
0.330166	0.0128746
0.324146	0.0265814
0.305098	0.01999
0.319325	0.0258797
0.326413	0.0144876
0.324979	-0.0105428
0.31297	0.0237466
0.327438	0.0293271
0.319276	-0.000838786
0.28517	-0.020156
0.305832	-0.0216904
0.310122	-0.0430248
0.329066	-0.0554348
0.353154	-0.0477654
0.356836	-0.0696844
0.331181	-0.086414
0.352775	-0.0970191
0.337356	-0.117445
0.321398	-0.109818
0.27828	-0.143051
0.287981	-0.144006
0.308107	-0.156117
0.29959	-0.151182
0.300526	-0.143513
0.282539	-0.132637
0.295832	-0.154507
0.293746	-0.135147
0.332327	-0.184558
0.325117	-0.1571
0.356175	-0.146447
0.311894	-0.12588
0.309816	-0.136864
0.281589	-0.107573
0.26252	-0.113724
0.288184	-0.112196
0.293723	-0.141799
0.284889	-0.106945
0.263613	-0.138335
0.28897	-0.135427
0.278548	-0.128868
0.288806	-0.126272
0.286441	-0.120121
0.32471	-0.121055
0.315917	-0.127931
0.310375	-0.12726
0.309742	-0.123196
0.326992	-0.112768
0.333117	-0.111092
0.321155	-0.127614
0.30421	-0.122105
0.306065	-0.117951
0.329881	-0.158784
0.294239	-0.152485
0.306032	-0.148904
0.279588	-0.127738
0.281344	-0.125614
0.318477	-0.105915
0.310315	-0.0976207
0.312133	-0.0797332
0.311653	-0.0834339
0.290879	-0.130121
0.287486	-0.129183
0.269323	-0.112225
0.284872	-0.110082
0.33109	-0.141711
0.314286	-0.126658
0.302802	-0.10256
0.320608	-0.141284
0.328108	-0.0968692
0.315228	-0.0918848
0.322956	-0.0938076
0.317568	-0.0950534
0.292456	-0.115819
0.302738	-0.106683
0.296653	-0.0985929
0.293502	-0.112205
0.303535	-0.117036
0.244195	-0.101559
0.306799	-0.100244
0.325081	-0.129285
0.322318	-0.11421
0.326625	-0.117333
0.305932	-0.123123
0.265165	-0.123643
0.286051	-0.122769
0.300011	-0.138261
0.326376	-0.150856
0.298093	-0.128122
0.320824	-0.145437
0.307063	-0.125419
0.324286	-0.131307
0.315228	-0.129923
0.317538	-0.132618
0.321933	-0.117964
0.315043	-0.113827
0.315886	-0.0991593
0.294788	-0.066029
0.304572	-0.0672656
0.311928	-0.0670735
0.313507	-0.0636459
0.302826	-0.0344742
0.35743	-0.04535
0.362229	-0.0599753
0.352635	-0.0715956
0.299052	-0.066324
0.301524	-0.0467519
0.293164	-0.0727157
0.311452	-0.0732064
0.345603	-0.0730957
0.332498	-0.0828749
0.328457	-0.0911768
0.312165	-0.0916575
0.324025	-0.102257
0.328199	-0.0940379
0.326326	-0.0964101
0.361249	-0.101994
0.343423	-0.0920506
0.290163	-0.103489
0.29902	-0.107696
0.327725	-0.112978
0.337762	-0.129238
0.324451	-0.121519
0.320013	-0.10594
0.309993	-0.10731
0.327711	-0.110528
0.318774	-0.107522
0.326261	-0.0821629
0.35145	-0.106208
0.325408	-0.116811
0.400486	-0.119921
0.3567	-0.107366
0.292768	-0.0822992
0.348429	-0.0622446
0.335355	-0.0752015
0.333172	-0.0793118
0.298478	-0.0614589
0.304454	-0.0568772
0.333356	-0.0571219
0.332137	-0.0520074
0.334804	-0.0529562
0.317828	-0.0384284
0.350755	-0.0338811
0.339209	-0.0363834
0.338486	-0.0302648
0.320353	-0.0656054
0.32808	-0.0701238
0.351062	-0.050833
0.335408	-0.0476511
0.340959	-0.0613549
0.334262	-0.0596475
0.342569	-0.0321607
0.337325	-0.0222587
0.331474	-0.0327251
0.354591	-0.0568455
0.348704	-0.0602732
0.359265	-0.027609
0.375831	-0.00558532
0.352217	0.0045719
0.360716	-0.00587523
0.353242	-6.48924e-05
0.36043	0.0288396
0.346283	0.0238771
0.348678	0.00203511
0.302963	-0.0241248
0.315197	-0.0135406
0.323775	-0.0242743
0.311049	-0.017127
0.309248	-0.0386327
0.321328	-0.0282248
0.314862	-0.0405322
0.31403	-0.0414725
0.315153	-0.0633058
0.286838	-0.0621838
0.273006	-0.0870535
0.290054	-0.101468
0.322874	-0.0817853
0.300554	-0.0703056
0.312623	-0.0757131
0.319533	-0.0695058
0.32503	-0.0700603
0.321011	-0.0701749
0.310586	-0.0634018
0.314308	-0.065016
0.267222	-0.033241
0.268544	-0.0612744
0.29791	-0.0582298
0.3117	-0.0348075
0.308384	-0.0167971
0.306724	0.00681154
0.317616	7.279e-05
0.321277	-0.000480459
0.31955	0.0066336
0.331698	0.0142218
0.354727	0.00568769
0.337008	0.00694211
0.325265	0.00330704
0.327112	2.8585e-06
0.333791	-0.0104891
0.321569	0.00273814
0.322551	-0.00184431
0.321505	0.00841931
0.340627	0.00814257
0.33377	0.00363069
0.33186	-0.0140288
0.323417	-0.0281173
0.307618	-0.0288698
0.307921	-0.0370304
0.348216	-0.069441
0.319173	-0.0672908
0.333641	-0.0871305
0.32608	-0.114703
0.323707	-0.0864555
0.287039	-0.109673
0.288619	-0.0828852
0.300052	-0.0836873
0.310575	-0.0912985
0.319997	-0.109181
0.271782	-0.133878
0.29176	-0.106333
0.317766	-0.111925
0.306925	-0.10671
0.288817	-0.0976846
0.278913	-0.103847
0.294755	-0.114129
0.295944	-0.136169
0.308721	-0.134415
0.299556	-0.119107
0.291079	-0.121735
0.270477	-0.106209
0.247965	-0.142857
0.260939	-0.152496
0.250346	-0.15231
0.293913	-0.128033
0.300909	-0.129958
0.295926	-0.125994
0.296932	-0.11284
0.285158	-0.129493
0.28899	-0.124601
0.313373	-0.13508
0.324577	-0.161608
0.287825	-0.181731
0.282908	-0.178464
0.344217	-0.182088
0.345676	-0.180785
0.335522	-0.139124
0.302303	-0.139329
0.299926	-0.14094
0.303664	-0.164288
0.310546	-0.145821
0.303466	-0.143843
0.291445	-0.124422
0.281671	-0.108159
0.266024	-0.136162
0.264188	-0.14713
0.281544	-0.180003
0.28437	-0.185391
0.271175	-0.177027
0.275481	-0.175699
0.287165	-0.170068
0.283721	-0.151737
0.307887	-0.16295
0.301423	-0.155929
0.29257	-0.177751
0.264305	-0.143587
0.27155	-0.144719
0.291147	-0.142206
0.295904	-0.110321
0.29624	-0.107878
0.288916	-0.119589
0.293827	-0.119827
0.252344	-0.141942
0.264407	-0.127221
0.273509	-0.135635
0.262074	-0.172506
0.273869	-0.170048
0.267663	-0.169804
0.283151	-0.172936
0.285935	-0.167627
0.29487	-0.156102
0.299092	-0.128404
0.281691	-0.136078
0.279456	-0.119227
0.303323	-0.112485
0.311345	-0.112204
0.293935	-0.11238
0.302435	-0.143528
0.296471	-0.149427
0.282637	-0.15755
0.258747	-0.161562
0.246446	-0.132567
0.279411	-0.127777
0.309333	-0.115124
0.333124	-0.100504
0.315427	-0.0986047
0.275363	-0.0956559
0.315423	-0.0804946
0.312068	-0.0799259
0.269853	-0.11445
0.297993	-0.11639
0.310884	-0.107036
0.310156	-0.0689231
0.284675	-0.0789341
0.307111	-0.0871283
0.310518	-0.0879789
0.313147	-0.090877
0.334506	-0.0835039
0.314501	-0.0932899
0.274432	-0.0821327
0.245526	-0.0959349
0.280879	-0.126485
0.295395	-0.144277
0.295901	-0.142377
0.315483	-0.125006
0.307217	-0.0971604
0.316968	-0.101666
0.311308	-0.104695
0.318725	-0.111878
0.307101	-0.129666
0.30013	-0.117203
0.331772	-0.119535
0.313417	-0.0834663
0.333112	-0.103944
0.32195	-0.0813511
0.29985	-0.0811435
0.271003	-0.0999414
0.304046	-0.104377
0.316145	-0.0756804
0.322723	-0.108325
0.317662	-0.108264
0.315409	-0.0837218
0.340891	-0.0624707
0.339165	-0.0604467
0.331146	-0.057463
0.32316	-0.0526357
0.340311	-0.0552664
0.355786	-0.0382856
0.340836	-0.0386848
0.329189	-0.0357303
0.315882	-0.00206198
0.307681	-0.0114677
0.327869	-0.0129129
0.336121	-0.0178205
0.298854	-0.0498301
0.308094	-0.051808
0.313437	-0.0536077
0.32224	-0.0250897
0.341457	-0.0367916
0.341166	-0.0335672
0.318233	-0.0389122
0.324688	-0.0498128
0.3323	-0.0374418
0.307494	-0.0479561
0.314875	-0.0487886
0.344486	-0.057209
0.315658	-0.0473007
0.33423	-0.0500486
0.351295	-0.0519321
0.33109	-0.0834223
0.31484	-0.09762
0.322511	-0.10179
0.326768	-0.10819
0.32983	-0.0894284
0.31791	-0.0883722
0.322692	-0.101382
0.317869	-0.100082
0.301057	-0.105876
0.297188	-0.0948464
0.325288	-0.112255
0.334621	-0.0976815
0.31982	-0.0993338
0.305089	-0.096741
0.298078	-0.0886388
0.293981	-0.0756209
0.312561	-0.0876248
0.323007	-0.0754253
0.303165	-0.0753093
0.300907	-0.0552392
0.308256	-0.0552599
0.309305	-0.0658517
0.319577	-0.0579647
0.346184	-0.0603654
0.333104	-0.0662423
0.323612	-0.0455698
0.323083	-0.0454048
0.340699	-0.0763522
0.360333	-0.0961
0.323818	-0.0813932
0.331879	-0.0567515
0.350758	-0.0534212
0.339005	-0.0310057
0.317643	-0.0343941
0.321483	-0.0349173
0.336194	-0.0503823
0.329852	-0.0448816
0.326748	-0.0447292
0.355605	-0.0808477
0.341097	-0.0719441
0.32071	-0.0781312
0.3164	-0.074401
0.355863	-0.106857
0.3137	-0.0763031
0.274491	-0.0825776
0.290447	-0.0816677
0.304641	-0.08265
0.298645	-0.0915452
0.337784	-0.117188
0.332685	-0.1166
0.299308	-0.113677
0.276035	-0.101162
0.288135	-0.124709
0.304251	-0.0922062
0.305843	-0.0785466
0.302232	-0.0922995
0.30966	-0.0848685
0.294532	-0.0823016
0.303224	-0.105877
0.303167	-0.102309
0.315952	-0.0851448
0.323589	-0.0954653
0.323169	-0.0905914
0.340463	-0.101842
0.34502	-0.0757457
0.331745	-0.0837643
0.316894	-0.0894705
0.296628	-0.0998549
0.284634	-0.0975137
0.292431	-0.0940167
0.324559	-0.0526094
0.311737	-0.0162753
0.316158	-0.0474394
0.321976	-0.0295255
0.337581	-0.0363931
0.340516	-0.0520579
0.324148	-0.0308129
0.322639	-0.0263906
0.311234	-0.0162401
0.345568	-0.0347156
0.354893	-0.0448296
0.339456	-0.0428066
0.350843	-0.0383083
0.361096	0.00367606
0.338974	0.0271531
0.336474	0.0288605
0.361167	0.0174919
0.345054	0.00542527
0.332676	0.0108324
0.326456	-0.00864566
0.336265	-0.0106383
0.328628	0.0102487
0.329678	-0.00384742
0.305409	-0.0206646
0.314622	-0.0415852
0.314304	-0.0510017
0.303237	-0.0732226
0.307247	-0.0670435
0.32304	-0.0798653
0.337741	-0.0950518
0.368261	-0.0759642
0.34458	-0.0744709
0.350963	-0.0608067
0.337602	-0.0609549
0.358614	-0.0688183
0.339511	-0.0654832
