-0.0720451	-0.0538449
-0.0720451	-0.0538449
-0.0720451	-0.0538449
-0.0720451	-0.0538449
-0.0720451	-0.0538449
-0.0720451	-0.0538449
-0.0720451	-0.0538449
-0.0720451	-0.0538449
-0.0720451	-0.0538449
-0.0720451	-0.0538449
-0.0720451	-0.0538449
-0.0720451	-0.0538449
-0.0720451	-0.0538449
-0.0720451	-0.0538449
-0.0720451	-0.0538449
-0.0720451	-0.0538449
-0.0720451	-0.0538449
-0.0720451	-0.0538449
-0.0720451	-0.0538449
-0.0720451	-0.0538449
-0.0720451	-0.0538449
-0.0720451	-0.0538449
-0.0720451	-0.0538449
-0.0720451	-0.0538449
-0.0720451	-0.0538449
-0.0720451	-0.0538449
-0.0720451	-0.0538449
-0.0720451	-0.0538449
-0.0720451	-0.0538449
-0.0720451	-0.0538449
-0.0720451	-0.0538449
-0.0720451	-0.0538449
-0.0720451	-0.0538449
-0.0720451	-0.0538449
-0.0720451	-0.0538449
-0.0720451	-0.0538449
-0.0720451	-0.0538449
-0.0720451	-0.0538449
-0.0720451	-0.0538449
-0.0720451	-0.0538449
-0.0720451	-0.0538449
-0.0720451	-0.0538449
-0.0720451	-0.0538449
-0.0720451	-0.0538449
-0.0720451	-0.0538449
-0.0720451	-0.0538449
-0.0720451	-0.0538449
-0.0720451	-0.0538449
-0.0720451	-0.0538449
-0.0720451	-0.0538449
-0.0720451	-0.0538449
-0.0720451	-0.0538449
-0.0720451	-0.0538449
-0.0720451	-0.0538449
-0.0720451	-0.0538449
-0.0720451	-0.0538449
-0.0720451	-0.0538449
-0.0720451	-0.0538449
-0.0720451	-0.0538449
-0.0720451	-0.0538449
-0.0720451	-0.0538449
-0.0720451	-0.0538449
-0.0720451	-0.0538449
-0.0720451	-0.0538449
-0.0720451	-0.0538449
-0.0720451	-0.0538449
-0.0720451	-0.0538449
-0.0720451	-0.0538449
-0.0720451	-0.0538449
-0.0720451	-0.0538449
-0.0720451	-0.0538449
-0.0720451	-0.0538449
-0.0720451	-0.0538449
-0.0720451	-0.0538449
-0.0720451	-0.0538449
-0.0720451	-0.0538449
-0.0720451	-0.0538449
-0.0720451	-0.0538449
-0.0720451	-0.0538449
-0.0720451	-0.0538449
-0.0720451	-0.0538449
-0.0720451	-0.0538449
-0.0720451	-0.0538449
-0.0720451	-0.0538449
-0.0720451	-0.0538449
-0.0720451	-0.0538449
-0.0720451	-0.0538449
-0.0720451	-0.0538449
-0.0720451	-0.0538449
-0.0720451	-0.0538449
-0.0720451	-0.0538449
-0.0720451	-0.0538449
-0.0720451	-0.0538449
-0.0720451	-0.0538449
-0.0720451	-0.0538449
-0.0720451	-0.0538449
-0.0720451	-0.0538449
-0.0720451	-0.0538449
-0.0720451	-0.0538449
-0.0720451	-0.0538449
-0.0720451	-0.0538449
-0.0720451	-0.0538449
-0.0720451	-0.0538449
-0.0720451	-0.0538449
-0.0720451	-0.0538449
-0.0720451	-0.0538449
-0.0720451	-0.0538449
-0.0720451	-0.0538449
-0.0720451	-0.0538449
-0.0720451	-0.0538449
-0.0720451	-0.0538449
-0.0720451	-0.0538449
-0.0720451	-0.0538449
-0.0720451	-0.0538449
-0.0720451	-0.0538449
-0.0720451	-0.0538449
-0.0720451	-0.0538449
-0.0720451	-0.0538449
-0.0720451	-0.0538449
-0.0720451	-0.0538449
-0.0720451	-0.0538449
-0.0720451	-0.0538449
-0.0720451	-0.0538449
-0.0720451	-0.0538449
-0.0720451	-0.0538449
-0.0720451	-0.0538449
-0.0720451	-0.0538449
-0.0720451	-0.0538449
-0.0720451	-0.0538449
-0.0720451	-0.0538449
-0.0720451	-0.0538449
-0.0720451	-0.0538449
-0.0720451	-0.0538449
-0.0720451	-0.0538449
-0.0720451	-0.0538449
-0.163261	-0.108276
-0.198031	-0.135879
-0.233859	-0.160112
-0.249082	-0.170031
-0.240242	-0.181791
-0.284464	-0.196601
-0.265038	-0.194445
-0.264842	-0.201843
-0.265955	-0.190361
-0.2714	-0.1894
-0.27815	-0.170391
-0.286172	-0.167876
-0.303824	-0.181686
-0.280074	-0.179674
-0.259705	-0.174454
-0.263707	-0.180263
-0.287195	-0.192806
-0.285312	-0.246738
-0.264233	-0.244667
-0.262909	-0.249169
-0.287358	-0.249226
-0.301335	-0.256289
-0.299391	-0.231177
-0.269104	-0.165414
-0.288609	-0.17433
-0.281691	-0.178776
-0.273436	-0.172741
-0.240528	-0.196464
-0.262221	-0.202628
-0.273709	-0.202317
-0.276098	-0.212942
-0.26983	-0.202932
-0.309549	-0.231279
-0.235639	-0.205964
-0.233559	-0.205584
-0.237932	-0.218791
-0.223164	-0.219116
-0.228658	-0.231834
-0.21219	-0.223319
-0.209964	-0.226957
-0.218368	-0.239027
-0.220337	-0.22013
-0.219253	-0.228079
-0.226552	-0.197649
-0.265127	-0.225763
-0.280394	-0.204773
-0.281456	-0.181597
-0.284112	-0.185956
-0.232686	-0.202633
-0.223736	-0.23789
-0.237983	-0.224208
-0.220221	-0.192905
-0.239679	-0.197177
-0.23735	-0.17766
-0.264837	-0.187517
-0.255005	-0.160844
-0.202955	-0.176995
-0.234769	-0.200958
-0.241089	-0.206764
-0.229509	-0.16897
-0.262364	-0.156613
-0.306336	-0.133616
-0.285088	-0.166933
-0.305961	-0.177875
-0.318773	-0.17779
-0.298285	-0.169026
-0.280361	-0.177253
-0.28252	-0.176249
-0.253432	-0.160383
-0.235829	-0.200502
-0.229419	-0.209925
-0.248738	-0.189055
-0.275373	-0.184321
-0.27758	-0.191998
-0.318476	-0.206079
-0.289053	-0.174801
-0.277178	-0.218537
-0.268374	-0.211541
-0.258827	-0.189873
-0.263919	-0.194115
-0.262912	-0.195506
-0.234486	-0.189025
-0.239279	-0.197451
-0.251769	-0.20634
-0.296422	-0.220209
-0.281283	-0.198289
-0.251683	-0.187027
-0.269078	-0.198639
-0.26622	-0.196197
-0.270544	-0.179509
-0.27799	-0.158359
-0.280287	-0.156547
-0.28672	-0.152413
-0.315671	-0.10363
-0.305436	-0.094629
-0.343853	-0.0722608
-0.311053	-0.0246814
-0.34057	-0.035875
-0.321986	-0.0647547
-0.31548	-0.107614
-0.292586	-0.10757
-0.286576	-0.138188
-0.302221	-0.0998118
-0.319026	-0.0678074
-0.301686	-0.0345587
-0.320231	-0.025331
-0.335489	-0.0350263
-0.344117	-0.043876
-0.333988	-0.0433491
-0.335798	-0.0360104
-0.334424	-0.0311044
-0.336066	0.00988157
-0.315245	-0.000225716
-0.301752	0.0136305
-0.308603	0.0148337
-0.326591	0.0245209
-0.312765	0.0118632
-0.270677	0.0336859
-0.300243	0.0312776
-0.339585	0.0837181
-0.324842	0.100191
-0.325601	0.0995879
-0.320532	0.107308
-0.337829	0.129181
-0.308242	0.139155
-0.333459	0.144237
-0.315889	0.130464
-0.350354	0.107747
-0.326575	0.105709
-0.314818	0.101565
-0.358483	0.11876
-0.334263	0.107733
-0.317546	0.110158
-0.31171	0.105426
-0.29247	0.103621
-0.29776	0.109386
-0.300538	0.10364
-0.307072	0.0700026
-0.264515	0.0535416
-0.293515	0.0595138
-0.29648	0.0654849
-0.310656	0.0722932
-0.280048	0.090782
-0.276145	0.12317
-0.282469	0.13077
-0.29841	0.137425
-0.300552	0.12812
-0.2973	0.114026
-0.297357	0.105051
-0.331671	0.129688
-0.35555	0.11661
-0.330295	0.108918
-0.3253	0.127541
-0.274502	0.13249
-0.293343	0.137277
-0.280143	0.121943
-0.294924	0.1276
-0.294966	0.131045
-0.307451	0.139757
-0.269264	0.146367
-0.290668	0.128555
-0.288724	0.133877
-0.284842	0.126521
-0.298056	0.135574
-0.316791	0.137574
-0.280593	0.122366
-0.291537	0.157609
-0.324526	0.159389
-0.32579	0.157419
-0.314315	0.128337
-0.330288	0.138954
-0.284397	0.142067
-0.298634	0.131128
-0.311548	0.138576
-0.312035	0.10319
-0.327407	0.147335
-0.34138	0.15015
-0.345433	0.139025
-0.320338	0.13066
-0.306617	0.128142
-0.285756	0.136889
-0.300879	0.123727
-0.296515	0.129335
-0.290428	0.116159
-0.301974	0.111893
-0.317558	0.118333
-0.306596	0.112614
-0.277831	0.0912919
-0.296571	0.0867735
-0.302232	0.0879554
-0.320351	0.114912
-0.304145	0.132356
-0.286751	0.125748
-0.291373	0.128501
-0.265772	0.14036
-0.25953	0.143847
-0.279815	0.171284
-0.273987	0.173874
-0.275667	0.181719
-0.307934	0.152315
-0.311159	0.176087
-0.277699	0.155032
-0.261725	0.17929
-0.265678	0.175041
-0.263219	0.15785
-0.286364	0.183404
-0.261774	0.147149
-0.286387	0.154158
-0.306772	0.115224
-0.32951	0.103649
-0.330435	0.114402
-0.332049	0.0913363
-0.327071	0.0903769
-0.325892	0.0880865
-0.341988	0.0861542
-0.327418	0.0523763
-0.317865	0.064849
-0.327797	0.0636606
-0.333798	0.0633612
-0.326511	0.0599082
-0.329466	0.0414207
-0.337709	0.0303376
-0.359018	0.0201892
-0.361075	0.0340052
-0.319069	0.0499882
-0.32736	0.0513919
-0.319585	0.0483904
-0.314091	0.0442673
-0.35059	0.04407
-0.319039	0.0543221
-0.325031	0.0578143
-0.307985	0.0517707
-0.319635	0.0342417
-0.329152	0.0376408
-0.331307	0.0360478
-0.328532	0.0338122
-0.30215	0.0026587
-0.314845	-0.0732572
-0.323131	-0.0563341
-0.306431	-0.0697876
-0.318486	-0.0618509
-0.334075	-0.0938007
-0.328172	-0.0918674
-0.37166	-0.0968912
-0.319011	-0.0875276
-0.328039	-0.0721184
-0.312027	-0.0815061
-0.333302	-0.0653509
-0.322199	-0.0573008
-0.293697	-0.0138295
-0.301236	-0.0427961
-0.318383	-0.0402855
-0.311835	-0.0493811
-0.352126	-0.0510107
-0.337761	-0.0362418
-0.272283	-0.0467386
-0.299563	-0.0655156
-0.313615	-0.0515014
-0.318279	-0.0577241
-0.315043	-0.0846146
-0.279253	-0.0616458
-0.301153	-0.0802075
-0.28011	-0.146018
-0.285137	-0.149574
-0.300332	-0.177718
-0.306242	-0.14615
-0.285252	-0.152632
-0.284747	-0.151098
-0.281991	-0.16063
-0.282619	-0.14452
-0.28096	-0.146328
-0.275974	-0.150896
-0.290667	-0.131424
-0.2934	-0.16286
-0.2856	-0.164064
-0.310601	-0.172925
-0.289994	-0.169063
-0.286412	-0.171291
-0.284237	-0.16722
-0.276483	-0.179339
-0.260981	-0.197088
-0.272227	-0.18273
-0.273654	-0.19397
-0.266583	-0.205251
-0.283522	-0.206115
-0.269785	-0.208288
-0.24722	-0.206301
-0.265182	-0.212306
-0.249328	-0.230401
-0.24457	-0.206314
-0.235412	-0.196523
-0.232989	-0.208062
-0.241325	-0.219365
-0.24321	-0.219466
-0.224595	-0.234998
-0.233213	-0.218685
-0.234635	-0.250711
-0.229113	-0.244552
-0.230948	-0.249213
-0.220533	-0.248104
-0.237808	-0.278752
-0.229153	-0.259633
-0.22513	-0.260601
-0.257575	-0.240241
-0.249865	-0.228721
-0.248998	-0.229129
-0.235952	-0.277791
-0.234387	-0.26708
-0.229805	-0.255276
-0.255997	-0.249365
-0.250071	-0.234181
-0.249715	-0.225395
-0.243411	-0.222023
-0.230024	-0.211831
-0.235139	-0.216608
-0.222228	-0.240252
-0.222059	-0.238957
-0.223419	-0.254966
-0.21662	-0.295864
-0.206256	-0.280648
-0.20433	-0.27343
-0.197397	-0.269482
-0.198165	-0.269121
-0.196939	-0.274629
-0.207885	-0.252774
-0.16529	-0.275003
-0.185723	-0.317873
-0.19956	-0.289763
-0.207716	-0.284685
-0.200551	-0.274168
-0.217654	-0.30553
-0.194007	-0.281946
-0.198279	-0.238712
-0.203604	-0.24614
-0.20253	-0.248927
-0.17322	-0.263374
-0.156926	-0.278846
-0.166077	-0.280769
-0.165095	-0.285585
-0.144141	-0.263975
-0.133924	-0.256109
-0.124598	-0.274783
-0.130781	-0.291808
-0.130348	-0.342923
-0.105825	-0.324859
-0.104107	-0.319627
-0.0951659	-0.291184
-0.0723678	-0.312821
-0.0487317	-0.31248
-0.0474566	-0.313401
-0.0293342	-0.339635
-0.0313767	-0.318322
-0.0479446	-0.315953
-0.0421707	-0.325773
-0.0569648	-0.29751
-0.0584691	-0.309079
-0.0768173	-0.323081
-0.11308	-0.319203
-0.0951751	-0.305999
-0.137752	-0.307655
-0.118338	-0.276714
-0.110974	-0.293203
-0.107574	-0.303007
-0.0975405	-0.297274
-0.099261	-0.305538
-0.101332	-0.309805
-0.105051	-0.304686
-0.105642	-0.305195
-0.111031	-0.323983
-0.117751	-0.324547
-0.11516	-0.318105
-0.115382	-0.321068
-0.133038	-0.296923
-0.126683	-0.311226
-0.126514	-0.330001
-0.110543	-0.323149
-0.144416	-0.319691
-0.138344	-0.304681
-0.11491	-0.305335
-0.114206	-0.305303
-0.107651	-0.304231
-0.124067	-0.318547
-0.130522	-0.345235
-0.122763	-0.32478
-0.101873	-0.309719
-0.0977169	-0.311199
-0.0937641	-0.321348
-0.110626	-0.29198
-0.136805	-0.295742
-0.157039	-0.28765
-0.155501	-0.293559
-0.160351	-0.300438
-0.161324	-0.291973
-0.174905	-0.294061
-0.160207	-0.291217
-0.194552	-0.294495
-0.18783	-0.312818
-0.175233	-0.264686
-0.142372	-0.252952
-0.143594	-0.270936
-0.152835	-0.263507
-0.163051	-0.270378
-0.169103	-0.275462
-0.161167	-0.307326
-0.154274	-0.300359
-0.141515	-0.302844
-0.157556	-0.246739
-0.151883	-0.267684
-0.154559	-0.276571
-0.163417	-0.281106
-0.173474	-0.320101
-0.164582	-0.294578
-0.158757	-0.275468
-0.158186	-0.275532
-0.163554	-0.272589
-0.165075	-0.255722
-0.14644	-0.279966
-0.163372	-0.307524
-0.180974	-0.290272
-0.19401	-0.291815
-0.187354	-0.280321
-0.182473	-0.277618
-0.174447	-0.286418
-0.149497	-0.283377
-0.164006	-0.300219
-0.187051	-0.276907
-0.179132	-0.237429
-0.171071	-0.233206
-0.178119	-0.258955
-0.18205	-0.264924
-0.184573	-0.259519
-0.179549	-0.276624
-0.177598	-0.277973
-0.157559	-0.284045
-0.158745	-0.284515
-0.183015	-0.319874
-0.168889	-0.300784
-0.193411	-0.257473
-0.171814	-0.257523
-0.178528	-0.268498
-0.195551	-0.262029
-0.197466	-0.270321
-0.197417	-0.269005
-0.240989	-0.273404
-0.244772	-0.257844
-0.216197	-0.271921
-0.184902	-0.330949
-0.173807	-0.296897
-0.163148	-0.352368
-0.15139	-0.325569
-0.144923	-0.310918
-0.121487	-0.288022
-0.154483	-0.320354
-0.14569	-0.325585
-0.142787	-0.306538
-0.141248	-0.293721
-0.137837	-0.293284
-0.15834	-0.254616
-0.169415	-0.256738
-0.169456	-0.266955
-0.170438	-0.247821
-0.165816	-0.269917
-0.127108	-0.272994
-0.131806	-0.299266
-0.112687	-0.28131
-0.107915	-0.289664
-0.103276	-0.303513
-0.107211	-0.323554
-0.102212	-0.341478
-0.104983	-0.317125
-0.0990395	-0.329947
-0.0864021	-0.320012
-0.120111	-0.327833
-0.109635	-0.298449
-0.12386	-0.29088
-0.143408	-0.293428
-0.151585	-0.304028
-0.14661	-0.297974
-0.173921	-0.268922
-0.160497	-0.280174
-0.171687	-0.291233
-0.162572	-0.284533
-0.157097	-0.276865
-0.147935	-0.278169
-0.150987	-0.290547
-0.15047	-0.287728
-0.164426	-0.284475
-0.169892	-0.274546
-0.191403	-0.271248
-0.186773	-0.275673
-0.168882	-0.292303
-0.147959	-0.301787
-0.166623	-0.28652
-0.161789	-0.25449
-0.157814	-0.300263
-0.145513	-0.26294
-0.156903	-0.27413
-0.155261	-0.264064
-0.178392	-0.276887
-0.148194	-0.252919
-0.153314	-0.271488
-0.157236	-0.277957
-0.167847	-0.288416
-0.176883	-0.286313
-0.141175	-0.293081
-0.176344	-0.279232
-0.177048	-0.279796
-0.176226	-0.277497
-0.168446	-0.267009
-0.176285	-0.258118
-0.173021	-0.270779
-0.173256	-0.269139
-0.184597	-0.279186
-0.173134	-0.279677
-0.162193	-0.286239
-0.171726	-0.284187
-0.130831	-0.270599
-0.125646	-0.273697
-0.121958	-0.271458
-0.117495	-0.277758
-0.102169	-0.290624
-0.0938453	-0.304743
-0.0895267	-0.315191
-0.0937919	-0.305634
-0.0987629	-0.320383
-0.119153	-0.313952
-0.117968	-0.307428
-0.133868	-0.316136
-0.108338	-0.304718
-0.0929927	-0.308871
-0.0754526	-0.338579
-0.0337736	-0.326844
-0.0309427	-0.326368
-0.0398198	-0.333834
-0.0476641	-0.333766
-0.087719	-0.3187
-0.0694782	-0.32164
-0.075041	-0.342774
-0.0693287	-0.366887
-0.043667	-0.349611
-0.0493347	-0.338241
-0.054147	-0.324712
-0.0572661	-0.295358
-0.0378803	-0.310847
-0.0481549	-0.315021
-0.0414186	-0.304423
-0.0156908	-0.322213
0.0167282	-0.360273
0.0113985	-0.340018
0.0175351	-0.346611
0.00753903	-0.350452
0.022182	-0.331699
0.0218104	-0.329697
0.0212741	-0.332218
0.020245	-0.354798
0.0254936	-0.310933
0.020617	-0.308728
0.0238752	-0.312109
0.0213491	-0.317804
0.0436221	-0.301033
0.0473966	-0.293004
0.0475303	-0.303698
0.0751595	-0.30676
0.0741574	-0.299928
0.0665558	-0.303443
0.0817296	-0.291982
0.0851944	-0.301856
0.0938209	-0.316717
0.103183	-0.307964
0.10533	-0.297473
0.10413	-0.286554
0.118734	-0.306626
0.115807	-0.295101
0.117571	-0.299682
0.132856	-0.301804
0.153921	-0.287336
0.173078	-0.281928
0.184545	-0.292626
0.171092	-0.280435
0.136225	-0.2986
0.137039	-0.282009
0.139335	-0.289439
0.128171	-0.294687
0.146707	-0.240145
0.153646	-0.275978
0.143505	-0.31607
0.115342	-0.326619
0.106946	-0.320397
0.0953463	-0.330344
0.0927876	-0.321434
0.0897368	-0.326808
0.0981086	-0.306141
0.0962543	-0.30982
0.1012	-0.325
0.0970854	-0.30719
0.0785099	-0.298381
0.0831696	-0.342143
0.0680614	-0.289715
0.0794503	-0.312652
0.0597079	-0.291999
0.0979504	-0.311526
0.0886454	-0.315105
0.112277	-0.296973
0.130582	-0.306692
0.135367	-0.293636
0.14763	-0.290916
0.144097	-0.310523
0.134286	-0.310726
0.133447	-0.310166
0.162331	-0.269069
0.157803	-0.243964
0.183323	-0.246581
0.189695	-0.257159
0.175759	-0.250309
0.182459	-0.258864
0.192146	-0.25796
0.201177	-0.256387
0.216993	-0.257363
0.213742	-0.253819
0.203057	-0.198789
0.195053	-0.205836
0.238581	-0.219923
0.207621	-0.224762
0.21053	-0.200728
0.212751	-0.218029
0.232975	-0.212201
0.244709	-0.200402
0.24881	-0.202963
0.264751	-0.212483
0.264691	-0.240553
0.259832	-0.260601
0.228436	-0.252008
0.244402	-0.223142
0.246604	-0.224375
0.25394	-0.234972
0.242426	-0.23547
0.246251	-0.226958
0.247355	-0.195362
0.240875	-0.172964
0.249006	-0.190028
0.246464	-0.190946
0.252409	-0.196258
0.26565	-0.194138
0.262921	-0.19321
0.246399	-0.18922
0.267233	-0.165907
0.262157	-0.180761
0.279402	-0.172592
0.295382	-0.178602
0.266506	-0.208553
0.253705	-0.210152
0.255952	-0.21051
0.267762	-0.213693
0.262201	-0.208811
0.245035	-0.226827
0.246747	-0.221266
0.236442	-0.25807
0.245685	-0.248254
0.214208	-0.223383
0.245441	-0.2011
0.245374	-0.202508
0.258559	-0.223924
0.24481	-0.243441
0.236448	-0.241449
0.230488	-0.268735
0.207973	-0.273346
0.188248	-0.215057
0.199198	-0.230738
0.2201	-0.221249
0.226565	-0.223947
0.238996	-0.205275
0.258783	-0.195548
0.282986	-0.195795
0.285429	-0.197071
0.310933	-0.164419
0.298749	-0.149056
0.295403	-0.137519
0.293175	-0.154991
0.270941	-0.16558
0.299938	-0.187936
0.255408	-0.194738
0.258991	-0.207818
0.227818	-0.224192
0.232162	-0.226086
0.238007	-0.241455
0.25492	-0.238787
0.263871	-0.26748
0.280831	-0.247586
0.262242	-0.233089
0.252758	-0.225557
0.206203	-0.219933
0.223462	-0.22261
0.21253	-0.223894
0.23347	-0.196178
0.269509	-0.210507
0.235831	-0.189929
0.249049	-0.192751
0.270517	-0.203524
0.22911	-0.173363
0.207944	-0.230487
0.240037	-0.218464
0.219598	-0.235662
0.243424	-0.225351
0.247683	-0.193489
0.247597	-0.194138
0.273467	-0.162716
0.264363	-0.188
0.267972	-0.204467
0.279292	-0.192063
0.280821	-0.168088
0.272004	-0.158666
0.279833	-0.149481
0.283763	-0.136788
0.294326	-0.13071
0.295887	-0.134165
0.269899	-0.136777
0.261454	-0.138739
0.261062	-0.140914
0.288767	-0.174589
0.284341	-0.171668
0.273474	-0.161368
0.289114	-0.179873
0.294977	-0.20488
0.279188	-0.204908
0.272671	-0.194022
0.285742	-0.191263
0.27068	-0.196801
0.272894	-0.199469
0.24583	-0.198864
0.220628	-0.192538
0.232839	-0.206659
0.238996	-0.189955
0.246319	-0.204734
0.225477	-0.227413
0.237274	-0.2268
0.234913	-0.227438
0.234	-0.258759
0.217152	-0.266087
0.219068	-0.258164
0.202911	-0.239185
0.202735	-0.269729
0.183415	-0.261017
0.189104	-0.248041
0.210612	-0.280382
0.211892	-0.251721
0.187257	-0.241517
0.178137	-0.250817
0.198533	-0.261227
0.197845	-0.261096
0.196101	-0.2357
0.217008	-0.245431
0.210782	-0.230796
0.216519	-0.234787
0.16446	-0.25625
0.179218	-0.254788
0.155661	-0.232287
0.15921	-0.252768
0.174164	-0.228453
0.129545	-0.21262
0.149785	-0.262727
0.134876	-0.254586
0.149714	-0.259745
0.165073	-0.24208
0.186837	-0.273636
0.172341	-0.272692
0.229332	-0.243393
0.228734	-0.241217
0.226177	-0.266318
0.177804	-0.240267
0.183678	-0.236361
0.193246	-0.25306
0.19339	-0.257519
0.193025	-0.246077
0.19003	-0.240784
0.196013	-0.249871
0.204664	-0.250593
0.206703	-0.265115
0.204074	-0.26138
0.215339	-0.23753
0.201668	-0.205078
0.215507	-0.219139
0.202051	-0.268444
0.196296	-0.248562
0.179565	-0.283133
0.14558	-0.300046
0.143652	-0.303419
0.113515	-0.267061
0.110188	-0.280365
0.106505	-0.280664
0.105504	-0.282947
0.0952346	-0.300519
0.109439	-0.299954
0.137882	-0.295768
0.129963	-0.292629
0.159026	-0.279242
0.14183	-0.27639
0.140802	-0.279167
0.154428	-0.266193
0.157775	-0.289562
0.144869	-0.270716
0.141826	-0.276307
0.14615	-0.286858
0.141132	-0.310473
0.161929	-0.317999
0.131501	-0.307611
0.137571	-0.319661
0.117613	-0.32551
0.111295	-0.319763
0.114989	-0.311716
0.120678	-0.300479
0.16494	-0.31867
0.165135	-0.310094
0.153772	-0.314843
0.156208	-0.314449
0.149958	-0.306039
0.142851	-0.26504
0.137766	-0.283082
0.172256	-0.292403
0.146508	-0.2554
0.122429	-0.25474
0.134173	-0.27841
0.137773	-0.286749
0.15303	-0.26315
0.143779	-0.268769
0.15166	-0.270967
0.194827	-0.304988
0.185783	-0.256362
0.191273	-0.241969
0.203446	-0.228253
0.190766	-0.237499
0.219867	-0.241942
0.222008	-0.241302
0.210963	-0.249117
0.211305	-0.249163
0.213313	-0.248988
0.209987	-0.259467
0.210175	-0.239638
0.206857	-0.241754
0.224845	-0.272313
0.217643	-0.228653
0.268351	-0.243911
0.261159	-0.234817
0.253778	-0.21828
0.242512	-0.23638
0.236981	-0.228478
0.223984	-0.248069
0.222055	-0.246239
0.242018	-0.211598
0.247523	-0.210247
0.266623	-0.210644
0.26274	-0.194392
0.284358	-0.198544
0.291451	-0.15873
0.295317	-0.152247
0.319424	-0.179349
0.304316	-0.17124
0.308298	-0.141937
0.306243	-0.136273
0.301832	-0.134347
0.311833	-0.123169
0.329258	-0.0909126
0.269419	-0.100933
0.221377	-0.0758161
0.272325	-0.0862174
0.335943	-0.118769
0.297183	-0.0903677
0.298446	-0.0964248
0.302201	-0.100095
0.332478	-0.106334
0.305079	-0.104748
0.266076	-0.119401
0.282256	-0.12625
0.288991	-0.129729
0.275926	-0.134987
0.289992	-0.15504
0.273029	-0.139718
0.260819	-0.179134
0.274276	-0.138861
0.297321	-0.156647
0.277945	-0.184068
0.261437	-0.164996
0.281996	-0.161304
0.287438	-0.160457
0.354666	-0.130088
0.335647	-0.100895
0.326856	-0.0815144
0.321327	-0.081019
0.328052	-0.0857973
0.322758	-0.0726233
0.289916	-0.0660462
0.311634	-0.0588954
0.344034	-0.0424925
0.358668	-0.0383275
0.343848	-0.036238
0.334162	-0.0192122
0.365168	-0.0146369
0.34054	-0.0066845
0.307457	-0.0235329
0.311097	-0.0154707
0.32028	-0.00460124
0.302074	0.00444309
0.324055	0.00212839
0.328181	0.00296511
0.331939	0.0120612
0.333538	0.0140811
0.333929	0.0130937
0.321098	-0.00660267
0.332829	-0.0232544
0.32188	-0.00197788
0.323612	-0.000214076
0.336794	0.00838679
0.326609	0.00710121
0.336743	0.0127168
0.353137	0.01854
0.352296	0.0116291
0.389262	0.0130488
0.344126	0.0169512
0.307604	0.05421
0.300846	0.0769436
0.344644	0.0643482
0.333483	0.0622233
0.335946	0.0595181
0.33065	0.0599853
0.327754	0.0335037
0.355118	0.0316695
0.344911	0.0313486
0.335768	0.0323803
0.330551	0.0319101
0.331622	0.0426549
0.316978	0.0249079
0.323533	0.0288438
0.331494	0.0809162
0.327347	0.0955223
0.321093	0.0672416
0.336502	0.0725374
0.307111	0.135142
0.296549	0.167605
0.288957	0.186531
0.288848	0.194603
0.282038	0.186238
0.276609	0.183469
0.273461	0.182807
0.30388	0.198455
0.304116	0.190262
0.303218	0.18455
0.261	0.15711
0.277687	0.149402
0.283283	0.157964
0.271314	0.168006
0.298031	0.155589
0.276014	0.153253
0.206236	0.169919
0.202165	0.188739
0.216274	0.202933
0.164932	0.221124
0.179972	0.243824
0.201246	0.274692
0.19494	0.268452
0.168319	0.265441
0.23054	0.262611
0.217705	0.249498
0.219081	0.240989
0.204619	0.243006
0.210246	0.25674
0.211834	0.247991
0.212733	0.227623
0.201089	0.258096
0.203657	0.264729
0.199764	0.255568
0.195619	0.249244
0.202631	0.255387
0.167946	0.266273
0.186338	0.29813
0.185899	0.266444
0.144928	0.243607
0.120136	0.301666
0.100914	0.302594
0.0871802	0.360773
0.108243	0.31986
0.105976	0.30314
0.0970001	0.298199
0.122811	0.27856
0.116491	0.295287
0.123315	0.272922
0.130251	0.285029
0.143229	0.329401
0.161006	0.283668
0.180798	0.291715
0.176597	0.269076
0.190413	0.254554
0.224286	0.265289
0.221781	0.249014
0.216938	0.24437
0.223473	0.239411
0.223849	0.239126
0.195268	0.224751
0.208137	0.243908
0.194262	0.245614
0.195414	0.257925
0.203913	0.266487
0.191047	0.243569
0.194231	0.251368
0.175259	0.265678
0.194004	0.265982
0.203429	0.273557
0.197712	0.280544
0.186433	0.272534
0.177329	0.282344
0.162466	0.307774
0.157038	0.313286
0.151972	0.303123
0.138664	0.255899
0.153198	0.265338
0.135197	0.285398
0.136757	0.2788
0.107204	0.302825
0.100019	0.298661
0.10089	0.297587
0.107884	0.301983
0.0792945	0.362298
0.0682223	0.301349
0.0770573	0.314902
0.0700523	0.319213
0.0686382	0.307462
0.0966845	0.34486
0.0984223	0.337982
0.0858416	0.304063
0.0721602	0.312971
0.0734238	0.3404
0.068761	0.334672
0.0624726	0.335788
0.0689446	0.373155
0.0638369	0.347223
0.0615694	0.354246
0.0549524	0.339639
0.0372822	0.312203
0.0471005	0.317022
0.0414026	0.315837
0.0869914	0.334852
0.0845842	0.283745
0.0647491	0.313485
0.0596097	0.310486
0.0564845	0.315717
0.0155459	0.326546
0.0130332	0.32276
0.029592	0.313935
0.0401627	0.314696
0.0115073	0.32118
0.00123666	0.291499
0.00481356	0.333394
-0.0124654	0.325036
0.007088	0.331818
0.0102494	0.335021
-0.0124573	0.318657
-0.00819211	0.33126
-0.00456389	0.33098
-0.026314	0.342703
-0.00307319	0.320248
-0.0123915	0.316455
-0.0193455	0.314022
-0.0179972	0.345473
-0.0319771	0.323061
-0.0438861	0.338178
-0.0366651	0.340162
-0.098144	0.329395
-0.107367	0.322342
-0.118966	0.304302
-0.170874	0.285345
-0.149199	0.319394
-0.128161	0.319495
-0.160061	0.327216
-0.152772	0.325611
-0.143901	0.308917
-0.125539	0.305276
-0.109737	0.317086
-0.106709	0.281309
-0.111102	0.292048
-0.0842659	0.325291
-0.0634107	0.336589
-0.0577833	0.320147
-0.0556954	0.323262
-0.0717953	0.326714
-0.0709643	0.33065
-0.0536336	0.307084
-0.0588466	0.30032
-0.0586376	0.306431
-0.0603975	0.313842
-0.041833	0.367721
-0.0116565	0.357256
-0.0110565	0.343658
-0.00749665	0.335949
0.00894167	0.30719
0.0159705	0.329875
0.0267862	0.340108
0.0159448	0.350052
0.0218976	0.340813
0.0141394	0.314143
0.00518389	0.282447
0.00252199	0.295762
0.00109386	0.31146
0.0537301	0.308891
0.0369368	0.313681
0.0372756	0.327081
0.043508	0.332163
0.0248024	0.359264
0.0312833	0.353887
0.0184446	0.315541
0.0313935	0.319564
0.0401539	0.318035
0.0474505	0.338914
0.0389259	0.330299
0.0677122	0.318663
0.0639313	0.324798
0.0583165	0.336502
0.0455702	0.340324
0.0262167	0.301804
0.0454878	0.291621
0.04723	0.33315
0.0421567	0.33294
0.0624775	0.32409
0.0440466	0.271826
0.0326084	0.28254
0.0302496	0.305514
0.0241918	0.326436
0.0050503	0.315435
0.0014384	0.321409
-0.0272943	0.318262
-0.016453	0.329764
-0.00522524	0.331594
0.0394088	0.316252
0.0309817	0.336791
0.0511453	0.32426
0.0511598	0.316836
0.050721	0.3191
0.0770864	0.320452
0.0949305	0.323723
0.093445	0.31382
0.0904688	0.316986
0.0975638	0.317248
0.0742643	0.343642
0.0900052	0.298169
0.0559889	0.345933
0.0388425	0.338122
0.0361502	0.334577
0.0669161	0.361449
0.0649776	0.349011
0.0631825	0.335916
0.0313889	0.355942
0.0335508	0.337966
0.0386063	0.337757
0.021777	0.337968
0.0293235	0.321277
0.0240572	0.310888
0.0219382	0.321636
0.0349044	0.340784
0.0335317	0.332492
0.0289875	0.321249
0.023274	0.31322
0.0251627	0.272237
-0.0286563	0.290881
-0.0408922	0.304721
-0.0434095	0.315119
-0.0379982	0.324789
-0.0390902	0.329433
-0.035579	0.330978
-0.0302926	0.310709
-0.0173618	0.316349
-0.0192645	0.308993
0.0256692	0.306311
0.0249692	0.316592
0.0175855	0.324295
0.000271166	0.369144
5.66053e-06	0.348403
-0.0219513	0.342503
-0.032233	0.339398
-0.0314816	0.331062
-0.0375958	0.31565
-0.0394951	0.316266
-0.0350058	0.313514
-0.0469135	0.328352
-0.0438953	0.301395
-0.0370609	0.313649
-0.0375532	0.32002
-0.0636836	0.33738
-0.0571639	0.342382
-0.0659725	0.364836
-0.0452604	0.343813
-0.00259007	0.325558
0.0393465	0.343165
-0.00732829	0.27639
-0.0137555	0.311624
-0.0173426	0.339529
-0.0136287	0.334373
-0.0610116	0.335378
-0.028428	0.322373
-0.0310351	0.323077
-0.0147487	0.361435
-0.00227034	0.384428
-0.00186193	0.365294
0.0121773	0.35461
0.0154292	0.299361
0.0238442	0.298796
0.062526	0.316525
0.080889	0.347806
0.0628979	0.329723
0.0721601	0.29275
0.0704897	0.311158
0.0700157	0.314474
0.0697211	0.309093
0.0384339	0.29211
0.04045	0.308252
0.0192013	0.338601
-0.00107887	0.339095
-0.00553619	0.371682
-0.00546555	0.348559
-0.00103932	0.321321
0.0081053	0.363551
0.00567352	0.35869
-0.00149447	0.337276
-6.1432e-05	0.335025
-0.0148214	0.335007
-0.0139281	0.330272
-0.0387519	0.300386
-0.0316034	0.301586
-0.0774519	0.292789
-0.053506	0.317942
-0.0143873	0.2681
-0.0167992	0.296989
-0.0171886	0.361959
-0.0349241	0.340148
-0.03432	0.344643
-0.0361896	0.334107
-0.0634159	0.341824
-0.0542465	0.333772
-0.0585672	0.34878
-0.0626302	0.357199
-0.0581017	0.339437
-0.0719833	0.382559
-0.0620125	0.353164
-0.0570896	0.31065
-0.0269898	0.343374
-0.0188527	0.300878
-0.0179883	0.320143
-0.0479262	0.309229
-0.0496035	0.317068
-0.0638497	0.330125
-0.0597469	0.327972
-0.058314	0.325949
-0.0743626	0.352654
-0.0785759	0.302298
-0.0838631	0.323832
-0.0558293	0.333205
-0.0503101	0.325284
-0.0638147	0.308925
-0.069642	0.31329
-0.0764785	0.32722
-0.0727415	0.324984
-0.0818378	0.378422
-0.124412	0.387147
-0.111481	0.340737
-0.0629735	0.319447
-0.0723381	0.324034
-0.066628	0.313883
-0.0544381	0.352742
-0.0831146	0.350488
-0.105412	0.301588
-0.116429	0.303737
-0.0705382	0.298319
-0.0683096	0.298078
-0.0453119	0.303448
-0.0282247	0.338982
0.00296165	0.337036
-8.65753e-05	0.324799
-0.0104316	0.312347
-0.0116034	0.313371
-0.0209801	0.340076
-0.015333	0.337237
-0.0117037	0.327564
0.0261265	0.314324
0.0447276	0.307668
0.0312756	0.320132
0.0329211	0.323075
0.0240617	0.3194
0.0880292	0.315002
0.0798102	0.320539
0.0781267	0.309622
0.101779	0.301927
0.123634	0.305617
0.0986552	0.269729
0.112287	0.318017
0.13427	0.295732
0.104258	0.278903
0.0729734	0.277173
0.0576343	0.32516
0.0531377	0.332078
0.00830066	0.349803
0.0252569	0.337385
0.00098761	0.384466
-0.0122773	0.358692
-0.00586882	0.331534
-0.00258922	0.342291
-0.036189	0.314372
-0.0575179	0.315554
-0.0636857	0.31515
-0.037323	0.334885
-0.0471955	0.32268
-0.0463204	0.31897
-0.0461311	0.328295
-0.0486336	0.324409
-0.0463	0.331152
-0.0491624	0.293913
-0.0202318	0.30942
-0.0163095	0.32058
-0.0165585	0.323749
-0.0183008	0.323409
-0.017283	0.289218
-0.0185361	0.306749
0.0347981	0.314903
0.0242831	0.396797
0.0470097	0.349919
0.0237164	0.334432
0.0282869	0.33302
-0.0183238	0.3381
-0.0298819	0.312851
-0.0340705	0.348941
-0.0324423	0.33891
-0.0584705	0.323136
-0.0895359	0.333017
-0.109584	0.33175
-0.110858	0.311915
-0.106447	0.315335
-0.10887	0.311936
-0.075914	0.286807
-0.0694772	0.302932
-0.0821064	0.291988
-0.0914436	0.275766
-0.136561	0.241563
-0.152656	0.278901
-0.165961	0.28929
-0.184397	0.282894
-0.183198	0.292314
-0.171939	0.28885
-0.171051	0.269219
-0.172878	0.267366
-0.174921	0.280715
-0.157678	0.290949
-0.142028	0.30525
-0.139387	0.310623
-0.144882	0.316992
-0.130328	0.273057
-0.134463	0.271629
-0.154467	0.285619
-0.165516	0.277035
-0.167632	0.279605
-0.16721	0.28465
-0.164064	0.306006
-0.154235	0.329504
-0.140546	0.283686
-0.12963	0.271745
-0.148491	0.314211
-0.16169	0.301273
-0.171684	0.307999
-0.161518	0.296178
-0.208345	0.265004
-0.208683	0.278765
-0.205943	0.282901
-0.202577	0.283225
-0.166955	0.320525
-0.158136	0.290779
-0.17325	0.32951
-0.165061	0.310386
-0.150061	0.296652
-0.148724	0.294887
-0.142605	0.317044
-0.130457	0.316878
-0.12752	0.309459
-0.0994445	0.333781
-0.0948787	0.29881
-0.0992648	0.320736
-0.0893589	0.31621
-0.0663695	0.329702
-0.0770177	0.334235
-0.0537598	0.291137
-0.0429011	0.336399
-0.0415483	0.327805
-0.040534	0.308662
-0.0457857	0.321458
-0.0460311	0.324188
-0.074543	0.373918
-0.081573	0.348485
-0.0945313	0.345423
-0.0852732	0.333748
-0.0876492	0.323304
-0.106284	0.326463
-0.102698	0.320103
-0.0990507	0.318768
-0.113603	0.253737
-0.142246	0.248783
-0.156628	0.293409
-0.173477	0.304957
-0.172848	0.295475
-0.140941	0.288662
-0.15606	0.301214
-0.156706	0.316193
-0.147868	0.294922
-0.117518	0.269
-0.112439	0.255546
-0.131015	0.27964
-0.129499	0.287722
-0.132789	0.293183
-0.131886	0.325772
-0.114455	0.331397
-0.0919879	0.343124
-0.0882045	0.331118
-0.0840052	0.309307
-0.0914032	0.314764
-0.0869543	0.288584
-0.0880528	0.307092
-0.0790969	0.306727
-0.077246	0.316623
-0.116511	0.32536
-0.109539	0.298873
-0.11024	0.298354
-0.14448	0.342402
-0.136167	0.312825
-0.1599	0.289448
-0.165905	0.283536
-0.148672	0.31142
-0.145695	0.294283
-0.114455	0.266634
-0.138102	0.276614
-0.142969	0.283535
-0.137063	0.283775
-0.153354	0.287567
-0.155404	0.288974
-0.208987	0.332881
-0.197727	0.297921
-0.171677	0.26319
-0.181633	0.277247
-0.178232	0.265126
-0.177448	0.268614
-0.186945	0.283832
-0.188431	0.27901
-0.178254	0.289919
-0.16919	0.290866
-0.191592	0.28502
-0.186447	0.278005
-0.187368	0.285456
-0.192387	0.261425
-0.189254	0.227412
-0.183889	0.231315
-0.188571	0.210028
-0.20287	0.220998
-0.224534	0.195581
-0.237932	0.19172
-0.271544	0.187131
-0.301891	0.176046
-0.286206	0.182161
-0.269014	0.194082
-0.26704	0.219641
-0.224299	0.277706
-0.188995	0.293499
-0.203016	0.284455
-0.205727	0.267391
-0.195541	0.272955
-0.18359	0.241771
-0.209665	0.191082
-0.205579	0.195364
-0.225489	0.210021
-0.240835	0.176407
-0.247411	0.184264
-0.268438	0.184126
-0.258628	0.185659
-0.260662	0.153216
-0.246503	0.162546
-0.255	0.145249
-0.278599	0.160243
-0.289412	0.167036
-0.271917	0.146807
-0.289628	0.1364
-0.273358	0.128374
-0.280533	0.173367
-0.290098	0.180423
-0.235703	0.17393
-0.238467	0.154379
-0.263066	0.16415
-0.261521	0.147753
-0.289454	0.134862
-0.307628	0.149896
-0.284853	0.15815
-0.307547	0.159822
-0.308484	0.192106
-0.299555	0.164864
-0.289799	0.17732
-0.273484	0.164824
-0.273909	0.169773
-0.257543	0.157324
-0.274123	0.165222
-0.294687	0.177315
-0.291391	0.171007
-0.321402	0.204042
-0.283974	0.184737
-0.286345	0.18658
-0.262869	0.198719
-0.2749	0.236779
-0.245645	0.278658
-0.228274	0.265818
-0.192728	0.248842
-0.19406	0.239987
-0.223188	0.244873
-0.236888	0.244155
-0.224642	0.228614
-0.225323	0.235766
-0.219938	0.231388
-0.215337	0.237865
-0.203246	0.28195
-0.205089	0.278283
-0.18718	0.284248
-0.183206	0.295189
-0.180363	0.269403
-0.203744	0.255505
-0.243937	0.284523
-0.227627	0.259048
-0.221603	0.270378
-0.213682	0.259587
-0.199164	0.238967
-0.202477	0.237755
-0.214412	0.224154
-0.213522	0.240284
-0.216726	0.245115
-0.227416	0.223921
-0.228789	0.225311
-0.239331	0.231483
-0.211931	0.242573
-0.24398	0.211875
-0.248326	0.217053
-0.213219	0.228792
-0.213376	0.240554
-0.209881	0.235083
-0.215299	0.239347
-0.226939	0.234968
-0.231123	0.239855
-0.189077	0.204164
-0.195166	0.225194
-0.208843	0.221118
-0.236509	0.226272
-0.236739	0.221342
-0.235402	0.222231
-0.202737	0.228572
-0.231955	0.248492
-0.230023	0.249256
-0.218221	0.246383
-0.217868	0.245529
-0.163592	0.217291
-0.175565	0.23796
-0.188468	0.278487
-0.182133	0.283319
-0.174338	0.270418
-0.185012	0.292143
-0.172722	0.261243
-0.178869	0.261497
-0.174292	0.292436
-0.171319	0.260769
-0.163807	0.298774
-0.169463	0.329521
-0.168447	0.305951
-0.162358	0.2966
-0.153835	0.275245
-0.155711	0.276795
-0.174703	0.282093
-0.190714	0.289323
-0.187392	0.288689
-0.17581	0.284992
-0.1396	0.294209
-0.157584	0.286444
-0.169059	0.271512
-0.163453	0.246854
-0.171006	0.263256
-0.179244	0.252708
-0.181112	0.260825
-0.200265	0.252128
-0.173801	0.237904
-0.220827	0.275189
-0.240286	0.261888
-0.229538	0.254743
-0.19921	0.253282
-0.174448	0.275995
-0.206825	0.260593
-0.194379	0.27261
-0.156169	0.268771
-0.139417	0.318697
-0.127485	0.306529
-0.0956602	0.312567
-0.116401	0.329964
-0.11326	0.286675
-0.11077	0.306884
-0.117567	0.295526
-0.110296	0.344247
-0.109134	0.308005
-0.125936	0.299367
-0.125076	0.272497
-0.134631	0.289194
-0.118445	0.263222
-0.141629	0.294612
-0.168692	0.290506
-0.166855	0.287282
-0.155112	0.296607
-0.1422	0.290606
-0.140959	0.291232
-0.156878	0.304983
-0.153364	0.301095
-0.159668	0.277231
-0.136773	0.276251
-0.148626	0.288052
-0.181711	0.292027
-0.152729	0.283233
-0.171963	0.286148
-0.170524	0.290394
-0.166945	0.286892
-0.171494	0.304527
-0.160521	0.299416
-0.147238	0.274494
-0.146453	0.283138
-0.161793	0.304618
-0.190249	0.30347
-0.17785	0.264153
-0.155834	0.262225
-0.117977	0.257485
-0.144847	0.298818
-0.139606	0.301488
-0.140281	0.298838
-0.142916	0.300607
-0.104724	0.30571
-0.10668	0.308686
-0.0765818	0.337686
-0.0408555	0.317383
-0.0495484	0.319333
-0.0464704	0.318114
-0.0237843	0.327232
0.00312936	0.303091
-0.0047572	0.344519
-0.0056002	0.339124
-0.0015956	0.370514
-0.00711446	0.328372
-0.0180347	0.338477
-0.0205749	0.334727
0.0157572	0.391028
0.0273009	0.358732
0.0187649	0.35966
0.0185598	0.347145
0.0160913	0.354486
0.00455202	0.335808
0.0155422	0.299982
0.0255534	0.318791
-0.0225938	0.357897
-0.0179079	0.348132
-0.0847185	0.315537
-0.0725383	0.327211
-0.0568449	0.341918
-0.033441	0.325268
-0.0425061	0.320401
-0.0432098	0.321923
-0.0410816	0.356509
-0.0507389	0.34944
-0.0788177	0.33802
-0.0777486	0.326079
-0.0746037	0.320188
-0.0515274	0.348959
-0.0496845	0.335842
-0.040901	0.375981
-0.0366945	0.360652
-0.0397344	0.352803
-0.0375096	0.348761
-0.042152	0.321046
-0.0635671	0.333915
-0.106227	0.305544
-0.0911772	0.313548
-0.0767422	0.312164
-0.081454	0.300126
-0.0868838	0.267644
-0.0944991	0.261622
-0.128851	0.299452
-0.136112	0.283794
-0.130734	0.292121
-0.130487	0.299153
-0.117912	0.274145
-0.154798	0.274707
-0.157559	0.281131
-0.152275	0.338447
-0.150048	0.337353
-0.13911	0.318681
-0.13978	0.335235
-0.158327	0.286311
-0.166373	0.276042
-0.188859	0.304115
-0.167856	0.297422
-0.164276	0.291023
-0.169535	0.282299
-0.175655	0.268274
-0.175934	0.294246
-0.172301	0.271177
-0.153255	0.292697
-0.151641	0.271648
-0.123751	0.309449
-0.132274	0.313557
-0.142467	0.280294
-0.139032	0.250859
-0.15591	0.274833
-0.154895	0.279292
-0.133153	0.288058
-0.164447	0.295879
-0.175176	0.292542
-0.17279	0.283827
-0.151854	0.296066
-0.137655	0.285246
-0.141943	0.294422
-0.163047	0.276706
-0.156838	0.258196
-0.173587	0.314155
-0.129434	0.351903
-0.13619	0.314723
-0.117746	0.270712
-0.143503	0.300989
-0.180094	0.287736
-0.139736	0.272358
-0.130713	0.282918
-0.135071	0.279685
-0.157142	0.278651
-0.166895	0.286352
-0.166767	0.296215
-0.202491	0.308216
-0.185316	0.282154
-0.224792	0.311873
-0.203874	0.292972
-0.176645	0.265232
-0.177783	0.268797
-0.194049	0.284881
-0.162588	0.29307
-0.14779	0.29376
-0.14401	0.291977
-0.151446	0.301821
-0.160033	0.31121
-0.148327	0.337262
-0.120576	0.324508
-0.112804	0.279002
-0.132228	0.319759
-0.133697	0.311931
-0.120381	0.293889
-0.125569	0.297215
-0.126183	0.305766
-0.129084	0.300539
-0.114698	0.306443
-0.121732	0.320641
-0.15676	0.302995
-0.158506	0.321908
-0.147337	0.317289
-0.119227	0.294798
-0.123632	0.309179
-0.127291	0.28815
-0.107508	0.284265
-0.12102	0.320866
-0.154876	0.310553
-0.189319	0.286558
-0.162001	0.266121
-0.165384	0.272205
-0.16535	0.267167
-0.148423	0.28421
-0.158187	0.277806
-0.152332	0.27474
-0.158385	0.276459
-0.161938	0.235146
-0.18154	0.250338
-0.190245	0.254413
-0.205695	0.248663
-0.215721	0.261621
-0.219602	0.265629
-0.223722	0.242781
-0.234731	0.233839
-0.222847	0.20464
-0.24541	0.208419
-0.253022	0.196184
-0.254229	0.200575
-0.263379	0.203628
-0.267273	0.183666
-0.261677	0.173534
-0.269855	0.202579
-0.285469	0.189832
-0.235796	0.205758
-0.246345	0.171767
-0.259105	0.182183
-0.26711	0.206599
-0.261548	0.221112
-0.281339	0.207444
-0.313926	0.174715
-0.297599	0.136928
-0.284477	0.125094
-0.293097	0.123277
-0.29047	0.116932
-0.291068	0.126937
-0.280853	0.119979
-0.290522	0.124325
-0.302995	0.126174
-0.294248	0.121565
-0.295625	0.125724
-0.303839	0.140343
-0.305661	0.126968
-0.306179	0.126565
-0.245315	0.109648
-0.277027	0.127018
-0.307074	0.110211
-0.308515	0.109346
-0.314651	0.0928161
-0.332118	0.0750503
-0.323747	0.0643943
-0.323319	0.0748306
-0.309336	0.0098042
-0.321902	0.00176303
-0.315593	-0.00418004
-0.330745	0.011798
-0.34681	0.0224586
-0.337459	0.018863
-0.335817	0.0109814
-0.344264	-0.00603001
-0.325033	-0.0217232
-0.311163	-0.0442973
-0.3192	-0.0515362
-0.310013	-0.0542075
-0.329876	-0.0463799
-0.33275	-0.045529
-0.332913	-0.0503311
-0.334652	-0.0639667
-0.327039	-0.0573632
-0.366221	-0.0531868
-0.344955	-0.0499073
-0.294105	0.00916457
-0.313593	0.019092
-0.339897	-0.0077245
-0.357848	-0.0328452
-0.348617	-0.0297962
-0.368219	-0.0198871
-0.352309	-0.0404087
-0.358529	-0.0450406
-0.3807	-0.044914
-0.358135	-0.0460008
-0.337686	-0.0488166
-0.303649	-0.0123587
-0.298188	0.00346886
-0.325909	-0.00377688
-0.338215	-0.0115261
-0.35818	-0.0126071
-0.381061	0.00374977
-0.342379	-0.0191137
-0.305879	-0.020148
-0.309895	-0.0109471
-0.313639	0.00502789
-0.322786	-0.00312033
-0.308704	-0.0363719
-0.330165	-0.0242164
-0.330906	-0.0144383
-0.333286	-0.00197804
-0.338867	-0.0037113
-0.321724	0.00203664
-0.329733	0.0254352
-0.335585	0.00836576
-0.346698	-0.0111967
