#1 AntPos X	#2 AntPos Y	#3 Distance form nest	#4 Total Distance	#5 Total Y Distance
0.0135401	-0.0411443	0.0433149	0.0433149	-0.0411443
0.0446818	-0.0930522	0.103224	0.103224	-0.0930522
0.0735277	-0.177253	0.191898	0.191898	-0.177253
0.0962736	-0.268198	0.284954	0.284954	-0.268198
0.114877	-0.366125	0.383724	0.383724	-0.366125
0.126773	-0.458004	0.475226	0.475226	-0.458004
0.138368	-0.565476	0.582159	0.582159	-0.565476
0.14731	-0.663166	0.67933	0.67933	-0.663166
0.138625	-0.753033	0.765686	0.765686	-0.753033
0.113027	-0.850445	0.857923	0.857923	-0.850445
0.096339	-0.955353	0.960198	0.960198	-0.955353
0.07632	-1.05924	1.06198	1.06198	-1.05924
0.0580696	-1.15621	1.15767	1.15767	-1.15621
0.033568	-1.26242	1.26287	1.26287	-1.26242
0.0253766	-1.36679	1.36702	1.36702	-1.36679
0.0124845	-1.46546	1.46552	1.46552	-1.46546
-0.000364672	-1.5642	1.5642	1.5642	-1.5642
-0.0150102	-1.66904	1.66911	1.66911	-1.66904
-0.0265536	-1.76765	1.76785	1.76785	-1.76765
-0.0317831	-1.87434	1.87461	1.87461	-1.87434
-0.0489072	-1.96928	1.96989	1.96989	-1.96928
-0.0638803	-2.06951	2.07049	2.07049	-2.06951
-0.0807078	-2.17156	2.17306	2.17306	-2.17156
-0.0975475	-2.25948	2.26159	2.26159	-2.25948
-0.114626	-2.35342	2.35621	2.35621	-2.35342
-0.124162	-2.45489	2.45803	2.45803	-2.45489
-0.134627	-2.55102	2.55457	2.55457	-2.55102
-0.159003	-2.64562	2.65039	2.65039	-2.64562
-0.182896	-2.74538	2.75147	2.75147	-2.74538
-0.210359	-2.8387	2.84648	2.84648	-2.8387
-0.227522	-2.92757	2.9364	2.9364	-2.92757
-0.234752	-3.02413	3.03322	3.03322	-3.02413
-0.225684	-3.11563	3.1238	3.1238	-3.11563
-0.213862	-3.20748	3.2146	3.2146	-3.20748
-0.19869	-3.30804	3.314	3.314	-3.30804
-0.193889	-3.39765	3.40318	3.40318	-3.39765
-0.184442	-3.49179	3.49665	3.49665	-3.49179
-0.173184	-3.58891	3.59308	3.59308	-3.58891
-0.158838	-3.67839	3.68182	3.68182	-3.67839
-0.142379	-3.76666	3.76935	3.76935	-3.76666
-0.142452	-3.86346	3.86608	3.86608	-3.86346
-0.142645	-3.96259	3.96516	3.96516	-3.96259
-0.129814	-4.04904	4.05112	4.05112	-4.04904
-0.114843	-4.14447	4.14606	4.14606	-4.14447
-0.106939	-4.23717	4.23852	4.23852	-4.23717
-0.100394	-4.33474	4.33591	4.33591	-4.33474
-0.0913701	-4.42034	4.42128	4.42128	-4.42034
-0.082024	-4.52181	4.52256	4.52256	-4.52181
-0.0716412	-4.6215	4.62206	4.62206	-4.6215
-0.0389596	-4.71795	4.71811	4.71811	-4.71795
-0.00382113	-4.81863	4.81863	4.81863	-4.81863
0.0235038	-4.92171	4.92177	4.92177	-4.92171
0.0464954	-5.02389	5.0241	5.0241	-5.02389
0.0672315	-5.1289	5.12934	5.12934	-5.1289
0.0859943	-5.22976	5.23047	5.23047	-5.22976
0.0985843	-5.33696	5.33787	5.33787	-5.33696
0.105373	-5.44861	5.44963	5.44963	-5.44861
0.109423	-5.56451	5.56559	5.56559	-5.56451
0.110705	-5.67835	5.67943	5.67943	-5.67835
0.109091	-5.79113	5.79216	5.79216	-5.79113
0.115819	-5.89703	5.89817	5.89817	-5.89703
0.114354	-5.99801	5.9991	5.9991	-5.99801
0.106668	-6.09407	6.09501	6.09501	-6.09407
0.0873077	-6.19758	6.19819	6.19819	-6.19758
0.0634438	-6.30123	6.30155	6.30155	-6.30123
0.0381626	-6.3998	6.39991	6.39991	-6.3998
0.0180129	-6.5002	6.50023	6.50023	-6.5002
0.00102384	-6.59947	6.59947	6.59947	-6.59947
-0.0153306	-6.70566	6.70568	6.70568	-6.70566
-0.0273712	-6.811	6.81106	6.81106	-6.811
-0.035701	-6.91827	6.91836	6.91836	-6.91827
-0.0213392	-7.02167	7.02171	7.02171	-7.02167
0.00572619	-7.1043	7.10431	7.10431	-7.1043
0.0298217	-7.1948	7.19486	7.19486	-7.1948
0.0483563	-7.28959	7.28975	7.28975	-7.28959
0.0641123	-7.38579	7.38607	7.38607	-7.38579
0.0758486	-7.48542	7.48581	7.48581	-7.48542
0.0862032	-7.58275	7.58324	7.58324	-7.58275
0.0910806	-7.67609	7.67663	7.67663	-7.67609
0.0872404	-7.76799	7.76848	7.76848	-7.76799
0.082799	-7.8558	7.85624	7.85624	-7.8558
0.0850677	-7.96203	7.96248	7.96248	-7.96203
0.0857847	-8.06712	8.06757	8.06757	-8.06712
0.0805882	-8.16844	8.16884	8.16884	-8.16844
0.0754346	-8.26969	8.27004	8.27004	-8.26969
0.0713186	-8.3725	8.37281	8.37281	-8.3725
0.0660434	-8.47359	8.47385	8.47385	-8.47359
0.0603075	-8.57429	8.5745	8.5745	-8.57429
0.0620586	-8.67177	8.672	8.672	-8.67177
0.0606129	-8.77906	8.77927	8.77927	-8.77906
0.0404813	-8.88921	8.8893	8.8893	-8.88921
0.023351	-8.99307	8.9931	8.9931	-8.99307
-0.00522853	-9.10065	9.10065	9.10065	-9.10065
-0.0220163	-9.20106	9.20108	9.20108	-9.20106
-0.0447855	-9.30531	9.30541	9.30541	-9.30531
-0.0605956	-9.40864	9.40883	9.40883	-9.40864
-0.0646778	-9.50756	9.50778	9.50778	-9.50756
-0.0681606	-9.60781	9.60805	9.60805	-9.60781
-0.0724382	-9.70861	9.70888	9.70888	-9.70861
-0.0908628	-9.80471	9.80513	9.80513	-9.80471
-0.102692	-9.8889	9.88943	9.88943	-9.8889
-0.116384	-9.98058	9.98126	9.98126	-9.98058
-0.104205	-10.077	10.0775	10.0775	-10.077
-0.0930005	-10.1734	10.1738	10.1738	-10.1734
-0.0948635	-10.287	10.2875	10.2875	-10.287
-0.0924366	-10.3943	10.3947	10.3947	-10.3943
-0.0818008	-10.5023	10.5026	10.5026	-10.5023
-0.0692593	-10.6115	10.6117	10.6117	-10.6115
-0.0586914	-10.7158	10.716	10.716	-10.7158
-0.048707	-10.8183	10.8184	10.8184	-10.8183
-0.0404007	-10.9168	10.9169	10.9169	-10.9168
-0.031904	-11.014	11.014	11.014	-11.014
-0.0157779	-11.111	11.111	11.111	-11.111
-0.00702307	-11.2097	11.2097	11.2097	-11.2097
0.00594491	-11.2963	11.2963	11.2963	-11.2963
0.0191684	-11.3848	11.3848	11.3848	-11.3848
0.0242316	-11.4791	11.4791	11.4791	-11.4791
0.00934561	-11.6027	11.6027	11.6027	-11.6027
-0.00355549	-11.7146	11.7146	11.7146	-11.7146
-0.0171895	-11.8238	11.8238	11.8238	-11.8238
-0.0281582	-11.9285	11.9285	11.9285	-11.9285
-0.0318405	-12.0323	12.0323	12.0323	-12.0323
-0.0303222	-12.1345	12.1346	12.1346	-12.1345
-0.0377941	-12.2297	12.2297	12.2297	-12.2297
-0.0359919	-12.3257	12.3257	12.3257	-12.3257
-0.0371894	-12.4234	12.4234	12.4234	-12.4234
-0.0378955	-12.5195	12.5196	12.5196	-12.5195
-0.0371142	-12.6187	12.6187	12.6187	-12.6187
-0.041964	-12.7278	12.7279	12.7279	-12.7278
-0.0426883	-12.814	12.814	12.814	-12.814
-0.0410097	-12.9087	12.9088	12.9088	-12.9087
-0.0323779	-13.0072	13.0072	13.0072	-13.0072
-0.0269834	-13.1041	13.1041	13.1041	-13.1041
-0.0090045	-13.1983	13.1983	13.1983	-13.1983
0.00719484	-13.293	13.293	13.293	-13.293
0.0181597	-13.3897	13.3897	13.3897	-13.3897
0.0266832	-13.4882	13.4882	13.4882	-13.4882
0.0362298	-13.5873	13.5873	13.5873	-13.5873
0.0436592	-13.6873	13.6874	13.6874	-13.6873
0.058547	-13.7807	13.7808	13.7808	-13.7807
0.0736326	-13.8771	13.8773	13.8773	-13.8771
0.0863232	-13.9717	13.9719	13.9719	-13.9717
0.094466	-14.0768	14.0771	14.0771	-14.0768
0.102955	-14.1704	14.1708	14.1708	-14.1704
0.118382	-14.2805	14.281	14.281	-14.2805
0.123483	-14.3843	14.3849	14.3849	-14.3843
0.129549	-14.4947	14.4952	14.4952	-14.4947
0.131219	-14.6065	14.6071	14.6071	-14.6065
0.136121	-14.7155	14.7162	14.7162	-14.7155
0.135902	-14.8242	14.8248	14.8248	-14.8242
0.1337	-14.9218	14.9224	14.9224	-14.9218
0.127891	-15.0177	15.0183	15.0183	-15.0177
0.115918	-15.1236	15.124	15.124	-15.1236
0.098677	-15.224	15.2243	15.2243	-15.224
0.0847331	-15.3291	15.3294	15.3294	-15.3291
0.088043	-15.4402	15.4404	15.4404	-15.4402
0.088538	-15.5456	15.5459	15.5459	-15.5456
0.082346	-15.6474	15.6476	15.6476	-15.6474
0.0851852	-15.7515	15.7517	15.7517	-15.7515
0.0843102	-15.8543	15.8546	15.8546	-15.8543
0.0799557	-15.9495	15.9497	15.9497	-15.9495
0.0825636	-16.0572	16.0575	16.0575	-16.0572
0.08832	-16.1551	16.1554	16.1554	-16.1551
0.0943939	-16.2598	16.2601	16.2601	-16.2598
0.0940386	-16.3573	16.3575	16.3575	-16.3573
0.0914777	-16.456	16.4562	16.4562	-16.456
0.0774126	-16.5502	16.5504	16.5504	-16.5502
0.0620948	-16.6425	16.6426	16.6426	-16.6425
0.0515196	-16.7501	16.7502	16.7502	-16.7501
0.0414254	-16.8538	16.8539	16.8539	-16.8538
0.0420238	-16.9596	16.9596	16.9596	-16.9596
0.029606	-17.0641	17.0641	17.0641	-17.0641
0.018997	-17.1651	17.1651	17.1651	-17.1651
0.0104262	-17.2686	17.2686	17.2686	-17.2686
0.00350949	-17.368	17.368	17.368	-17.368
-0.0083994	-17.4776	17.4776	17.4776	-17.4776
-0.0162356	-17.5878	17.5878	17.5878	-17.5878
-0.023098	-17.6728	17.6728	17.6728	-17.6728
-0.0310042	-17.7603	17.7603	17.7603	-17.7603
-0.0458095	-17.857	17.8571	17.8571	-17.857
-0.0506697	-17.9517	17.9518	17.9518	-17.9517
-0.0629972	-18.0551	18.0552	18.0552	-18.0551
-0.0777123	-18.1648	18.165	18.165	-18.1648
-0.0873527	-18.2691	18.2693	18.2693	-18.2691
-0.087156	-18.3795	18.3797	18.3797	-18.3795
-0.0942302	-18.4947	18.495	18.495	-18.4947
-0.0898779	-18.5992	18.5994	18.5994	-18.5992
-0.0829301	-18.6964	18.6966	18.6966	-18.6964
-0.0749787	-18.7948	18.795	18.795	-18.7948
-0.0721081	-18.8942	18.8944	18.8944	-18.8942
-0.0672947	-18.9961	18.9962	18.9962	-18.9961
-0.0643558	-19.0929	19.093	19.093	-19.0929
-0.063548	-19.1921	19.1922	19.1922	-19.1921
-0.0644431	-19.2917	19.2918	19.2918	-19.2917
-0.0651952	-19.3898	19.3899	19.3899	-19.3898
-0.0695988	-19.4845	19.4846	19.4846	-19.4845
-0.0750274	-19.586	19.5861	19.5861	-19.586
-0.0898626	-19.6919	19.6921	19.6921	-19.6919
-0.0910725	-19.7978	19.798	19.798	-19.7978
-0.0894535	-19.9009	19.9011	19.9011	-19.9009
