#1 AntPos X	#2 AntPos Y	#3 Distance form nest	
0	0	0
0	0	0
0	0	0
0	0	0
0	0	0
0	0	0
0	0	0
0	0	0
0	0	0
0	0	0
0	0	0
0	0	0
0	0	0
0	0	0
0	0	0
0	0	0
0	0	0
0	0	0
0	0	0
0	0	0
0	0	0
0	0	0
0	0	0
0	0	0
0	0	0
0	0	0
0	0	0
0	0	0
0	0	0
0	0	0
0	0	0
0	0	0
-0.0133063	0.00336223	0.0137245
-0.0354392	0.0055186	0.0358663
-0.06057	0.00670047	0.0609395
-0.0874109	0.00819198	0.0877939
-0.113895	0.0128608	0.114618
-0.141395	0.0180721	0.142545
-0.169097	0.0234108	0.17071
-0.196597	0.0287551	0.198689
-0.224215	0.0341962	0.226808
-0.252022	0.0396116	0.255116
-0.277652	0.0470537	0.281611
-0.305223	0.0560247	0.310322
-0.333988	0.0658816	0.340424
-0.361557	0.0754617	0.369348
-0.389453	0.0856343	0.398757
-0.416732	0.0953225	0.427495
-0.443873	0.104901	0.4561
-0.469833	0.113748	0.483407
-0.496213	0.122677	0.511153
-0.522646	0.133172	0.539345
-0.548855	0.143523	0.56731
-0.576228	0.154246	0.596515
-0.603334	0.164625	0.625391
-0.630369	0.175896	0.65445
-0.656929	0.187019	0.683031
-0.683229	0.198065	0.711359
-0.710334	0.211203	0.741067
-0.737238	0.2243	0.770604
-0.76154	0.237416	0.79769
-0.78629	0.251026	0.825389
-0.811485	0.264215	0.853415
-0.836925	0.277073	0.881597
-0.861979	0.289928	0.909432
-0.886655	0.301131	0.936396
-0.911779	0.312562	0.963865
-0.937165	0.325162	0.991972
-0.962782	0.337128	1.0201
-0.988317	0.348514	1.04797
-1.01456	0.359217	1.07627
-1.04098	0.369958	1.10476
-1.06498	0.379217	1.13048
-1.08921	0.389476	1.15675
-1.1131	0.399881	1.18275
-1.13852	0.410509	1.21026
-1.16307	0.41991	1.23655
-1.18895	0.431211	1.26473
-1.21513	0.442235	1.29311
-1.24163	0.454264	1.32212
-1.26769	0.466131	1.35067
-1.29523	0.477827	1.38055
-1.32237	0.489464	1.41005
-1.3501	0.501086	1.44009
-1.37747	0.512629	1.46976
-1.40401	0.524261	1.49869
-1.43021	0.53567	1.52723
-1.45598	0.546515	1.55517
-1.48334	0.556548	1.58431
-1.51061	0.563902	1.61243
-1.53838	0.57158	1.64114
-1.56627	0.580161	1.67026
-1.59503	0.590499	1.70082
-1.62143	0.600833	1.72917
-1.6488	0.611508	1.75855
-1.67537	0.622854	1.7874
-1.70084	0.634023	1.81517
-1.72702	0.645294	1.84364
-1.75157	0.656452	1.87054
-1.77551	0.668314	1.89712
-1.79967	0.680805	1.92414
-1.82446	0.693057	1.95166
-1.8501	0.703934	1.97949
-1.87572	0.714805	2.00731
-1.89924	0.728119	2.03402
-1.92114	0.741666	2.05933
-1.9439	0.756935	2.08607
-1.96712	0.771504	2.113
-1.99062	0.78625	2.14027
-2.01486	0.801286	2.16835
-2.03908	0.815189	2.19599
-2.0636	0.828456	2.22369
-2.08885	0.842145	2.25223
-2.11454	0.855369	2.28099
-2.1394	0.868063	2.3088
-2.16414	0.880443	2.33638
-2.19021	0.893223	2.36535
-2.2146	0.905583	2.3926
-2.23997	0.917394	2.42056
-2.26586	0.92874	2.44881
-2.29261	0.94088	2.47817
-2.31919	0.951566	2.50681
-2.34498	0.96148	2.53444
-2.37139	0.970589	2.56233
-2.39801	0.980102	2.59057
-2.42592	0.989331	2.6199
-2.4532	0.997929	2.6484
-2.47838	1.00702	2.67515
-2.50342	1.01524	2.70144
-2.52906	1.02385	2.72845
-2.55495	1.03253	2.7557
-2.57976	1.04171	2.78214
-2.60556	1.05219	2.80999
-2.63133	1.06208	2.83759
-2.65759	1.07286	2.86597
-2.68169	1.08256	2.89195
-2.70624	1.09399	2.919
-2.73315	1.10481	2.948
-2.75992	1.11542	2.9768
-2.78729	1.12729	3.00662
-2.81175	1.13775	3.03322
-2.83659	1.14787	3.06004
-2.8621	1.15778	3.08741
-2.88778	1.16792	3.11501
-2.91512	1.17747	3.14394
-2.9422	1.18677	3.17253
-2.97029	1.1967	3.2023
-2.99839	1.20832	3.2327
-3.02441	1.21976	3.26112
-3.0497	1.23113	3.28882
-3.07487	1.24042	3.31564
-3.09942	1.24895	3.34159
-3.12501	1.25808	3.36874
-3.15039	1.26753	3.39582
-3.17613	1.27715	3.42329
-3.20332	1.28785	3.45251
-3.23009	1.29835	3.48126
-3.25622	1.30883	3.50942
-3.28267	1.31907	3.53777
-3.30811	1.3308	3.56575
-3.33398	1.34174	3.59384
-3.35956	1.35063	3.62089
-3.38585	1.3598	3.6487
-3.41223	1.36914	3.67666
-3.43899	1.37911	3.70521
-3.46598	1.38868	3.73383
-3.49422	1.39741	3.76329
-3.52197	1.40626	3.79234
-3.548	1.41394	3.81936
-3.57562	1.41946	3.84707
-3.60307	1.42541	3.87478
-3.62936	1.43068	3.90116
-3.65482	1.43713	3.92721
-3.6812	1.4435	3.9541
-3.70843	1.45019	3.9819
-3.73733	1.45688	4.01125
-3.76528	1.46353	4.03971
-3.79473	1.471	4.06987
-3.82495	1.47806	4.1006
-3.85365	1.48483	4.12981
-3.88185	1.49351	4.15925
-3.90991	1.50251	4.18867
-3.93637	1.51159	4.21662
-3.96267	1.52135	4.24468
-3.98987	1.53233	4.274
-4.01667	1.54347	4.30302
-4.04333	1.55424	4.33176
-4.06878	1.56494	4.35936
-4.09452	1.57594	4.38733
-4.12055	1.58695	4.41558
-4.14677	1.59791	4.44399
-4.17336	1.61138	4.47364
-4.19996	1.6248	4.50329
-4.22382	1.6393	4.53078
-4.24892	1.65362	4.55936
-4.27422	1.66909	4.58855
-4.29957	1.6852	4.61803
-4.32458	1.70011	4.64675
-4.34937	1.71579	4.67557
-4.371	1.73136	4.70141
-4.39344	1.74701	4.72804
-4.41696	1.76346	4.75598
-4.44085	1.77954	4.78413
-4.46502	1.79559	4.81254
-4.48981	1.81168	4.84155
-4.51411	1.82746	4.86998
-4.53804	1.84326	4.8981
-4.56186	1.85976	4.92638
-4.58559	1.8761	4.95453
-4.60951	1.89214	4.98275
-4.63174	1.90851	5.00954
-4.65415	1.92264	5.03563
-4.67749	1.93708	5.06272
-4.70207	1.95227	5.09125
-4.72576	1.96791	5.11913
-4.74905	1.98337	5.14658
-4.77244	2.00037	5.17471
-4.79573	2.01761	5.20286
-4.81872	2.03489	5.23076
-4.84152	2.05099	5.25803
-4.86479	2.06777	5.28601
-4.88612	2.08491	5.31234
-4.90627	2.10382	5.33831
-4.92639	2.12213	5.36403
-4.94629	2.1428	5.39049
-4.96455	2.16557	5.41631
-4.98203	2.18793	5.44129
-4.99945	2.2102	5.46621
-5.01634	2.23137	5.49024
-5.03434	2.25349	5.51569
-5.05097	2.27794	5.54088
-5.06844	2.30232	5.56685
-5.0869	2.32419	5.59271
-5.10529	2.3459	5.61847
-5.12362	2.36761	5.6442
-5.1423	2.38871	5.67002
-5.16101	2.40987	5.69592
-5.18101	2.43189	5.72337
-5.19976	2.45323	5.74942
-5.21868	2.47381	5.77532
-5.23825	2.49202	5.80081
-5.25902	2.51129	5.82786
-5.27884	2.53004	5.85383
-5.29879	2.54841	5.87976
-5.31916	2.56596	5.90573
-5.33916	2.58485	5.93196
-5.3595	2.60388	5.95856
-5.37992	2.62238	5.98502
-5.40037	2.64113	6.01162
-5.42102	2.66005	6.03849
-5.44191	2.67864	6.06543
-5.46499	2.69738	6.09442
-5.48939	2.7161	6.12459
-5.51284	2.73409	6.15359
-5.5357	2.75015	6.18121
-5.55983	2.76599	6.20987
-5.58473	2.78347	6.23994
-5.60792	2.79912	6.26768
-5.63162	2.81523	6.29608
-5.65439	2.83083	6.32342
-5.67725	2.84781	6.35147
-5.7011	2.86417	6.38013
-5.72393	2.88097	6.40807
-5.74767	2.89698	6.43648
-5.77143	2.9138	6.46526
-5.79471	2.93052	6.49358
-5.81685	2.94714	6.52085
-5.83921	2.96396	6.54839
-5.86216	2.98066	6.57642
-5.88511	2.99547	6.60358
-5.90778	3.01086	6.63077
-5.9306	3.02651	6.65821
-5.95455	3.04226	6.68671
-5.9767	3.05898	6.71404
-5.9997	3.07668	6.74258
-6.02387	3.09393	6.77196
-6.04723	3.11052	6.80032
-6.07041	3.12719	6.82856
-6.09172	3.14405	6.85522
-6.11241	3.16013	6.88098
-6.13422	3.17725	6.90823
-6.15585	3.19408	6.93517
-6.17784	3.21053	6.96227
-6.19975	3.22602	6.98886
-6.22173	3.2426	7.01601
-6.24443	3.25983	7.04411
-6.2672	3.2781	7.07275
-6.28961	3.29609	7.10095
-6.31465	3.31448	7.13166
-6.33699	3.33261	7.15987
-6.36045	3.35136	7.18936
-6.38304	3.36967	7.21788
-6.40534	3.38853	7.24641
-6.42749	3.40685	7.27457
-6.44938	3.42514	7.30247
-6.47113	3.44244	7.3298
-6.49042	3.45716	7.35374
-6.51224	3.47338	7.38063
-6.5348	3.48943	7.40808
-6.55831	3.50581	7.43654
-6.58003	3.52348	7.46403
-6.60369	3.54009	7.49272
-6.62592	3.55678	7.5202
-6.64995	3.57506	7.55002
-6.67403	3.59121	7.57889
-6.69808	3.60728	7.60768
-6.7229	3.62157	7.63631
-6.74688	3.63537	7.66396
-6.77132	3.64954	7.6922
-6.79595	3.66449	7.72098
-6.82069	3.68001	7.75011
-6.84635	3.69657	7.78056
-6.87106	3.71377	7.81048
-6.89443	3.73065	7.83906
-6.91799	3.74746	7.86778
-6.94186	3.76426	7.89677
-6.96378	3.78036	7.92372
-6.98588	3.7995	7.95228
-7.00753	3.81847	7.98036
-7.02894	3.83729	8.00817
-7.05113	3.85595	8.03658
-7.07338	3.87345	8.06451
-7.0957	3.89116	8.0926
-7.11787	3.9076	8.11993
-7.14045	3.92348	8.14738
-7.16464	3.94095	8.17699
-7.18735	3.95915	8.20566
-7.2076	3.97579	8.23143
-7.22668	3.99148	8.25571
-7.2476	4.00897	8.28248
-7.26929	4.02676	8.31007
-7.29183	4.04609	8.33916
-7.3139	4.06475	8.36752
-7.33383	4.08152	8.39309
-7.35505	4.10023	8.42073
-7.37725	4.11832	8.44892
-7.39938	4.13652	8.47712
-7.42229	4.15332	8.50532
-7.44434	4.17021	8.53281
-7.46688	4.18638	8.56038
-7.48828	4.2	8.58571
-7.51106	4.21512	8.61297
-7.53423	4.23026	8.64058
-7.55755	4.24545	8.66836
-7.58103	4.26081	8.69635
-7.60521	4.27628	8.72501
-7.6305	4.29241	8.75496
-7.65714	4.3071	8.78538
-7.68413	4.321	8.81572
-7.70999	4.33441	8.84483
-7.73567	4.34815	8.87395
-7.76098	4.3617	8.90265
-7.78617	4.37651	8.93187
-7.81097	4.39106	8.96061
-7.83579	4.40557	8.98937
-7.86035	4.41957	9.01763
-7.88491	4.43355	9.04589
-7.90884	4.44737	9.07353
-7.93292	4.46152	9.10144
-7.95653	4.4754	9.12883
-7.98341	4.48943	9.15914
-8.00975	4.50125	9.18789
-8.0371	4.51273	9.21736
-8.06205	4.52412	9.24469
-8.08667	4.53464	9.27131
-8.11154	4.54524	9.29819
-8.13676	4.55427	9.3246
-8.16339	4.56289	9.35205
-8.18994	4.57013	9.37877
-8.21626	4.57745	9.40532
-8.24076	4.58477	9.43028
-8.2671	4.59285	9.45723
-8.29404	4.60192	9.48519
-8.32115	4.60989	9.51276
-8.34634	4.61692	9.53821
-8.37246	4.62398	9.56448
-8.39902	4.63116	9.59121
-8.42662	4.63964	9.61946
-8.45379	4.64779	9.6472
-8.48028	4.65581	9.67428
-8.5068	4.66472	9.70182
-8.5328	4.67521	9.72965
-8.55931	4.68548	9.75785
-8.58501	4.69779	9.7863
-8.61113	4.71029	9.81521
-8.63716	4.7219	9.84362
-8.66286	4.7341	9.87202
-8.69085	4.74596	9.90227
-8.71783	4.7575	9.93149
-8.7459	4.76828	9.96129
-8.77366	4.77734	9.99
-8.80142	4.78548	10.0183
-8.82892	4.79435	10.0467
-8.85664	4.80266	10.075
-8.88553	4.8103	10.104
-8.91585	4.81853	10.1346
-8.94476	4.82526	10.1633
-8.97343	4.83139	10.1914
-9.0013	4.83736	10.2188
-9.02909	4.84305	10.246
-9.05455	4.84869	10.2711
-9.07996	4.8552	10.2965
-9.10567	4.86169	10.3223
-9.13201	4.86904	10.349
-9.15847	4.87688	10.376
-9.18543	4.88456	10.4034
-9.21399	4.89275	10.4325
-9.24097	4.89945	10.4594
-9.26761	4.90541	10.4858
-9.29421	4.91137	10.5121
-9.32304	4.91749	10.5404
-9.35126	4.92322	10.5681
-9.37955	4.92909	10.5958
-9.409	4.93371	10.6241
-9.43846	4.93851	10.6524
-9.46749	4.94368	10.6805
-9.49727	4.9493	10.7095
-9.52566	4.95368	10.7367
-9.55492	4.9562	10.7638
-9.58269	4.9589	10.7898
-9.61174	4.96226	10.8171
-9.64023	4.96578	10.844
-9.66803	4.96883	10.8701
-9.69501	4.97085	10.8951
-9.72261	4.97294	10.9206
-9.75027	4.97583	10.9465
-9.7782	4.98047	10.9735
-9.80656	4.98484	11.0008
-9.8336	4.98749	11.0261
-9.86095	4.98871	11.051
-9.8885	4.98882	11.0757
-9.91552	4.99008	11.1004
-9.94302	4.99081	11.1253
-9.9703	4.99226	11.1503
-9.99807	4.99402	11.1759
-10.0251	4.99766	11.2017
-10.0523	5.00187	11.228
-10.0786	5.00632	11.2535
-10.1049	5.01024	11.2788
-10.1322	5.01422	11.305
-10.16	5.01801	11.3317
-10.1898	5.02436	11.3612
-10.2185	5.03046	11.3896
-10.2472	5.03705	11.4183
-10.2749	5.04474	11.4465
-10.3031	5.05328	11.4756
-10.3314	5.06197	11.5048
-10.3579	5.07091	11.5326
-10.3838	5.08011	11.5598
-10.41	5.08985	11.5877
-10.436	5.09959	11.6153
-10.4622	5.11008	11.6435
-10.4889	5.11995	11.6718
-10.5168	5.12893	11.7008
-10.5442	5.13792	11.7294
-10.5714	5.14679	11.7577
-10.5984	5.15563	11.7859
-10.6259	5.16454	11.8145
-10.6544	5.17484	11.8447
-10.6798	5.18587	11.8723
-10.7058	5.19541	11.8999
-10.7309	5.20494	11.9266
-10.7569	5.21472	11.9542
-10.7829	5.22444	11.9819
-10.81	5.23473	12.0107
-10.8374	5.2428	12.039
-10.8636	5.25103	12.0661
-10.89	5.25939	12.0935
-10.9166	5.2681	12.1213
-10.944	5.27567	12.1492
-10.9717	5.28261	12.1772
-10.9993	5.29021	12.2054
-11.0285	5.29657	12.2344
-11.057	5.30386	12.2633
-11.0861	5.31103	12.2926
-11.1142	5.31791	12.3209
-11.1417	5.32498	12.3488
-11.1694	5.33174	12.3767
-11.1968	5.33874	12.4044
-11.2241	5.34567	12.4321
-11.2498	5.35331	12.4586
-11.2765	5.36087	12.486
-11.3036	5.3714	12.5149
-11.3297	5.38168	12.5429
-11.3558	5.39182	12.5709
-11.3822	5.40097	12.5986
-11.4072	5.40812	12.6242
-11.4336	5.41552	12.6513
-11.4599	5.4228	12.6781
-11.486	5.4298	12.7047
-11.5137	5.43589	12.7324
-11.5414	5.44198	12.7601
-11.5689	5.44799	12.7875
-11.5957	5.45576	12.8151
-11.6215	5.46426	12.842
-11.6484	5.47066	12.8691
-11.6741	5.47712	12.8951
-11.7015	5.48378	12.9227
-11.7291	5.49026	12.9505
-11.7569	5.49591	12.9781
