#1 AntPos X	#2 AntVel X	#3 AntPos Y	#4 AntVel Y	#5 AntAngle	
0	0.0857571	0	0.093794	0	
0	0.0857571	0	0.093794	0	
0	0.0857571	0	0.093794	0	
0	0.0857571	0	0.093794	0	
0	0.0857571	0	0.093794	0	
0	0.0857571	0	0.093794	0	
0	0.0857571	0	0.093794	0	
0	0.0857571	0	0.093794	0	
0	0.0857571	0	0.093794	0	
0	0.0857571	0	0.093794	0	
0	0.0857571	0	0.093794	0	
0	0.0857571	0	0.093794	0	
0	0.0857571	0	0.093794	0	
0	0.0857571	0	0.093794	0	
0	0.0857571	0	0.093794	0	
0	0.0857571	0	0.093794	0	
0	0.0857571	0	0.093794	0	
0	0.0857571	0	0.093794	0	
0	0.0857571	0	0.093794	0	
0	0.0857571	0	0.093794	0	
0	0.0857571	0	0.093794	0	
0	0.0857571	0	0.093794	0	
0	0.0857571	0	0.093794	0	
0	0.0857571	0	0.093794	0	
0	0.0857571	0	0.093794	0	
0	0.0857571	0	0.093794	0	
0	0.0857571	0	0.093794	0	
0	0.0857571	0	0.093794	0	
0	0.0857571	0	0.093794	0	
0	0.0857571	0	0.093794	0	
0	0.0857571	0	0.093794	0	
0	0.0857571	0	0.093794	0	
0	0.0857571	0	0.093794	0	
0	0.0857571	0	0.093794	0	
0	0.0857571	0	0.093794	0	
0	0.0857571	0	0.093794	0	
0	0.0857571	0	0.093794	0	
0	0.0857571	0	0.093794	0	
0	0.0857571	0	0.093794	0	
0	0.0857571	0	0.093794	0	
0	0.0857571	0	0.093794	0	
0	0.0857571	0	0.093794	0	
0	0.0857571	0	0.093794	0	
0	0.0857571	0	0.093794	0	
0	0.0857571	0	0.093794	0	
0	0.0857571	0	0.093794	0	
0	0.0857571	0	0.093794	0	
0	0.0857571	0	0.093794	0	
0	0.0857571	0	0.093794	0	
0	0.0857571	0	0.093794	0	
0	0.0857571	0	0.093794	0	
0	0.0857571	0	0.093794	0	
0	0.0857571	0	0.093794	0	
0	0.0857571	0	0.093794	0	
0	0.0857571	0	0.093794	0	
0	0.0857571	0	0.093794	0	
0	0.0857571	0	0.093794	0	
0	0.0857571	0	0.093794	0	
0	0.0857571	0	0.093794	0	
0	0.0857571	0	0.093794	0	
0	0.0857571	0	0.093794	0	
0	0.0857571	0	0.093794	0	
0	0.0857571	0	0.093794	0	
0	0.0857571	0	0.093794	0	
0	0.0857571	0	0.093794	0	
0	0.0857571	0	0.093794	0	
0	0.0857571	0	0.093794	0	
0	0.0857571	0	0.093794	0	
0	0.0857571	0	0.093794	0	
0	0.0857571	0	0.093794	0	
0	0.0857571	0	0.093794	0	
0	0.0857571	0	0.093794	0	
0	0.0857571	0	0.093794	0	
0	0.0857571	0	0.093794	0	
0	0.0857571	0	0.093794	0	
0	0.0857571	0	0.093794	0	
0	0.0857571	0	0.093794	0	
0	0.0857571	0	0.093794	0	
0	0.0857571	0	0.093794	0	
0	0.0857571	0	0.093794	0	
0	0.0857571	0	0.093794	0	
0	0.0857571	0	0.093794	0	
0	0.0857571	0	0.093794	0	
0	0.0857571	0	0.093794	0	
0	0.0857571	0	0.093794	0	
0	0.0857571	0	0.093794	0	
0	0.0857571	0	0.093794	0	
0	0.0857571	0	0.093794	0	
0	0.0857571	0	0.093794	0	
0	0.0857571	0	0.093794	0	
0	0.0857571	0	0.093794	0	
0	0.0857571	0	0.093794	0	
0	0.0857571	0	0.093794	0	
0	0.0857571	0	0.093794	0	
0	0.0857571	0	0.093794	0	
0	0.0857571	0	0.093794	0	
0	0.0857571	0	0.093794	0	
0	0.0857571	0	0.093794	0	
0	0.0857571	0	0.093794	0	
0	0.0857571	0	0.093794	0	
0	0.0857571	0	0.093794	0	
0.0380471	0.760942	0.0383099	0.766198	0.78884	
0.0830528	0.900114	0.0984395	1.20259	0.928269	
0.132921	0.997359	0.164186	1.31492	0.921881	
0.185443	1.05044	0.236951	1.45531	0.945593	
0.239849	1.08813	0.314823	1.55743	0.960964	
0.29335	1.07001	0.390337	1.51028	0.954396	
0.35032	1.1394	0.468202	1.5573	0.939143	
0.402872	1.05104	0.542162	1.4792	0.953028	
0.457656	1.09568	0.622527	1.60731	0.97247	
0.510305	1.05298	0.69926	1.53465	0.969435	
0.562392	1.04174	0.777306	1.56093	0.982295	
0.618572	1.12359	0.857659	1.60705	0.96063	
0.677646	1.18149	0.936286	1.57255	0.926451	
0.743562	1.31831	1.01665	1.60717	0.883819	
0.807859	1.28594	1.09778	1.62266	0.900653	
0.863031	1.10345	1.17904	1.62526	0.974344	
0.91808	1.10097	1.26376	1.69437	0.994577	
0.973796	1.11432	1.34731	1.67104	0.982672	
1.03306	1.18529	1.42976	1.64901	0.94757	
1.09252	1.18924	1.51521	1.70901	0.962851	
1.15312	1.21189	1.59504	1.59658	0.921526	
1.20983	1.13432	1.67532	1.60548	0.955701	
1.26512	1.10576	1.75083	1.5103	0.93882	
1.32274	1.1524	1.82812	1.54574	0.930159	
1.37828	1.11079	1.90702	1.57814	0.957484	
1.43233	1.08096	1.99397	1.73883	1.0146	
1.4854	1.06151	2.07353	1.59131	0.982517	
1.54344	1.16075	2.15444	1.6181	0.948517	
1.60209	1.17288	2.23396	1.59045	0.935378	
1.66054	1.16909	2.31587	1.63815	0.950959	
1.71925	1.17414	2.3974	1.63071	0.946763	
1.77825	1.18014	2.47148	1.48163	0.898183	
1.8373	1.18084	2.54936	1.55749	0.922088	
1.89623	1.17871	2.62953	1.60346	0.936898	
1.95481	1.17165	2.71243	1.65799	0.955609	
2.01317	1.16723	2.79479	1.64717	0.954302	
2.0686	1.10845	2.87896	1.68337	0.98849	
2.12421	1.1122	2.96334	1.68774	0.988129	
2.17835	1.08288	3.04617	1.65645	0.991801	
2.23467	1.12632	3.13059	1.68839	0.982496	
2.29048	1.11628	3.2144	1.67622	0.983289	
2.34302	1.05075	3.29995	1.71108	1.02008	
2.39722	1.08404	3.38158	1.63258	0.984638	
2.45757	1.207	3.46654	1.69916	0.953159	
2.514	1.12858	3.55512	1.77165	1.0036	
2.57445	1.20893	3.64816	1.86081	0.994647	
2.63318	1.17475	3.73884	1.81347	0.995976	
2.68989	1.13402	3.82594	1.74207	0.993745	
2.74849	1.17203	3.90958	1.67278	0.959637	
2.80776	1.18553	3.98156	1.43965	0.881899	
2.86855	1.21572	4.05647	1.49826	0.889128	
2.93067	1.24252	4.13295	1.52952	0.888566	
2.99183	1.2232	4.2101	1.54295	0.900479	
3.05532	1.2698	4.28277	1.45349	0.852748	
3.12003	1.29404	4.35704	1.48543	0.854147	
3.18453	1.29009	4.43311	1.52127	0.867446	
3.2467	1.24338	4.50396	1.41715	0.850621	
3.3067	1.19992	4.57117	1.34412	0.842018	
3.37326	1.3313	4.6382	1.3406	0.788875	
3.44082	1.35122	4.70755	1.38703	0.798475	
3.50927	1.36892	4.78205	1.48991	0.827696	
3.57789	1.37249	4.8531	1.421	0.802763	
3.64204	1.28295	4.92683	1.47471	0.854826	
3.70687	1.29663	5.0016	1.49533	0.856447	
3.77177	1.29794	5.07633	1.49463	0.855716	
3.83309	1.22633	5.14769	1.42722	0.860964	
3.89483	1.23497	5.22014	1.44891	0.864944	
3.95764	1.25606	5.29769	1.55112	0.890123	
4.01679	1.18303	5.37764	1.59886	0.933775	
4.0761	1.18628	5.4578	1.60333	0.933802	
4.13374	1.15276	5.53878	1.61954	0.952208	
4.19618	1.24875	5.62259	1.67609	0.930479	
4.25926	1.26171	5.70927	1.73368	0.941679	
4.3196	1.2067	5.79536	1.72181	0.959512	
4.37697	1.14753	5.88021	1.69704	0.976227	
4.43405	1.14146	5.96864	1.76865	0.997673	
4.48722	1.06354	6.05516	1.73032	1.01967	
4.53369	0.929392	6.14204	1.73765	1.07965	
4.58754	1.07687	6.23691	1.89739	1.05458	
4.63949	1.03909	6.32765	1.81469	1.05077	
4.6902	1.01422	6.41851	1.81724	1.06175	
4.73854	0.966785	6.50764	1.78259	1.07385	
4.78776	0.984278	6.59839	1.81505	1.07389	
4.83721	0.989154	6.6868	1.76821	1.06076	
4.88719	0.999556	6.77706	1.8052	1.06511	
4.93441	0.944271	6.85996	1.65803	1.0531	
4.98289	0.969602	6.94232	1.64706	1.03874	
5.03151	0.972454	7.02609	1.67554	1.04493	
5.0848	1.06578	7.10967	1.67145	1.00316	
5.13667	1.03752	7.19252	1.65709	1.0114	
5.19143	1.09522	7.27973	1.74412	1.01008	
5.24557	1.08277	7.36554	1.71626	1.00797	
5.29969	1.08226	7.45091	1.70732	1.00583	
5.35317	1.06966	7.5357	1.69582	1.00806	
5.40325	1.00162	7.62309	1.74783	1.05042	
5.45291	0.993132	7.70916	1.72137	1.0475	
5.50327	1.00736	7.79547	1.7263	1.04257	
5.55376	1.00973	7.88199	1.73045	1.04259	
5.60015	0.927703	7.97018	1.76381	1.08659	
5.64786	0.954288	8.05329	1.66211	1.04961	
5.70005	1.04369	8.13624	1.65906	1.00926	
5.75276	1.05435	8.22004	1.67598	1.00926	
5.81393	1.22339	8.30594	1.71795	0.951978	
5.88137	1.3488	8.39209	1.72298	0.906614	
5.94389	1.25042	8.47223	1.60281	0.908282	
6.00528	1.22781	8.55988	1.75301	0.959799	
6.06616	1.21752	8.64474	1.69726	0.948522	
6.12874	1.25167	8.73038	1.71267	0.939677	
6.19401	1.30532	8.81517	1.69584	0.914795	
6.25721	1.26403	8.89611	1.6188	0.907846	
6.31716	1.19898	8.97495	1.5769	0.920709	
6.37627	1.18217	9.0544	1.58894	0.931148	
6.43544	1.18335	9.13452	1.60238	0.934698	
6.49696	1.23047	9.21488	1.60732	0.917422	
6.55962	1.25313	9.29529	1.60811	0.908835	
6.62226	1.25279	9.37248	1.54381	0.889087	
6.68306	1.2161	9.4523	1.59636	0.919788	
6.74345	1.20786	9.53549	1.66377	0.942847	
6.80053	1.14151	9.62009	1.69204	0.977296	
6.85934	1.17612	9.70217	1.64171	0.949147	
6.91785	1.17032	9.78385	1.63343	0.949095	
6.98205	1.28395	9.86478	1.61871	0.900221	
7.04648	1.28861	9.94235	1.55146	0.877687	
7.11085	1.28749	10.0201	1.55449	0.87907	
7.17416	1.26609	10.096	1.51916	0.87601	
7.24227	1.36227	10.1741	1.56215	0.853642	
7.30919	1.33843	10.2509	1.53495	0.853684	
7.37662	1.34855	10.3256	1.49489	0.836819	
7.4445	1.35764	10.3954	1.39465	0.798844	
7.51391	1.38809	10.4664	1.42052	0.796944	
7.58115	1.34483	10.5427	1.52594	0.8484	
7.64584	1.2939	10.6116	1.37907	0.81725	
7.70518	1.18668	10.6806	1.37912	0.860261	
7.76741	1.24454	10.7535	1.45745	0.864034	
7.83237	1.29927	10.823	1.39121	0.819555	
7.8984	1.32056	10.897	1.47974	0.842182	
7.96263	1.2847	10.9697	1.45348	0.846961	
8.02968	1.34102	11.0431	1.46727	0.830323	
8.09679	1.34216	11.1157	1.45366	0.825258	
8.16533	1.37073	11.1873	1.43195	0.807239	
8.23451	1.38361	11.259	1.43293	0.802906	
8.3041	1.39178	11.3347	1.51463	0.82764	
8.374	1.39807	11.4085	1.47506	0.812188	
8.44233	1.36665	11.4835	1.50038	0.83201	
8.50214	1.19617	11.5567	1.46501	0.88608	
8.56177	1.19253	11.6333	1.53181	0.909299	
8.62077	1.18007	11.7069	1.47175	0.894952	
8.68252	1.23507	11.7833	1.52713	0.890741	
8.73678	1.08518	11.8582	1.49928	0.944274	
8.79382	1.14065	11.935	1.53616	0.932093	
8.85234	1.17055	12.0154	1.60653	0.94112	
8.91118	1.17676	12.0961	1.61501	0.941106	
8.96558	1.08799	12.1742	1.56189	0.962367	
9.02174	1.12319	12.2507	1.53061	0.93773	
9.07997	1.16452	12.3298	1.58094	0.935927	
9.13672	1.13508	12.4113	1.6307	0.962713	
9.19529	1.17129	12.4966	1.70614	0.969177	
9.25457	1.18577	12.5792	1.65208	0.948263	
9.31939	1.29625	12.6606	1.62698	0.898056	
9.38792	1.37072	12.7413	1.61323	0.866493	
9.45499	1.34137	12.8188	1.55014	0.857474	
9.52146	1.32935	12.8952	1.52978	0.855385	
9.58751	1.32103	12.971	1.51547	0.853839	
9.65335	1.31682	13.0461	1.50192	0.850974	
9.72574	1.44774	13.1161	1.39874	0.768184	
9.79759	1.43708	13.1848	1.37398	0.762956	
9.86622	1.37254	13.2507	1.31942	0.765667	
9.93451	1.36588	13.3193	1.37111	0.787311	
10.0036	1.38239	13.389	1.39531	0.790049	
10.0712	1.35156	13.4592	1.40389	0.804387	
10.1401	1.37789	13.5294	1.40336	0.794557	
10.2097	1.39272	13.5994	1.40013	0.788051	
10.2799	1.40329	13.6701	1.41451	0.78938	
10.3459	1.31962	13.7449	1.49454	0.847475	
10.4126	1.33506	13.8256	1.61563	0.880199	
10.4771	1.28946	13.9075	1.6369	0.903571	
10.5397	1.25239	13.9934	1.71788	0.940851	
10.6001	1.20774	14.0774	1.68072	0.947704	
10.6575	1.14767	14.1577	1.60596	0.950319	
10.7116	1.08273	14.2419	1.68421	0.99945	
10.7667	1.10085	14.327	1.70089	0.996378	
10.8218	1.10331	14.4126	1.71298	0.99859	
10.8785	1.13259	14.4998	1.74297	0.994559	
10.9339	1.10799	14.5853	1.71118	0.99618	
10.9895	1.11195	14.6695	1.68347	0.987067	
11.0438	1.08666	14.7508	1.62594	0.981646	
11.0935	0.99447	14.831	1.60454	1.01596	
11.1456	1.04163	14.9166	1.71132	1.02403	
11.1955	0.997318	14.9995	1.65878	1.02947	
11.2463	1.01628	15.0837	1.68408	1.02783	
11.2983	1.04057	15.1681	1.68708	1.01813	
11.3502	1.03803	15.2531	1.69913	1.02239	
11.4023	1.04207	15.3386	1.7109	1.02373	
11.4561	1.07525	15.426	1.74843	1.01943	
11.5164	1.20581	15.5155	1.78924	0.977787	
11.5746	1.16362	15.6009	1.70858	0.972904	
11.6317	1.14296	15.6848	1.67811	0.972869	
11.6861	1.0879	15.7645	1.59341	0.97174	
11.7405	1.08838	15.8466	1.64155	0.985322	
11.7927	1.04368	15.9256	1.58164	0.987514	
11.8467	1.07995	16.0119	1.72549	1.01156	
11.8968	1.00193	16.0934	1.62884	1.01933	
11.9519	1.10201	16.1799	1.73025	1.00368	
12.0037	1.03629	16.2678	1.75937	1.0385	
12.0552	1.03018	16.3549	1.74064	1.0364	
12.1083	1.06105	16.4411	1.7249	1.01932	
12.1613	1.06096	16.5265	1.70792	1.01494	
12.2215	1.20278	16.6072	1.61378	0.930299	
12.2828	1.22702	16.6852	1.55995	0.904295	
12.3445	1.23331	16.7566	1.42761	0.858291	
12.409	1.28955	16.8304	1.47665	0.852935	
12.4752	1.32497	16.8981	1.35288	0.795821	
12.5408	1.31115	16.9637	1.31216	0.785785	
12.6076	1.33756	17.0314	1.3548	0.7918	
12.6782	1.41118	17.103	1.43219	0.792786	
12.7484	1.40312	17.1745	1.42891	0.794505	
12.8196	1.42505	17.247	1.45049	0.794243	
12.8962	1.53097	17.3139	1.33793	0.718212	
12.9703	1.48367	17.3811	1.34493	0.736387	
13.0479	1.55047	17.4475	1.32653	0.707718	
13.1237	1.51721	17.5148	1.34772	0.726308	
13.2014	1.55416	17.5822	1.34644	0.713906	
13.278	1.53052	17.6484	1.32523	0.713636	
13.3545	1.53136	17.7153	1.33803	0.718123	
13.4323	1.55613	17.7822	1.33732	0.709919	
13.5124	1.60088	17.8437	1.23046	0.65531	
13.5955	1.66286	17.9004	1.13397	0.598503	
13.6789	1.66797	17.9587	1.16661	0.610337	
13.7645	1.71213	18.0194	1.21401	0.616783	
13.8434	1.57832	18.0806	1.22253	0.659047	
13.9241	1.61279	18.1452	1.29177	0.675321	
14.0018	1.55417	18.2106	1.30893	0.699951	
14.0791	1.54658	18.2754	1.29541	0.697249	
14.158	1.57738	18.3384	1.26036	0.674143	
14.2396	1.6329	18.4001	1.23446	0.647326	
14.3203	1.61314	18.4613	1.22371	0.648975	
14.4023	1.64078	18.5219	1.21155	0.636036	
14.4854	1.66047	18.5877	1.31699	0.670545	
14.5659	1.61041	18.6512	1.26855	0.667207	
14.6466	1.61505	18.7124	1.22476	0.648816	
14.7249	1.5664	18.7733	1.21801	0.66092	
14.8031	1.56231	18.8291	1.11682	0.620624	
14.883	1.59896	18.8853	1.12362	0.612551	
14.9666	1.67151	18.9382	1.05839	0.56447	
15.0512	1.69184	18.9916	1.06697	0.562655	
15.1344	1.66418	19.0505	1.17789	0.615934	
15.2205	1.72329	19.1038	1.06616	0.55404	
15.3103	1.79414	19.1573	1.0707	0.538047	
15.3948	1.69131	19.2103	1.05995	0.559823	
15.4776	1.65559	19.2605	1.00445	0.545333	
15.5574	1.59571	19.3078	0.944656	0.534515	
15.6415	1.6817	19.358	1.00362	0.538054	
15.7262	1.69528	19.4079	0.999825	0.532862	
15.806	1.59441	19.4495	0.831681	0.480796	
15.8893	1.66708	19.4957	0.922707	0.505517	
15.9759	1.73271	19.548	1.04622	0.543213	
16.0591	1.66258	19.5967	0.974957	0.530368	
16.1432	1.68184	19.646	0.986037	0.530273	
16.2297	1.73131	19.693	0.939625	0.497241	
16.3198	1.80143	19.7447	1.03445	0.521264	
16.4082	1.76694	19.7955	1.01626	0.521948	
16.4952	1.74152	19.8459	1.00711	0.524306	
16.5843	1.78083	19.8916	0.913006	0.473745	
16.6739	1.7917	19.9322	0.812764	0.425866	
16.7671	1.8656	19.9719	0.794174	0.402458	
16.8629	1.91626	20.0022	0.606935	0.306734	
16.9577	1.89556	20.0281	0.517126	0.266328	
17.0596	2.03826	20.0489	0.416027	0.201344	
17.1648	2.10246	20.0596	0.213206	0.101062	
17.2676	2.0572	20.0634	0.0776545	0.0377299	
17.3671	1.98958	20.0684	0.0981835	0.0493089	
17.4664	1.98556	20.0771	0.174659	0.087739	
17.5668	2.00933	20.0903	0.263819	0.13055	
17.6637	1.93729	20.1069	0.331564	0.169506	
17.7649	2.02359	20.1287	0.436164	0.212292	
17.8657	2.01701	20.1559	0.54485	0.263831	
17.9617	1.91999	20.1913	0.707952	0.35326	
18.0564	1.89363	20.2357	0.887573	0.438307	
18.1421	1.71409	20.2889	1.06357	0.555347	
18.2279	1.71505	20.3444	1.11152	0.575037	
18.3082	1.60707	20.4082	1.27493	0.670657	
18.3798	1.43108	20.4788	1.41272	0.778941	
18.448	1.36345	20.5564	1.5507	0.849567	
18.5079	1.19983	20.6379	1.63145	0.936677	
18.5624	1.08943	20.7234	1.71038	1.00365	
18.611	0.9718	20.8114	1.75957	1.06619	
18.6552	0.883591	20.9017	1.80552	1.11568	
18.6959	0.813353	20.9897	1.75961	1.13782	
18.7336	0.755174	21.0808	1.82242	1.17795	
18.7686	0.700639	21.1734	1.85206	1.20913	
18.8008	0.643945	21.2671	1.87344	1.23972	
18.8253	0.488422	21.3665	1.98794	1.32988	
18.8485	0.465401	21.4655	1.97956	1.33989	
18.8626	0.28048	21.5604	1.89939	1.42419	
18.8763	0.274392	21.6572	1.93603	1.43	
18.8923	0.319461	21.7531	1.9173	1.40569	
18.9122	0.398245	21.8558	2.05422	1.3793	
18.9325	0.406193	21.9542	1.96863	1.36732	
18.949	0.331516	22.059	2.09594	1.41393	
18.965	0.319932	22.1594	2.00804	1.4128	
18.9791	0.281137	22.2562	1.93634	1.42661	
18.9933	0.283883	22.3547	1.96867	1.42758	
19.0051	0.235731	22.456	2.02646	1.45499	
19.0183	0.263416	22.5561	2.00133	1.43993	
19.0277	0.189126	22.6503	1.88468	1.47078	
19.0384	0.213615	22.7469	1.93194	1.46067	
19.0491	0.214307	22.842	1.90196	1.45859	
19.0647	0.310889	22.9371	1.90224	1.4088	
19.0795	0.296656	23.0315	1.88754	1.41491	
19.0969	0.348116	23.1282	1.93494	1.39279	
19.1178	0.417489	23.2255	1.94603	1.35947	
19.141	0.463954	23.3226	1.94096	1.33617	
19.1651	0.483145	23.4231	2.0104	1.33495	
19.1929	0.555982	23.5206	1.95071	1.29314	
19.2214	0.570373	23.6163	1.91361	1.28112	
19.2547	0.665926	23.7103	1.8789	1.23019	
19.2931	0.766592	23.8046	1.88678	1.18487	
19.3353	0.845551	23.898	1.86832	1.1458	
19.3717	0.726656	23.9901	1.84144	1.19494	
19.4154	0.875313	24.0801	1.80024	1.11823	
19.4633	0.956622	24.1689	1.77621	1.07677	
19.5144	1.02321	24.255	1.72238	1.03475	
19.5677	1.06529	24.3367	1.63387	0.993015	
19.6255	1.15517	24.4185	1.6353	0.955792	
19.6866	1.22363	24.4967	1.56405	0.90691	
19.7512	1.29163	24.5729	1.52376	0.867662	
19.8222	1.42066	24.6448	1.43814	0.79151	
19.8916	1.38612	24.716	1.42499	0.799225	
19.9629	1.42701	24.7858	1.39525	0.774146	
20.0341	1.42445	24.8547	1.37785	0.768771	
20.1059	1.43628	24.9228	1.36137	0.758626	
20.177	1.42072	24.9916	1.37667	0.769651	
20.2492	1.444	25.0604	1.37526	0.761022	
20.3232	1.48039	25.1318	1.42783	0.767329	
20.3987	1.51005	25.2015	1.39524	0.7459	
20.4793	1.6129	25.2757	1.48419	0.743866	
20.5569	1.55144	25.3467	1.41935	0.740966	
20.634	1.54161	25.4157	1.38017	0.730202	
20.7156	1.63188	25.4786	1.25735	0.65649	
20.8003	1.69428	25.5393	1.2151	0.622163	
20.8848	1.69054	25.5999	1.21193	0.621971	
20.9681	1.66531	25.6545	1.09126	0.580085	
21.0443	1.52476	25.7119	1.14841	0.645529	
21.1229	1.57214	25.7708	1.17715	0.642703	
21.2023	1.58653	25.8304	1.19362	0.645001	
21.282	1.5956	25.8894	1.17828	0.636073	
21.3605	1.56897	25.9475	1.16327	0.63799	
21.4368	1.52704	26.0104	1.25834	0.689226	
21.5128	1.51896	26.0743	1.27672	0.698968	
21.5864	1.47108	26.1389	1.29257	0.720894	
21.6605	1.48336	26.203	1.28209	0.712748	
21.7414	1.61814	26.2666	1.27254	0.666409	
21.8178	1.52649	26.3345	1.35739	0.72683	
21.8896	1.43788	26.403	1.36934	0.760988	
21.9627	1.46058	26.4732	1.40509	0.766035	
22.0308	1.36231	26.546	1.45588	0.818586	
22.0977	1.33897	26.6198	1.47626	0.834127	
22.1638	1.32201	26.6951	1.50445	0.849857	
22.2242	1.20694	26.7776	1.65062	0.939435	
22.2832	1.18075	26.8585	1.61882	0.940617	
22.3407	1.14968	26.9388	1.60568	0.949407	
22.3915	1.01619	27.0221	1.66562	1.02299	
22.4415	0.999042	27.1047	1.65296	1.02715	
22.488	0.930858	27.1804	1.51383	1.01949	
22.5362	0.962966	27.2625	1.64068	1.04004	
22.5835	0.947017	27.349	1.7317	1.07036	
22.6364	1.0576	27.432	1.65874	1.00319	
22.6898	1.0678	27.5232	1.82507	1.04142	
22.7445	1.09385	27.611	1.75489	1.01341	
22.7986	1.08263	27.6969	1.71774	1.00842	
22.8524	1.07512	27.7832	1.7273	1.01405	
22.912	1.19334	27.8712	1.75989	0.974938	
22.9737	1.23307	27.9561	1.69741	0.942545	
23.0345	1.21718	28.0383	1.64354	0.933349	
23.0906	1.12105	28.1151	1.53591	0.940289	
23.1429	1.04645	28.1913	1.52439	0.969206	
23.2003	1.14745	28.2712	1.59841	0.94818	
23.258	1.15521	28.3527	1.63032	0.954338	
23.3125	1.08899	28.4302	1.54888	0.958003	
23.3703	1.15659	28.506	1.51691	0.919364	
23.4281	1.15565	28.589	1.65888	0.962326	
23.49	1.23728	28.6732	1.68537	0.937532	
23.5533	1.26703	28.7459	1.45345	0.853819	
23.6209	1.35209	28.8179	1.4406	0.817078	
23.6869	1.31983	28.8926	1.49309	0.846913	
23.7562	1.38547	28.9722	1.59169	0.854553	
23.8247	1.36989	29.049	1.53569	0.8424	
23.8967	1.4394	29.1159	1.33867	0.749156	
23.9719	1.50579	29.1777	1.23697	0.687699	
24.0489	1.53922	29.2384	1.21314	0.667474	
24.1325	1.67087	29.2991	1.2141	0.628372	
24.216	1.67062	29.3571	1.16025	0.60703	
24.3001	1.68267	29.4134	1.12522	0.589414	
24.3853	1.70319	29.4682	1.09595	0.571771	
24.473	1.75383	29.5173	0.982706	0.510731	
24.5663	1.86708	29.5705	1.06312	0.517617	
24.657	1.81342	29.6193	0.976786	0.494083	
24.7508	1.87608	29.6652	0.918173	0.455139	
24.8446	1.87618	29.7099	0.893255	0.444348	
