#1 AntPos X	#2 AntPos Y	#3 Distance form nest	
0	0	0
0	0	0
0	0	0
0	0	0
0	0	0
0	0	0
0	0	0
0	0	0
0	0	0
0	0	0
0	0	0
0	0	0
0	0	0
0	0	0
0	0	0
0	0	0
0	0	0
0	0	0
0	0	0
0	0	0
0	0	0
0	0	0
0	0	0
0	0	0
0	0	0
0	0	0
0	0	0
0	0	0
0	0	0
0	0	0
0	0	0
0	0	0
0	0	0
0	0	0
0	0	0
0	0	0
0	0	0
0	0	0
0	0	0
0	0	0
0	0	0
0	0	0
0	0	0
0	0	0
0	0	0
0	0	0
0	0	0
0	0	0
0	0	0
0	0	0
0	0	0
0	0	0
0	0	0
0	0	0
0	0	0
0	0	0
0	0	0
0	0	0
0	0	0
0	0	0
0	0	0
0	0	0
0	0	0
0	0	0
0	0	0
0	0	0
0	0	0
0	0	0
0	0	0
0.0539925	0.00556344	0.0542783
0.125568	0.0574313	0.138079
0.196375	0.106244	0.223274
0.273031	0.159358	0.316134
0.344003	0.227316	0.412324
0.425588	0.303478	0.522708
0.498848	0.378622	0.626262
0.569773	0.453546	0.728248
0.633426	0.528773	0.825124
0.698661	0.595391	0.917942
0.761199	0.674612	1.01712
0.813597	0.765221	1.11692
0.87788	0.842305	1.21661
0.933979	0.921586	1.31211
1.00121	1.00244	1.41679
1.06557	1.08562	1.52118
1.13464	1.16118	1.6235
1.21182	1.22901	1.72597
1.28308	1.29232	1.82109
1.35741	1.36376	1.92416
1.43067	1.43425	2.02581
1.50689	1.49501	2.12268
1.57616	1.55514	2.21421
1.63917	1.63062	2.3121
1.70944	1.70939	2.41747
1.78293	1.78606	2.52366
1.84744	1.86866	2.62773
1.89559	1.95521	2.72326
1.95134	2.04321	2.82532
2.02138	2.13029	2.93668
2.08789	2.21641	3.04496
2.14134	2.30244	3.14429
2.19208	2.38463	3.23908
2.24748	2.46688	3.33716
2.30372	2.55591	3.44089
2.35862	2.64781	3.54598
2.40242	2.73164	3.63779
2.45479	2.82267	3.74079
2.51746	2.90798	3.84629
2.57709	2.99266	3.94936
2.63439	3.07363	4.04811
2.70593	3.1501	4.15273
2.76568	3.24751	4.2656
2.8147	3.33854	4.36674
2.86012	3.42951	4.46563
2.9047	3.5199	4.56365
2.94426	3.61539	4.66258
2.98308	3.7102	4.76071
3.02288	3.80325	4.85825
3.06133	3.89655	4.95528
3.09783	3.97736	5.04142
3.14059	4.07265	5.14293
3.18883	4.15088	5.23435
3.24452	4.22884	5.3301
3.29852	4.31166	5.42869
3.3408	4.40451	5.52817
3.38619	4.50585	5.6364
3.42796	4.61003	5.74485
3.47379	4.71731	5.85835
3.52628	4.80698	5.96169
3.57511	4.89797	6.06395
3.6159	4.99693	6.16798
3.63777	5.09408	6.25963
3.65764	5.16383	6.32799
3.68065	5.2638	6.42299
3.71292	5.36314	6.52297
3.75025	5.48176	6.64184
3.78806	5.5753	6.74043
3.83745	5.67662	6.85201
3.87332	5.77086	6.95021
3.90971	5.86385	7.04773
3.95392	5.95926	7.15166
3.99768	6.05914	7.2591
4.0515	6.16114	7.37389
4.10877	6.24488	7.47533
4.16755	6.32699	7.57623
4.22769	6.40501	7.67447
4.27798	6.48803	7.77147
4.35083	6.55913	7.87095
4.41958	6.63031	7.96829
4.48779	6.70107	8.06502
4.56756	6.76677	8.16406
4.64673	6.8292	8.26015
4.73046	6.88326	8.35203
4.82032	6.93173	8.443
4.90766	6.97771	8.53074
4.99953	7.02294	8.62073
5.08717	7.06772	8.70816
5.16098	7.11785	8.79201
5.24567	7.16787	8.88231
5.34634	7.2166	8.98125
5.44602	7.2549	9.07153
5.54277	7.29965	9.16554
5.62991	7.34219	9.25222
5.73127	7.39075	9.35258
5.82251	7.42308	9.43418
5.916	7.46511	9.52507
6.00499	7.50425	9.61112
6.09399	7.55027	9.70274
6.18906	7.5912	9.79443
6.27829	7.64127	9.88969
6.35931	7.69681	9.98408
6.43963	7.7521	10.0779
6.52042	7.80908	10.1734
6.59919	7.86891	10.2698
6.67779	7.91977	10.3593
6.76178	7.97565	10.4562
6.84701	8.03691	10.5581
6.929	8.10227	10.661
7.0097	8.16915	10.7643
7.08254	8.23498	10.8617
7.16424	8.30456	10.9678
7.23949	8.36872	11.0655
7.30477	8.44423	11.1653
7.37042	8.51535	11.2621
7.43835	8.59916	11.3699
7.50365	8.6814	11.4748
7.55518	8.7648	11.5716
7.59878	8.84375	11.6599
7.65785	8.92527	11.7602
7.72325	8.99378	11.8548
7.79281	9.06443	11.9537
7.86851	9.14169	12.0617
7.94098	9.21979	12.1681
8.02629	9.28589	12.2739
8.10669	9.35675	12.3801
8.18921	9.42465	12.4855
8.27025	9.48874	12.587
8.34539	9.53562	12.6718
8.43806	9.58161	12.7675
8.52842	9.62656	12.861
8.61755	9.67488	12.9563
8.70714	9.71951	13.0493
8.8017	9.76021	13.1427
8.89514	9.81964	13.2495
8.97921	9.86532	13.3398
9.06177	9.93669	13.4482
9.138	10.0085	13.5526
9.19969	10.084	13.6499
9.26367	10.1685	13.7555
9.32318	10.2478	13.8542
9.37952	10.325	13.9492
9.44518	10.4118	14.0577
9.51107	10.4855	14.1565
9.57803	10.558	14.2552
9.63825	10.6382	14.3551
9.69302	10.7185	14.4513
9.74989	10.7976	14.5482
9.80872	10.8781	14.6473
9.87121	10.9593	14.7495
9.94623	11.0589	14.8737
10.0261	11.1251	14.9764
10.0774	11.208	15.0723
10.1352	11.2925	15.1738
10.1952	11.3719	15.273
10.2539	11.4525	15.3722
10.3099	11.535	15.4709
10.371	11.6245	15.5784
10.4292	11.7111	15.6818
10.4861	11.796	15.783
10.5453	11.8818	15.8865
10.6031	11.9646	15.9868
10.6603	12.0472	16.0866
10.7208	12.1318	16.19
10.7837	12.2182	16.2964
10.8492	12.2928	16.3956
10.8961	12.3707	16.4851
10.9427	12.4612	16.5838
10.9893	12.548	16.6798
11.0385	12.6378	16.7799
11.0871	12.7269	16.8789
11.1352	12.8152	16.9771
11.1895	12.9029	17.0789
11.243	12.9891	17.1791
11.2971	13.0742	17.2789
11.3537	13.1603	17.381
11.4162	13.2435	17.4848
11.4739	13.3296	17.5878
11.5332	13.412	17.6889
11.5916	13.4965	17.7911
11.6598	13.5825	17.9007
11.7208	13.6639	18.0022
11.789	13.7394	18.104
11.8216	13.8361	18.1985
11.8496	13.9307	18.2887
11.8968	14.0188	18.3864
11.9419	14.1049	18.4813
11.9894	14.192	18.5784
12.0391	14.2797	18.6776
12.0895	14.368	18.7775
12.1297	14.4508	18.8668
12.1819	14.5329	18.9633
12.2389	14.6071	19.0567
12.2975	14.6839	19.1532
12.3566	14.766	19.2541
12.4068	14.845	19.3469
12.4643	14.9235	19.444
12.5304	15.0089	19.5519
12.5921	15.0882	19.6524
12.6537	15.1601	19.747
12.7209	15.2296	19.8435
12.7904	15.3005	19.9425
12.8597	15.3716	20.0414
12.929	15.4447	20.1419
12.9947	15.5202	20.242
13.0673	15.5913	20.3431
13.1384	15.6679	20.4475
13.2062	15.7637	20.5645
13.2966	15.8364	20.6783
13.3819	15.8985	20.7807
13.4687	15.9496	20.8757
13.5667	16.0064	20.9824
13.659	16.0599	21.0829
13.7523	16.1134	21.1841
13.8197	16.1611	21.2642
13.8932	16.2255	21.3609
13.9682	16.2921	21.4603
14.0255	16.3611	21.5499
14.0857	16.4243	21.6371
14.1568	16.4834	21.7283
14.2366	16.5441	21.8263
14.3143	16.6174	21.9325
14.3947	16.676	22.0294
14.4761	16.7309	22.1242
14.5606	16.7845	22.22
14.6529	16.8371	22.3203
14.7562	16.8876	22.4262
14.8541	16.9334	22.5252
14.9472	16.9853	22.6256
15.0325	17.0361	22.7201
15.113	17.0936	22.8165
15.1951	17.1503	22.9134
15.2841	17.1994	23.0092
15.3779	17.2559	23.1137
15.4685	17.3083	23.2132
15.5527	17.3576	23.3061
15.636	17.4053	23.3972
15.7241	17.4507	23.4899
15.812	17.5023	23.5871
15.8985	17.554	23.6835
15.9846	17.6181	23.7887
16.0812	17.6655	23.8888
16.1783	17.7015	23.9808
16.275	17.7363	24.0718
16.3808	17.7626	24.1628
16.4802	17.7899	24.2503
16.5777	17.8217	24.3399
16.667	17.8578	24.4272
16.7545	17.8928	24.5125
16.8451	17.928	24.6002
16.9372	17.964	24.6896
17.0356	18.0026	24.7852
17.1277	18.0456	24.8797
17.2047	18.087	24.9628
17.2897	18.1312	25.0535
17.3677	18.174	25.1382
17.4546	18.2254	25.2354
17.5366	18.2801	25.3317
17.6122	18.331	25.4208
17.6857	18.3882	25.5129
17.7606	18.4472	25.6074
17.8368	18.508	25.7041
17.9146	18.5717	25.8039
17.9908	18.6388	25.9051
18.068	18.7073	26.008
18.1431	18.7826	26.1144
18.2144	18.8563	26.2169
18.2877	18.9367	26.3256
18.3565	19.0074	26.4243
18.4254	19.0744	26.5203
18.4939	19.1437	26.6178
18.5625	19.2138	26.7159
18.6464	19.289	26.8282
18.7127	19.3486	26.9172
18.7828	19.4106	27.0105
18.8659	19.4875	27.1235
18.951	19.5635	27.2373
19.026	19.6366	27.342
19.0977	19.7094	27.4442
19.1695	19.7871	27.5499
19.2414	19.8599	27.6523
19.3107	19.9349	27.7543
19.388	20.0009	27.8555
19.4608	20.07	27.9558
19.5324	20.1408	28.0565
19.6121	20.2161	28.166
19.6913	20.2885	28.2731
19.7641	20.3628	28.3771
19.8255	20.4339	28.4709
19.8941	20.5061	28.5705
19.9653	20.5898	28.6802
20.0374	20.6638	28.7835
20.1231	20.7403	28.8981
20.21	20.8122	29.0102
20.2929	20.8771	29.1146
20.3882	20.9418	29.2274
20.478	20.9971	29.3296
20.5657	21.0515	29.4298
20.6572	21.1029	29.5305
20.7459	21.1554	29.6301
20.8417	21.2047	29.7324
20.9344	21.2516	29.8309
21.0277	21.2982	29.9296
21.113	21.3474	30.0244
21.2052	21.4026	30.1286
21.2932	21.4533	30.2265
21.3797	21.5046	30.3239
21.4638	21.5586	30.4215
21.5549	21.5972	30.5131
21.6523	21.6454	30.6161
21.7576	21.6871	30.7201
21.8601	21.728	30.8216
21.9667	21.7581	30.9184
22.0683	21.7863	31.0105
22.1636	21.8005	31.0884
22.2584	21.8129	31.1647
22.3508	21.8025	31.2235
22.4535	21.783	31.2835
22.5539	21.7632	31.3419
22.6415	21.7498	31.3957
22.7323	21.7315	31.4486
22.8246	21.7215	31.5085
22.919	21.7106	31.5695
23.0212	21.7004	31.6367
23.125	21.6886	31.7043
23.2265	21.6848	31.7758
23.3281	21.68	31.8468
23.4325	21.669	31.916
23.5451	21.6865	32.0106
23.6503	21.7019	32.0984
23.7459	21.7207	32.1816
23.8476	21.7347	32.2662
23.946	21.7565	32.3537
24.0523	21.7947	32.458
24.1476	21.8323	32.5539
24.2493	21.8781	32.66
24.3544	21.9106	32.7599
24.445	21.9358	32.8441
24.5435	21.9661	32.9377
24.6339	21.9954	33.0247
24.7264	22.0278	33.1152
24.8177	22.0606	33.2052
24.9128	22.1032	33.3046
25.0084	22.1376	33.399
25.1011	22.1728	33.4918
25.1971	22.2173	33.5932
25.2966	22.2457	33.6866
25.3969	22.2713	33.7789
25.4917	22.3003	33.8693
25.5934	22.3264	33.9631
25.6927	22.3517	34.0546
25.7904	22.3741	34.143
25.8822	22.3987	34.2285
25.9769	22.4234	34.3163
26.0833	22.442	34.4091
26.1893	22.4695	34.5074
26.2839	22.4948	34.5956
26.3788	22.5168	34.6821
26.4791	22.537	34.7716
26.5798	22.5584	34.8622
26.6748	22.5737	34.9445
26.7828	22.5976	35.0424
26.8894	22.614	35.1345
26.9918	22.6302	35.2233
27.083	22.6254	35.2901
27.1787	22.6194	35.3598
27.2782	22.6102	35.4305
27.3764	22.6014	35.5006
27.4741	22.5895	35.5684
27.5706	22.5797	35.6368
27.6694	22.5722	35.7085
27.7737	22.5671	35.7863
27.8765	22.5633	35.8637
27.9808	22.5745	35.9518
28.082	22.5876	36.0389
28.187	22.6178	36.1396
28.2823	22.6509	36.2347
28.3779	22.6832	36.3295
28.4799	22.7184	36.4311
28.578	22.7592	36.5333
28.6611	22.7966	36.6216
28.746	22.8411	36.7158
28.8309	22.892	36.8139
28.9294	22.9357	36.9183
29.0242	22.9852	37.0233
29.1118	23.0362	37.1236
29.1957	23.0923	37.2242
29.2775	23.1459	37.3216
29.3566	23.2051	37.4204
29.4371	23.2654	37.5209
29.5166	23.3247	37.6201
29.611	23.3801	37.7285
29.7059	23.4374	37.8385
29.7834	23.5137	37.9466
29.8428	23.591	38.0411
29.8882	23.6774	38.1304
29.9275	23.7719	38.2199
29.9694	23.8669	38.3118
0	0	0
0.0742612	0.0769929	0.10697
0.154467	0.147204	0.213376
0.234306	0.214426	0.317613
0.311518	0.280783	0.419384
0.396337	0.334669	0.518735
0.474095	0.402157	0.621689
0.547343	0.469408	0.72106
0.60618	0.540571	0.812201
0.678768	0.622391	0.920922
0.750016	0.696681	1.02366
0.823113	0.766992	1.12507
0.89203	0.840019	1.2253
0.960245	0.918226	1.32861
1.02668	0.993051	1.42836
1.08811	1.07264	1.52792
1.14453	1.14294	1.61749
1.20759	1.2162	1.71389
1.27633	1.2845	1.81079
1.34587	1.34968	1.90605
1.39706	1.42446	1.99521
1.44784	1.50152	2.08585
1.49988	1.57929	2.17803
1.5511	1.66087	2.27254
1.60526	1.74453	2.37071
1.66386	1.84044	2.48106
1.72205	1.92718	2.58447
1.77562	2.01395	2.68492
1.82664	2.09387	2.77865
1.87936	2.17596	2.8752
1.93622	2.25864	2.97496
1.99355	2.34305	3.07638
2.04982	2.42784	3.17745
2.10979	2.50845	3.27774
2.16429	2.59252	3.37717
2.21542	2.67809	3.47566
2.25707	2.76337	3.568
2.31008	2.82932	3.65261
2.3616	2.92007	3.75552
2.41814	2.9973	3.85113
2.47098	3.08279	3.95086
2.52373	3.16804	4.05039
2.5721	3.25554	4.14901
2.6315	3.31726	4.23426
2.68341	3.3938	4.3265
2.73334	3.47941	4.42464
2.77922	3.56449	4.51992
2.8194	3.63977	4.60401
2.86528	3.72031	4.6958
2.91542	3.8056	4.79398
2.96815	3.88866	4.89199
3.01824	3.98496	4.99896
3.0665	4.07728	5.10173
3.10499	4.16245	5.19297
3.1459	4.25005	5.28769
3.18767	4.33787	5.38315
3.23263	4.42584	5.48068
3.26511	4.52872	5.58304
3.30415	4.63057	5.68855
3.35044	4.72405	5.79155
3.39046	4.80535	5.88104
3.43789	4.88604	5.97432
3.47903	4.9698	6.06651
3.5332	5.05316	6.16587
3.58469	5.13535	6.26273
3.63226	5.22002	6.3594
3.67738	5.30665	6.45629
3.71861	5.40734	6.56257
3.7612	5.49976	6.66288
3.805	5.58162	6.75518
3.84841	5.66489	6.84845
3.89836	5.74732	6.94471
3.94947	5.83021	7.04199
3.99774	5.92231	7.14532
4.05693	5.98885	7.2336
4.11519	6.06455	7.32896
4.17632	6.14915	7.43328
4.24281	6.23659	7.54298
4.30983	6.31676	7.64697
4.36436	6.40407	7.74982
4.45027	6.47451	7.85647
4.52454	6.54795	7.95909
4.59599	6.62131	8.06008
4.68071	6.69514	8.16909
4.75292	6.77158	8.27312
4.84256	6.81917	8.36369
4.92605	6.88539	8.46608
5.00781	6.95216	8.56801
5.08048	7.02046	8.66592
5.13287	7.086	8.74973
5.19536	7.14225	8.83196
5.2736	7.19853	8.92355
5.34678	7.24886	9.00745
5.43658	7.30735	9.10789
5.52691	7.3822	9.22191
5.62102	7.4455	9.32906
5.71211	7.50238	9.42941
5.79965	7.56131	9.52939
5.88436	7.62036	9.62785
5.96886	7.67642	9.72392
6.05303	7.72882	9.81702
6.13341	7.78569	9.9114
6.21128	7.84316	10.0048
6.29328	7.89787	10.0986
6.38443	7.95061	10.1967
6.47409	7.99882	10.2905
6.55499	8.06092	10.3897
6.63486	8.10799	10.4767
6.71876	8.16618	10.5749
6.78317	8.21943	10.6569
6.84574	8.28663	10.7486
6.91913	8.34564	10.8409
7.00004	8.39832	10.9331
7.08619	8.45941	11.0352
7.16777	8.52599	11.1386
7.25252	8.57634	11.2318
7.33685	8.63444	11.3306
7.42098	8.70339	11.4377
7.50726	8.76018	11.5369
7.59312	8.82338	11.6408
7.68912	8.90866	11.768
7.7624	8.9868	11.8751
7.85002	9.05416	11.9833
7.92927	9.12584	12.0894
8.00862	9.18595	12.1869
8.09187	9.23896	12.2816
8.16894	9.30121	12.3792
8.23967	9.35941	12.4696
8.3212	9.41224	12.5631
8.39923	9.47011	12.6582
8.47805	9.52048	12.7482
8.55655	9.58058	12.8453
8.6335	9.64246	12.9427
8.70816	9.69891	13.0346
8.78316	9.76365	13.1329
8.84909	9.8345	13.2297
8.93097	9.9009	13.3338
9.00592	9.97183	13.4367
9.07597	10.0452	13.538
9.13147	10.1285	13.6371
9.19467	10.1962	13.7297
9.2596	10.2667	13.8255
9.322	10.3286	13.9133
9.3908	10.4095	14.0194
9.45651	10.4892	14.1226
9.51913	10.5596	14.2168
9.57831	10.6367	14.3138
9.63188	10.7243	14.4147
9.68506	10.8081	14.5126
9.74191	10.8902	14.6117
9.80339	10.9601	14.7048
9.85962	11.0393	14.8013
9.91636	11.1212	14.9002
9.96583	11.1987	14.991
10.011	11.2759	15.0786
10.0394	11.3397	15.1452
10.0865	11.4095	15.2288
10.1477	11.489	15.3289
10.1895	11.5601	15.4098
10.2449	11.6493	15.5134
10.3017	11.7429	15.6211
10.3488	11.8257	15.7144
10.4039	11.9084	15.813
10.4612	11.9904	15.9124
10.5299	12.0778	16.0235
10.5922	12.1696	16.1336
10.6601	12.2529	16.241
10.7211	12.347	16.3521
10.7816	12.4384	16.4608
10.8439	12.5197	16.5631
10.9026	12.6062	16.6668
10.9635	12.6924	16.7719
11.023	12.7781	16.8756
11.0791	12.8584	16.973
11.1466	12.949	17.0858
11.2063	13.0395	17.1933
11.2659	13.1181	17.2918
11.3181	13.2017	17.3892
11.388	13.2863	17.4989
11.4484	13.373	17.604
11.5087	13.4668	17.7145
11.5646	13.5516	17.8153
11.6228	13.6484	17.9268
11.6724	13.7346	18.0246
11.7275	13.8121	18.1193
11.7796	13.8832	18.2072
11.8333	13.9639	18.3035
11.8844	14.0517	18.4035
11.9322	14.1386	18.5007
11.9793	14.2127	18.5877
12.0342	14.2807	18.6752
12.0839	14.3491	18.7595
12.1343	14.4243	18.8495
12.1861	14.4945	18.9365
12.2367	14.5705	19.0272
12.291	14.6505	19.1234
12.352	14.7271	19.2213
12.4124	14.8052	19.32
12.48	14.881	19.4215
12.5505	14.9707	19.5356
12.6198	15.0489	19.64
12.6945	15.1214	19.7435
12.7714	15.1923	19.8472
12.8447	15.2571	19.9441
12.9131	15.3279	20.0422
12.9814	15.4014	20.1425
13.0588	15.472	20.2464
13.1301	15.5447	20.3478
13.2001	15.6173	20.4485
13.2706	15.6895	20.5492
13.3326	15.7436	20.6305
13.3987	15.8049	20.72
13.4644	15.872	20.8137
13.5358	15.9376	20.91
13.6115	16.0021	21.0081
13.6952	16.0639	21.1094
13.7815	16.1279	21.2142
13.8635	16.1891	21.3139
13.9443	16.2602	21.4204
14.0231	16.3274	21.5228
14.0912	16.3756	21.6038
14.1645	16.4295	21.6924
14.2392	16.4787	21.7784
14.3115	16.5349	21.8683
14.3913	16.5837	21.9574
14.474	16.6306	22.047
14.5575	16.6862	22.1439
14.6471	16.7403	22.2435
14.7354	16.7822	22.3333
14.8213	16.8246	22.4218
14.9106	16.873	22.5172
14.9996	16.9204	22.6117
15.0905	16.9715	22.7102
15.1759	17.0135	22.7984
15.2641	17.0557	22.8886
15.3489	17.1079	22.9841
15.4375	17.153	23.0768
15.5292	17.1906	23.1662
15.6072	17.2478	23.261
15.7044	17.2962	23.3621
15.7975	17.3552	23.4683
15.8714	17.4124	23.5604
15.9587	17.4672	23.6597
16.0493	17.5136	23.7552
16.1458	17.5572	23.8525
16.2315	17.6138	23.9522
16.3192	17.6706	24.0534
16.4034	17.7135	24.1421
16.4926	17.75	24.2294
16.5694	17.8044	24.3216
16.6419	17.8455	24.4011
16.722	17.8823	24.4827
16.8033	17.9323	24.5748
16.8913	17.9845	24.673
16.9822	18.0387	24.7748
17.0762	18.0946	24.8799
17.1659	18.1485	24.9807
17.2482	18.2096	25.0817
17.3281	18.2534	25.1684
17.4003	18.3129	25.2613
17.4756	18.372	25.356
17.55	18.4317	25.4505
17.627	18.4909	25.5465
17.7	18.5591	25.6462
17.7652	18.6188	25.7345
17.8271	18.6908	25.8292
17.9083	18.7467	25.9258
17.9859	18.8041	26.0209
18.0564	18.8663	26.1146
18.1319	18.9254	26.2095
18.1994	18.9961	26.3072
18.2708	19.0664	26.4074
18.3437	19.1379	26.5095
18.4192	19.2047	26.6099
18.4852	19.2702	26.7028
18.5575	19.3356	26.8001
18.6371	19.389	26.8938
18.7119	19.4539	26.9924
18.7875	19.5162	27.0898
18.8643	19.5905	27.1966
18.9391	19.6763	27.3102
19.0068	19.7587	27.4165
19.0717	19.8335	27.5154
19.1332	19.8975	27.6042
19.1937	19.9663	27.6956
19.256	20.0382	27.7907
19.3271	20.1107	27.8922
19.3919	20.1943	27.9974
19.4609	20.2641	28.0956
19.5392	20.3323	28.199
19.609	20.4037	28.2988
19.6894	20.4834	28.412
19.7904	20.5521	28.5316
19.8756	20.6168	28.6373
19.9615	20.6719	28.7365
20.0477	20.7255	28.8349
20.1284	20.7889	28.9367
20.2169	20.8416	29.0361
20.3072	20.9023	29.1426
20.3977	20.9509	29.2405
20.4933	20.9987	29.3415
20.5854	21.0447	29.4387
20.6767	21.0885	29.5339
20.7681	21.139	29.634
20.8661	21.1872	29.737
20.9585	21.2212	29.8262
21.0441	21.2621	29.9154
21.1294	21.3079	30.0079
21.2169	21.3495	30.0992
21.3051	21.3892	30.1895
21.3893	21.4279	30.2763
21.4795	21.4645	30.366
21.5704	21.496	30.4526
21.6543	21.5261	30.5333
21.7442	21.5639	30.6238
21.8321	21.597	30.7095
21.9267	21.6199	30.7928
22.0147	21.6362	30.867
22.1079	21.6575	30.9485
22.1977	21.6737	31.024
22.2961	21.6954	31.1096
22.3808	21.7156	31.1844
22.471	21.7256	31.2561
22.5654	21.7404	31.3343
22.6613	21.7547	31.4134
22.7677	21.7609	31.4945
22.8763	21.7762	31.5837
22.9824	21.7902	31.6702
23.088	21.8157	31.7644
23.1816	21.8375	31.8475
23.2778	21.8447	31.9225
23.3708	21.8503	31.9942
23.4733	21.875	32.0859
23.5722	21.8981	32.1741
23.6832	21.9114	32.2646
23.7878	21.9271	32.3521
23.8961	21.9333	32.436
24.0049	21.9528	32.5294
24.1105	21.9678	32.6175
24.2127	21.9821	32.7027
24.3105	21.9802	32.7739
24.3992	21.9935	32.8486
24.4946	22.008	32.9293
24.5866	22.0274	33.0107
24.6853	22.0388	33.0919
24.7831	22.0612	33.1798
24.8814	22.0797	33.2655
24.9812	22.0913	33.348
25.0764	22.119	33.4376
25.1678	22.1242	33.5097
25.2629	22.1276	33.5834
25.3664	22.1368	33.6674
25.4718	22.1512	33.7563
25.574	22.1641	33.8419
25.6742	22.1772	33.9263
25.7619	22.1895	34.0008
25.8503	22.2125	34.0827
25.9362	22.225	34.1561
26.0341	22.2409	34.2408
26.1217	22.2543	34.3162
26.2096	22.2627	34.3885
26.3018	22.2795	34.4697
26.4134	22.2875	34.5601
26.5166	22.3049	34.6502
26.6191	22.3216	34.7395
26.7156	22.3274	34.8172
26.8156	22.3367	34.8999
26.915	22.352	34.9861
27.0168	22.3564	35.0673
27.1113	22.3679	35.1475
27.2134	22.39	35.2403
27.314	22.4044	35.3272
27.4112	22.4154	35.4094
27.518	22.4324	35.5028
27.6177	22.4577	35.5962
27.7166	22.4825	35.6885
27.8142	22.5074	35.7801
27.9107	22.5351	35.8725
28.0059	22.5687	35.9677
28.0976	22.598	36.0575
28.1885	22.634	36.1509
28.2804	22.6707	36.2456
28.3854	22.7024	36.3473
28.4856	22.757	36.4597
28.5806	22.8034	36.5629
28.6716	22.8516	36.6641
28.7701	22.8992	36.7708
28.8426	22.9555	36.8626
28.9168	23.0115	36.9556
28.999	23.0628	37.0518
29.0759	23.1133	37.1434
29.1564	23.163	37.2373
29.2305	23.2135	37.3267
29.3093	23.2704	37.4239
29.3782	23.3222	37.51
29.4489	23.3798	37.6012
29.5109	23.4439	37.6896
29.5781	23.5105	37.7837
29.6525	23.5807	37.8856
29.7329	23.6537	37.994
29.8292	23.7225	38.1122
29.9166	23.7937	38.2249
29.9969	23.8593	38.3286
0	0	0
0.0792847	0.0625269	0.100974
0.1558	0.135463	0.206455
0.242661	0.211315	0.321774
0.328804	0.281255	0.432685
0.405272	0.370802	0.549308
0.465637	0.44242	0.642303
0.542834	0.50933	0.744369
0.603702	0.560572	0.823831
0.666898	0.625491	0.914326
0.732764	0.683932	1.00235
0.804772	0.748393	1.09898
0.871545	0.822085	1.19809
0.945195	0.897203	1.30321
1.01098	0.978334	1.40684
1.06776	1.06257	1.50637
1.12418	1.13607	1.59826
1.19267	1.20537	1.69569
1.2571	1.27923	1.79352
1.33603	1.35489	1.90281
1.40086	1.4449	2.0125
1.4636	1.52738	2.11543
1.52519	1.60416	2.21349
1.5784	1.68766	2.31075
1.62894	1.76703	2.4033
1.67868	1.86295	2.5077
1.736	1.95095	2.6115
1.79275	2.03662	2.71326
1.83054	2.12796	2.80697
1.88794	2.21186	2.90803
1.93519	2.30696	3.01115
2.00859	2.3932	3.1244
2.06617	2.47618	3.22499
2.12825	2.56506	3.33301
2.18881	2.65619	3.44184
2.24475	2.73886	3.54122
2.30062	2.81319	3.63413
2.36501	2.89349	3.73705
2.42845	2.98812	3.85048
2.48817	3.08323	3.96198
2.53532	3.18394	4.07006
2.58995	3.27507	4.17539
2.65323	3.36653	4.28639
2.71349	3.45541	4.39351
2.77719	3.5491	4.50653
2.80878	3.63404	4.59298
2.85004	3.71632	4.68335
2.89345	3.80572	4.78075
2.94411	3.89071	4.87908
3.00272	3.97044	4.97803
3.05737	4.06406	5.08568
3.11439	4.15418	5.19197
3.15992	4.24926	5.29541
3.2079	4.34694	5.40245
3.25308	4.44479	5.50806
3.29878	4.53556	5.60832
3.3399	4.61678	5.69821
3.38446	4.70078	5.7924
3.42097	4.79079	5.88683
3.47204	4.87784	5.98735
3.50828	4.98379	6.09476
3.56904	5.08836	6.21526
3.63062	5.18925	6.33322
3.67353	5.28965	6.44012
3.71111	5.38835	6.54268
3.76275	5.47871	6.6464
3.80064	5.55723	6.73258
3.87063	5.6398	6.84026
3.92519	5.72561	6.94188
3.97901	5.81166	7.04328
4.04124	5.90596	7.15625
4.1005	5.99311	7.26164
4.17699	6.08625	7.38171
4.24968	6.17592	7.49678
4.30557	6.27299	7.60844
4.38024	6.34918	7.71353
4.44939	6.43771	7.82567
4.51977	6.51609	7.93017
4.58863	6.59806	8.03678
4.67123	6.65595	8.13155
4.74603	6.70679	8.21619
4.81546	6.77475	8.31179
4.8867	6.84923	8.41378
4.97899	6.91893	8.52419
5.06674	6.98226	8.62692
5.14086	7.05635	8.73044
5.21478	7.11998	8.82542
5.2924	7.18663	8.92508
5.36407	7.25753	9.02469
5.44178	7.32513	9.12526
5.50688	7.38333	9.21083
5.59231	7.44421	9.31076
5.67493	7.51431	9.41646
5.76277	7.57267	9.51603
5.83692	7.62777	9.60482
5.91953	7.67898	9.69575
6.00633	7.73923	9.79652
6.0938	7.79434	9.89374
6.17246	7.84254	9.98022
6.25665	7.90525	10.0816
6.3419	7.96242	10.1794
6.41832	8.01025	10.2645
6.49757	8.06093	10.3536
6.59845	8.11724	10.4608
6.69109	8.17676	10.5655
6.77629	8.24567	10.6728
6.864	8.30378	10.7735
6.94792	8.36736	10.8759
7.04163	8.42773	10.9823
7.12794	8.48647	11.0828
7.20449	8.54829	11.1794
7.27403	8.5954	11.2602
7.35104	8.65098	11.3524
7.41321	8.72501	11.4491
7.49312	8.7825	11.5447
7.57072	8.84396	11.6418
7.6499	8.90188	11.7373
7.7248	8.96094	11.8309
7.80653	9.0239	11.932
7.88467	9.08229	12.0273
7.96368	9.14143	12.1238
8.04277	9.19786	12.2183
8.123	9.25153	12.3115
8.19767	9.31629	12.4095
8.27765	9.36763	12.5009
8.35404	9.42764	12.5964
8.42796	9.49482	12.6958
8.50638	9.55855	12.7955
8.57886	9.62384	12.8924
8.65575	9.68646	12.9904
8.73716	9.75469	13.0955
8.8145	9.83749	13.2088
8.89702	9.91549	13.3219
8.96687	9.98159	13.4178
9.02291	10.0491	13.5055
9.09104	10.114	13.5993
9.15868	10.1801	13.6936
9.2091	10.2587	13.7858
9.27997	10.3193	13.8783
9.33252	10.3857	13.9628
9.39816	10.4524	14.0563
9.45801	10.5316	14.1552
9.5173	10.6139	14.256
9.57091	10.6904	14.3488
9.63262	10.7499	14.4343
9.66856	10.8276	14.5161
9.70627	10.9036	14.5979
9.76067	10.9722	14.6853
9.81731	11.0421	14.7753
9.87015	11.1204	14.8688
9.9281	11.1984	14.9657
9.98389	11.2803	15.0639
10.0436	11.3618	15.1645
10.0944	11.4374	15.2549
10.1538	11.5166	15.3536
10.2112	11.5952	15.4505
10.2662	11.6774	15.5486
10.322	11.7615	15.6485
10.3809	11.8639	15.7644
10.4439	11.9555	15.8748
10.5024	12.0312	15.9703
10.5603	12.1173	16.0733
10.6203	12.2015	16.1761
10.6808	12.2845	16.2785
10.7349	12.3698	16.3783
10.7865	12.435	16.4614
10.8167	12.5119	16.5393
10.8728	12.5892	16.6345
10.9381	12.6733	16.7408
10.98	12.7473	16.8242
11.036	12.8306	16.9238
11.0941	12.9117	17.0232
11.1518	12.9932	17.1227
11.2144	13.0686	17.2206
11.2694	13.1516	17.3195
11.3184	13.245	17.4223
11.3779	13.328	17.5241
11.4579	13.4082	17.637
11.507	13.4982	17.7373
11.5726	13.5827	17.8442
11.6211	13.6739	17.9451
11.6775	13.7593	18.0466
11.7396	13.86	18.1636
11.8065	13.9436	18.2706
11.8666	14.0278	18.3738
11.9242	14.1122	18.4754
11.9899	14.1934	18.5798
12.0542	14.2709	18.6805
12.1163	14.3521	18.7826
12.1734	14.4253	18.8755
12.2269	14.5023	18.9687
12.2849	14.58	19.0655
12.3424	14.6553	19.1602
12.3903	14.7318	19.2496
12.4495	14.8106	19.348
12.5109	14.8786	19.4395
12.5694	14.951	19.5326
12.6337	15.0242	19.63
12.7092	15.0949	19.7327
12.7744	15.1729	19.8344
12.8426	15.2475	19.9354
12.9236	15.308	20.0339
12.9903	15.3794	20.1314
13.0573	15.4562	20.2333
13.1278	15.5268	20.3327
13.2022	15.5964	20.4339
13.2733	15.674	20.5391
13.3489	15.7433	20.6408
13.4214	15.813	20.7409
13.4985	15.8823	20.8436
13.5727	15.9515	20.9444
13.6475	16.0161	21.0421
13.7307	16.0851	21.1486
13.8204	16.162	21.2653
13.901	16.2289	21.3686
13.983	16.2922	21.47
14.0789	16.3447	21.5723
14.1809	16.4193	21.6954
14.2759	16.4888	21.8101
14.3781	16.5503	21.9235
14.4646	16.6015	22.0189
14.5493	16.6551	22.1151
14.622	16.7036	22.1994
14.7157	16.724	22.2765
14.8059	16.7746	22.3742
14.8984	16.8293	22.4764
14.9831	16.8804	22.5708
15.0649	16.9354	22.6663
15.1518	16.9767	22.755
15.2314	17.0208	22.8408
15.3185	17.0709	22.9362
15.4134	17.1209	23.0369
15.5061	17.1706	23.1358
15.5943	17.22	23.2317
15.6923	17.2717	23.3358
15.7841	17.3258	23.4376
15.8754	17.3756	23.5359
15.9533	17.4197	23.6211
16.0329	17.4682	23.7106
16.1091	17.5227	23.8023
16.1982	17.5775	23.9029
16.2861	17.6258	23.9981
16.371	17.6761	24.0926
16.4508	17.7311	24.1872
16.5345	17.7795	24.2796
16.6149	17.8303	24.3716
16.7105	17.8696	24.4655
16.8016	17.918	24.5632
16.8873	17.9768	24.6647
16.9631	18.0325	24.7571
17.0417	18.0791	24.8449
17.1095	18.1155	24.918
17.194	18.168	25.0142
17.2751	18.2271	25.1129
17.3583	18.2899	25.2157
17.4481	18.3479	25.3196
17.5307	18.4069	25.4193
17.6094	18.47	25.5192
17.7018	18.5548	25.6443
17.7956	18.6296	25.7632
17.8731	18.7055	25.8716
17.9391	18.7561	25.9538
18.0132	18.8157	26.0481
18.083	18.8807	26.1434
18.1623	18.94	26.2411
18.2306	19.0219	26.3475
18.3007	19.092	26.4465
18.3775	19.1528	26.5436
18.447	19.2371	26.6526
18.5248	19.3179	26.7647
18.5991	19.3935	26.8707
18.6728	19.4592	26.9691
18.7458	19.5274	27.0689
18.8175	19.5919	27.1651
18.8874	19.6671	27.2677
18.9572	19.7401	27.3687
19.0306	19.8103	27.4702
19.1079	19.8924	27.5829
19.1839	19.9682	27.6903
19.2612	20.0431	27.7978
19.3406	20.1135	27.9036
19.4007	20.188	27.9989
19.4761	20.2564	28.1006
19.5517	20.3144	28.1947
19.6338	20.3707	28.2922
19.7114	20.4379	28.3945
19.7915	20.5	28.4948
19.8795	20.5579	28.5976
19.9561	20.6112	28.6892
20.0333	20.6673	28.7832
20.1145	20.722	28.879
20.1909	20.7771	28.9717
20.2699	20.8163	29.0549
20.3512	20.866	29.1472
20.4264	20.9146	29.2345
20.5216	20.9684	29.3396
20.6244	21.0162	29.4457
20.6973	21.0599	29.528
20.7703	21.1039	29.6104
20.863	21.1566	29.7131
20.9517	21.2014	29.8072
21.0427	21.2443	29.9018
21.1375	21.2818	29.9951
21.2459	21.3152	30.0953
21.3511	21.355	30.1978
21.4476	21.4115	30.306
21.5445	21.4342	30.3906
21.634	21.4614	30.4733
21.7208	21.5024	30.5638
21.8141	21.5351	30.6532
21.9128	21.5688	30.7471
22.0214	21.5952	30.8431
22.1162	21.6436	30.9446
22.2196	21.671	31.0378
22.3317	21.6864	31.1288
22.4321	21.7014	31.2113
22.524	21.7218	31.2916
22.6177	21.7473	31.3769
22.7205	21.7669	31.4646
22.8129	21.7863	31.5448
22.9034	21.8067	31.6244
22.9998	21.8213	31.7043
23.0981	21.8371	31.7865
23.1979	21.8502	31.8681
23.2971	21.8627	31.9489
23.3964	21.8707	32.0269
23.4922	21.8916	32.1111
23.587	21.9009	32.1869
23.6813	21.9115	32.2633
23.7855	21.926	32.3496
23.8953	21.9344	32.4362
23.9862	21.9317	32.5013
24.0822	21.9508	32.5852
24.1823	21.9656	32.6691
24.2903	21.9678	32.7506
24.3922	21.9833	32.8367
24.4789	21.9957	32.9094
24.5613	22.0126	32.982
24.6558	22.0196	33.0571
24.7541	22.0429	33.146
24.8424	22.0597	33.2231
24.9387	22.069	33.3013
25.0296	22.0923	33.3848
25.1316	22.1082	33.4719
25.2327	22.1163	33.5532
25.3418	22.1151	33.6345
25.4312	22.1351	33.7151
25.5299	22.1374	33.7911
25.6399	22.1535	33.8848
25.735	22.1702	33.9677
25.8355	22.1916	34.0578
25.9204	22.1971	34.1259
26.016	22.2202	34.2136
26.1243	22.2414	34.3098
26.2246	22.2686	34.4038
26.3267	22.2944	34.4983
26.4264	22.3119	34.5858
26.5288	22.3186	34.6684
26.633	22.3367	34.7598
26.7351	22.3502	34.8468
26.8328	22.3489	34.9209
26.9273	22.3758	35.0108
27.0277	22.3993	35.1031
27.1249	22.4009	35.179
27.2184	22.4094	35.2565
27.313	22.4231	35.3383
27.4175	22.4346	35.4264
27.5085	22.4456	35.5039
27.5993	22.4686	35.5887
27.6676	22.4934	35.6574
27.7522	22.5173	35.7381
27.8331	22.5356	35.8125
27.915	22.572	35.8991
28.0038	22.5998	35.9856
28.0964	22.6319	36.0779
28.1982	22.679	36.1867
28.3007	22.7224	36.2937
28.3944	22.7575	36.3888
28.4862	22.7983	36.4859
28.5752	22.8421	36.5828
28.66	22.8858	36.6763
28.7431	22.9317	36.7699
28.8198	22.975	36.8569
28.8939	23.0249	36.9459
28.9706	23.0782	37.0392
29.0524	23.1198	37.129
29.1423	23.1655	37.2279
29.2279	23.2158	37.3262
29.3106	23.274	37.4272
29.3808	23.3377	37.5217
29.4544	23.4012	37.6188
29.5209	23.4642	37.7101
29.5925	23.5246	37.8037
29.6697	23.5865	37.9027
29.7446	23.6505	38.0012
29.8191	23.7171	38.1009
29.8938	23.7861	38.2023
29.9727	23.8532	38.3058
0	0	0
0.0733372	0.06223	0.0961817
0.144468	0.126688	0.192148
0.205996	0.198538	0.286097
0.282884	0.273069	0.393179
0.356757	0.337661	0.491213
0.426145	0.413546	0.593818
0.505646	0.479673	0.696968
0.584832	0.551918	0.80414
0.66128	0.627714	0.911765
0.729468	0.703041	1.01311
0.810179	0.780373	1.12489
0.879271	0.860246	1.2301
0.946879	0.941842	1.33553
1.00782	1.02254	1.43572
1.06714	1.10059	1.533
1.13538	1.17716	1.63548
1.19598	1.25474	1.73342
1.25521	1.3338	1.83155
1.32398	1.40728	1.93219
1.3932	1.48535	2.03648
1.45368	1.57525	2.1435
1.51589	1.66034	2.24826
1.57665	1.75637	2.36023
1.64005	1.84599	2.4693
1.69106	1.93265	2.56803
1.74332	2.01988	2.66816
1.7958	2.09849	2.76198
1.85266	2.1773	2.85884
1.91162	2.24754	2.95055
1.95807	2.32573	3.04024
2.0122	2.40394	3.13494
2.05828	2.49399	3.23365
2.11759	2.57559	3.33435
2.17358	2.66124	3.43608
2.2164	2.74857	3.53087
2.26415	2.83122	3.62521
2.31551	2.90817	3.71739
2.36281	2.97651	3.80032
2.41451	3.04452	3.88573
2.46773	3.12926	3.98521
2.52323	3.20952	4.08261
2.57974	3.28762	4.17894
2.63463	3.36666	4.275
2.68415	3.45044	4.37153
2.73505	3.52192	4.45919
2.78177	3.60398	4.55268
2.82896	3.67382	4.63681
2.87191	3.7562	4.72831
2.91961	3.83197	4.81748
2.95959	3.90623	4.9008
3.0083	4.00234	5.00686
3.05669	4.09526	5.11024
3.11049	4.18273	5.21252
3.16183	4.27366	5.31614
3.21229	4.3661	5.42049
3.26564	4.46528	5.53201
3.30094	4.55252	5.62332
3.34306	4.63948	5.71846
3.3788	4.71809	5.80316
3.43087	4.79141	5.89309
3.47708	4.86756	5.98191
3.5038	4.94022	6.0566
3.54186	5.01767	6.14181
3.59488	5.10366	6.24264
3.6392	5.18025	6.33078
3.68227	5.26593	6.42566
3.73182	5.35455	6.52669
3.77817	5.44528	6.62764
3.81887	5.52963	6.72016
3.87284	5.61542	6.82142
3.93169	5.70527	6.9288
3.98843	5.79417	7.0342
4.04473	5.87985	7.1367
4.10198	5.96842	7.24212
4.1628	6.0485	7.34257
4.2218	6.12994	7.4431
4.28687	6.2121	7.54767
4.3556	6.29671	7.65635
4.42539	6.37507	7.76051
4.4923	6.45113	7.86116
4.5533	6.51215	7.94611
4.61699	6.58033	8.03849
4.6882	6.64758	8.13447
4.76349	6.71085	8.2296
4.83547	6.78798	8.33418
4.90808	6.86126	8.436
4.98449	6.92995	8.53635
5.05997	6.99452	8.63288
5.13459	7.05596	8.72643
5.20492	7.10637	8.80862
5.27375	7.16729	8.89845
5.35039	7.25075	9.0111
5.43186	7.31669	9.11258
5.51326	7.37507	9.20802
5.59381	7.43057	9.30075
5.6733	7.48808	9.39456
5.76371	7.53901	9.48984
5.84913	7.59847	9.58901
5.93918	7.65658	9.69005
6.04081	7.72037	9.80283
6.12815	7.78319	9.90617
6.21318	7.84281	10.0057
6.29387	7.89765	10.0988
6.36203	7.95554	10.1866
6.43334	8.01114	10.2745
6.51409	8.06347	10.3659
6.59611	8.10502	10.4499
6.63973	8.16959	10.5275
6.71547	8.22906	10.6214
6.80565	8.27501	10.7141
6.89549	8.32862	10.8127
6.99704	8.384	10.9202
7.08856	8.43328	11.0167
7.16904	8.48417	11.1075
7.23858	8.54827	11.2013
7.31588	8.60922	11.2978
7.38393	8.66576	11.385
7.45847	8.72571	11.479
7.53237	8.78493	11.572
7.60548	8.84632	11.6662
7.67994	8.91248	11.7649
7.761	8.971	11.8622
7.85204	9.04302	11.9763
7.94883	9.11248	12.0922
8.04625	9.1827	12.2092
8.13649	9.25858	12.3257
8.22692	9.32183	12.433
8.30971	9.39204	12.5404
8.38879	9.4603	12.6439
8.46842	9.53593	12.7534
8.55418	9.59923	12.8577
8.63299	9.67132	12.9639
8.70877	9.74635	13.0703
8.78572	9.81536	13.1731
8.87152	9.88324	13.2809
8.94739	9.96481	13.3923
9.02185	10.0423	13.4997
9.08719	10.1183	13.5999
9.15278	10.1831	13.6919
9.21955	10.2499	13.7862
9.28385	10.3242	13.8845
9.35121	10.3949	13.9821
9.40219	10.4724	14.0738
9.4619	10.5464	14.1688
9.5201	10.6143	14.2582
9.5826	10.693	14.3585
9.64233	10.7794	14.4627
9.70638	10.8671	14.5708
9.77339	10.9463	14.6745
9.84432	11.0302	14.7843
9.90129	11.1206	14.8897
9.95868	11.2065	14.992
10.0169	11.2951	15.0969
10.0665	11.3761	15.1905
10.1168	11.4686	15.293
10.1827	11.5507	15.3983
10.2387	11.6366	15.4997
10.2775	11.7154	15.5845
10.3351	11.7915	15.6798
10.3988	11.8781	15.7868
10.4522	11.9646	15.8871
10.5033	12.0437	15.9803
10.5652	12.1192	16.0779
10.6211	12.2008	16.1762
10.6754	12.2814	16.2726
10.7269	12.37	16.3733
10.7878	12.4541	16.4767
10.8491	12.5402	16.5819
10.9092	12.6181	16.6801
10.9667	12.704	16.7828
11.0246	12.7881	16.8843
11.0749	12.8694	16.9786
11.1306	12.9479	17.0745
11.1944	13.027	17.176
11.2505	13.1102	17.2757
11.3193	13.1863	17.3783
11.3754	13.2732	17.4808
11.43	13.3583	17.5809
11.4928	13.4357	17.6806
11.5435	13.521	17.7783
11.5873	13.6059	17.8713
11.6389	13.685	17.965
11.693	13.7702	18.065
11.7492	13.8644	18.1732
11.8022	13.9441	18.2683
11.8572	14.0209	18.3624
11.915	14.105	18.464
11.9744	14.1891	18.5666
12.0354	14.2705	18.6681
12.1144	14.3534	18.7824
12.1745	14.4397	18.8871
12.2369	14.5211	18.9896
12.2973	14.6004	19.0891
12.3567	14.6771	19.1861
12.4168	14.7536	19.2833
12.4821	14.8291	19.3831
12.5452	14.897	19.4757
12.6142	14.9692	19.5754
12.6793	15.0455	19.6757
12.7488	15.1269	19.7827
12.8199	15.2033	19.8869
12.8941	15.2793	19.9929
12.962	15.3513	20.0917
13.0248	15.4374	20.198
13.0913	15.5116	20.2976
13.1632	15.5745	20.392
13.235	15.6403	20.4886
13.3097	15.6934	20.5774
13.3836	15.7533	20.6709
13.4609	15.8274	20.7774
13.534	15.8988	20.8792
13.6104	15.9688	20.9821
13.6892	16.0338	21.0826
13.7596	16.0975	21.1768
13.8396	16.1419	21.2625
13.9176	16.2024	21.3592
14.0024	16.2588	21.4573
14.0873	16.3221	21.5606
14.1756	16.3865	21.6671
14.2464	16.4503	21.7618
14.3347	16.4944	21.8529
14.413	16.5535	21.9488
14.4957	16.6099	22.0457
14.5639	16.6552	22.1246
14.6383	16.6927	22.202
14.709	16.7267	22.2741
14.7842	16.7743	22.3596
14.868	16.8291	22.4561
14.9534	16.8797	22.5506
15.0401	16.9289	22.6449
15.1284	16.9673	22.7324
15.2159	17.0156	22.8267
15.2939	17.0883	22.9328
15.3831	17.1437	23.0336
15.4754	17.1889	23.1289
15.5709	17.246	23.2353
15.6647	17.2949	23.3345
15.7484	17.3408	23.4246
15.8469	17.3926	23.5292
15.9398	17.4432	23.6292
16.0298	17.4929	23.7267
16.1179	17.5447	23.8244
16.2094	17.5856	23.9165
16.2943	17.6369	24.0117
16.392	17.6819	24.1112
16.4836	17.7368	24.2137
16.5704	17.7937	24.3145
16.6586	17.8508	24.4164
16.7427	17.9071	24.515
16.8273	17.9602	24.6115
16.9162	18.0141	24.7116
16.9949	18.0601	24.7991
17.0777	18.1105	24.8926
17.1623	18.1533	24.9818
17.2428	18.207	25.0761
17.3213	18.2608	25.1691
17.3986	18.3223	25.267
17.4762	18.3824	25.364
17.5359	18.4538	25.4569
17.6191	18.5068	25.5526
17.6954	18.567	25.6488
17.7781	18.6354	25.7553
17.8569	18.6967	25.8541
17.9341	18.7769	25.9655
18.0162	18.8438	26.0706
18.1145	18.9058	26.1833
18.1962	18.9802	26.2935
18.2651	19.0499	26.3915
18.342	19.1169	26.4931
18.4105	19.1802	26.5862
18.4808	19.2467	26.6828
18.5504	19.3161	26.7811
18.6279	19.3845	26.8842
18.6969	19.4584	26.9852
18.7641	19.534	27.0863
18.827	19.6049	27.181
18.8952	19.6772	27.2804
18.9666	19.7463	27.3798
19.0433	19.8152	27.4825
19.1175	19.8843	27.5837
19.1871	19.9626	27.6884
19.2651	20.03	27.7911
19.3514	20.0892	27.8936
19.4347	20.1637	28.005
19.4975	20.2419	28.1049
19.5721	20.3098	28.2057
19.6496	20.374	28.3056
19.7285	20.432	28.4021
19.7951	20.4883	28.4889
19.8722	20.5231	28.5676
19.9504	20.5809	28.6634
20.0295	20.6412	28.7618
20.1074	20.6913	28.852
20.1814	20.7469	28.9435
20.2677	20.7995	29.0414
20.36	20.8597	29.1489
20.4648	20.9162	29.2625
20.5588	20.9675	29.365
20.6394	21.0147	29.4551
20.7238	21.0614	29.5476
20.8139	21.1116	29.6465
20.9029	21.1454	29.7331
20.9872	21.2001	29.8313
21.0777	21.2441	29.9263
21.1654	21.2861	30.0179
21.2592	21.3212	30.109
21.3517	21.3579	30.2003
21.442	21.4025	30.2957
21.5354	21.4389	30.3875
21.6255	21.4664	30.4708
21.7194	21.4982	30.5599
21.8168	21.5182	30.6432
21.9128	21.5496	30.7336
22.0104	21.5767	30.8222
22.1015	21.6128	30.9127
22.2052	21.6394	31.0054
22.3095	21.6711	31.1023
22.4084	21.6965	31.1909
22.5025	21.7156	31.2719
22.6061	21.7354	31.3602
22.7048	21.7645	31.4515
22.8095	21.7844	31.541
22.9225	21.7873	31.6248
23.0295	21.7925	31.7061
23.1332	21.8106	31.7938
23.2312	21.8415	31.8864
23.3116	21.8636	31.9601
23.4035	21.8732	32.0337
23.4897	21.882	32.1028
23.5831	21.8964	32.181
23.6825	21.9152	32.2666
23.7855	21.9287	32.3515
23.8897	21.9367	32.4336
23.9914	21.9605	32.5246
24.0909	21.9779	32.6098
24.1925	21.983	32.6884
24.2896	21.9877	32.7634
24.388	21.9997	32.8445
24.4871	22.0092	32.9246
24.5815	22.024	33.0047
24.679	22.0458	33.0918
24.7828	22.061	33.1794
24.8799	22.0665	33.2557
24.9981	22.072	33.3479
25.1122	22.0841	33.4414
25.2281	22.108	33.5443
25.3327	22.1255	33.6346
25.4266	22.1336	33.7107
25.5222	22.1512	33.7943
25.6277	22.1655	33.8834
25.7182	22.1854	33.965
25.8147	22.1998	34.0474
25.9168	22.2217	34.1392
26.0171	22.2386	34.2264
26.1195	22.2501	34.3117
26.218	22.267	34.3977
26.3255	22.2889	34.4938
26.4293	22.3032	34.5824
26.5281	22.3162	34.6663
26.6341	22.3232	34.752
26.7472	22.3336	34.8454
26.8549	22.3547	34.9416
26.9587	22.3693	35.0308
27.0584	22.3872	35.119
27.159	22.3981	35.2035
27.2584	22.4181	35.2929
27.3558	22.4345	35.3786
27.4553	22.4548	35.4684
27.5601	22.4777	35.5641
27.6578	22.5012	35.6547
27.7516	22.5386	35.7511
27.8481	22.5628	35.8413
27.9424	22.6053	35.9414
28.0263	22.6402	36.0285
28.1205	22.6668	36.1185
28.2131	22.6916	36.2062
28.3093	22.7348	36.3082
28.3971	22.7744	36.4015
28.4945	22.8161	36.5036
28.5933	22.8664	36.6121
28.6861	22.9089	36.7112
28.774	22.9579	36.8105
28.8585	23.0089	36.9083
28.9376	23.0625	37.0036
29.0195	23.1201	37.1035
29.1034	23.1837	37.2088
29.188	23.2389	37.3093
29.2707	23.2986	37.4112
29.3441	23.3485	37.4997
29.4205	23.4006	37.5919
29.4911	23.457	37.6824
29.5559	23.5114	37.7669
29.6252	23.5623	37.8528
29.704	23.6136	37.9464
29.7796	23.6757	38.0442
29.8545	23.7392	38.1424
29.9306	23.8065	38.2438
0	0	0
0.0804321	0.0664792	0.104349
0.162643	0.13399	0.210727
0.225022	0.204545	0.304095
0.29411	0.260981	0.393207
0.360201	0.331195	0.489321
0.428853	0.400575	0.586835
0.499406	0.468645	0.684861
0.567832	0.548369	0.789393
0.637348	0.618329	0.887999
0.705397	0.690529	0.987125
0.779706	0.764113	1.0917
0.84965	0.841848	1.19608
0.918019	0.918193	1.2984
0.985137	0.986534	1.39418
1.05194	1.07455	1.50374
1.12161	1.14672	1.60405
1.18727	1.22258	1.7042
1.25206	1.30267	1.80682
1.30817	1.3847	1.90492
1.36559	1.46337	2.00157
1.41947	1.54666	2.0993
1.48423	1.62273	2.19913
1.54273	1.69872	2.29471
1.59802	1.7846	2.39551
1.6596	1.87257	2.50216
1.71792	1.95784	2.60469
1.77535	2.04158	2.70554
1.83386	2.12509	2.80697
1.88684	2.20491	2.90203
1.93789	2.28606	2.99691
1.99011	2.36633	3.09193
2.03636	2.45054	3.18621
2.10588	2.53033	3.29201
2.16221	2.61087	3.38996
2.21525	2.69387	3.48773
2.2725	2.78758	3.59651
2.33152	2.87652	3.70275
2.3933	2.97855	3.82095
2.45247	3.07436	3.93272
2.50682	3.17137	4.04249
2.55938	3.24356	4.13172
2.60679	3.33436	4.23241
2.65385	3.42751	4.33483
2.70831	3.51504	4.43739
2.75663	3.61077	4.54276
2.81026	3.70124	4.64722
2.85425	3.79068	4.74511
2.90679	3.87838	4.84678
2.95902	3.96468	4.94717
2.99974	4.04912	5.03923
3.05924	4.12761	5.13771
3.10981	4.21265	5.23616
3.15366	4.30441	5.33605
3.19738	4.38292	5.42524
3.24883	4.47583	5.53064
3.29891	4.56555	5.63268
3.34956	4.66419	5.74232
3.4094	4.76204	5.85671
3.45945	4.85808	5.96395
3.50849	4.95256	6.06938
3.55918	5.0419	6.17159
3.60573	5.13164	6.27176
3.66499	5.21954	6.37775
3.72121	5.30041	6.47624
3.76943	5.39377	6.58037
3.81483	5.48035	6.67736
3.86134	5.56924	6.7769
3.90998	5.65666	6.87646
3.98297	5.7444	6.99015
4.03947	5.84724	7.10687
4.09967	5.95281	7.22795
4.16511	6.04269	7.33909
4.22223	6.13168	7.44478
4.28509	6.21443	7.54858
4.34972	6.28031	7.63952
4.42341	6.35349	7.74166
4.48148	6.43025	7.83784
4.56046	6.48947	7.93164
4.63119	6.56048	8.03043
4.70363	6.63268	8.13121
4.78686	6.70558	8.23886
4.86195	6.78029	8.34332
4.95306	6.86362	8.46417
5.01581	6.94021	8.563
5.09131	7.00894	8.66294
5.17939	7.08289	8.77459
5.26397	7.15374	8.88174
5.34598	7.21847	8.98253
5.44028	7.27315	9.08269
5.52389	7.33729	9.18418
5.60319	7.40088	9.28271
5.68211	7.46689	9.38301
5.76744	7.52593	9.48172
5.84721	7.5971	9.58675
5.93037	7.65694	9.68494
6.00716	7.73253	9.79173
6.09598	7.80088	9.90024
6.17667	7.8604	9.99685
6.26119	7.91662	10.0933
6.34843	7.96945	10.1889
6.43391	8.02468	10.2855
6.51904	8.09304	10.3921
6.6142	8.15678	10.5015
6.69702	8.22089	10.6035
6.77557	8.27014	10.6913
6.85602	8.31733	10.7788
6.93692	8.36759	10.8691
7.01823	8.42405	10.9645
7.09704	8.49219	11.0673
7.18435	8.54569	11.1644
7.26498	8.60479	11.2615
7.33921	8.66574	11.356
7.41462	8.72534	11.4502
7.48688	8.78154	11.5399
7.55767	8.83555	11.6269
7.63267	8.88877	11.7161
7.71272	8.94734	11.8127
7.79249	9.00833	11.911
7.85774	9.07536	12.0044
7.93669	9.12841	12.0962
8.01734	9.18799	12.1941
8.09782	9.25196	12.2953
8.18235	9.31157	12.3958
8.26893	9.37303	12.4992
8.34834	9.44356	12.6046
8.42075	9.51619	12.707
8.49384	9.58176	12.8045
8.5704	9.64769	12.9046
8.64673	9.71264	13.0039
8.7314	9.77501	13.1068
8.80595	9.84554	13.2091
8.88775	9.91101	13.3124
8.96227	9.97501	13.4098
9.02125	10.037	13.4953
9.09631	10.1027	13.5944
9.16026	10.1789	13.6938
9.21036	10.2556	13.7843
9.26987	10.3283	13.8782
9.32658	10.3931	13.9643
9.39239	10.4732	14.0679
9.45707	10.5505	14.1686
9.52051	10.6111	14.2561
9.57966	10.6925	14.3561
9.64105	10.7712	14.4558
9.6983	10.8525	14.5545
9.75694	10.9282	14.6501
9.81203	11.0054	14.7443
9.87386	11.0978	14.8544
9.93503	11.1857	14.9608
9.97917	11.2883	15.0668
10.0416	11.3769	15.1746
10.0932	11.4612	15.2719
10.1562	11.5523	15.382
10.2195	11.6388	15.4887
10.281	11.722	15.5918
10.3444	11.8131	15.7021
10.4112	11.9	15.8115
10.4717	11.9865	15.9164
10.5339	12.0697	16.02
10.5949	12.1539	16.1236
10.6556	12.2303	16.221
10.7105	12.3126	16.3192
10.7565	12.3962	16.4125
10.8076	12.4766	16.5066
10.8683	12.5554	16.606
10.9417	12.6312	16.7113
10.9916	12.7147	16.8071
11.0426	12.7977	16.9033
11.0885	12.8942	17.0063
11.1483	12.9649	17.099
11.2032	13.045	17.1954
11.2591	13.1301	17.2965
11.3354	13.2119	17.4082
11.4015	13.2977	17.5164
11.4523	13.3829	17.6141
11.5094	13.4703	17.7176
11.5771	13.5572	17.8277
11.6439	13.6423	17.9358
11.7027	13.724	18.0361
11.7553	13.801	18.1289
11.8075	13.895	18.2342
11.864	13.9874	18.3413
11.9226	14.0742	18.4454
11.988	14.156	18.5501
12.0455	14.2409	18.6521
12.1034	14.3233	18.7524
12.1627	14.4048	18.8529
12.2229	14.485	18.953
12.2857	14.56	19.0508
12.3426	14.6333	19.1435
12.4029	14.7067	19.2385
12.4684	14.7814	19.3378
12.5361	14.86	19.4416
12.6035	14.9419	19.5476
12.6602	15.0402	19.6593
12.7285	15.1179	19.7627
12.8004	15.195	19.868
12.8639	15.2665	19.9636
12.9448	15.3496	20.0793
13.0155	15.4255	20.1829
13.0947	15.5049	20.2946
13.1692	15.5722	20.3941
13.2419	15.6388	20.492
13.3169	15.7003	20.5873
13.3946	15.7624	20.685
13.4659	15.8519	20.7994
13.5468	15.9243	20.9069
13.6367	15.9899	21.0151
13.7202	16.0575	21.1208
13.8034	16.1221	21.2239
13.8814	16.1877	21.3245
13.9642	16.2549	21.4294
14.0463	16.302	21.5187
14.1199	16.3661	21.6153
14.2071	16.4246	21.7166
14.2953	16.4727	21.8106
14.3787	16.5277	21.9069
14.4655	16.5873	22.0088
14.5556	16.644	22.1108
14.6444	16.6953	22.2079
14.7432	16.7434	22.3093
14.8346	16.7971	22.41
14.946	16.8467	22.521
15.045	16.9086	22.633
15.1373	16.9761	22.7448
15.2251	17.044	22.8539
15.3175	17.0966	22.9547
15.4131	17.1413	23.0519
15.5091	17.1878	23.1506
15.6052	17.2271	23.2442
15.6849	17.2643	23.3254
15.7661	17.3135	23.4163
15.8464	17.3638	23.5077
15.9297	17.4143	23.6011
16.0139	17.4663	23.6964
16.0964	17.5184	23.7905
16.1824	17.5601	23.8795
16.2655	17.6089	23.9717
16.3347	17.6715	24.0645
16.4222	17.7176	24.1579
16.5134	17.7697	24.258
16.6007	17.8233	24.3568
16.6944	17.8791	24.4615
16.7769	17.9484	24.5684
16.8593	18.004	24.6653
16.9473	18.0561	24.7635
17.0383	18.1056	24.862
17.1317	18.1612	24.9664
17.2072	18.2218	25.0623
17.2933	18.2814	25.1648
17.3759	18.3413	25.2651
17.4486	18.4078	25.3634
17.5243	18.4681	25.4593
17.6041	18.5239	25.5547
17.6842	18.5851	25.6542
17.7817	18.6518	25.7697
17.8716	18.7177	25.8794
17.9622	18.7879	25.9928
18.0337	18.8606	26.0948
18.1038	18.9288	26.1925
18.1833	18.9936	26.2943
18.2522	19.0642	26.3929
18.3182	19.1344	26.4892
18.3897	19.1834	26.5742
18.4533	19.2428	26.661
18.5337	19.306	26.7623
18.5931	19.3621	26.8439
18.6488	19.439	26.9379
18.7208	19.5063	27.0364
18.793	19.5743	27.1354
18.8717	19.6417	27.2385
18.9545	19.7196	27.3521
19.0318	19.7929	27.4585
19.1042	19.8733	27.5666
19.1824	19.9421	27.6704
19.2593	20.006	27.7698
19.3376	20.0698	27.87
19.4134	20.1352	27.9697
19.4974	20.1962	28.072
19.5787	20.2636	28.1769
19.6564	20.331	28.2794
19.7344	20.3949	28.3795
19.8207	20.4789	28.4999
19.9039	20.5416	28.6029
19.984	20.5984	28.6994
20.0752	20.6495	28.7996
20.1585	20.7031	28.8961
20.2311	20.7544	28.9835
20.3099	20.8093	29.0778
20.403	20.8701	29.1864
20.4971	20.9252	29.2915
20.573	20.9843	29.3868
20.6633	21.0256	29.4796
20.7595	21.082	29.5873
20.8508	21.1278	29.6841
20.9407	21.1726	29.779
21.0252	21.2045	29.8612
21.112	21.2433	29.9499
21.1944	21.2814	30.035
21.275	21.3152	30.1158
21.3666	21.3504	30.2055
21.4516	21.3897	30.2934
21.5416	21.4234	30.381
21.6346	21.4544	30.4688
21.7259	21.4889	30.5579
21.8266	21.5301	30.6586
21.9206	21.5683	30.7523
22.0242	21.5928	30.8434
22.1262	21.617	30.9332
22.2279	21.6408	31.0226
22.3236	21.6513	31.0986
22.4154	21.6628	31.1726
22.5089	21.6888	31.2579
22.5996	21.7184	31.3437
22.6978	21.7411	31.4303
22.8042	21.7508	31.5139
22.9122	21.7938	31.6218
23.0234	21.8221	31.7219
23.1309	21.8367	31.8101
23.2343	21.8494	31.894
23.3435	21.8621	31.9824
23.4565	21.873	32.0724
23.5662	21.8817	32.1586
23.681	21.9093	32.2615
23.7958	21.9178	32.3516
23.9143	21.9327	32.449
24.0478	21.949	32.5585
24.1623	21.9633	32.6527
24.2809	21.9739	32.7477
24.3913	22.0063	32.8514
24.499	22.0239	32.9432
24.597	22.0443	33.0298
24.6994	22.0559	33.1138
24.7946	22.0656	33.1913
24.8898	22.0758	33.2692
24.9885	22.0657	33.3364
25.1093	22.0632	33.4254
25.2159	22.0838	33.5192
25.3111	22.1073	33.6063
25.4128	22.1178	33.6898
25.5182	22.1506	33.7909
25.6221	22.1711	33.8829
25.7094	22.1989	33.9671
25.796	22.212	34.0412
25.8909	22.222	34.1197
25.9873	22.2356	34.2018
26.0835	22.2382	34.2766
26.1847	22.2533	34.3634
26.2748	22.2692	34.4424
26.3671	22.2795	34.5195
26.4567	22.2973	34.5995
26.552	22.3126	34.6823
26.6488	22.3113	34.7556
26.7456	22.3278	34.8405
26.8438	22.3476	34.9285
26.9252	22.3724	35.007
27.0116	22.3937	35.0871
27.0986	22.4105	35.1648
27.1891	22.4335	35.2492
27.2875	22.4666	35.3462
27.3975	22.4775	35.4382
27.4923	22.4989	35.525
27.5898	22.5205	35.6141
27.6831	22.5472	35.7034
27.7938	22.5699	35.8035
27.8947	22.6027	35.9026
28.0011	22.6327	36.0042
28.0996	22.6648	36.101
28.1965	22.6944	36.195
28.2913	22.7354	36.2946
28.3877	22.7693	36.391
28.471	22.8238	36.4901
28.5634	22.8648	36.5878
28.6592	22.9146	36.6937
28.7671	22.9727	36.8143
28.8611	23.0293	36.9231
28.9495	23.0911	37.0307
29.0431	23.1504	37.1408
29.1247	23.2042	37.2382
29.2036	23.2637	37.337
29.2787	23.3206	37.4311
29.3494	23.3594	37.5106
29.423	23.4166	37.6039
29.4861	23.4941	37.7015
29.5522	23.5546	37.7909
29.6208	23.6194	37.8849
29.698	23.6891	37.9888
29.7746	23.7563	38.0905
29.857	23.8199	38.1946
29.9371	23.8795	38.2944
0	0	0
0.0754096	0.0648376	0.0994511
0.138475	0.130678	0.1904
0.204742	0.201359	0.287166
0.286249	0.274891	0.396867
0.369472	0.346619	0.50661
0.444953	0.419902	0.611802
0.521028	0.49845	0.721057
0.596841	0.575222	0.828915
0.666453	0.651011	0.931652
0.739155	0.727583	1.03717
0.807864	0.803155	1.13917
0.872718	0.879553	1.23905
0.944465	0.954871	1.34305
1.01576	1.0438	1.45646
1.08903	1.12197	1.56359
1.15043	1.19132	1.65612
1.20505	1.26714	1.74866
1.26495	1.34326	1.84511
1.33485	1.41976	1.94873
1.38647	1.50516	2.04642
1.45165	1.58854	2.15192
1.51398	1.67053	2.25451
1.57783	1.74995	2.35624
1.63575	1.83334	2.45699
1.6941	1.91844	2.55937
1.74474	1.99908	2.65338
1.80494	2.07856	2.75286
1.86817	2.14123	2.84165
1.92131	2.2251	2.93981
1.95746	2.31055	3.02825
2.00255	2.38752	3.11616
2.05313	2.46881	3.21098
2.11015	2.55073	3.31043
2.17037	2.64872	3.42436
2.22888	2.73975	3.53188
2.29076	2.83626	3.64581
2.3546	2.92331	3.75365
2.41239	3.00855	3.85629
2.46395	3.09685	3.95747
2.50811	3.18638	4.05507
2.56146	3.27734	4.15957
2.61226	3.37301	4.26627
2.6615	3.46392	4.36833
2.70573	3.55217	4.46529
2.75667	3.63943	4.56559
2.80545	3.73656	4.67252
2.86159	3.8254	4.77727
2.93177	3.8956	4.87555
2.98152	3.98907	4.98018
3.03067	4.09208	5.09216
3.08265	4.18747	5.19977
3.13992	4.28285	5.31055
3.19297	4.38755	5.42638
3.2493	4.47908	5.53354
3.3012	4.57735	5.64359
3.35583	4.66782	5.74893
3.39829	4.75704	5.84618
3.44627	4.8538	5.95283
3.50112	4.9506	6.06352
3.55004	5.04158	6.16607
3.59924	5.13255	6.26878
3.65122	5.21778	6.36841
3.69682	5.31855	6.47715
3.77065	5.42036	6.60289
3.81706	5.51246	6.70501
3.87188	5.59191	6.80154
3.92676	5.67444	6.90063
3.99629	5.74752	7.00031
4.05884	5.82684	7.10114
4.1244	5.91435	7.21043
4.18048	6.0064	7.31801
4.24036	6.0901	7.42092
4.29954	6.16926	7.51969
4.36715	6.2515	7.62583
4.42598	6.33227	7.72573
4.49122	6.40828	7.82542
4.55957	6.48244	7.92539
4.63529	6.56286	8.03474
4.71578	6.63306	8.13856
4.79563	6.71251	8.2496
4.86681	6.78998	8.35402
4.93836	6.85678	8.45002
4.99944	6.92918	8.54447
5.07379	6.99298	8.63974
5.15272	7.06091	8.74111
5.23179	7.12426	8.83894
5.30969	7.18333	8.9327
5.38723	7.24431	9.02786
5.45869	7.31131	9.12428
5.5348	7.37084	9.21756
5.61123	7.42839	9.30951
5.69451	7.48879	9.40795
5.78348	7.55131	9.51162
5.8678	7.60996	9.60951
5.95366	7.67838	9.71615
6.03765	7.74131	9.81738
6.12176	7.80058	9.91589
6.20969	7.85412	10.0124
6.29794	7.90348	10.1059
6.38137	7.96037	10.2024
6.46924	8.00761	10.2943
6.54668	8.06586	10.3883
6.62813	8.12921	10.4889
6.7115	8.18953	10.5883
6.79575	8.25418	10.6918
6.87625	8.31797	10.7922
6.95544	8.37811	10.889
7.0362	8.44081	10.9889
7.12849	8.52045	11.1092
7.21839	8.58481	11.2162
7.30456	8.64628	11.3188
7.39026	8.70605	11.4198
7.46704	8.77524	11.5222
7.54239	8.83159	11.614
7.61532	8.88881	11.7049
7.70127	8.94381	11.8026
7.78656	9.00389	11.9038
7.87032	9.06516	12.005
7.95151	9.12743	12.1052
8.02354	9.18303	12.1945
8.09307	9.24927	12.2901
8.17255	9.30911	12.3875
8.25954	9.35822	12.4818
8.33656	9.42352	12.5818
8.39772	9.49281	12.6742
8.47658	9.55883	12.7759
8.54567	9.63106	12.8758
8.62545	9.69557	12.977
8.71002	9.76093	13.0821
8.78123	9.83892	13.1877
8.8572	9.91284	13.2934
8.93259	9.99241	13.403
9.00593	10.0674	13.5077
9.07634	10.1409	13.6095
9.15329	10.2185	13.7186
9.22757	10.2831	13.8163
9.29078	10.3577	13.914
9.35498	10.4338	14.0135
9.41081	10.5265	14.1199
9.4774	10.6083	14.2252
9.53896	10.6849	14.3234
9.60067	10.7602	14.4207
9.66941	10.8462	14.5306
9.73236	10.9296	14.6347
9.79295	11.0035	14.7302
9.85518	11.0749	14.8249
9.9285	11.1528	14.9319
9.98105	11.239	15.0312
10.0343	11.3196	15.1268
10.1016	11.4124	15.2409
10.1679	11.4953	15.3469
10.2225	11.5825	15.4484
10.2727	11.6823	15.5565
10.3257	11.7654	15.6539
10.3805	11.8463	15.7509
10.4324	11.9279	15.8464
10.4879	12.0076	15.943
10.5429	12.0812	16.0346
10.5977	12.1626	16.132
10.6605	12.2509	16.2398
10.7287	12.3457	16.3561
10.7901	12.4345	16.4634
10.849	12.5132	16.5614
10.8973	12.5973	16.6566
10.9608	12.6743	16.7564
11.0117	12.7488	16.846
11.0478	12.8135	16.9186
11.0968	12.8854	17.0051
11.1382	12.9606	17.0891
11.1919	13.0365	17.1817
11.2435	13.117	17.2763
11.2979	13.199	17.374
11.3514	13.2714	17.4639
11.4046	13.3504	17.5584
11.4597	13.4306	17.6552
11.5137	13.51	17.7507
11.57	13.5907	17.8486
11.638	13.6723	17.9547
11.6997	13.7559	18.0584
11.7393	13.8265	18.1379
11.7844	13.9032	18.2255
11.8499	13.9747	18.3225
11.9158	14.0599	18.4301
11.9765	14.1452	18.5344
12.036	14.2282	18.6362
12.1067	14.3045	18.7402
12.166	14.3937	18.8465
12.2383	14.4759	18.956
12.2978	14.5567	19.0561
12.3534	14.6396	19.1553
12.3939	14.7159	19.2397
12.4562	14.7919	19.338
12.5426	14.8624	19.4475
12.6037	14.9372	19.5442
12.6542	15.0214	19.6411
12.7219	15.1082	19.7511
12.8068	15.1752	19.857
12.8832	15.2469	19.9611
12.9653	15.3174	20.0679
13.0381	15.3926	20.1724
13.1036	15.4622	20.2678
13.1708	15.5299	20.3629
13.2408	15.593	20.4563
13.3018	15.6705	20.5549
13.3706	15.7406	20.6529
13.4435	15.8038	20.7482
13.5166	15.8702	20.8461
13.6082	15.9338	20.954
13.6847	16.003	21.0563
13.7602	16.0699	21.1562
13.8415	16.1162	21.2442
13.9206	16.1754	21.3407
13.9976	16.2389	21.439
14.0665	16.2927	21.5248
14.1412	16.3559	21.6215
14.2353	16.4152	21.7279
14.3203	16.4835	21.8352
14.4068	16.5408	21.9353
14.4925	16.5972	22.0341
14.5774	16.6498	22.1295
14.6525	16.6989	22.2159
14.7422	16.7547	22.3171
14.83	16.809	22.4159
14.9179	16.8553	22.5088
14.9981	16.9042	22.5986
15.0802	16.9556	22.6915
15.162	17.0044	22.7824
15.249	17.0485	22.8732
15.3276	17.1034	22.9666
15.4081	17.1534	23.0575
15.5076	17.1931	23.1536
15.5935	17.2337	23.2413
15.6809	17.2812	23.3352
15.7689	17.3304	23.4307
15.855	17.3811	23.5262
15.9416	17.4286	23.6197
16.0236	17.4762	23.7102
16.1096	17.5323	23.8097
16.1994	17.5844	23.9088
16.2823	17.6417	24.0072
16.3681	17.6923	24.1025
16.4536	17.7438	24.1984
16.5457	17.8002	24.3024
16.6284	17.8677	24.4082
16.7098	17.9366	24.514
16.7986	17.9914	24.6147
16.8866	18.0441	24.7133
16.9782	18.0968	24.8144
17.0647	18.1517	24.9136
17.1445	18.1982	25.0022
17.2256	18.2539	25.0983
17.3178	18.3123	25.2041
17.4151	18.3719	25.3143
17.5001	18.4392	25.4215
17.5871	18.5096	25.5326
17.6705	18.5757	25.638
17.7507	18.6375	25.7379
17.8336	18.7006	25.8409
17.916	18.7598	25.9406
17.9952	18.8212	26.0397
18.076	18.8881	26.1438
18.1487	18.9518	26.2401
18.2253	19.0108	26.3358
18.2945	19.0777	26.4319
18.3597	19.1432	26.5244
18.4326	19.204	26.6187
18.4956	19.2777	26.7155
18.5713	19.3486	26.8191
18.6503	19.4149	26.9216
18.7242	19.4888	27.0261
18.8011	19.5549	27.1271
18.8867	19.6198	27.2331
18.9806	19.688	27.3474
19.0632	19.757	27.4544
19.1241	19.8419	27.5578
19.1945	19.9149	27.6592
19.2735	19.9969	27.7731
19.3555	20.0578	27.8738
19.4385	20.1222	27.9778
19.5125	20.1898	28.0779
19.5922	20.2633	28.1861
19.6717	20.3313	28.2903
19.7508	20.3973	28.3927
19.8307	20.4649	28.4968
19.9226	20.5232	28.6027
20.0081	20.5844	28.7061
20.0919	20.6595	28.8184
20.1799	20.7205	28.9235
20.2664	20.7761	29.0237
20.3492	20.8362	29.1245
20.4276	20.889	29.2171
20.5159	20.9473	29.3205
20.61	20.9955	29.4208
20.7017	21.0426	29.5186
20.7934	21.0985	29.6228
20.8913	21.1514	29.7292
20.9908	21.1987	29.8328
21.0894	21.2438	29.9343
21.1905	21.2841	30.0342
21.287	21.3254	30.1316
21.3863	21.3577	30.2246
21.4796	21.3985	30.3194
21.5664	21.4387	30.4094
21.6609	21.4719	30.4997
21.7553	21.4965	30.5842
21.8503	21.5213	30.6692
21.9456	21.5474	30.7555
22.0437	21.569	30.8407
22.1444	21.5969	30.9322
22.2406	21.6193	31.0167
22.3496	21.6502	31.1165
22.4541	21.6691	31.2048
22.5485	21.7039	31.2969
22.6479	21.7265	31.3842
22.7447	21.7413	31.4644
22.8446	21.7628	31.5515
22.9453	21.7942	31.6461
23.0398	21.8051	31.7222
23.1319	21.8206	31.7998
23.232	21.8373	31.8841
23.3352	21.8556	31.9718
23.4358	21.875	32.0586
23.5309	21.8708	32.1253
23.633	21.8812	32.2072
23.7354	21.8952	32.292
23.845	21.9167	32.3871
23.9358	21.9486	32.4756
24.0276	21.9676	32.5561
24.1228	21.9793	32.6343
24.2228	21.9953	32.719
24.3231	22.0063	32.8008
24.4102	22.0303	32.8815
24.5158	22.0403	32.9666
24.6163	22.0433	33.0435
24.7162	22.0533	33.1245
24.8154	22.0682	33.2086
24.9147	22.0836	33.2931
25.0132	22.0957	33.3749
25.1142	22.1122	33.4615
25.2012	22.1289	33.5379
25.2861	22.1343	33.6053
25.3882	22.156	33.6965
25.4781	22.1689	33.7726
25.5805	22.1836	33.8596
25.686	22.2067	33.9545
25.788	22.2204	34.0407
25.8798	22.2302	34.1166
25.9757	22.2428	34.1976
26.0727	22.252	34.2773
26.1729	22.2588	34.3581
26.2691	22.2593	34.4317
26.3727	22.2832	34.5262
26.4716	22.296	34.6101
26.5724	22.3095	34.6959
26.6571	22.3329	34.7758
26.7574	22.348	34.8625
26.8639	22.37	34.9583
26.9659	22.3912	35.0503
27.0705	22.4072	35.1411
27.1762	22.4274	35.2354
27.2682	22.4599	35.327
27.3687	22.4785	35.4165
27.4568	22.496	35.4958
27.5441	22.5204	35.5787
27.6363	22.5452	35.6659
27.7253	22.5708	35.751
27.8198	22.5943	35.8391
27.9128	22.6296	35.9336
28.0079	22.6652	36.0299
28.102	22.7026	36.1267
28.1916	22.7361	36.2174
28.2833	22.7713	36.3109
28.3747	22.811	36.4069
28.4578	22.856	36.4999
28.5468	22.8935	36.5928
28.6268	22.9334	36.6801
28.7129	22.9773	36.7748
28.7993	23.0216	36.87
28.8946	23.0832	36.9828
28.9932	23.1349	37.0921
29.0819	23.1886	37.195
29.1698	23.2529	37.3038
29.2612	23.3135	37.4131
29.3431	23.3755	37.5157
29.4312	23.4352	37.6219
29.502	23.4911	37.712
29.5749	23.5474	37.8041
29.655	23.6053	37.9029
29.7363	23.6686	38.0059
29.8137	23.7246	38.1014
29.8941	23.7862	38.2026
29.9902	23.8454	38.3147
0	0	0
0.0839105	0.061234	0.103878
0.158039	0.139457	0.210771
0.225926	0.207375	0.306671
0.297037	0.278982	0.407507
0.368318	0.347672	0.506491
0.436663	0.416142	0.603198
0.50947	0.490319	0.707087
0.57818	0.556724	0.802642
0.639652	0.628169	0.896521
0.704529	0.701738	0.994383
0.77459	0.775916	1.09637
0.845713	0.853005	1.20119
0.922007	0.926928	1.3074
0.995805	1.0013	1.41217
1.05839	1.08001	1.51215
1.11938	1.15946	1.61163
1.17086	1.23799	1.70398
1.22961	1.31869	1.80302
1.30655	1.40017	1.91508
1.37238	1.48034	2.01862
1.42901	1.57092	2.12364
1.48993	1.65489	2.22678
1.55368	1.7385	2.33159
1.61391	1.82645	2.43735
1.67253	1.91098	2.53953
1.727	1.97715	2.6252
1.7749	2.05305	2.7139
1.83809	2.13546	2.81758
1.88802	2.21358	2.90939
1.93241	2.27895	2.98794
1.98814	2.34701	3.0759
2.0349	2.42765	3.1677
2.09333	2.50692	3.26599
2.15397	2.60073	3.37689
2.21184	2.69648	3.48758
2.26826	2.78795	3.59412
2.30496	2.87056	3.68143
2.37202	2.95452	3.78889
2.42863	3.04208	3.89263
2.48293	3.12984	3.9951
2.53457	3.21967	4.0976
2.5818	3.30551	4.19429
2.6201	3.38883	4.28358
2.65928	3.47119	4.37275
2.70417	3.55618	4.46754
2.75818	3.63927	4.56638
2.81583	3.72411	4.66882
2.86987	3.80799	4.76832
2.9193	3.88883	4.86265
2.96914	3.97295	4.95985
3.01709	4.05761	5.05638
3.06405	4.14242	5.15247
3.09364	4.22041	5.23282
3.14065	4.31218	5.33466
3.18658	4.39881	5.43174
3.24088	4.48361	5.53228
3.2937	4.57345	5.63604
3.33756	4.66177	5.73336
3.38946	4.74447	5.83082
3.43922	4.83008	5.92941
3.48934	4.9166	6.02897
3.53875	5.00216	6.12734
3.58927	5.09448	6.2319
3.63243	5.18481	6.33062
3.68468	5.27249	6.43241
3.73763	5.35894	6.53361
3.78575	5.43317	6.62203
3.8384	5.50916	6.71447
3.8964	5.58943	6.8135
3.95063	5.66997	6.91058
4.01526	5.75412	7.01657
4.0695	5.83925	7.11742
4.12849	5.90208	7.20271
4.17736	5.98373	7.29762
4.23541	6.06433	7.39695
4.2954	6.14673	7.49886
4.3599	6.22979	7.60388
4.43151	6.31447	7.71433
4.50016	6.39074	7.8162
4.57101	6.46594	7.91849
4.64445	6.53394	8.01644
4.70854	6.60431	8.11094
4.77279	6.67583	8.20647
4.83805	6.7469	8.30226
4.90982	6.81395	8.39859
4.98486	6.8787	8.49502
5.05832	6.94378	8.59084
5.13297	7.00943	8.6879
5.19097	7.07468	8.77481
5.25688	7.1373	8.8643
5.32413	7.19864	8.95359
5.39661	7.25493	9.04198
5.47395	7.31446	9.13595
5.55593	7.37211	9.23127
5.63811	7.43055	9.32745
5.71947	7.4893	9.42348
5.80207	7.54577	9.51855
5.87765	7.6012	9.6086
5.95001	7.66477	9.70316
6.02232	7.72523	9.79528
6.09825	7.78159	9.88645
6.18157	7.834	9.97914
6.27581	7.90017	10.0895
6.36168	7.9604	10.1901
6.43894	8.02176	10.2863
6.51694	8.08055	10.381
6.60047	8.13785	10.4781
6.68424	8.19936	10.5787
6.7687	8.25678	10.6766
6.85164	8.31272	10.7725
6.93224	8.36186	10.8617
7.00918	8.40638	10.9451
7.08534	8.45978	11.0349
7.16548	8.52343	11.1352
7.25077	8.5885	11.2399
7.33533	8.64583	11.3383
7.42026	8.70454	11.4381
7.5007	8.76224	11.5342
7.57297	8.82732	11.6306
7.65934	8.88291	11.7291
7.74484	8.92161	11.8143
7.8225	8.97329	11.9043
7.88478	9.03327	11.9904
7.96357	9.09229	12.0867
8.03793	9.15761	12.1848
8.11082	9.22159	12.281
8.17253	9.29686	12.3783
8.24451	9.3665	12.4781
8.32283	9.42637	12.5748
8.38623	9.48653	12.6619
8.45624	9.55371	12.7586
8.53102	9.62211	12.8594
8.6078	9.68693	12.9588
8.67187	9.75247	13.0504
8.73918	9.82394	13.1485
8.80667	9.89256	13.2446
8.88424	9.95206	13.3407
8.9534	10.0234	13.44
9.03298	10.0979	13.5485
9.1109	10.1698	13.6541
9.17533	10.2375	13.7475
9.23115	10.3041	13.8343
9.2869	10.3733	13.9231
9.34735	10.4461	14.0177
9.41398	10.5124	14.1115
9.47516	10.589	14.2094
9.54219	10.6542	14.3026
9.59621	10.7331	14.3975
9.65377	10.8063	14.4904
9.71191	10.8867	14.5891
9.77483	10.966	14.6902
9.82992	11.0447	14.7855
9.88381	11.126	14.8822
9.93609	11.2029	14.9743
9.99011	11.2856	15.072
10.0475	11.3677	15.1716
10.1136	11.4416	15.2707
10.1775	11.5235	15.3744
10.234	11.6154	15.4807
10.2961	11.7026	15.5872
10.353	11.7876	15.6886
10.4084	11.8696	15.7868
10.455	11.9468	15.8755
10.5075	12.0261	15.9698
10.5572	12.0969	16.0558
10.6105	12.1804	16.1538
10.6665	12.2665	16.2555
10.724	12.3508	16.3568
10.7835	12.4268	16.4532
10.8432	12.5007	16.5482
10.8981	12.5816	16.6453
10.9483	12.668	16.7434
11.0032	12.7518	16.8428
11.0508	12.8369	16.9383
11.107	12.9179	17.0364
11.1631	13.0051	17.1391
11.2164	13.0897	17.238
11.2745	13.1714	17.3378
11.3286	13.2472	17.4306
11.386	13.3238	17.5261
11.4452	13.4127	17.6322
11.5022	13.4985	17.7344
11.5674	13.5815	17.8399
11.6325	13.6623	17.9436
11.6913	13.7652	18.0601
11.7524	13.8569	18.1695
11.8031	13.9365	18.263
11.8654	14.0211	18.3678
11.9223	14.1082	18.4712
11.964	14.1857	18.5572
12.0197	14.2596	18.6496
12.0868	14.3236	18.7418
12.149	14.3901	18.8328
12.2068	14.4518	18.9172
12.2689	14.5199	19.0094
12.3301	14.592	19.1038
12.3875	14.668	19.199
12.4423	14.7445	19.2928
12.5037	14.82	19.39
12.5642	14.8906	19.483
12.6211	14.9696	19.5802
12.6833	15.0398	19.6739
12.7444	15.1275	19.7803
12.8134	15.2062	19.885
12.8882	15.2799	19.9895
12.9667	15.3532	20.0961
13.0448	15.417	20.1953
13.1211	15.4824	20.2945
13.1944	15.5589	20.4002
13.2857	15.6379	20.5196
13.3669	15.7142	20.6303
13.4471	15.7781	20.731
13.5164	15.8326	20.8174
13.5814	15.9004	20.9112
13.6422	15.9603	20.9962
13.7173	16.0173	21.0883
13.782	16.0683	21.1692
13.8531	16.1248	21.2583
13.9307	16.174	21.3463
14.0081	16.2357	21.4435
14.0941	16.296	21.5454
14.1773	16.3559	21.6451
14.2516	16.4138	21.7376
14.3308	16.4713	21.8329
14.4139	16.5307	21.9322
14.4997	16.5852	22.0297
14.5819	16.6391	22.1245
14.6579	16.6918	22.2142
14.7401	16.7422	22.3064
14.8212	16.7958	22.4002
14.9079	16.8458	22.495
14.987	16.8897	22.5804
15.0697	16.9369	22.6705
15.1484	16.9866	22.7601
15.2356	17.0418	22.8592
15.3241	17.0915	22.9553
15.4232	17.1293	23.0497
15.5133	17.1852	23.1516
15.6143	17.2345	23.2559
15.7045	17.2918	23.3589
15.7889	17.354	23.4617
15.8728	17.414	23.5625
15.9595	17.4656	23.6591
16.0462	17.5121	23.752
16.1309	17.5628	23.8465
16.2124	17.6245	23.9472
16.3002	17.6681	24.0387
16.3906	17.7155	24.1348
16.4797	17.7673	24.2334
16.5641	17.8244	24.3327
16.6489	17.8786	24.4301
16.7339	17.9362	24.5303
16.82	17.9939	24.6311
16.9059	18.0482	24.7295
16.9962	18.0929	24.8239
17.0787	18.146	24.919
17.1466	18.2081	25.0108
17.22	18.2606	25.0993
17.3025	18.3169	25.1969
17.3862	18.3751	25.2968
17.4723	18.4379	25.4015
17.5588	18.5028	25.5081
17.6414	18.5776	25.6193
17.732	18.6438	25.7297
17.8162	18.7116	25.8368
17.903	18.7827	25.9481
17.9926	18.8497	26.0585
18.0763	18.9159	26.1642
18.1545	18.988	26.2703
18.2311	19.056	26.3724
18.309	19.118	26.471
18.3861	19.1852	26.5729
18.4624	19.2521	26.6741
18.5303	19.3319	26.7786
18.6058	19.4066	26.8848
18.6815	19.4756	26.987
18.7562	19.5527	27.0944
18.8308	19.6239	27.1974
18.9184	19.6884	27.3046
18.993	19.7637	27.4105
19.0698	19.8331	27.5138
19.1519	19.9047	27.6223
19.2281	19.9744	27.7253
19.3001	20.0362	27.8199
19.3736	20.0985	27.9157
19.4499	20.1618	28.0142
19.5292	20.2265	28.1158
19.61	20.2849	28.214
19.6889	20.3467	28.3133
19.779	20.4111	28.4222
19.8616	20.4691	28.5213
19.9463	20.517	28.6148
20.0398	20.5701	28.718
20.1253	20.6297	28.8204
20.2119	20.6937	28.9266
20.2984	20.7377	29.0186
20.3885	20.7833	29.1142
20.4749	20.8397	29.215
20.5675	20.8855	29.3126
20.6615	20.9432	29.4196
20.7426	20.9944	29.5131
20.8253	21.0353	29.6003
20.9114	21.0816	29.6938
20.9956	21.135	29.791
21.0946	21.173	29.8878
21.1921	21.2303	29.9972
21.287	21.2634	30.0877
21.3739	21.3011	30.1758
21.4584	21.3376	30.2615
21.5408	21.3864	30.3543
21.6312	21.4276	30.4475
21.7285	21.4722	30.5481
21.8271	21.5007	30.6383
21.9246	21.5302	30.7284
22.0089	21.5452	30.7991
22.0935	21.5816	30.8851
22.1909	21.5883	30.9595
22.2869	21.6138	31.0461
22.381	21.6338	31.1277
22.4831	21.663	31.2214
22.5669	21.7025	31.3092
22.6585	21.7261	31.3916
22.754	21.7452	31.4738
22.8457	21.7786	31.5631
22.9455	21.7967	31.648
23.044	21.8092	31.728
23.1489	21.827	31.8165
23.2493	21.8401	31.8986
23.3466	21.8572	31.9813
23.4425	21.8696	32.0598
23.5479	21.8851	32.1475
23.6601	21.8967	32.2376
23.7507	21.9151	32.3167
23.8446	21.9316	32.3969
23.9424	21.9444	32.4776
24.0393	21.9536	32.5553
24.1325	21.9717	32.6364
24.2319	21.9903	32.7225
24.3337	22.0105	32.8114
24.4301	22.0285	32.895
24.529	22.0336	32.9719
24.627	22.0318	33.0437
24.7206	22.05	33.1257
24.8244	22.0655	33.2135
24.9329	22.0783	33.3032
25.036	22.0855	33.3852
25.1346	22.0985	33.4677
25.2317	22.1225	33.5566
25.3277	22.1579	33.6521
25.432	22.1832	33.7473
25.5429	22.1809	33.8295
25.6472	22.1879	33.9129
25.7474	22.2006	33.997
25.8481	22.2152	34.0828
25.9569	22.2252	34.172
26.0656	22.2458	34.268
26.1712	22.2646	34.3606
26.2733	22.2932	34.4569
26.3746	22.311	34.5457
26.4757	22.3254	34.6322
26.5718	22.3541	34.7241
26.6643	22.3723	34.8067
26.7535	22.3918	34.8876
26.8508	22.4021	34.9689
26.9606	22.4103	35.0584
27.067	22.4207	35.147
27.1673	22.4381	35.2353
27.2693	22.4615	35.3289
27.3669	22.4863	35.4201
27.471	22.5155	35.5191
27.5696	22.5443	35.6137
27.6777	22.5582	35.7062
27.7922	22.5759	35.8061
27.9007	22.6084	35.9109
28.0048	22.6476	36.0164
28.1025	22.6913	36.1199
28.1958	22.7291	36.2162
28.2838	22.776	36.3142
28.3714	22.8165	36.4078
28.4596	22.8608	36.5044
28.5389	22.9097	36.5968
28.6263	22.9508	36.6907
28.708	22.9957	36.7825
28.7911	23.0474	36.8797
28.8722	23.0921	36.9709
28.9593	23.1276	37.0611
29.0466	23.1728	37.1576
29.1272	23.2344	37.2589
29.2109	23.2914	37.3599
29.2947	23.3473	37.4603
29.3869	23.3968	37.5633
29.471	23.4663	37.6723
29.557	23.5324	37.7808
29.6462	23.5803	37.8805
29.7416	23.6372	37.9905
29.8307	23.6937	38.0955
29.9179	23.7506	38.1991
0	0	0
0.0845198	0.0613013	0.10441
0.165232	0.139749	0.216405
0.242937	0.216692	0.325536
0.315638	0.288171	0.427398
0.386699	0.359603	0.528063
0.464341	0.440706	0.640183
0.540896	0.519333	0.749851
0.609981	0.593146	0.850823
0.66216	0.669693	0.941777
0.731968	0.733919	1.03654
0.797175	0.808377	1.13532
0.863955	0.881676	1.23441
0.915937	0.965875	1.33111
0.989257	1.04991	1.44255
1.05796	1.12796	1.54647
1.1324	1.2073	1.65527
1.19974	1.28977	1.7615
1.26772	1.37616	1.87108
1.33818	1.46254	1.98236
1.39424	1.53637	2.07469
1.45491	1.61221	2.17163
1.50651	1.68458	2.25995
1.56209	1.76339	2.35578
1.61918	1.84207	2.45254
1.67676	1.90833	2.54033
1.73273	1.9867	2.63616
1.78091	2.08472	2.74185
1.83724	2.17371	2.84612
1.89572	2.25849	2.94865
1.96029	2.33633	3.04978
2.01801	2.41651	3.14832
2.07148	2.50055	3.24712
2.12353	2.59045	3.3496
2.18953	2.68294	3.46298
2.24294	2.77344	3.56689
2.30429	2.84303	3.65959
2.36171	2.91491	3.75158
2.40817	2.99629	3.84409
2.45631	3.08201	3.9411
2.50744	3.17247	4.04374
2.54947	3.26532	4.14272
2.61492	3.3473	4.24761
2.67147	3.43867	4.35444
2.72069	3.53135	4.45787
2.76326	3.62148	4.5553
2.8066	3.71647	4.65716
2.84312	3.81104	4.75472
2.89341	3.89979	4.85594
2.93894	3.98881	4.95459
2.99348	4.07373	5.05532
3.05186	4.17385	5.17058
3.10253	4.26086	5.27073
3.14683	4.34187	5.36231
3.18955	4.42884	5.45782
3.23925	4.51472	5.55657
3.28985	4.6003	5.65561
3.34749	4.67908	5.75321
3.39326	4.75686	5.84311
3.43678	4.83869	5.93501
3.47872	4.93017	6.03391
3.53598	5.02439	6.14391
3.58795	5.11247	6.24586
3.63843	5.18094	6.3309
3.68238	5.25443	6.41631
3.72907	5.34218	6.51497
3.79033	5.41092	6.60641
3.85608	5.4965	6.71423
3.91281	5.58607	6.82013
3.9654	5.6745	6.92273
4.02058	5.75218	7.01802
4.07601	5.83279	7.11585
4.13184	5.92325	7.22198
4.18331	6.00332	7.3171
4.24465	6.08299	7.41753
4.30304	6.15299	7.50836
4.36695	6.22727	7.60586
4.43059	6.30509	7.70612
4.49644	6.38027	7.8055
4.56382	6.44973	7.9011
4.63165	6.53737	8.01183
4.69861	6.60838	8.10849
4.76919	6.67758	8.2058
4.84071	6.74537	8.30256
4.916	6.80685	8.39644
5.00292	6.88138	8.50779
5.08362	6.95391	8.61395
5.15882	7.02291	8.71405
5.23662	7.08616	8.81112
5.32994	7.14631	8.91505
5.41356	7.21408	9.0194
5.49077	7.28955	9.12612
5.56994	7.36321	9.23261
5.64863	7.435	9.33736
5.72888	7.50161	9.43897
5.81077	7.56677	9.5405
5.90625	7.62008	9.64103
5.99154	7.68105	9.74152
6.07461	7.7411	9.84
6.14888	7.79655	9.9295
6.22928	7.84835	10.02
6.3034	7.90185	10.108
6.38078	7.95112	10.1948
6.46046	8.00846	10.2895
6.54979	8.06672	10.3909
6.63431	8.12245	10.4875
6.71748	8.18008	10.5848
6.8019	8.24265	10.6868
6.8773	8.30446	10.7825
6.96296	8.35612	10.8769
7.04116	8.40806	10.9669
7.11002	8.47331	11.0612
7.1855	8.53513	11.1571
7.26519	8.60099	11.2588
7.34881	8.66739	11.3635
7.42715	8.72328	11.4568
7.49714	8.77781	11.5437
7.56846	8.84446	11.6407
7.64546	8.90407	11.7361
7.72472	8.96965	11.8375
7.8122	9.03283	11.9425
7.89395	9.09538	12.0433
7.97323	9.15897	12.1433
8.05024	9.23036	12.2477
8.13933	9.28898	12.3505
8.2187	9.35411	12.4518
8.29864	9.41089	12.5472
8.37358	9.4779	12.647
8.43575	9.54634	12.7395
8.51345	9.62104	12.8469
8.59139	9.69227	12.9519
8.66911	9.76176	13.0555
8.76199	9.82991	13.1681
8.84154	9.90678	13.2784
8.91497	9.98292	13.3841
8.97514	10.0573	13.4797
9.04924	10.1196	13.5755
9.12735	10.1908	13.6807
9.19394	10.2663	13.7814
9.24399	10.3545	13.8805
9.30098	10.436	13.9792
9.36732	10.5099	14.0785
9.42595	10.5897	14.1771
9.50027	10.6702	14.2866
9.55838	10.7461	14.3819
9.61856	10.8204	14.4775
9.67998	10.8966	14.5752
9.74136	10.9714	14.6719
9.80005	11.0483	14.7684
9.86005	11.1268	14.867
9.91444	11.219	14.972
9.96992	11.3022	15.0711
