#1 AntPos X	#2 AntPos Y	#3 Distance form nest	
0	0	0
0	0	0
0	0	0
0	0	0
0	0	0
0	0	0
0	0	0
0	0	0
0	0	0
0	0	0
0	0	0
0	0	0
0	0	0
0	0	0
0	0	0
0	0	0
0	0	0
0	0	0
0	0	0
0	0	0
0	0	0
0	0	0
0	0	0
0	0	0
0	0	0
0	0	0
0	0	0
0	0	0
0	0	0
0	0	0
0	0	0
0	0	0
0	0	0
0	0	0
0	0	0
0	0	0
0	0	0
0	0	0
0	0	0
0	0	0
0	0	0
0	0	0
0	0	0
0	0	0
0	0	0
0	0	0
0	0	0
0	0	0
0	0	0
0	0	0
0	0	0
0	0	0
0	0	0
0	0	0
0	0	0
0	0	0
0	0	0
0	0	0
0	0	0
0	0	0
0	0	0
0	0	0
0	0	0
0	0	0
0	0	0
0	0	0
0	0	0
0	0	0
0	0	0
0	0	0
0	0	0
0	0	0
0	0	0
0	0	0
0	0	0
0	0	0
0	0	0
0	0	0
0	0	0
0	0	0
0	0	0
0	0	0
0	0	0
0	0	0
0	0	0
0	0	0
0	0	0
0	0	0
0	0	0
0	0	0
0	0	0
0	0	0
0	0	0
0	0	0
0	0	0
0	0	0
0	0	0
0	0	0
0	0	0
0	0	0
0	0	0
0	0	0
0	0	0
0	0	0
0	0	0
0	0	0
0	0	0
0	0	0
0	0	0
0	0	0
0	0	0
0	0	0
0	0	0
0	0	0
0	0	0
0	0	0
0	0	0
0	0	0
0	0	0
0	0	0
0	0	0
0	0	0
0	0	0
0	0	0
0	0	0
0	0	0
0	0	0
0	0	0
0	0	0
0	0	0
0	0	0
0	0	0
0	0	0
0	0	0
0	0	0
0	0	0
0	0	0
0	0	0
0	0	0
0	0	0
0	0	0
0	0	0
0	0	0
0	0	0
0	0	0
0	0	0
0	0	0
0	0	0
0	0	0
0	0	0
0	0	0
0	0	0
0	0	0
0	0	0
0	0	0
0	0	0
0	0	0
0	0	0
0	0	0
0	0	0
0	0	0
0	0	0
0	0	0
0	0	0
0	0	0
0	0	0
0	0	0
0	0	0
0	0	0
0	0	0
0	0	0
0	0	0
0	0	0
0	0	0
0	0	0
0	0	0
0	0	0
0	0	0
0	0	0
0	0	0
0	0	0
0	0	0
0	0	0
0	0	0
0	0	0
0	0	0
0	0	0
0	0	0
0	0	0
0	0	0
0	0	0
0	0	0
0	0	0
0	0	0
0	0	0
0	0	0
0	0	0
0	0	0
0	0	0
0	0	0
0	0	0
0	0	0
0	0	0
0	0	0
0	0	0
0	0	0
0	0	0
0	0	0
0	0	0
0	0	0
0	0	0
0	0	0
0	0	0
0	0	0
0	0	0
0	0	0
0	0	0
0	0	0
0	0	0
0	0	0
0.0137879	-0.0112306	0.0177829
0.0317117	-0.02543	0.0406487
0.0520529	-0.0415009	0.066572
0.0732216	-0.0584372	0.093682
0.0960896	-0.0759989	0.122511
0.115772	-0.0912017	0.14738
0.138399	-0.106521	0.174646
0.160374	-0.123276	0.202279
0.181485	-0.140632	0.229596
0.203237	-0.157544	0.257148
0.225322	-0.174103	0.284749
0.247425	-0.190913	0.312518
0.269022	-0.20863	0.34044
0.290685	-0.226586	0.368563
0.310445	-0.245709	0.395915
0.330146	-0.264285	0.422898
0.350242	-0.283007	0.450292
0.372635	-0.301548	0.479363
0.394183	-0.32051	0.508042
0.41529	-0.338655	0.535867
0.435546	-0.358534	0.564134
0.456483	-0.378156	0.592772
0.475796	-0.398674	0.620743
0.495222	-0.419186	0.648816
0.514834	-0.439762	0.677085
0.532272	-0.459368	0.703088
0.550397	-0.479738	0.730127
0.568512	-0.499769	0.756951
0.585684	-0.52045	0.783514
0.601878	-0.541859	0.809856
0.618877	-0.563577	0.837035
0.635867	-0.584326	0.863576
0.654749	-0.603758	0.890629
0.672365	-0.623736	0.917127
0.690314	-0.643694	0.943862
0.708699	-0.664269	0.971343
0.727785	-0.686802	1.00068
0.746995	-0.708606	1.02962
0.765762	-0.73069	1.05844
0.784892	-0.749226	1.08508
0.802989	-0.769804	1.11238
0.821692	-0.791436	1.14085
0.840561	-0.814011	1.17011
0.859942	-0.835902	1.19926
0.879032	-0.857901	1.22829
0.897906	-0.879387	1.2568
0.916016	-0.901525	1.28524
0.935446	-0.920258	1.31222
0.951877	-0.941927	1.33914
0.973236	-0.960175	1.36716
0.98813	-0.986213	1.39607
1.01359	-1.00463	1.42711
1.02976	-1.03308	1.45865
1.05678	-1.05267	1.49161
1.07451	-1.08203	1.52491
1.10149	-1.1017	1.55789
1.11764	-1.13062	1.58978
1.14579	-1.15053	1.62375
1.1643	-1.17979	1.65755
1.19244	-1.19894	1.69096
1.2116	-1.22857	1.7255
1.24044	-1.24699	1.75888
1.26039	-1.27504	1.79285
1.28919	-1.29229	1.82539
1.30843	-1.32035	1.85885
1.33765	-1.33893	1.89263
1.35635	-1.36827	1.92662
1.38529	-1.38795	1.96098
1.40475	-1.41743	1.9956
1.43468	-1.43592	2.02982
1.45613	-1.46501	2.06557
1.48588	-1.48375	2.09985
1.50656	-1.51302	2.13517
1.53761	-1.53092	2.16979
1.55849	-1.55739	2.20325
1.58593	-1.5741	2.2345
1.60447	-1.60191	2.26726
1.6331	-1.61953	2.29997
1.65216	-1.64797	2.33355
1.67964	-1.66646	2.36607
1.69781	-1.69716	2.40061
1.72481	-1.71899	2.43514
1.74068	-1.74915	2.46769
1.76758	-1.76857	2.50044
1.78371	-1.79901	2.53339
1.81144	-1.81922	2.56727
1.82892	-1.848	2.60002
1.85584	-1.86799	2.63316
1.86928	-1.89573	2.66233
1.89423	-1.91603	2.6943
1.90883	-1.94561	2.72563
1.93649	-1.968	2.76098
1.95327	-1.99859	2.79457
1.97952	-2.02018	2.82836
1.99291	-2.05039	2.85934
2.01669	-2.07285	2.89201
2.03106	-2.09902	2.92081
2.05542	-2.11881	2.95196
2.06926	-2.14762	2.9823
2.09398	-2.16906	3.0149
2.11095	-2.19691	3.04673
2.12959	-2.22128	3.07721
2.14741	-2.24565	3.10714
2.16594	-2.26896	3.13679
2.1855	-2.29118	3.16637
2.20462	-2.3129	3.19529
2.22372	-2.3342	3.22388
2.24243	-2.35565	3.25232
2.26107	-2.37703	3.28066
2.28088	-2.39716	3.30889
2.30029	-2.41716	3.33676
2.31857	-2.43837	3.36473
2.33711	-2.4599	3.39311
2.3548	-2.48018	3.42
2.37322	-2.50033	3.44729
2.39069	-2.52045	3.47392
2.40771	-2.54257	3.50168
2.42417	-2.56421	3.52871
2.44	-2.58573	3.55522
2.45517	-2.60902	3.58258
2.47092	-2.63451	3.61194
2.48552	-2.66071	3.64104
2.5005	-2.68566	3.66951
2.5165	-2.70981	3.69809
2.53142	-2.73452	3.72635
2.54562	-2.75854	3.75363
2.55894	-2.78279	3.78049
2.57354	-2.80703	3.80822
2.58806	-2.83132	3.83594
2.60403	-2.8556	3.86463
2.61895	-2.8793	3.8922
2.63529	-2.90197	3.91997
2.65243	-2.92502	3.94856
2.67038	-2.94833	3.97789
2.68776	-2.97069	4.00612
2.70512	-2.99257	4.034
2.72257	-3.01455	4.062
2.74063	-3.03845	4.09185
2.75919	-3.06219	4.12191
2.77813	-3.08329	4.15026
2.79745	-3.1043	4.17881
2.81254	-3.12557	4.20471
2.82747	-3.14731	4.23085
2.84302	-3.16984	4.25801
2.85891	-3.19326	4.28606
2.87444	-3.21544	4.31295
2.89219	-3.23785	4.34148
2.91068	-3.25932	4.36981
2.92907	-3.28074	4.39803
2.94686	-3.30165	4.42548
2.9649	-3.32364	4.4539
2.98406	-3.34443	4.48217
3.00339	-3.36442	4.50995
3.02304	-3.38386	4.53754
3.04345	-3.40451	4.56653
3.06476	-3.42431	4.59551
3.08578	-3.44384	4.62408
3.10357	-3.46278	4.65005
3.12572	-3.47894	4.67687
3.14945	-3.49472	4.70447
3.17343	-3.50913	4.73124
3.19764	-3.5243	4.75874
3.22167	-3.53977	4.78635
3.24499	-3.55394	4.81253
3.26803	-3.56732	4.83795
3.29338	-3.58155	4.86558
3.31878	-3.59586	4.89331
3.34386	-3.60997	4.9207
3.36899	-3.62379	4.94793
3.3928	-3.63786	4.97444
3.4168	-3.65261	5.00161
3.43954	-3.66639	5.02721
3.46313	-3.68076	5.05384
3.48655	-3.69572	5.08078
3.51148	-3.71066	5.10877
3.53593	-3.72563	5.13645
3.56058	-3.74069	5.16435
3.58497	-3.75571	5.19205
3.60921	-3.7706	5.21956
3.63476	-3.78652	5.24874
3.65947	-3.80175	5.27684
3.68168	-3.81597	5.30249
3.70603	-3.828	5.32806
3.73264	-3.83928	5.35469
3.75897	-3.85049	5.38109
3.78498	-3.85943	5.40567
3.81084	-3.86813	5.43001
3.83842	-3.87681	5.45556
3.86508	-3.8883	5.48249
3.89278	-3.89966	5.51009
3.91954	-3.90995	5.53629
3.94544	-3.92032	5.56196
3.97025	-3.9308	5.58696
3.99734	-3.94088	5.61331
4.02254	-3.95462	5.64091
4.04642	-3.96654	5.6663
4.07098	-3.98028	5.69346
4.09293	-3.99446	5.71907
4.11429	-4.01094	5.74587
4.14152	-4.02116	5.77251
4.16649	-4.03852	5.80253
4.18938	-4.05342	5.82933
4.21234	-4.06836	5.85623
4.23716	-4.08262	5.88399
4.26216	-4.09616	5.91139
4.28712	-4.10931	5.93851
4.31385	-4.11993	5.96516
4.34108	-4.13013	5.99191
4.3662	-4.14115	6.01771
4.39365	-4.15293	6.04574
4.42041	-4.16509	6.07354
4.44748	-4.17865	6.10256
4.47366	-4.18997	6.12939
4.50066	-4.20285	6.15792
4.52678	-4.21543	6.18559
4.55258	-4.22786	6.21295
4.57856	-4.24009	6.24031
4.60564	-4.25226	6.26846
4.63095	-4.2639	6.29496
4.65591	-4.27591	6.32146
4.6811	-4.28767	6.34797
4.70651	-4.29951	6.37472
4.73001	-4.31118	6.39994
4.75485	-4.32448	6.42727
4.78093	-4.33691	6.45493
4.80732	-4.35022	6.48342
4.83313	-4.36321	6.51127
4.85987	-4.37605	6.53974
4.88579	-4.38802	6.56702
4.91261	-4.40117	6.59576
4.93819	-4.41478	6.62389
4.96419	-4.42612	6.65084
4.98899	-4.4375	6.67693
5.01444	-4.44896	6.70357
5.04147	-4.4617	6.73225
5.06824	-4.4741	6.76051
5.09595	-4.48439	6.78811
5.12219	-4.49448	6.81448
5.14603	-4.50426	6.83885
5.17156	-4.51491	6.86509
5.19825	-4.52516	6.89194
5.22595	-4.53326	6.91816
5.25155	-4.54393	6.9445
5.27754	-4.5548	6.97127
5.30498	-4.56573	6.9992
5.33165	-4.57532	7.02567
5.35823	-4.58614	7.05289
5.38445	-4.59739	7.08013
5.41259	-4.60895	7.10905
5.44007	-4.62013	7.13723
5.4655	-4.63132	7.16385
5.49133	-4.64274	7.19095
5.51786	-4.6518	7.21707
5.54628	-4.66117	7.24484
5.57526	-4.66901	7.27208
5.60261	-4.67988	7.30004
5.6291	-4.69171	7.32795
5.65656	-4.70429	7.35711
5.68329	-4.71694	7.38575
5.70876	-4.72847	7.41271
5.7361	-4.7414	7.44202
5.7616	-4.75343	7.46935
5.78678	-4.76563	7.49654
5.81252	-4.77515	7.52246
5.83852	-4.78568	7.54924
5.86299	-4.79729	7.57553
5.88854	-4.80884	7.60263
5.91409	-4.82165	7.63052
5.93931	-4.83421	7.658
5.96471	-4.84705	7.68582
5.98938	-4.86076	7.7136
6.0141	-4.8746	7.74151
6.03893	-4.889	7.76988
6.06216	-4.90338	7.79698
6.08569	-4.91818	7.82459
6.10952	-4.93311	7.8525
6.13238	-4.94793	7.8796
6.15571	-4.963	7.90722
6.17921	-4.97817	7.93504
6.20378	-4.99316	7.96358
