#1 AntPos X	#2 AntPos Y	#3 Distance form nest	
0	0	0
0	0	0
0	0	0
0	0	0
0	0	0
0	0	0
0	0	0
0	0	0
0	0	0
0	0	0
0	0	0
0	0	0
0	0	0
0	0	0
0	0	0
0	0	0
0	0	0
0	0	0
0	0	0
0	0	0
0	0	0
0	0	0
0	0	0
0	0	0
0	0	0
0	0	0
0	0	0
0	0	0
0	0	0
0	0	0
0	0	0
0	0	0
0	0	0
0	0	0
0	0	0
0	0	0
0	0	0
0	0	0
0	0	0
0	0	0
0	0	0
0	0	0
0	0	0
0	0	0
0	0	0
0	0	0
0	0	0
0	0	0
0	0	0
0	0	0
0	0	0
0	0	0
0	0	0
0	0	0
0	0	0
0	0	0
0	0	0
0	0	0
0	0	0
0	0	0
0	0	0
0	0	0
0	0	0
0	0	0
0	0	0
0	0	0
0	0	0
0	0	0
0	0	0
0	0	0
0	0	0
0	0	0
0	0	0
0	0	0
0	0	0
0	0	0
0	0	0
0	0	0
0	0	0
0	0	0
0	0	0
0	0	0
0	0	0
0	0	0
0	0	0
0	0	0
0	0	0
0	0	0
0	0	0
0	0	0
0	0	0
0	0	0
0	0	0
0	0	0
0	0	0
0	0	0
0	0	0
0	0	0
0	0	0
0	0	0
0	0	0
0	0	0
0	0	0
0	0	0
0	0	0
0	0	0
0	0	0
0	0	0
0	0	0
0	0	0
0	0	0
0	0	0
0	0	0
0	0	0
0	0	0
0	0	0
0	0	0
0	0	0
0	0	0
0	0	0
0	0	0
0	0	0
0	0	0
0	0	0
0	0	0
0	0	0
0	0	0
0	0	0
0	0	0
0	0	0
0	0	0
0	0	0
0	0	0
0	0	0
0	0	0
0	0	0
0	0	0
0	0	0
0	0	0
0	0	0
0	0	0
0	0	0
0.01373	-0.00269166	0.0139914
0.0342675	-0.00406713	0.034508
0.0607511	0.00579687	0.0610271
0.0872839	0.0158345	0.0887086
0.113003	0.0254858	0.115842
0.138499	0.0351798	0.142897
0.165372	0.0431005	0.170896
0.189467	0.060984	0.199039
0.213247	0.0778699	0.22702
0.236208	0.0943913	0.25437
0.25912	0.111236	0.281987
0.282217	0.128144	0.309947
0.303771	0.145432	0.33679
0.32565	0.163715	0.364487
0.346894	0.180268	0.390937
0.367228	0.197954	0.417183
0.38836	0.215783	0.444281
0.408272	0.233248	0.470203
0.426523	0.252158	0.495485
0.444358	0.271067	0.520511
0.465157	0.289856	0.548077
0.487212	0.307895	0.576346
0.508264	0.326568	0.604135
0.528778	0.345025	0.631386
0.548212	0.363567	0.657813
0.56846	0.383716	0.685846
0.590372	0.403096	0.71486
0.61093	0.422627	0.742865
0.631159	0.441393	0.770187
0.65168	0.460434	0.797926
0.67239	0.479542	0.825874
0.694554	0.499364	0.855435
0.717637	0.51864	0.885432
0.74026	0.537197	0.91464
0.761842	0.556053	0.943185
0.78795	0.570713	0.972923
0.813887	0.584933	1.00228
0.83912	0.598933	1.03094
0.864247	0.612968	1.05955
0.888645	0.625969	1.08698
0.912032	0.638835	1.11351
0.935619	0.65367	1.14134
0.959744	0.668769	1.16977
0.984146	0.683414	1.19816
1.00852	0.697271	1.22609
1.03302	0.711189	1.25416
1.05752	0.725669	1.28256
1.08194	0.739914	1.31075
1.10515	0.754013	1.33787
1.1286	0.768433	1.36537
1.15274	0.783501	1.3938
1.17747	0.799031	1.42299
1.20064	0.812293	1.44961
1.22335	0.82499	1.47553
1.24784	0.83808	1.50316
1.27079	0.850816	1.52931
1.29564	0.863962	1.55728
1.31935	0.876574	1.584
1.34408	0.890479	1.6123
1.36925	0.903643	1.64056
1.39446	0.91675	1.66882
1.41759	0.929849	1.69534
1.44166	0.943539	1.72298
1.4667	0.957009	1.75131
1.49271	0.968715	1.7795
1.5159	0.980411	1.80531
1.5406	0.992681	1.83272
1.56569	1.00532	1.86066
1.59183	1.02032	1.89076
1.61791	1.03484	1.92055
1.64209	1.04804	1.94804
1.66609	1.06027	1.97484
1.69045	1.0735	2.0025
1.71477	1.08643	2.02997
1.73856	1.10031	2.05749
1.76278	1.11462	2.08561
1.787	1.12865	2.11358
1.81117	1.14373	2.14207
1.83382	1.15938	2.16957
1.85588	1.17527	2.19672
1.87846	1.1911	2.22426
1.90151	1.20695	2.25222
1.92429	1.22368	2.28042
1.95332	1.23109	2.30891
1.98059	1.24105	2.33729
2.00306	1.26321	2.36811
2.03352	1.27483	2.40008
2.05663	1.29619	2.43102
2.08725	1.30626	2.4623
2.11712	1.31582	2.49271
2.14798	1.32541	2.52399
2.17795	1.33693	2.55555
2.20557	1.34779	2.58478
2.23314	1.35862	2.61396
2.25942	1.36851	2.64156
2.28421	1.37798	2.66766
2.30982	1.38775	2.69465
2.33571	1.39758	2.7219
2.36288	1.40857	2.75087
2.38914	1.41783	2.77817
2.41523	1.4292	2.80641
2.44119	1.4401	2.83431
2.46701	1.45241	2.8628
2.49383	1.46189	2.89073
2.52188	1.47174	2.91992
2.54912	1.48097	2.9481
2.5753	1.48987	2.97521
2.6015	1.49782	3.00187
2.62732	1.50561	3.02815
2.65168	1.5147	3.0538
2.6771	1.52408	3.08053
2.70331	1.53225	3.10736
2.72989	1.54073	3.13467
2.75731	1.5498	3.16301
2.78397	1.55878	3.19066
2.81023	1.56834	3.21824
2.83641	1.5772	3.24542
2.86289	1.58619	3.27294
2.88982	1.59569	3.3011
2.91642	1.60532	3.32904
2.94295	1.61497	3.35695
2.96957	1.62547	3.38533
2.99569	1.63438	3.41253
3.02297	1.64395	3.44107
3.04994	1.65224	3.46872
3.07632	1.66018	3.49571
3.10295	1.66847	3.52308
3.12852	1.67743	3.54985
3.15436	1.68586	3.57661
3.18195	1.69705	3.60621
3.20873	1.70699	3.63452
3.23438	1.71597	3.66139
3.25976	1.72521	3.68814
3.28416	1.7382	3.71579
3.30697	1.75324	3.74298
3.33739	1.75985	3.77296
3.36333	1.7792	3.80493
3.39544	1.78567	3.83636
3.42439	1.80262	3.86987
3.45205	1.81721	3.90114
3.47653	1.83468	3.93094
3.50837	1.84097	3.96205
3.53816	1.84693	3.99121
3.56597	1.85265	4.01852
3.59377	1.85728	4.04533
3.62208	1.86202	4.07266
3.65076	1.86741	4.10064
3.67925	1.87234	4.12826
3.70704	1.87885	4.15599
3.73486	1.88349	4.18291
3.76089	1.88914	4.2087
3.7891	1.89444	4.2363
3.81421	1.89867	4.26065
3.84054	1.9029	4.28611
3.86798	1.90772	4.31285
3.89562	1.91278	4.33988
3.92372	1.91778	4.36732
3.95194	1.92202	4.39454
3.97954	1.92654	4.42135
4.00701	1.93086	4.44796
4.03489	1.93695	4.47572
4.0635	1.94297	4.50413
4.09179	1.94882	4.53217
4.12062	1.95508	4.56091
4.15029	1.96149	4.59046
4.17867	1.96757	4.61873
4.20655	1.97365	4.64654
4.23309	1.98077	4.67359
4.2607	1.98897	4.70208
4.2883	1.99759	4.73074
4.31569	2.00597	4.75911
4.34238	2.01418	4.78678
4.3692	2.02133	4.81412
4.39666	2.02865	4.84211
4.42381	2.0359	4.8698
4.4506	2.04291	4.89707
4.47782	2.05126	4.9253
4.50502	2.05994	4.95364
4.53169	2.06755	4.98106
4.55944	2.07288	5.00853
4.5878	2.0783	5.03659
4.6154	2.08428	5.0642
4.64397	2.09035	5.09274
4.67245	2.09562	5.12088
4.70186	2.10051	5.14972
4.73203	2.10617	5.17958
4.76151	2.11243	5.20906
4.78926	2.12098	5.2379
4.81715	2.12948	5.26684
4.84532	2.13812	5.2961
4.87278	2.14714	5.32487
4.89954	2.15767	5.3536
4.92541	2.16803	5.38145
4.95128	2.17857	5.40937
4.97769	2.18947	5.43794
5.00311	2.19869	5.46492
5.02845	2.20725	5.49157
5.05415	2.21569	5.51849
5.08094	2.22444	5.54654
5.10969	2.23368	5.57658
5.13859	2.24328	5.60691
5.16632	2.2523	5.63593
5.19357	2.26111	5.66443
5.22008	2.26969	5.69216
5.24669	2.27821	5.71996
5.27351	2.28682	5.74799
5.30036	2.29521	5.77597
5.32759	2.30404	5.80446
5.3548	2.31293	5.83297
5.38186	2.32292	5.86178
5.40983	2.33357	5.89168
5.43714	2.34419	5.92095
5.46403	2.35462	5.94978
5.49085	2.36495	5.9785
5.51802	2.37465	6.00728
5.54507	2.38466	6.0361
5.57123	2.39485	6.06415
5.59641	2.40413	6.09095
5.62298	2.41341	6.11902
5.64977	2.42336	6.14757
5.6762	2.43277	6.17557
5.70277	2.44433	6.20454
5.72845	2.45598	6.23273
5.75406	2.4678	6.26093
5.7791	2.48029	6.28887
5.80394	2.49352	6.31691
5.8287	2.5071	6.34502
5.8535	2.52035	6.37304
5.87827	2.53372	6.40108
5.90321	2.54712	6.42929
5.92818	2.56066	6.45757
5.95394	2.57379	6.48643
5.98063	2.58586	6.51572
6.00622	2.59631	6.54335
6.03241	2.60558	6.57108
6.0589	2.61475	6.59903
6.08579	2.62303	6.627
6.11276	2.63129	6.65504
6.14026	2.63871	6.68323
6.16739	2.64569	6.71091
6.19594	2.6532	6.74011
6.22267	2.66063	6.76761
6.2475	2.66889	6.79369
6.27347	2.67788	6.8211
6.30019	2.68681	6.84918
6.32639	2.69375	6.87601
6.35362	2.70024	6.90361
6.38215	2.70663	6.93236
6.41208	2.7107	6.96151
6.44098	2.71607	6.99023
6.46893	2.72145	7.01807
6.49697	2.72694	7.04605
6.52537	2.73282	7.07451
6.55407	2.73778	7.10291
6.58154	2.74219	7.12996
6.60805	2.74725	7.15638
6.63464	2.75172	7.18264
6.66217	2.75791	7.21045
6.68916	2.76506	7.23812
6.71668	2.77192	7.26618
6.74453	2.77979	7.29493
6.77101	2.78714	7.32221
6.79803	2.79321	7.34951
6.82539	2.79933	7.37714
6.85367	2.80599	7.40583
6.88207	2.8121	7.43443
6.90958	2.81747	7.46193
6.93663	2.82189	7.48865
6.96488	2.82598	7.51636
6.99315	2.82999	7.54407
7.01889	2.83361	7.56929
7.0457	2.83739	7.59557
7.07247	2.84093	7.62173
7.10003	2.84603	7.6492
7.1278	2.85047	7.67663
7.15572	2.85479	7.70416
7.18384	2.85867	7.73173
7.2101	2.86298	7.75772
7.23658	2.8667	7.7837
7.26394	2.87057	7.81057
7.2913	2.87557	7.83786
7.31921	2.88091	7.86578
7.3469	2.88641	7.89356
7.37384	2.89193	7.92065
7.4017	2.89672	7.94834
7.42908	2.89967	7.97492
7.45572	2.91212	8.00426
7.48158	2.92296	8.03229
7.50716	2.93466	8.06038
7.53105	2.94626	8.08685
7.55497	2.9576	8.11326
7.58267	2.97025	8.14366
7.61033	2.98336	8.17421
7.63687	2.99603	8.20353
7.66256	3.00861	8.23205
7.68812	3.02185	8.26067
7.71226	3.03392	8.28756
7.73759	3.04669	8.31581
7.76518	3.05833	8.34574
7.79271	3.06818	8.37497
7.82008	3.07865	8.40427
7.84667	3.08914	8.43286
7.87153	3.1008	8.46026
7.89762	3.11298	8.489
7.92309	3.12461	8.51696
7.94829	3.13593	8.54455
7.97474	3.1476	8.57344
8.00081	3.15901	8.60187
8.02688	3.17028	8.63026
8.05245	3.18157	8.6582
8.07763	3.19141	8.68523
8.10277	3.20182	8.71243
8.12793	3.21428	8.74041
8.15979	3.2196	8.772
8.18725	3.23809	8.80434
8.22036	3.24283	8.83687
8.24949	3.25753	8.86936
8.28249	3.26253	8.90189
8.31187	3.27031	8.93208
8.33593	3.29444	8.96332
8.35804	3.31687	8.99213
8.37912	3.33752	9.01935
8.4009	3.35762	9.04703
8.42201	3.37714	9.07388
8.44281	3.39614	9.10026
8.46476	3.41719	9.12849
8.48554	3.43677	9.1551
8.50604	3.45652	9.18152
8.5271	3.47558	9.2082
8.54811	3.49444	9.23479
8.56861	3.51268	9.26067
8.58894	3.5304	9.28621
8.60752	3.54753	9.30991
8.62608	3.56551	9.33393
8.64548	3.58499	9.35929
8.6647	3.6053	9.38484
8.68269	3.62524	9.40912
8.70068	3.64533	9.43347
8.71907	3.66535	9.45817
8.73809	3.6849	9.48329
8.75629	3.70503	9.50788
8.77466	3.7254	9.53275
8.79438	3.74687	9.5593
8.81396	3.76784	9.58554
8.83338	3.78743	9.61111
8.85289	3.80683	9.63668
8.87404	3.82634	9.66382
8.89526	3.8452	9.69078
8.91661	3.86394	9.71781
8.93686	3.88079	9.7431
8.95579	3.89869	9.7676
8.9753	3.91629	9.79252
8.99564	3.93441	9.81841
9.01792	3.95262	9.84612
9.04073	3.96988	9.87394
9.06337	3.98705	9.90158
9.08601	4.00417	9.9292
9.10837	4.02191	9.95682
