#1 AntPos X	#2 AntVel X	#3 AntPos Y	#4 AntVel Y	#5 AntAngle	
0	0.0999186	0	-0.0547183	0	
0	0.0999186	0	-0.0547183	0	
0	0.0999186	0	-0.0547183	0	
0	0.0999186	0	-0.0547183	0	
0	0.0999186	0	-0.0547183	0	
0	0.0999186	0	-0.0547183	0	
0	0.0999186	0	-0.0547183	0	
0	0.0999186	0	-0.0547183	0	
0	0.0999186	0	-0.0547183	0	
0	0.0999186	0	-0.0547183	0	
0	0.0999186	0	-0.0547183	0	
0	0.0999186	0	-0.0547183	0	
0	0.0999186	0	-0.0547183	0	
0	0.0999186	0	-0.0547183	0	
0	0.0999186	0	-0.0547183	0	
0	0.0999186	0	-0.0547183	0	
0	0.0999186	0	-0.0547183	0	
0	0.0999186	0	-0.0547183	0	
0	0.0999186	0	-0.0547183	0	
0	0.0999186	0	-0.0547183	0	
0	0.0999186	0	-0.0547183	0	
0	0.0999186	0	-0.0547183	0	
0	0.0999186	0	-0.0547183	0	
0	0.0999186	0	-0.0547183	0	
0	0.0999186	0	-0.0547183	0	
0	0.0999186	0	-0.0547183	0	
0	0.0999186	0	-0.0547183	0	
0	0.0999186	0	-0.0547183	0	
0	0.0999186	0	-0.0547183	0	
0	0.0999186	0	-0.0547183	0	
0	0.0999186	0	-0.0547183	0	
0	0.0999186	0	-0.0547183	0	
0	0.0999186	0	-0.0547183	0	
0	0.0999186	0	-0.0547183	0	
0	0.0999186	0	-0.0547183	0	
0	0.0999186	0	-0.0547183	0	
0	0.0999186	0	-0.0547183	0	
0	0.0999186	0	-0.0547183	0	
0	0.0999186	0	-0.0547183	0	
0	0.0999186	0	-0.0547183	0	
0	0.0999186	0	-0.0547183	0	
0	0.0999186	0	-0.0547183	0	
0	0.0999186	0	-0.0547183	0	
0	0.0999186	0	-0.0547183	0	
0	0.0999186	0	-0.0547183	0	
0	0.0999186	0	-0.0547183	0	
0	0.0999186	0	-0.0547183	0	
0	0.0999186	0	-0.0547183	0	
0	0.0999186	0	-0.0547183	0	
0	0.0999186	0	-0.0547183	0	
0	0.0999186	0	-0.0547183	0	
0	0.0999186	0	-0.0547183	0	
0	0.0999186	0	-0.0547183	0	
0	0.0999186	0	-0.0547183	0	
0	0.0999186	0	-0.0547183	0	
0	0.0999186	0	-0.0547183	0	
0	0.0999186	0	-0.0547183	0	
0	0.0999186	0	-0.0547183	0	
0	0.0999186	0	-0.0547183	0	
0	0.0999186	0	-0.0547183	0	
0	0.0999186	0	-0.0547183	0	
0	0.0999186	0	-0.0547183	0	
0	0.0999186	0	-0.0547183	0	
0	0.0999186	0	-0.0547183	0	
0	0.0999186	0	-0.0547183	0	
0	0.0999186	0	-0.0547183	0	
0	0.0999186	0	-0.0547183	0	
0	0.0999186	0	-0.0547183	0	
0	0.0999186	0	-0.0547183	0	
0	0.0999186	0	-0.0547183	0	
0	0.0999186	0	-0.0547183	0	
0	0.0999186	0	-0.0547183	0	
0	0.0999186	0	-0.0547183	0	
0	0.0999186	0	-0.0547183	0	
0	0.0999186	0	-0.0547183	0	
0	0.0999186	0	-0.0547183	0	
0	0.0999186	0	-0.0547183	0	
0	0.0999186	0	-0.0547183	0	
0	0.0999186	0	-0.0547183	0	
0	0.0999186	0	-0.0547183	0	
0	0.0999186	0	-0.0547183	0	
0	0.0999186	0	-0.0547183	0	
0	0.0999186	0	-0.0547183	0	
0	0.0999186	0	-0.0547183	0	
0	0.0999186	0	-0.0547183	0	
0	0.0999186	0	-0.0547183	0	
0	0.0999186	0	-0.0547183	0	
0	0.0999186	0	-0.0547183	0	
0	0.0999186	0	-0.0547183	0	
0	0.0999186	0	-0.0547183	0	
0	0.0999186	0	-0.0547183	0	
0	0.0999186	0	-0.0547183	0	
0	0.0999186	0	-0.0547183	0	
0	0.0999186	0	-0.0547183	0	
0	0.0999186	0	-0.0547183	0	
0	0.0999186	0	-0.0547183	0	
0	0.0999186	0	-0.0547183	0	
0	0.0999186	0	-0.0547183	0	
0	0.0999186	0	-0.0547183	0	
0	0.0999186	0	-0.0547183	0	
0	0.0999186	0	-0.0547183	0	
0	0.0999186	0	-0.0547183	0	
0	0.0999186	0	-0.0547183	0	
0	0.0999186	0	-0.0547183	0	
0	0.0999186	0	-0.0547183	0	
0	0.0999186	0	-0.0547183	0	
0	0.0999186	0	-0.0547183	0	
0	0.0999186	0	-0.0547183	0	
0	0.0999186	0	-0.0547183	0	
0	0.0999186	0	-0.0547183	0	
0	0.0999186	0	-0.0547183	0	
0	0.0999186	0	-0.0547183	0	
0	0.0999186	0	-0.0547183	0	
0	0.0999186	0	-0.0547183	0	
0	0.0999186	0	-0.0547183	0	
0	0.0999186	0	-0.0547183	0	
0	0.0999186	0	-0.0547183	0	
0	0.0999186	0	-0.0547183	0	
0	0.0999186	0	-0.0547183	0	
0	0.0999186	0	-0.0547183	0	
0	0.0999186	0	-0.0547183	0	
0	0.0999186	0	-0.0547183	0	
0	0.0999186	0	-0.0547183	0	
0	0.0999186	0	-0.0547183	0	
0	0.0999186	0	-0.0547183	0	
0	0.0999186	0	-0.0547183	0	
0	0.0999186	0	-0.0547183	0	
0	0.0999186	0	-0.0547183	0	
0	0.0999186	0	-0.0547183	0	
0	0.0999186	0	-0.0547183	0	
0	0.0999186	0	-0.0547183	0	
0	0.0999186	0	-0.0547183	0	
0	0.0999186	0	-0.0547183	0	
0	0.0999186	0	-0.0547183	0	
0	0.0999186	0	-0.0547183	0	
0	0.0999186	0	-0.0547183	0	
0	0.0999186	0	-0.0547183	0	
0	0.0999186	0	-0.0547183	0	
0	0.0999186	0	-0.0547183	0	
0	0.0999186	0	-0.0547183	0	
0	0.0999186	0	-0.0547183	0	
0	0.0999186	0	-0.0547183	0	
0	0.0999186	0	-0.0547183	0	
0	0.0999186	0	-0.0547183	0	
0	0.0999186	0	-0.0547183	0	
0	0.0999186	0	-0.0547183	0	
0	0.0999186	0	-0.0547183	0	
0	0.0999186	0	-0.0547183	0	
0	0.0999186	0	-0.0547183	0	
0	0.0999186	0	-0.0547183	0	
0	0.0999186	0	-0.0547183	0	
0	0.0999186	0	-0.0547183	0	
0	0.0999186	0	-0.0547183	0	
0	0.0999186	0	-0.0547183	0	
0	0.0999186	0	-0.0547183	0	
0	0.0999186	0	-0.0547183	0	
0	0.0999186	0	-0.0547183	0	
0	0.0999186	0	-0.0547183	0	
0	0.0999186	0	-0.0547183	0	
0	0.0999186	0	-0.0547183	0	
0	0.0999186	0	-0.0547183	0	
0	0.0999186	0	-0.0547183	0	
0	0.0999186	0	-0.0547183	0	
0	0.0999186	0	-0.0547183	0	
0	0.0999186	0	-0.0547183	0	
0	0.0999186	0	-0.0547183	0	
0	0.0999186	0	-0.0547183	0	
0	0.0999186	0	-0.0547183	0	
0	0.0999186	0	-0.0547183	0	
0	0.0999186	0	-0.0547183	0	
0	0.0999186	0	-0.0547183	0	
0	0.0999186	0	-0.0547183	0	
0	0.0999186	0	-0.0547183	0	
0	0.0999186	0	-0.0547183	0	
0	0.0999186	0	-0.0547183	0	
0	0.0999186	0	-0.0547183	0	
0	0.0999186	0	-0.0547183	0	
0	0.0999186	0	-0.0547183	0	
0	0.0999186	0	-0.0547183	0	
0	0.0999186	0	-0.0547183	0	
0	0.0999186	0	-0.0547183	0	
0	0.0999186	0	-0.0547183	0	
0	0.0999186	0	-0.0547183	0	
0	0.0999186	0	-0.0547183	0	
0	0.0999186	0	-0.0547183	0	
0	0.0999186	0	-0.0547183	0	
0	0.0999186	0	-0.0547183	0	
0	0.0999186	0	-0.0547183	0	
0	0.0999186	0	-0.0547183	0	
0.0506946	1.01389	-0.0137496	-0.274991	-0.264852	
0.129055	1.56721	-0.0162663	-0.0503355	-0.032107	
0.219453	1.80796	-0.00838898	0.157547	0.0869212	
0.31059	1.82274	0.0053348	0.274476	0.149461	
0.401811	1.82441	0.0328971	0.551246	0.293428	
0.495884	1.88148	0.0652308	0.646675	0.331057	
0.58613	1.80491	0.101102	0.717432	0.378339	
0.675847	1.79435	0.136611	0.710181	0.37687	
0.767411	1.83128	0.177825	0.824265	0.42294	
0.856212	1.77601	0.216946	0.782418	0.414966	
0.946386	1.80349	0.256614	0.793362	0.414426	
1.03405	1.75325	0.298609	0.83991	0.446754	
1.12283	1.77556	0.342451	0.876829	0.4587	
1.21475	1.83854	0.384098	0.832951	0.425389	
1.30924	1.88972	0.424386	0.805762	0.403049	
1.40883	1.99172	0.463307	0.77841	0.372571	
1.50179	1.85938	0.497242	0.678695	0.349984	
1.59259	1.81599	0.532508	0.705331	0.370466	
1.68033	1.75471	0.563152	0.612873	0.336028	
1.77149	1.82316	0.594689	0.63075	0.333075	
1.86269	1.82398	0.626539	0.637003	0.335996	
1.95412	1.82871	0.660171	0.672624	0.352456	
2.04387	1.79491	0.695171	0.700004	0.371852	
2.13453	1.81327	0.734002	0.776631	0.404665	
2.2281	1.87138	0.776532	0.850602	0.426616	
2.31087	1.65543	0.814771	0.764778	0.432772	
2.4072	1.92661	0.862703	0.958638	0.461707	
2.49911	1.83822	0.910803	0.961998	0.482138	
2.58932	1.80406	0.958821	0.960359	0.489177	
2.67384	1.69055	1.0066	0.955548	0.514461	
2.76249	1.77286	1.05708	1.0096	0.517671	
2.8534	1.81826	1.10868	1.03209	0.516275	
2.94311	1.79411	1.15899	1.00611	0.511086	
3.03168	1.77145	1.20952	1.01063	0.518453	
3.1185	1.73653	1.26112	1.03198	0.536199	
3.20507	1.73128	1.31259	1.02941	0.536435	
3.29049	1.7084	1.36516	1.05144	0.551703	
3.3759	1.70827	1.42125	1.12186	0.581086	
3.45525	1.5869	1.48055	1.1859	0.641777	
3.53422	1.57947	1.54268	1.24252	0.66656	
3.61295	1.57453	1.60701	1.2867	0.685137	
3.69833	1.70773	1.67036	1.26691	0.638274	
3.78739	1.78117	1.7314	1.22098	0.600924	
3.87098	1.67183	1.79134	1.19863	0.622014	
3.9536	1.65225	1.85378	1.24897	0.647279	
4.03154	1.55887	1.92116	1.34757	0.712824	
4.10842	1.53761	1.98886	1.35395	0.721966	
4.18245	1.48058	2.05661	1.35503	0.741151	
4.25431	1.43719	2.12452	1.35826	0.757171	
4.32039	1.32157	2.19534	1.41624	0.819963	
4.39359	1.46398	2.27182	1.52976	0.80737	
4.47024	1.5331	2.35111	1.58577	0.802285	
4.55097	1.61463	2.42589	1.49545	0.747097	
4.62812	1.54299	2.49925	1.46729	0.760258	
4.7017	1.47166	2.56457	1.30638	0.725973	
4.77705	1.50697	2.63169	1.34246	0.727729	
4.85125	1.48396	2.70089	1.384	0.750558	
4.9179	1.33297	2.76927	1.36766	0.798241	
4.98504	1.34276	2.83894	1.39333	0.803878	
5.05251	1.34951	2.91456	1.51233	0.84223	
5.11391	1.22789	2.99625	1.63382	0.926307	
5.16871	1.09602	3.0766	1.6071	0.972262	
5.22908	1.20751	3.15842	1.63627	0.935043	
5.28406	1.09952	3.24425	1.71664	1.00113	
5.33208	0.960319	3.33345	1.78393	1.07697	
5.37488	0.856026	3.42445	1.82007	1.13117	
5.4113	0.728389	3.51907	1.89243	1.20338	
5.44488	0.671673	3.61382	1.89505	1.23018	
5.47245	0.551358	3.71037	1.93098	1.29266	
5.49336	0.41832	3.80809	1.95435	1.35993	
5.51019	0.336576	3.90644	1.96691	1.40132	
5.52708	0.337655	4.0054	1.97939	1.40184	
5.54232	0.304987	4.10423	1.97653	1.4177	
5.55923	0.338095	4.19825	1.88038	1.3929	
5.57557	0.326773	4.29183	1.87167	1.39795	
5.59242	0.337115	4.38688	1.90091	1.39528	
5.61071	0.365819	4.48644	1.99113	1.3891	
5.63303	0.44623	4.58495	1.97025	1.34807	
5.65815	0.502486	4.6832	1.96504	1.32045	
5.68557	0.548457	4.78033	1.94266	1.29564	
5.71461	0.580684	4.8737	1.86726	1.26929	
5.74565	0.620944	4.96094	1.74493	1.22891	
5.77829	0.652609	5.05171	1.81537	1.22569	
5.81418	0.717961	5.14356	1.83688	1.19819	
5.85722	0.860636	5.23588	1.84656	1.13466	
5.90759	1.00743	5.32335	1.74941	1.04831	
5.95562	0.960663	5.405	1.63292	1.03902	
6.00974	1.08249	5.48762	1.6525	0.990872	
6.06524	1.11002	5.57347	1.71682	0.996847	
6.11955	1.08604	5.65858	1.70225	1.0029	
6.17427	1.09452	5.74307	1.68979	0.996022	
6.23183	1.15107	5.82668	1.67225	0.967941	
6.29139	1.19125	5.90952	1.65672	0.947406	
6.34861	1.14439	5.98616	1.53298	0.929531	
6.41191	1.26603	6.06011	1.47892	0.862799	
6.482	1.40174	6.13381	1.47393	0.810498	
6.55524	1.46477	6.2045	1.41392	0.767737	
6.62642	1.42361	6.27215	1.3529	0.759938	
6.70161	1.5038	6.33682	1.29336	0.710306	
6.78258	1.61949	6.39883	1.24026	0.65356	
6.87192	1.78673	6.45584	1.14016	0.567982	
6.95976	1.7569	6.50609	1.00505	0.51962	
7.04554	1.71548	6.54891	0.856371	0.463008	
7.14001	1.88948	6.58945	0.810854	0.405373	
7.22862	1.77212	6.62774	0.765871	0.407933	
7.31854	1.79838	6.66225	0.690018	0.366366	
7.41157	1.86063	6.69668	0.688726	0.354519	
7.5076	1.92063	6.7318	0.702332	0.350574	
7.6033	1.91411	6.76987	0.761367	0.378579	
7.69706	1.87512	6.80586	0.719886	0.366564	
7.79428	1.94449	6.83877	0.658087	0.326337	
7.89191	1.95253	6.86804	0.585533	0.29135	
7.98805	1.92286	6.8966	0.571161	0.288736	
8.08957	2.03041	6.92225	0.513029	0.247492	
8.18588	1.92614	6.94763	0.507522	0.257636	
8.27991	1.88062	6.97208	0.489018	0.254397	
8.37448	1.89134	6.99786	0.515613	0.266151	
8.46971	1.90472	7.02512	0.545155	0.27876	
8.56561	1.91799	7.0517	0.531579	0.270369	
8.66374	1.96251	7.07985	0.563068	0.279407	
8.7611	1.94732	7.1089	0.581084	0.28999	
8.85729	1.92376	7.14087	0.639248	0.320812	
8.95138	1.88175	7.17412	0.665119	0.339752	
9.04033	1.77889	7.21375	0.792586	0.419147	
9.13311	1.85562	7.25796	0.884148	0.444646	
9.22226	1.78302	7.30601	0.961033	0.494353	
9.31086	1.7721	7.35684	1.01664	0.520851	
9.39672	1.71714	7.40836	1.03027	0.540414	
9.48134	1.69237	7.46269	1.08671	0.570818	
9.5644	1.66123	7.51888	1.12385	0.594791	
9.64696	1.65119	7.5753	1.12827	0.599436	
9.72746	1.60993	7.63628	1.2196	0.648312	
9.80825	1.61598	7.69447	1.16387	0.62417	
9.89075	1.64989	7.75621	1.23479	0.64248	
9.9641	1.46705	7.81771	1.22993	0.697702	
10.0401	1.52	7.88212	1.28833	0.703093	
10.1179	1.55641	7.94339	1.22525	0.666906	
10.197	1.58228	8.00508	1.23391	0.662318	
10.2757	1.57358	8.06937	1.28587	0.68512	
10.3529	1.5442	8.13458	1.3042	0.701338	
10.4289	1.5201	8.20098	1.32789	0.718012	
10.5017	1.45504	8.2691	1.36243	0.75254	
10.5738	1.44194	8.33894	1.39669	0.769458	
10.6448	1.41944	8.40988	1.41889	0.785206	
10.715	1.40419	8.48246	1.45157	0.801987	
10.7824	1.34931	8.55585	1.46788	0.827462	
10.8483	1.31775	8.63473	1.57748	0.874869	
10.9136	1.30521	8.71241	1.55358	0.87206	
10.9774	1.27571	8.78479	1.44774	0.848482	
11.045	1.35309	8.85762	1.4565	0.82219	
11.1112	1.32427	8.9281	1.4096	0.816599	
11.1795	1.36532	9.00085	1.45496	0.817171	
11.2423	1.25654	9.07611	1.50538	0.875255	
11.3085	1.32289	9.15418	1.56134	0.867886	
11.3742	1.31491	9.23291	1.57451	0.875002	
11.4405	1.32587	9.30808	1.50351	0.848101	
11.5086	1.36233	9.38431	1.52456	0.841532	
11.5755	1.33774	9.45278	1.36937	0.797082	
11.6434	1.35832	9.5252	1.44837	0.817471	
11.7113	1.3578	9.59961	1.48829	0.831214	
11.7788	1.35049	9.67297	1.46717	0.826787	
11.8463	1.34863	9.74625	1.46555	0.826922	
11.9129	1.3323	9.81846	1.44427	0.825704	
11.9769	1.28055	9.89213	1.47342	0.855319	
12.0412	1.28626	9.96766	1.51056	0.865423	
12.1057	1.28959	10.0437	1.52084	0.867497	
12.1703	1.29199	10.1211	1.54771	0.875205	
12.2319	1.23139	10.1982	1.54256	0.897105	
12.2991	1.3444	10.2774	1.58425	0.867112	
12.3643	1.30324	10.3553	1.5573	0.873982	
12.4326	1.36594	10.4331	1.5571	0.850705	
12.4992	1.33358	10.5075	1.48674	0.839654	
12.5659	1.33298	10.5821	1.49144	0.841444	
12.633	1.34239	10.6562	1.48291	0.835093	
12.7012	1.36455	10.7278	1.43212	0.809554	
12.7712	1.3993	10.7973	1.38984	0.782008	
12.8424	1.42452	10.8668	1.39048	0.773305	
12.9117	1.38645	10.9414	1.49166	0.82194	
12.9807	1.37973	11.0146	1.4631	0.814716	
13.0484	1.35285	11.0888	1.48573	0.832174	
13.1159	1.35006	11.1672	1.56605	0.859331	
13.1826	1.33545	11.2429	1.51546	0.848454	
13.2515	1.37638	11.315	1.44112	0.808373	
13.3221	1.41247	11.3849	1.39783	0.780186	
13.392	1.39908	11.4562	1.42659	0.795133	
13.4616	1.39112	11.5283	1.44176	0.803273	
13.5324	1.41702	11.599	1.41488	0.784643	
13.6029	1.40992	11.6727	1.47402	0.807622	
13.6733	1.40693	11.7461	1.46688	0.806255	
13.7428	1.38941	11.8182	1.44239	0.804105	
13.8115	1.37401	11.8897	1.43025	0.805448	
13.8814	1.39883	11.9629	1.46451	0.808334	
13.9521	1.41437	12.0356	1.45378	0.799138	
14.0264	1.48601	12.1035	1.35717	0.740116	
14.1015	1.50186	12.1716	1.36259	0.736817	
14.1793	1.55602	12.2382	1.33198	0.707974	
14.2596	1.60538	12.3107	1.44907	0.734266	
14.3367	1.5416	12.3817	1.42036	0.744489	
14.4104	1.47502	12.4531	1.42866	0.769431	
14.4888	1.5676	12.5271	1.48009	0.756695	
14.5647	1.51789	12.5931	1.31965	0.715648	
14.6317	1.34061	12.6542	1.22105	0.738758	
14.7019	1.40282	12.7164	1.24517	0.725933	
14.7732	1.42599	12.7829	1.32954	0.75041	
14.8485	1.50701	12.8499	1.33927	0.726533	
14.9262	1.55391	12.9158	1.31916	0.703871	
15.0009	1.49313	12.9826	1.33485	0.729487	
15.067	1.32207	13.0477	1.30384	0.778456	
15.138	1.42002	13.1215	1.47493	0.804361	
15.2039	1.31811	13.2008	1.5868	0.877632	
15.2686	1.29493	13.2822	1.62707	0.898579	
15.3299	1.22471	13.3629	1.61474	0.921903	
15.3969	1.33995	13.4412	1.56554	0.862885	
15.4608	1.27819	13.519	1.55618	0.883164	
15.5242	1.26801	13.6018	1.65532	0.917119	
15.5817	1.14977	13.6849	1.66206	0.965612	
15.6363	1.09372	13.7691	1.68346	0.99464	
15.6875	1.0225	13.8547	1.71394	1.03289	
15.7382	1.01435	13.9468	1.8407	1.06713	
15.784	0.915944	14.0398	1.85977	1.11316	
15.827	0.8607	14.1324	1.8519	1.13573	
15.8647	0.753656	14.2245	1.84174	1.18238	
15.9015	0.735858	14.3121	1.75316	1.1734	
15.9339	0.648847	14.4004	1.76594	1.21868	
15.9651	0.624142	14.4925	1.84159	1.24403	
15.9952	0.600349	14.5786	1.7215	1.23525	
16.0308	0.713671	14.6695	1.81819	1.19676	
16.067	0.722736	14.7656	1.9231	1.21131	
16.1009	0.677507	14.8587	1.86179	1.22179	
16.1343	0.669766	14.9499	1.82436	1.21895	
16.1632	0.577045	15.0464	1.92977	1.28024	
16.1865	0.465745	15.1376	1.82371	1.32076	
16.2087	0.444266	15.2263	1.77445	1.32547	
16.2344	0.51494	15.3191	1.85586	1.30014	
16.2598	0.506411	15.4138	1.89429	1.30957	
16.2846	0.496666	15.5074	1.87185	1.31144	
16.3128	0.564668	15.6017	1.88528	1.27979	
16.3409	0.560963	15.6967	1.89948	1.28363	
16.371	0.602413	15.7907	1.88001	1.2607	
16.3942	0.464394	15.885	1.88736	1.32953	
16.4172	0.458735	15.981	1.91899	1.33615	
16.4403	0.463513	16.0775	1.92956	1.33505	
16.4633	0.459973	16.1787	2.02408	1.34734	
16.4868	0.470126	16.2763	1.95257	1.33452	
16.5113	0.488725	16.3737	1.94889	1.32509	
16.5376	0.527381	16.4713	1.95118	1.30682	
16.5628	0.503569	16.5683	1.93992	1.31682	
16.59	0.543919	16.6602	1.83806	1.28309	
16.6201	0.60204	16.7528	1.85188	1.25648	
16.6507	0.612014	16.8426	1.79553	1.24229	
16.6829	0.642953	16.934	1.82931	1.23281	
16.7184	0.710121	17.021	1.73951	1.18322	
16.7501	0.63538	17.1125	1.82883	1.23642	
16.7847	0.691882	17.2089	1.92836	1.22631	
16.8165	0.634605	17.3045	1.91224	1.25037	
16.8496	0.662278	17.4005	1.9204	1.2387	
16.8812	0.632281	17.4968	1.92647	1.25367	
16.917	0.716578	17.589	1.84324	1.20002	
16.9543	0.745051	17.6817	1.85379	1.18865	
16.9893	0.70055	17.7748	1.86261	1.21105	
17.0221	0.655853	17.8704	1.91271	1.24047	
17.0515	0.588152	17.9624	1.83898	1.26125	
17.0791	0.552049	18.052	1.79243	1.27203	
17.106	0.537958	18.1494	1.94681	1.3012	
17.1312	0.503483	18.2493	1.99891	1.32405	
17.1573	0.52265	18.3458	1.93048	1.3064	
17.1873	0.600662	18.4418	1.91857	1.26738	
17.2176	0.60571	18.5379	1.92371	1.26576	
17.2423	0.492884	18.6316	1.87273	1.31344	
17.2621	0.39578	18.7242	1.8533	1.3604	
17.2743	0.244833	18.8223	1.96032	1.44655	
17.2878	0.270032	18.9219	1.99244	1.43609	
17.3049	0.341998	19.0206	1.97529	1.39936	
17.3232	0.365463	19.1205	1.9978	1.38986	
17.3455	0.447281	19.2151	1.89108	1.33854	
17.3675	0.439886	19.3082	1.86305	1.33893	
17.3899	0.44793	19.4005	1.84592	1.33274	
17.4136	0.473614	19.4944	1.87738	1.32368	
17.4381	0.488824	19.5889	1.89068	1.31779	
17.4642	0.523422	19.6822	1.86582	1.2973	
17.4974	0.664171	19.7797	1.94991	1.24251	
17.531	0.672363	19.8744	1.89414	1.2297	
17.5674	0.726279	19.9698	1.90767	1.20703	
17.6119	0.89057	20.0647	1.89738	1.13195	
17.6577	0.916325	20.1556	1.81885	1.10412	
17.7085	1.01578	20.2421	1.72879	1.03957	
17.7602	1.03461	20.3284	1.72632	1.03088	
17.8169	1.13341	20.4161	1.75426	0.997172	
17.8721	1.10357	20.5036	1.75101	1.00843	
17.9263	1.08351	20.5922	1.77107	1.02176	
17.9824	1.123	20.6753	1.66144	0.976416	
18.0416	1.18387	20.7581	1.65729	0.950508	
18.1012	1.19178	20.8404	1.64445	0.943667	
18.1605	1.18538	20.9219	1.63025	0.942105	
18.2202	1.19398	21.003	1.6224	0.93636	
18.2788	1.17216	21.0897	1.735	0.97664	
18.3365	1.15433	21.1743	1.69072	0.971747	
18.3974	1.21786	21.2606	1.72704	0.956609	
18.4568	1.18861	21.339	1.56687	0.921821	
18.5164	1.19272	21.4182	1.58474	0.925618	
18.576	1.19164	21.4982	1.59945	0.930483	
18.636	1.20035	21.5797	1.63048	0.936188	
18.6976	1.23046	21.6608	1.62175	0.921735	
18.7576	1.20144	21.7419	1.62145	0.933101	
18.8163	1.17378	21.8234	1.63017	0.946752	
18.877	1.21339	21.9017	1.5667	0.911806	
18.9403	1.26704	21.9803	1.57083	0.892044	
19.0028	1.24827	22.0602	1.59979	0.908202	
19.0605	1.15461	22.1425	1.64486	0.958762	
19.1172	1.13403	22.2254	1.65741	0.970742	
19.1663	0.98268	22.3123	1.73966	1.05661	
