#1 AntVel X	#2 AntVel Y	#3 Speed	#4 Turning Angle Rad		#5 Turning Angle Deg	#6 Detected Phero Left	#7 Detected Phero Right	
-0.0158695	-0.0646537	0.0665728	0	0	0	0
-0.0158695	-0.0646537	0.0665728	0	0	0	0
-0.0158695	-0.0646537	0.0665728	0	0	0	0
-0.0158695	-0.0646537	0.0665728	0	0	0	0
-0.0158695	-0.0646537	0.0665728	0	0	0	0
-0.0158695	-0.0646537	0.0665728	0	0	0	0
-0.0158695	-0.0646537	0.0665728	0	0	0	0
-0.0158695	-0.0646537	0.0665728	0	0	0	0
-0.0158695	-0.0646537	0.0665728	0	0	0	0
-0.0158695	-0.0646537	0.0665728	0	0	0	0
-0.0158695	-0.0646537	0.0665728	0	0	0	0
-0.0158695	-0.0646537	0.0665728	0	0	0	0
-0.0158695	-0.0646537	0.0665728	0	0	0	0
-0.0158695	-0.0646537	0.0665728	0	0	0	0
-0.0158695	-0.0646537	0.0665728	0	0	0	0
-0.0158695	-0.0646537	0.0665728	0	0	0	0
-0.0158695	-0.0646537	0.0665728	0	0	0	0
-0.0158695	-0.0646537	0.0665728	0	0	0	0
-0.0158695	-0.0646537	0.0665728	0	0	0	0
-0.0158695	-0.0646537	0.0665728	0	0	0	0
-0.0158695	-0.0646537	0.0665728	0	0	0	0
-0.0158695	-0.0646537	0.0665728	0	0	0	0
-0.0158695	-0.0646537	0.0665728	0	0	0	0
-0.0158695	-0.0646537	0.0665728	0	0	0	0
-0.0158695	-0.0646537	0.0665728	0	0	0	0
-0.0158695	-0.0646537	0.0665728	0	0	0	0
-0.0158695	-0.0646537	0.0665728	0	0	0	0
-0.0158695	-0.0646537	0.0665728	0	0	0	0
-0.0158695	-0.0646537	0.0665728	0	0	0	0
-0.0158695	-0.0646537	0.0665728	0	0	0	0
-0.0158695	-0.0646537	0.0665728	0	0	0	0
-0.0158695	-0.0646537	0.0665728	0	0	0	0
-0.0158695	-0.0646537	0.0665728	0	0	0	0
-0.0158695	-0.0646537	0.0665728	0	0	0	0
-0.0158695	-0.0646537	0.0665728	0	0	0	0
-0.0158695	-0.0646537	0.0665728	0	0	0	0
-0.0158695	-0.0646537	0.0665728	0	0	0	0
-0.0158695	-0.0646537	0.0665728	0	0	0	0
-0.0158695	-0.0646537	0.0665728	0	0	0	0
-0.0158695	-0.0646537	0.0665728	0	0	0	0
-0.0158695	-0.0646537	0.0665728	0	0	0	0
-0.0158695	-0.0646537	0.0665728	0	0	0	0
-0.0158695	-0.0646537	0.0665728	0	0	0	0
-0.0158695	-0.0646537	0.0665728	0	0	0	0
-0.0158695	-0.0646537	0.0665728	0	0	0	0
-0.0158695	-0.0646537	0.0665728	0	0	0	0
-0.0158695	-0.0646537	0.0665728	0	0	0	0
-0.0158695	-0.0646537	0.0665728	0	0	0	0
-0.0158695	-0.0646537	0.0665728	0	0	0	0
-0.0158695	-0.0646537	0.0665728	0	0	0	0
-0.0158695	-0.0646537	0.0665728	0	0	0	0
-0.0158695	-0.0646537	0.0665728	0	0	0	0
-0.0158695	-0.0646537	0.0665728	0	0	0	0
-0.0158695	-0.0646537	0.0665728	0	0	0	0
-0.0158695	-0.0646537	0.0665728	0	0	0	0
-0.0158695	-0.0646537	0.0665728	0	0	0	0
-0.0158695	-0.0646537	0.0665728	0	0	0	0
-0.0158695	-0.0646537	0.0665728	0	0	0	0
-0.0158695	-0.0646537	0.0665728	0	0	0	0
-0.0158695	-0.0646537	0.0665728	0	0	0	0
-0.0158695	-0.0646537	0.0665728	0	0	0	0
-0.0158695	-0.0646537	0.0665728	0	0	0	0
-0.0158695	-0.0646537	0.0665728	0	0	0	0
-0.0158695	-0.0646537	0.0665728	0	0	0	0
-0.0158695	-0.0646537	0.0665728	0	0	0	0
-0.0158695	-0.0646537	0.0665728	0	0	0	0
-0.0158695	-0.0646537	0.0665728	0	0	0	0
-0.0158695	-0.0646537	0.0665728	0	0	0	0
-0.0158695	-0.0646537	0.0665728	0	0	0	0
-0.0158695	-0.0646537	0.0665728	0	0	0	0
-0.0158695	-0.0646537	0.0665728	0	0	0	0
-0.0158695	-0.0646537	0.0665728	0	0	0	0
-0.0158695	-0.0646537	0.0665728	0	0	0	0
-0.0158695	-0.0646537	0.0665728	0	0	0	0
-0.0158695	-0.0646537	0.0665728	0	0	0	0
-0.0158695	-0.0646537	0.0665728	0	0	0	0
-0.0158695	-0.0646537	0.0665728	0	0	0	0
-0.0158695	-0.0646537	0.0665728	0	0	0	0
-0.0158695	-0.0646537	0.0665728	0	0	0	0
-0.0158695	-0.0646537	0.0665728	0	0	0	0
-0.0158695	-0.0646537	0.0665728	0	0	0	0
-0.0158695	-0.0646537	0.0665728	0	0	0	0
-0.0158695	-0.0646537	0.0665728	0	0	0	0
-0.0158695	-0.0646537	0.0665728	0	0	0	0
-0.0158695	-0.0646537	0.0665728	0	0	0	0
-0.0158695	-0.0646537	0.0665728	0	0	0	0
-0.0158695	-0.0646537	0.0665728	0	0	0	0
-0.0158695	-0.0646537	0.0665728	0	0	0	0
-0.0158695	-0.0646537	0.0665728	0	0	0	0
-0.0158695	-0.0646537	0.0665728	0	0	0	0
-0.0158695	-0.0646537	0.0665728	0	0	0	0
-0.0158695	-0.0646537	0.0665728	0	0	0	0
-0.0158695	-0.0646537	0.0665728	0	0	0	0
-0.0158695	-0.0646537	0.0665728	0	0	0	0
-0.0158695	-0.0646537	0.0665728	0	0	0	0
-0.0158695	-0.0646537	0.0665728	0	0	0	0
-0.0158695	-0.0646537	0.0665728	0	0	0	0
-0.0158695	-0.0646537	0.0665728	0	0	0	0
-0.0158695	-0.0646537	0.0665728	0	0	0	0
-0.0158695	-0.0646537	0.0665728	0	0	0	0
-0.0158695	-0.0646537	0.0665728	0	0	0	0
-0.0158695	-0.0646537	0.0665728	0	0	0	0
-0.0158695	-0.0646537	0.0665728	0	0	0	0
-0.0158695	-0.0646537	0.0665728	0	0	0	0
-0.0158695	-0.0646537	0.0665728	0	0	0	0
-0.0158695	-0.0646537	0.0665728	0	0	0	0
-0.0158695	-0.0646537	0.0665728	0	0	0	0
-0.0158695	-0.0646537	0.0665728	0	0	0	0
-0.0158695	-0.0646537	0.0665728	0	0	0	0
-0.0158695	-0.0646537	0.0665728	0	0	0	0
-0.0158695	-0.0646537	0.0665728	0	0	0	0
-0.0158695	-0.0646537	0.0665728	0	0	0	0
-0.0158695	-0.0646537	0.0665728	0	0	0	0
-0.0158695	-0.0646537	0.0665728	0	0	0	0
-0.0158695	-0.0646537	0.0665728	0	0	0	0
-0.0158695	-0.0646537	0.0665728	0	0	0	0
-0.0158695	-0.0646537	0.0665728	0	0	0	0
-0.0158695	-0.0646537	0.0665728	0	0	0	0
-0.0158695	-0.0646537	0.0665728	0	0	0	0
-0.0158695	-0.0646537	0.0665728	0	0	0	0
-0.0158695	-0.0646537	0.0665728	0	0	0	0
-0.0158695	-0.0646537	0.0665728	0	0	0	0
-0.0158695	-0.0646537	0.0665728	0	0	0	0
-0.0158695	-0.0646537	0.0665728	0	0	0	0
-0.0158695	-0.0646537	0.0665728	0	0	0	0
-0.0158695	-0.0646537	0.0665728	0	0	0	0
-0.0158695	-0.0646537	0.0665728	0	0	0	0
-0.0158695	-0.0646537	0.0665728	0	0	0	0
-0.0158695	-0.0646537	0.0665728	0	0	0	0
-0.0158695	-0.0646537	0.0665728	0	0	0	0
-0.0158695	-0.0646537	0.0665728	0	0	0	0
-0.0158695	-0.0646537	0.0665728	0	0	0	0
-0.0158695	-0.0646537	0.0665728	0	0	0	0
-0.0158695	-0.0646537	0.0665728	0	0	0	0
-0.0158695	-0.0646537	0.0665728	0	0	0	0
-0.0158695	-0.0646537	0.0665728	0	0	0	0
-0.0158695	-0.0646537	0.0665728	0	0	0	0
-0.0158695	-0.0646537	0.0665728	0	0	0	0
-0.0158695	-0.0646537	0.0665728	0	0	0	0
-0.0158695	-0.0646537	0.0665728	0	0	0	0
-0.0158695	-0.0646537	0.0665728	0	0	0	0
-0.0158695	-0.0646537	0.0665728	0	0	0	0
-0.0158695	-0.0646537	0.0665728	0	0	0	0
-0.0158695	-0.0646537	0.0665728	0	0	0	0
-0.0158695	-0.0646537	0.0665728	0	0	0	0
-0.0158695	-0.0646537	0.0665728	0	0	0	0
-0.0158695	-0.0646537	0.0665728	0	0	0	0
-0.0158695	-0.0646537	0.0665728	0	0	0	0
-0.0158695	-0.0646537	0.0665728	0	0	0	0
-0.0158695	-0.0646537	0.0665728	0	0	0	0
-0.0158695	-0.0646537	0.0665728	0	0	0	0
-0.0158695	-0.0646537	0.0665728	0	0	0	0
-0.0158695	-0.0646537	0.0665728	0	0	0	0
-0.0158695	-0.0646537	0.0665728	0	0	0	0
-0.0158695	-0.0646537	0.0665728	0	0	0	0
-0.0158695	-0.0646537	0.0665728	0	0	0	0
-0.0158695	-0.0646537	0.0665728	0	0	0	0
-0.0158695	-0.0646537	0.0665728	0	0	0	0
-0.0158695	-0.0646537	0.0665728	0	0	0	0
-0.0158695	-0.0646537	0.0665728	0	0	0	0
-0.0158695	-0.0646537	0.0665728	0	0	0	0
-0.0158695	-0.0646537	0.0665728	0	0	0	0
-0.0158695	-0.0646537	0.0665728	0	0	0	0
-0.0158695	-0.0646537	0.0665728	0	0	0	0
-0.0158695	-0.0646537	0.0665728	0	0	0	0
-0.0158695	-0.0646537	0.0665728	0	0	0	0
-0.0158695	-0.0646537	0.0665728	0	0	0	0
-0.0158695	-0.0646537	0.0665728	0	0	0	0
-0.0158695	-0.0646537	0.0665728	0	0	0	0
-0.0158695	-0.0646537	0.0665728	0	0	0	0
-0.0158695	-0.0646537	0.0665728	0	0	0	0
-0.0158695	-0.0646537	0.0665728	0	0	0	0
-0.0158695	-0.0646537	0.0665728	0	0	0	0
-0.0158695	-0.0646537	0.0665728	0	0	0	0
-0.0158695	-0.0646537	0.0665728	0	0	0	0
-0.0158695	-0.0646537	0.0665728	0	0	0	0
-0.0158695	-0.0646537	0.0665728	0	0	0	0
-0.0158695	-0.0646537	0.0665728	0	0	0	0
-0.0158695	-0.0646537	0.0665728	0	0	0	0
-0.0158695	-0.0646537	0.0665728	0	0	0	0
-0.0158695	-0.0646537	0.0665728	0	0	0	0
-0.0158695	-0.0646537	0.0665728	0	0	0	0
-0.0158695	-0.0646537	0.0665728	0	0	0	0
-0.0158695	-0.0646537	0.0665728	0	0	0	0
-0.0158695	-0.0646537	0.0665728	0	0	0	0
-0.0158695	-0.0646537	0.0665728	0	0	0	0
-0.0158695	-0.0646537	0.0665728	0	0	0	0
-0.0158695	-0.0646537	0.0665728	0	0	0	0
-0.0158695	-0.0646537	0.0665728	0	0	0	0
-0.0158695	-0.0646537	0.0665728	0	0	0	0
-0.0158695	-0.0646537	0.0665728	0	0	0	0
-0.0158695	-0.0646537	0.0665728	0	0	0	0
-0.0158695	-0.0646537	0.0665728	0	0	0	0
-0.0158695	-0.0646537	0.0665728	0	0	0	0
-0.0158695	-0.0646537	0.0665728	0	0	0	0
-0.0158695	-0.0646537	0.0665728	0	0	0	0
-0.0158695	-0.0646537	0.0665728	0	0	0	0
-0.0158695	-0.0646537	0.0665728	0	0	0	0
-0.0158695	-0.0646537	0.0665728	0	0	0	0
-0.0158695	-0.0646537	0.0665728	0	0	0	0
-0.0158695	-0.0646537	0.0665728	0	0	0	0
-0.0158695	-0.0646537	0.0665728	0	0	0	0
-0.0158695	-0.0646537	0.0665728	0	0	0	0
-0.0158695	-0.0646537	0.0665728	0	0	0	0
-0.0158695	-0.0646537	0.0665728	0	0	0	0
-0.0158695	-0.0646537	0.0665728	0	0	0	0
-0.0158695	-0.0646537	0.0665728	0	0	0	0
-0.0158695	-0.0646537	0.0665728	0	0	0	0
-0.0158695	-0.0646537	0.0665728	0	0	0	0
-0.0158695	-0.0646537	0.0665728	0	0	0	0
-0.0158695	-0.0646537	0.0665728	0	0	0	0
-0.0158695	-0.0646537	0.0665728	0	0	0	0
-0.0158695	-0.0646537	0.0665728	0	0	0	0
-0.0158695	-0.0646537	0.0665728	0	0	0	0
-0.0158695	-0.0646537	0.0665728	0	0	0	0
-0.0158695	-0.0646537	0.0665728	0	0	0	0
-0.0158695	-0.0646537	0.0665728	0	0	0	0
-0.0158695	-0.0646537	0.0665728	0	0	0	0
-0.0158695	-0.0646537	0.0665728	0	0	0	0
-0.0158695	-0.0646537	0.0665728	0	0	0	0
-0.0158695	-0.0646537	0.0665728	0	0	0	0
-0.0158695	-0.0646537	0.0665728	0	0	0	0
-0.0158695	-0.0646537	0.0665728	0	0	0	0
-0.0158695	-0.0646537	0.0665728	0	0	0	0
-0.0158695	-0.0646537	0.0665728	0	0	0	0
-0.0158695	-0.0646537	0.0665728	0	0	0	0
-0.0158695	-0.0646537	0.0665728	0	0	0	0
-0.0158695	-0.0646537	0.0665728	0	0	0	0
-0.0158695	-0.0646537	0.0665728	0	0	0	0
-0.0158695	-0.0646537	0.0665728	0	0	0	0
-0.0158695	-0.0646537	0.0665728	0	0	0	0
-0.0158695	-0.0646537	0.0665728	0	0	0	0
-0.0158695	-0.0646537	0.0665728	0	0	0	0
-0.0158695	-0.0646537	0.0665728	0	0	0	0
-0.0158695	-0.0646537	0.0665728	0	0	0	0
-0.0158695	-0.0646537	0.0665728	0	0	0	0
-0.0158695	-0.0646537	0.0665728	0	0	0	0
-0.0158695	-0.0646537	0.0665728	0	0	0	0
-0.0158695	-0.0646537	0.0665728	0	0	0	0
-0.0158695	-0.0646537	0.0665728	0	0	0	0
-0.0158695	-0.0646537	0.0665728	0	0	0	0
-0.0158695	-0.0646537	0.0665728	0	0	0	0
-0.0158695	-0.0646537	0.0665728	0	0	0	0
-0.0158695	-0.0646537	0.0665728	0	0	0	0
-0.0158695	-0.0646537	0.0665728	0	0	0	0
-0.0158695	-0.0646537	0.0665728	0	0	0	0
-0.0158695	-0.0646537	0.0665728	0	0	0	0
-0.0158695	-0.0646537	0.0665728	0	0	0	0
-0.0158695	-0.0646537	0.0665728	0	0	0	0
-0.0158695	-0.0646537	0.0665728	0	0	0	0
-0.0158695	-0.0646537	0.0665728	0	0	0	0
-0.0158695	-0.0646537	0.0665728	0	0	0	0
-0.0158695	-0.0646537	0.0665728	0	0	0	0
-0.0158695	-0.0646537	0.0665728	0	0	0	0
-0.0158695	-0.0646537	0.0665728	0	0	0	0
-0.0158695	-0.0646537	0.0665728	0	0	0	0
-0.0158695	-0.0646537	0.0665728	0	0	0	0
-0.0158695	-0.0646537	0.0665728	0	0	0	0
-0.0158695	-0.0646537	0.0665728	0	0	0	0
-0.0158695	-0.0646537	0.0665728	0	0	0	0
-0.0158695	-0.0646537	0.0665728	0	0	0	0
-0.0158695	-0.0646537	0.0665728	0	0	0	0
-0.0158695	-0.0646537	0.0665728	0	0	0	0
-0.0158695	-0.0646537	0.0665728	0	0	0	0
-0.0158695	-0.0646537	0.0665728	0	0	0	0
-0.0158695	-0.0646537	0.0665728	0	0	0	0
-0.0158695	-0.0646537	0.0665728	0	0	0	0
-0.0158695	-0.0646537	0.0665728	0	0	0	0
-0.0158695	-0.0646537	0.0665728	0	0	0	0
-0.0158695	-0.0646537	0.0665728	0	0	0	0
-0.0158695	-0.0646537	0.0665728	0	0	0	0
-0.0158695	-0.0646537	0.0665728	0	0	0	0
-0.0158695	-0.0646537	0.0665728	0	0	0	0
-0.0158695	-0.0646537	0.0665728	0	0	0	0
-0.0158695	-0.0646537	0.0665728	0	0	0	0
-0.0158695	-0.0646537	0.0665728	0	0	0	0
-0.0158695	-0.0646537	0.0665728	0	0	0	0
-0.0158695	-0.0646537	0.0665728	0	0	0	0
-0.0158695	-0.0646537	0.0665728	0	0	0	0
-0.0158695	-0.0646537	0.0665728	0	0	0	0
-0.0158695	-0.0646537	0.0665728	0	0	0	0
-0.0158695	-0.0646537	0.0665728	0	0	0	0
-0.0158695	-0.0646537	0.0665728	0	0	0	0
-0.0158695	-0.0646537	0.0665728	0	0	0	0
-0.0158695	-0.0646537	0.0665728	0	0	0	0
-0.0158695	-0.0646537	0.0665728	0	0	0	0
-0.0158695	-0.0646537	0.0665728	0	0	0	0
-0.0158695	-0.0646537	0.0665728	0	0	0	0
-0.0158695	-0.0646537	0.0665728	0	0	0	0
-0.0158695	-0.0646537	0.0665728	0	0	0	0
-0.0158695	-0.0646537	0.0665728	0	0	0	0
-0.0158695	-0.0646537	0.0665728	0	0	0	0
-0.0158695	-0.0646537	0.0665728	0	0	0	0
-0.0158695	-0.0646537	0.0665728	0	0	0	0
-0.0158695	-0.0646537	0.0665728	0	0	0	0
-0.0158695	-0.0646537	0.0665728	0	0	0	0
-0.0158695	-0.0646537	0.0665728	0	0	0	0
-0.0158695	-0.0646537	0.0665728	0	0	0	0
-0.0158695	-0.0646537	0.0665728	0	0	0	0
-0.0158695	-0.0646537	0.0665728	0	0	0	0
-0.0158695	-0.0646537	0.0665728	0	0	0	0
-0.0158695	-0.0646537	0.0665728	0	0	0	0
-0.0158695	-0.0646537	0.0665728	0	0	0	0
-0.0158695	-0.0646537	0.0665728	0	0	0	0
-0.0158695	-0.0646537	0.0665728	0	0	0	0
-0.0158695	-0.0646537	0.0665728	0	0	0	0
-0.0158695	-0.0646537	0.0665728	0	0	0	0
-0.0158695	-0.0646537	0.0665728	0	0	0	0
-0.0158695	-0.0646537	0.0665728	0	0	0	0
-0.0158695	-0.0646537	0.0665728	0	0	0	0
-0.0158695	-0.0646537	0.0665728	0	0	0	0
-0.0158695	-0.0646537	0.0665728	0	0	0	0
-0.0158695	-0.0646537	0.0665728	0	0	0	0
-0.0158695	-0.0646537	0.0665728	0	0	0	0
-0.0158695	-0.0646537	0.0665728	0	0	0	0
-0.0158695	-0.0646537	0.0665728	0	0	0	0
-0.0158695	-0.0646537	0.0665728	0	0	0	0
-0.0158695	-0.0646537	0.0665728	0	0	0	0
-0.0158695	-0.0646537	0.0665728	0	0	0	0
-0.0158695	-0.0646537	0.0665728	0	0	0	0
-0.0158695	-0.0646537	0.0665728	0	0	0	0
-0.0158695	-0.0646537	0.0665728	0	0	0	0
-0.0158695	-0.0646537	0.0665728	0	0	0	0
-0.0158695	-0.0646537	0.0665728	0	0	0	0
-0.0158695	-0.0646537	0.0665728	0	0	0	0
-0.0158695	-0.0646537	0.0665728	0	0	0	0
-0.0158695	-0.0646537	0.0665728	0	0	0	0
-0.0158695	-0.0646537	0.0665728	0	0	0	0
-0.0158695	-0.0646537	0.0665728	0	0	0	0
-0.0158695	-0.0646537	0.0665728	0	0	0	0
-0.0158695	-0.0646537	0.0665728	0	0	0	0
-0.0158695	-0.0646537	0.0665728	0	0	0	0
-0.0158695	-0.0646537	0.0665728	0	0	0	0
-0.0158695	-0.0646537	0.0665728	0	0	0	0
-0.0158695	-0.0646537	0.0665728	0	0	0	0
-0.0158695	-0.0646537	0.0665728	0	0	0	0
-0.0158695	-0.0646537	0.0665728	0	0	0	0
-0.0158695	-0.0646537	0.0665728	0	0	0	0
-0.0158695	-0.0646537	0.0665728	0	0	0	0
-0.0158695	-0.0646537	0.0665728	0	0	0	0
-0.0158695	-0.0646537	0.0665728	0	0	0	0
-0.0158695	-0.0646537	0.0665728	0	0	0	0
-0.0158695	-0.0646537	0.0665728	0	0	0	0
-0.0158695	-0.0646537	0.0665728	0	0	0	0
-0.0158695	-0.0646537	0.0665728	0	0	0	0
-0.0158695	-0.0646537	0.0665728	0	0	0	0
-0.0158695	-0.0646537	0.0665728	0	0	0	0
-0.0158695	-0.0646537	0.0665728	0	0	0	0
-0.0158695	-0.0646537	0.0665728	0	0	0	0
-0.0158695	-0.0646537	0.0665728	0	0	0	0
-0.0158695	-0.0646537	0.0665728	0	0	0	0
-0.0158695	-0.0646537	0.0665728	0	0	0	0
-0.0158695	-0.0646537	0.0665728	0	0	0	0
-0.0158695	-0.0646537	0.0665728	0	0	0	0
-0.0158695	-0.0646537	0.0665728	0	0	0	0
-0.0158695	-0.0646537	0.0665728	0	0	0	0
-0.0158695	-0.0646537	0.0665728	0	0	0	0
-0.0158695	-0.0646537	0.0665728	0	0	0	0
-0.0158695	-0.0646537	0.0665728	0	0	0	0
-0.0158695	-0.0646537	0.0665728	0	0	0	0
-0.0158695	-0.0646537	0.0665728	0	0	0	0
-0.0158695	-0.0646537	0.0665728	0	0	0	0
-0.0158695	-0.0646537	0.0665728	0	0	0	0
-0.0158695	-0.0646537	0.0665728	0	0	0	0
-0.0158695	-0.0646537	0.0665728	0	0	0	0
-0.0158695	-0.0646537	0.0665728	0	0	0	0
-0.0158695	-0.0646537	0.0665728	0	0	0	0
-0.0158695	-0.0646537	0.0665728	0	0	0	0
-0.0158695	-0.0646537	0.0665728	0	0	0	0
-0.0158695	-0.0646537	0.0665728	0	0	0	0
-0.0158695	-0.0646537	0.0665728	0	0	0	0
-0.0158695	-0.0646537	0.0665728	0	0	0	0
-0.0158695	-0.0646537	0.0665728	0	0	0	0
-0.0158695	-0.0646537	0.0665728	0	0	0	0
-0.0158695	-0.0646537	0.0665728	0	0	0	0
-0.0158695	-0.0646537	0.0665728	0	0	0	0
-0.0158695	-0.0646537	0.0665728	0	0	0	0
-0.0158695	-0.0646537	0.0665728	0	0	0	0
-0.0158695	-0.0646537	0.0665728	0	0	0	0
-0.0158695	-0.0646537	0.0665728	0	0	0	0
-0.0158695	-0.0646537	0.0665728	0	0	0	0
-0.0158695	-0.0646537	0.0665728	0	0	0	0
-0.0158695	-0.0646537	0.0665728	0	0	0	0
-0.0158695	-0.0646537	0.0665728	0	0	0	0
-0.0158695	-0.0646537	0.0665728	0	0	0	0
-0.0158695	-0.0646537	0.0665728	0	0	0	0
-0.0158695	-0.0646537	0.0665728	0	0	0	0
-0.0158695	-0.0646537	0.0665728	0	0	0	0
-0.0158695	-0.0646537	0.0665728	0	0	0	0
-0.0158695	-0.0646537	0.0665728	0	0	0	0
-0.0158695	-0.0646537	0.0665728	0	0	0	0
-0.0158695	-0.0646537	0.0665728	0	0	0	0
-0.0158695	-0.0646537	0.0665728	0	0	0	0
-0.0158695	-0.0646537	0.0665728	0	0	0	0
-0.0158695	-0.0646537	0.0665728	0	0	0	0
-0.0158695	-0.0646537	0.0665728	0	0	0	0
-0.0158695	-0.0646537	0.0665728	0	0	0	0
-0.0158695	-0.0646537	0.0665728	0	0	0	0
-0.0158695	-0.0646537	0.0665728	0	0	0	0
-0.0158695	-0.0646537	0.0665728	0	0	0	0
-0.0158695	-0.0646537	0.0665728	0	0	0	0
-0.0158695	-0.0646537	0.0665728	0	0	0	0
-0.0158695	-0.0646537	0.0665728	0	0	0	0
-0.0158695	-0.0646537	0.0665728	0	0	0	0
-0.0158695	-0.0646537	0.0665728	0	0	0	0
-0.0158695	-0.0646537	0.0665728	0	0	0	0
-0.0158695	-0.0646537	0.0665728	0	0	0	0
-0.0158695	-0.0646537	0.0665728	0	0	0	0
-0.0158695	-0.0646537	0.0665728	0	0	0	0
-0.0158695	-0.0646537	0.0665728	0	0	0	0
-0.0158695	-0.0646537	0.0665728	0	0	0	0
-0.0158695	-0.0646537	0.0665728	0	0	0	0
-0.0158695	-0.0646537	0.0665728	0	0	0	0
-0.0158695	-0.0646537	0.0665728	0	0	0	0
-0.0158695	-0.0646537	0.0665728	0	0	0	0
-0.0158695	-0.0646537	0.0665728	0	0	0	0
-0.0158695	-0.0646537	0.0665728	0	0	0	0
-0.0158695	-0.0646537	0.0665728	0	0	0	0
-0.0158695	-0.0646537	0.0665728	0	0	0	0
-0.0158695	-0.0646537	0.0665728	0	0	0	0
-0.0158695	-0.0646537	0.0665728	0	0	0	0
-0.0158695	-0.0646537	0.0665728	0	0	0	0
-0.0158695	-0.0646537	0.0665728	0	0	0	0
-0.0158695	-0.0646537	0.0665728	0	0	0	0
-0.0158695	-0.0646537	0.0665728	0	0	0	0
-0.0158695	-0.0646537	0.0665728	0	0	0	0
-0.0158695	-0.0646537	0.0665728	0	0	0	0
-0.0158695	-0.0646537	0.0665728	0	0	0	0
-0.0158695	-0.0646537	0.0665728	0	0	0	0
-0.0158695	-0.0646537	0.0665728	0	0	0	0
-0.0158695	-0.0646537	0.0665728	0	0	0	0
-0.0158695	-0.0646537	0.0665728	0	0	0	0
-0.0158695	-0.0646537	0.0665728	0	0	0	0
-0.0158695	-0.0646537	0.0665728	0	0	0	0
-0.0158695	-0.0646537	0.0665728	0	0	0	0
-0.0158695	-0.0646537	0.0665728	0	0	0	0
-0.0158695	-0.0646537	0.0665728	0	0	0	0
-0.0158695	-0.0646537	0.0665728	0	0	0	0
-0.0158695	-0.0646537	0.0665728	0	0	0	0
-0.0158695	-0.0646537	0.0665728	0	0	0	0
-0.0158695	-0.0646537	0.0665728	0	0	0	0
-0.0158695	-0.0646537	0.0665728	0	0	0	0
-0.0158695	-0.0646537	0.0665728	0	0	0	0
-0.0158695	-0.0646537	0.0665728	0	0	0	0
-0.0158695	-0.0646537	0.0665728	0	0	0	0
-0.0158695	-0.0646537	0.0665728	0	0	0	0
-0.0158695	-0.0646537	0.0665728	0	0	0	0
-0.0158695	-0.0646537	0.0665728	0	0	0	0
-0.157711	-0.260859	0.304829	-0.303087	-17.3656	0.0287466	0.015273
-0.451021	-0.239706	0.510763	-0.538506	-30.8541	0.00342011	0.000137867
-0.478327	-0.248555	0.539051	-0.0092764	-0.531498	0.0001	0.0001
-0.497943	-0.246974	0.555827	-0.0187976	-1.07702	0.0001	0.0001
-0.508926	-0.275749	0.578829	0.0361122	2.06908	0.0001	0.0001
-0.506919	-0.277036	0.577681	0.00361364	0.207046	0.0001	0.0001
-0.519581	-0.295053	0.597512	0.0162972	0.93376	0.0001	0.0001
-0.492106	-0.29981	0.576242	0.0307285	1.76061	0.0001	0.0001
-0.511187	-0.283053	0.584321	-0.0414929	-2.37737	0.0001	0.0001
-0.478181	-0.319389	0.575036	0.0831811	4.76592	0.0001	0.0001
-0.47454	-0.317168	0.570775	0.000306385	0.0175546	0.0001	0.0001
-0.476183	-0.318633	0.572954	0.00053289	0.0305324	0.000100001	0.0001
-0.474385	-0.30725	0.565193	-0.0149699	-0.857713	0.000100001	0.0001
-0.465275	-0.338035	0.575107	0.0535658	3.06909	0.000100001	0.0001
-0.474973	-0.338345	0.583161	-0.00934517	-0.535439	0.000100037	0.0001
-0.462051	-0.354703	0.582499	0.0357517	2.04842	0.000100037	0.0001
-0.449494	-0.34363	0.565797	-0.00200955	-0.115139	0.000100537	0.0001
-0.445986	-0.340046	0.560834	-0.00127806	-0.0732277	0.000100823	0.0001
-0.434527	-0.341185	0.552468	0.0142161	0.814525	0.00010129	0.0001
-0.437972	-0.347468	0.559065	0.00503311	0.288376	0.00010459	0.0001
-0.478177	-0.363205	0.600476	-0.0210832	-1.20798	0.000110052	0.0001
-0.439009	-0.340029	0.555292	0.00942847	0.540211	0.000106254	0.0001
-0.419399	-0.383993	0.568635	0.0823331	4.71734	0.000116978	0.0001
-0.561787	-0.232723	0.608083	-0.34862	-19.9745	0.000532087	0.0001
-0.559513	-0.206104	0.596267	-0.0397949	-2.28008	0.0001	0.0001
-0.549419	-0.234527	0.597381	0.0505076	2.89387	0.0001	0.000100002
-0.538543	-0.25757	0.596968	0.0426664	2.44461	0.0001	0.0001
-0.501001	-0.246004	0.558139	0.010328	0.591752	0.0001	0.0001
-0.503782	-0.234283	0.555595	-0.0211447	-1.2115	0.000100001	0.0001
-0.545066	-0.24456	0.597416	-0.0135421	-0.775907	0.0001	0.0001
-0.525545	-0.241976	0.578576	0.00973673	0.557873	0.0001	0.0001
-0.552355	-0.27159	0.615514	0.0254899	1.46046	0.000100001	0.0001
-0.529235	-0.244384	0.582935	-0.0243836	-1.39708	0.000100006	0.0001
-0.521551	-0.240175	0.574195	-0.00104585	-0.0599227	0.000100002	0.0001
-0.517506	-0.234788	0.568276	-0.00563338	-0.322769	0.000100003	0.0001
-0.55439	-0.224887	0.598266	-0.0405532	-2.32353	0.000100003	0.0001
-0.541289	-0.216092	0.582829	-0.00553475	-0.317118	0.0001	0.0001
-0.539429	-0.201079	0.575688	-0.0230223	-1.31908	0.0001	0.0001
-0.534418	-0.177185	0.563025	-0.0366653	-2.10077	0.0001	0.0001
-0.536533	-0.179096	0.565635	0.00202976	0.116296	0.0001	0.0001
-0.532659	-0.196427	0.567723	0.0311208	1.78309	0.0001	0.0001
-0.527411	-0.197984	0.563347	0.00581663	0.333268	0.0001	0.0001
-0.532597	-0.196451	0.567673	-0.0057383	-0.32878	0.0001	0.0001
-0.523516	-0.191425	0.557416	-0.00282201	-0.161689	0.0001	0.0001
-0.52994	-0.184032	0.560986	-0.0163097	-0.934477	0.0001	0.0001
-0.543718	-0.184309	0.574107	-0.00741782	-0.42501	0.0001	0.0001
-0.547064	-0.178668	0.575501	-0.0111501	-0.638853	0.0001	0.0001
-0.530384	-0.159173	0.553754	-0.024116	-1.38174	0.0001	0.0001
-0.529683	-0.169466	0.556132	0.0180898	1.03647	0.0001	0.0001
-0.55958	-0.139975	0.576821	-0.064533	-3.69747	0.0001	0.0001
-0.537603	-0.12248	0.551379	-0.0211107	-1.20956	0.0001	0.0001
-0.561509	-0.112775	0.572722	-0.0257969	-1.47805	0.0001	0.000100001
