#1 AntVel X	#2 AntVel Y	#3 Speed	#4 Turning Angle Rad		#5 Turning Angle Deg	#6 Detected Phero Left	#7 Detected Phero Right	
0.0904705	0.0654348	0.111654	0	0	0	0
0.0904705	0.0654348	0.111654	0	0	0	0
0.0904705	0.0654348	0.111654	0	0	0	0
0.0904705	0.0654348	0.111654	0	0	0	0
0.0904705	0.0654348	0.111654	0	0	0	0
0.0904705	0.0654348	0.111654	0	0	0	0
0.0904705	0.0654348	0.111654	0	0	0	0
0.0904705	0.0654348	0.111654	0	0	0	0
0.0904705	0.0654348	0.111654	0	0	0	0
0.0904705	0.0654348	0.111654	0	0	0	0
0.0904705	0.0654348	0.111654	0	0	0	0
0.0904705	0.0654348	0.111654	0	0	0	0
0.0904705	0.0654348	0.111654	0	0	0	0
0.0904705	0.0654348	0.111654	0	0	0	0
0.0904705	0.0654348	0.111654	0	0	0	0
0.0904705	0.0654348	0.111654	0	0	0	0
0.0904705	0.0654348	0.111654	0	0	0	0
0.0904705	0.0654348	0.111654	0	0	0	0
0.0904705	0.0654348	0.111654	0	0	0	0
0.0904705	0.0654348	0.111654	0	0	0	0
0.0904705	0.0654348	0.111654	0	0	0	0
0.0904705	0.0654348	0.111654	0	0	0	0
0.0904705	0.0654348	0.111654	0	0	0	0
0.0904705	0.0654348	0.111654	0	0	0	0
0.0904705	0.0654348	0.111654	0	0	0	0
0.0904705	0.0654348	0.111654	0	0	0	0
0.0904705	0.0654348	0.111654	0	0	0	0
0.0904705	0.0654348	0.111654	0	0	0	0
0.0904705	0.0654348	0.111654	0	0	0	0
0.0904705	0.0654348	0.111654	0	0	0	0
0.0904705	0.0654348	0.111654	0	0	0	0
0.0904705	0.0654348	0.111654	0	0	0	0
0.0904705	0.0654348	0.111654	0	0	0	0
0.0904705	0.0654348	0.111654	0	0	0	0
0.0904705	0.0654348	0.111654	0	0	0	0
0.0904705	0.0654348	0.111654	0	0	0	0
0.0904705	0.0654348	0.111654	0	0	0	0
0.0904705	0.0654348	0.111654	0	0	0	0
0.0904705	0.0654348	0.111654	0	0	0	0
0.0904705	0.0654348	0.111654	0	0	0	0
0.0904705	0.0654348	0.111654	0	0	0	0
0.0904705	0.0654348	0.111654	0	0	0	0
0.0904705	0.0654348	0.111654	0	0	0	0
0.0904705	0.0654348	0.111654	0	0	0	0
0.0904705	0.0654348	0.111654	0	0	0	0
0.0904705	0.0654348	0.111654	0	0	0	0
0.0904705	0.0654348	0.111654	0	0	0	0
0.0904705	0.0654348	0.111654	0	0	0	0
0.0904705	0.0654348	0.111654	0	0	0	0
0.0904705	0.0654348	0.111654	0	0	0	0
0.0904705	0.0654348	0.111654	0	0	0	0
0.0904705	0.0654348	0.111654	0	0	0	0
0.0904705	0.0654348	0.111654	0	0	0	0
0.0904705	0.0654348	0.111654	0	0	0	0
0.0904705	0.0654348	0.111654	0	0	0	0
0.0904705	0.0654348	0.111654	0	0	0	0
0.0904705	0.0654348	0.111654	0	0	0	0
0.0904705	0.0654348	0.111654	0	0	0	0
0.0904705	0.0654348	0.111654	0	0	0	0
0.0904705	0.0654348	0.111654	0	0	0	0
0.0904705	0.0654348	0.111654	0	0	0	0
0.0904705	0.0654348	0.111654	0	0	0	0
0.0904705	0.0654348	0.111654	0	0	0	0
0.0904705	0.0654348	0.111654	0	0	0	0
0.0904705	0.0654348	0.111654	0	0	0	0
0.0904705	0.0654348	0.111654	0	0	0	0
0.0904705	0.0654348	0.111654	0	0	0	0
0.0904705	0.0654348	0.111654	0	0	0	0
0.0904705	0.0654348	0.111654	0	0	0	0
0.0904705	0.0654348	0.111654	0	0	0	0
0.0904705	0.0654348	0.111654	0	0	0	0
0.0904705	0.0654348	0.111654	0	0	0	0
0.0904705	0.0654348	0.111654	0	0	0	0
0.0904705	0.0654348	0.111654	0	0	0	0
0.0904705	0.0654348	0.111654	0	0	0	0
0.0904705	0.0654348	0.111654	0	0	0	0
0.0904705	0.0654348	0.111654	0	0	0	0
0.0904705	0.0654348	0.111654	0	0	0	0
0.0904705	0.0654348	0.111654	0	0	0	0
0.0904705	0.0654348	0.111654	0	0	0	0
0.0904705	0.0654348	0.111654	0	0	0	0
0.0904705	0.0654348	0.111654	0	0	0	0
0.0904705	0.0654348	0.111654	0	0	0	0
0.0904705	0.0654348	0.111654	0	0	0	0
0.0904705	0.0654348	0.111654	0	0	0	0
0.0904705	0.0654348	0.111654	0	0	0	0
0.0904705	0.0654348	0.111654	0	0	0	0
0.0904705	0.0654348	0.111654	0	0	0	0
0.0904705	0.0654348	0.111654	0	0	0	0
0.0904705	0.0654348	0.111654	0	0	0	0
0.0904705	0.0654348	0.111654	0	0	0	0
0.0904705	0.0654348	0.111654	0	0	0	0
0.0904705	0.0654348	0.111654	0	0	0	0
0.0904705	0.0654348	0.111654	0	0	0	0
0.0904705	0.0654348	0.111654	0	0	0	0
0.0904705	0.0654348	0.111654	0	0	0	0
0.0904705	0.0654348	0.111654	0	0	0	0
0.0904705	0.0654348	0.111654	0	0	0	0
0.0904705	0.0654348	0.111654	0	0	0	0
0.0904705	0.0654348	0.111654	0	0	0	0
0.0904705	0.0654348	0.111654	0	0	0	0
0.0904705	0.0654348	0.111654	0	0	0	0
0.0904705	0.0654348	0.111654	0	0	0	0
0.0904705	0.0654348	0.111654	0	0	0	0
0.0904705	0.0654348	0.111654	0	0	0	0
0.0904705	0.0654348	0.111654	0	0	0	0
0.0904705	0.0654348	0.111654	0	0	0	0
0.0904705	0.0654348	0.111654	0	0	0	0
0.0904705	0.0654348	0.111654	0	0	0	0
0.0904705	0.0654348	0.111654	0	0	0	0
0.0904705	0.0654348	0.111654	0	0	0	0
0.0904705	0.0654348	0.111654	0	0	0	0
0.0904705	0.0654348	0.111654	0	0	0	0
0.0904705	0.0654348	0.111654	0	0	0	0
0.0904705	0.0654348	0.111654	0	0	0	0
0.0904705	0.0654348	0.111654	0	0	0	0
0.0904705	0.0654348	0.111654	0	0	0	0
0.0904705	0.0654348	0.111654	0	0	0	0
0.0904705	0.0654348	0.111654	0	0	0	0
0.0904705	0.0654348	0.111654	0	0	0	0
0.0904705	0.0654348	0.111654	0	0	0	0
0.0904705	0.0654348	0.111654	0	0	0	0
0.0904705	0.0654348	0.111654	0	0	0	0
0.0904705	0.0654348	0.111654	0	0	0	0
0.0904705	0.0654348	0.111654	0	0	0	0
0.0904705	0.0654348	0.111654	0	0	0	0
0.0904705	0.0654348	0.111654	0	0	0	0
0.0904705	0.0654348	0.111654	0	0	0	0
0.0904705	0.0654348	0.111654	0	0	0	0
0.0904705	0.0654348	0.111654	0	0	0	0
0.0904705	0.0654348	0.111654	0	0	0	0
0.0904705	0.0654348	0.111654	0	0	0	0
0.0904705	0.0654348	0.111654	0	0	0	0
0.0904705	0.0654348	0.111654	0	0	0	0
0.0904705	0.0654348	0.111654	0	0	0	0
0.0904705	0.0654348	0.111654	0	0	0	0
0.0904705	0.0654348	0.111654	0	0	0	0
0.0904705	0.0654348	0.111654	0	0	0	0
0.0904705	0.0654348	0.111654	0	0	0	0
0.88032	0.547149	1.0365	0.0700714	4.0148	5.93265	5.17414
1.36073	0.72581	1.5422	0.0660962	3.78703	5.93631	5.0199
1.65323	0.789017	1.83186	0.044718	2.56215	5.86087	5.00479
1.75932	0.838069	1.94874	0.000732797	0.0419862	5.68362	5.07989
1.71369	0.880759	1.92678	-0.030193	-1.72993	5.46758	5.31322
1.79431	0.88342	2	0.0172448	0.988054	5.4159	5.441
1.82543	0.915151	2.04198	-0.0072103	-0.41312	5.43667	5.75791
1.67946	0.898159	1.90454	-0.0263775	-1.51132	5.71564	5.714
1.78851	0.829928	1.97169	0.0566296	3.24464	6.4216	5.60533
1.77851	0.687727	1.90685	0.0654855	3.75204	6.24658	5.17131
1.87148	0.614882	1.96991	0.0515349	2.95273	5.9177	5.12032
1.97871	0.576982	2.06111	0.0337138	1.93166	5.70009	5.11598
1.93245	0.569719	2.01468	-0.00296704	-0.169999	5.60592	5.09193
1.79824	0.494002	1.86486	0.0185948	1.0654	5.77269	5.07735
1.96062	0.526098	2.02997	0.00594332	0.340527	5.7624	5.07179
1.95283	0.405671	1.99452	0.0573358	3.2851	5.90603	5.08043
1.97166	0.355812	2.00351	0.0262799	1.50573	5.54245	5.13047
2.00162	0.385485	2.0384	-0.0117157	-0.671258	5.44086	5.17166
1.97132	0.279038	1.99097	0.0496425	2.8443	5.5853	5.18251
1.97356	0.284813	1.99401	-0.00270936	-0.155235	5.32289	5.37368
1.98118	0.311561	2.00553	-0.0126588	-0.725297	5.38352	5.58858
1.97739	0.339066	2.00625	-0.0138372	-0.792812	5.50452	5.84803
1.98621	0.400293	2.02614	-0.0290521	-1.66456	5.61456	6.1669
1.92032	0.377091	1.95699	0.00497047	0.284787	5.58411	6.25827
1.85447	0.633867	1.95981	-0.135454	-7.76092	5.48449	6.80249
1.71065	0.760077	1.87191	-0.0887647	-5.08585	5.00442	5.53887
1.79471	0.868722	1.9939	-0.0326836	-1.87263	5	5.25946
1.81094	1.03148	2.0841	-0.0669513	-3.83603	5	5.26533
1.7568	1.02149	2.03219	-0.00891345	-0.510703	5	5.20933
1.73219	1.03301	2.01683	-0.0110731	-0.63444	5	5.2617
1.73138	1.04643	2.02305	-0.00589985	-0.338036	5	5.31491
1.6743	1.05248	1.97762	-0.0175485	-1.00545	5	5.38254
1.69439	1.1007	2.02052	-0.0149145	-0.85454	5	5.42286
1.5961	0.997056	1.88193	0.0177326	1.01601	5	5.46796
1.60477	1.08115	1.93498	-0.0344893	-1.97609	5	5.54142
1.63882	1.14902	2.00149	-0.01862	-1.06685	5	5.55155
1.7167	1.14114	2.06137	0.0248222	1.4222	5	5.56972
1.63858	1.19594	2.0286	-0.0438301	-2.51128	5	5.52813
1.56447	1.12723	1.92827	0.0061226	0.350799	5	5.53794
1.5213	1.2469	1.96701	-0.0622266	-3.56532	5	5.46135
1.55909	1.16111	1.94395	0.0464716	2.66262	5	5.51414
1.5944	1.14002	1.96004	0.0193914	1.11104	5	5.36196
1.62537	1.14302	1.98704	0.0078352	0.448924	5	5.27207
1.68414	1.25975	2.10317	-0.0293314	-1.68057	5	5.23478
1.63712	1.24995	2.05975	-0.00986164	-0.56503	5	5.25108
1.6016	1.32754	2.08026	-0.0400176	-2.29284	5	5.27283
1.63807	1.35963	2.12882	-0.00067497	-0.0386729	5	5.31711
1.5821	1.2501	2.01638	0.0240716	1.3792	5	5.35324
1.65551	1.21647	2.05438	0.035006	2.0057	5	5.31904
1.55991	1.21432	1.97683	-0.0277619	-1.59064	5	5.16451
1.51492	1.24716	1.96224	-0.027292	-1.56371	5	5.11597
1.54406	1.20307	1.95742	0.0268531	1.53857	5	5.0803
1.36301	1.1294	1.77013	-0.0300368	-1.72098	5	5.01863
1.45596	1.20722	1.89135	-0.000329339	-0.0188697	5	5.01411
1.49771	1.24086	1.94496	0.00038931	0.0223058	5	5.00544
1.45817	1.27026	1.93386	-0.0247564	-1.41844	5	5.00212
1.34797	1.38603	1.93342	-0.0826844	-4.73747	5	5.00192
1.39658	1.42368	1.99432	0.00431308	0.247121	5	5.00799
1.41443	1.37092	1.96978	0.0252316	1.44567	5	5.00615
1.42565	1.33165	1.95084	0.0184569	1.0575	5	5.00445
1.4096	1.39515	1.98329	-0.0289274	-1.65742	5	5.03253
1.40518	1.37229	1.96411	0.00669087	0.383358	5	5.16707
1.34363	1.40817	1.94635	-0.0352911	-2.02203	5	5.73935
1.15161	1.52178	1.90841	-0.11414	-6.53975	5	5.889
1.11974	1.4865	1.86105	-0.00221413	-0.12686	5	5.94035
1.16927	1.6381	2.0126	-0.0256677	-1.47065	5	6.0665
1.09442	1.76703	2.0785	-0.0653972	-3.74698	5	5.92492
0.888334	1.84491	2.04764	-0.105788	-6.06121	5	6.27541
0.678259	1.77597	1.90108	-0.0839278	-4.80871	5	7.12698
0.530832	1.89321	1.96622	-0.0914466	-5.2395	5	7.36647
0.293704	1.89231	1.91497	-0.119387	-6.84037	5	7.03943
0.201914	1.9435	1.95396	-0.0504596	-2.89112	5	6.56065
-0.0210934	1.97097	1.97108	-0.114223	-6.54447	5	6.46668
-0.169016	1.97955	1.98675	-0.0744726	-4.26696	5.00059	6.2619
-0.268814	1.96468	1.98298	-0.0508051	-2.91092	5.02333	5.83132
-0.284695	1.9726	1.99304	-0.00735604	-0.42147	5.21141	5.37031
-0.256361	1.97515	1.99172	0.0142636	0.817244	5.56491	5.10045
-0.156624	1.95357	1.95984	0.0490698	2.81149	5.85973	5.01661
-0.143141	2.02507	2.03013	0.00943512	0.540592	5.9639	5.00186
-0.0909777	1.99601	1.99808	0.0250186	1.43346	5.93031	5.00012
-0.0980598	2.00004	2.00244	-0.00344151	-0.197184	5.80679	5.00001
-0.012104	1.99511	1.99515	0.042923	2.4593	5.7095	5
0.0655846	1.94405	1.94516	0.03979	2.2798	5.72609	5
0.145633	1.97213	1.9775	0.0399885	2.29117	5.75338	5
0.227718	2.01473	2.02756	0.038837	2.2252	5.74626	5
0.289437	1.99401	2.01491	0.0315978	1.81042	5.68295	5
0.294899	1.9493	1.97148	0.00599959	0.343751	5.6003	5
0.353486	1.96355	1.99512	0.0279698	1.60255	5.70676	5
0.338421	1.98658	2.0152	-0.00938244	-0.537574	5.99264	5
0.382343	2.03871	2.07425	0.0166546	0.954239	5.70775	5
0.303103	1.9592	1.98251	-0.0318972	-1.82758	5.13611	5
0.294629	1.91162	1.93419	-0.000568468	-0.0325708	5.07659	5
0.350881	1.92428	1.956	0.0274403	1.57221	5.74125	5
0.421139	1.97269	2.01714	0.0299644	1.71683	6.08883	5
0.367115	1.94383	1.97819	-0.0236635	-1.35582	5.62168	5
0.27082	1.87883	1.89825	-0.0435066	-2.49274	5.00573	5
0.228721	2.05294	2.06565	-0.0322033	-1.84511	5	5
0.261041	2.03127	2.04798	0.0168569	0.96583	5	5.00013
0.254785	1.98435	2.00064	-0.000112094	-0.00642253	5	5.00091
0.245602	1.95504	1.9704	-0.00272795	-0.1563	5	5.00605
0.252248	1.94448	1.96078	0.00403385	0.231123	5	5.02828
0.275392	1.88276	1.9028	0.0162358	0.93024	5	5.08728
0.155021	1.95048	1.95663	-0.0659285	-3.77743	5	5.17638
0.166756	1.98726	1.99424	0.00440499	0.252388	5	5.33579
0.131527	2.02608	2.03034	-0.0188903	-1.08233	5	5.33261
0.0878788	1.99297	1.99491	-0.0207605	-1.18949	5	5.20285
0.15305	1.9814	1.9873	0.0330243	1.89216	5	5.07262
0.140875	1.907	1.9122	-0.00335164	-0.192035	5	5.02662
0.138806	1.99491	1.99974	-0.00427063	-0.244689	5	5.00568
0.201423	2.06709	2.07688	0.0276679	1.58526	5	5.00079
0.22635	2.04096	2.05347	0.0133167	0.762991	5	5.00013
0.223265	2.03923	2.05141	-0.00140205	-0.0803315	5	5.00001
0.150217	1.91386	1.91975	-0.0307222	-1.76025	5	5
0.149336	1.94951	1.95522	-0.00187558	-0.107463	5	5
0.0086536	1.98659	1.9866	-0.0720968	-4.13084	5	5
0.0906171	1.99335	1.99541	0.0410723	2.35327	5	5
0.0896886	2.00032	2.00233	-0.000621263	-0.0355957	5	5
0.0394837	2.00905	2.00943	-0.0251566	-1.44137	5.00003	5
0.0523926	2.0315	2.03217	0.00613398	0.351451	5.00272	5
0.111974	2.00937	2.01249	0.0298838	1.71222	5.02462	5
0.0658503	2.0036	2.00468	-0.022814	-1.30715	5.06672	5
0.0962321	2.02346	2.02574	0.0146682	0.840425	5.28166	5
0.123722	2.01231	2.01611	0.0138831	0.795441	5.36965	5
0.146246	2.02573	2.031	0.010664	0.611001	5.31028	5
0.15345	2.01658	2.02241	0.00387824	0.222207	5.15878	5
0.169272	1.98341	1.99062	0.00918963	0.526527	5.0443	5
0.217383	1.90427	1.91664	0.0285261	1.63442	5.00956	5
0.312404	1.9606	1.98533	0.0443491	2.54102	5.00358	5
0.342226	2.15141	2.17846	-0.000264106	-0.0151322	5.00235	5
0.441886	2.23795	2.28116	0.0371951	2.13112	5.00019	5
0.391379	2.15096	2.18628	-0.014957	-0.856974	5.00005	5
0.411138	2.06979	2.11023	0.0160982	0.922361	5	5
0.434587	1.99417	2.04098	0.0184887	1.05933	5	5
0.409189	1.96342	2.0056	-0.00910797	-0.521849	5	5
0.484782	2.05152	2.10802	0.0265813	1.523	5	5
0.47088	1.89377	1.95143	0.0116579	0.667947	5	5
0.554266	1.87313	1.95342	0.0439898	2.52043	5	5
0.548411	1.92279	1.99947	-0.00985548	-0.564677	5	5
0.485363	2.0304	2.08761	-0.0431944	-2.47486	5	5
0.481769	1.97511	2.03302	0.00460309	0.263737	5	5
0.327412	1.90418	1.93213	-0.0689691	-3.95164	5	5
0.328808	2.06244	2.08849	-0.0121826	-0.698013	5	5
0.319062	2.01586	2.04095	-0.00112214	-0.064294	5	5
0.316585	1.97549	2.00069	0.00193201	0.110696	5	5
0.301534	1.95632	1.97942	-0.00597582	-0.342389	5	5
0.320826	1.91742	1.94408	0.012856	0.736592	5	5
0.28978	1.97446	1.99561	-0.0200622	-1.14948	5	5
0.316436	2.00376	2.02859	0.0109044	0.624775	5	5
0.322709	2.00702	2.0328	0.00279747	0.160283	5	5
0.317837	1.84482	1.872	0.0111857	0.640891	5	5
0.406646	2.00279	2.04365	0.0297055	1.702	5	5
0.389366	2.01444	2.05172	-0.00938352	-0.537636	5	5
0.46324	1.99755	2.05056	0.0369424	2.11664	5	5
0.444586	1.97997	2.02927	-0.006998	-0.400956	5	5
0.454303	1.92927	1.98203	0.0103891	0.595253	5	5
0.469603	1.9376	1.9937	0.00651119	0.373063	5	5
0.423339	1.87191	1.91918	-0.0153661	-0.880413	5	5
0.412891	1.92229	1.96613	-0.0108354	-0.620823	5	5
0.442428	1.93514	1.98507	0.0131896	0.755706	5	5
0.43532	1.95141	1.99938	-0.00528004	-0.302524	5	5
0.33941	1.96423	1.99333	-0.0483796	-2.77195	5	5
0.311965	2.08382	2.10704	-0.0225018	-1.28926	5	5
0.307874	2.02449	2.04776	0.00231424	0.132596	5	5
0.254909	1.90181	1.91882	-0.017678	-1.01287	5	5
0.264308	1.93205	1.95005	0.00271683	0.155663	5	5
0.294508	1.92683	1.9492	0.0157147	0.900384	5	5
0.316026	1.96262	1.9879	0.00797995	0.457218	5	5
0.340926	1.92263	1.95262	0.0158463	0.907925	5	5
0.372509	1.93486	1.97039	0.0146994	0.842211	5	5
0.321233	1.90417	1.93107	-0.0230712	-1.32188	5	5
0.306436	1.95965	1.98346	-0.0120097	-0.688106	5	5
0.230564	1.85099	1.86529	-0.0311926	-1.7872	5	5
0.164191	2.01574	2.02242	-0.0426495	-2.44364	5	5
0.118361	1.89219	1.89589	-0.0188037	-1.07737	5	5
0.0620412	1.9101	1.91111	-0.030002	-1.71899	5	5
0.054704	2.03589	2.03663	-0.00560584	-0.321191	5	5
0.120764	2.07493	2.07844	0.0312725	1.79178	5	5
0.0103946	2.10855	2.10858	-0.0532062	-3.04849	5	5
0.01948	2.04082	2.04092	0.0046152	0.264431	5	5
0.0237099	2.0584	2.05854	0.00197317	0.113055	5	5
-0.00847266	2.03185	2.03187	-0.015688	-0.898854	5	5
0.0453748	2.0719	2.07239	0.0260665	1.4935	5	5
0.0474132	2.0089	2.00946	0.00170063	0.0974389	5	5
0.0483906	1.99917	1.99975	0.000603438	0.0345744	5	5
0.0804424	2.07956	2.08112	0.0144625	0.828638	5	5
0.0245738	1.99746	1.99761	-0.0263612	-1.51039	5	5
0.0245249	1.95194	1.9521	0.000261748	0.0149971	5	5
0.00413102	2.01257	2.01257	-0.0105111	-0.602239	5	5
0.00590236	1.9871	1.98711	0.000917715	0.0525812	5	5
-0.0495883	1.97263	1.97325	-0.0281032	-1.6102	5	5
-0.0388483	1.97536	1.97574	0.00546893	0.313347	5	5
-0.27086	1.95221	1.97092	-0.118201	-6.77241	5	5
-0.26573	1.97835	1.99612	0.00434483	0.248941	5	5
-0.221599	1.97438	1.98678	0.0217506	1.24622	5	5
-0.136683	2.00388	2.00853	0.0436653	2.50184	5	5
-0.00613354	2.05766	2.05767	0.0651233	3.73129	5	5
-0.00699519	2.03363	2.03364	-0.000458922	-0.0262943	5	5
-0.126829	2.04541	2.04934	-0.0584878	-3.3511	5	5
-0.100071	2.02949	2.03196	0.0126589	0.725302	5	5
-0.0763051	1.85792	1.85948	0.0082214	0.471052	5	5
-0.0188712	1.9249	1.925	0.0312438	1.79014	5	5
-0.0534301	1.96053	1.96126	-0.0174428	-0.999397	5	5
-0.0307887	2.01179	2.01202	0.0119432	0.684294	5	5
-0.0776262	1.89401	1.8956	-0.0256593	-1.47017	5	5
0.0313876	1.97662	1.97687	0.0568404	3.25672	5	5
0.0463564	2.06648	2.067	0.00655068	0.375326	5	5
0.0324466	2.06279	2.06304	-0.00670056	-0.383914	5	5
0.0259412	2.03268	2.03284	-0.00296685	-0.169988	5	5
0.0385479	1.9991	1.99948	0.00651879	0.373499	5	5
0.0544111	1.96046	1.96122	0.00846691	0.485118	5	5
0.0901629	1.92924	1.93134	0.018954	1.08598	5	5.81847
0.0192122	1.86837	1.86847	-0.0364186	-2.08663	5	5.51191
-0.024269	1.98183	1.98198	-0.0225276	-1.29074	5	5.00007
0.119956	2.00056	2.00415	0.0721347	4.13301	5	5
0.060915	1.92135	1.92232	-0.028196	-1.61551	5	5
0.0730177	1.95414	1.9555	0.00565479	0.323996	5	5
0.067042	2.0643	2.06538	-0.00488285	-0.279767	5	5
0.0482225	2.07155	2.07211	-0.00919119	-0.526616	5	5
0.0381455	1.97216	1.97253	-0.00393474	-0.225444	5	5
0.151471	1.95206	1.95793	0.0581007	3.32893	5	5
0.15441	1.96788	1.97393	0.000864614	0.0495387	5	5
0.132325	1.96409	1.96854	-0.0110344	-0.632223	5	5
0.157635	2.00953	2.0157	0.0110128	0.630986	5	5
0.0889636	2.03564	2.03759	-0.0346082	-1.9829	5	5
0.0851559	2.00268	2.00449	-0.00117973	-0.0675936	5	5
0.0749401	2.01283	2.01423	-0.00528143	-0.302604	5	5
0.0839953	2.01902	2.02077	0.00436406	0.250042	5	5
0.0621728	2.0407	2.04165	-0.011121	-0.637187	5	5
0.151826	1.96063	1.9665	0.0468263	2.68295	5	5
0.122076	2.04334	2.04698	-0.0176107	-1.00902	5	5
0.123291	1.99739	2.00119	0.00197545	0.113185	5	5
0.123382	1.99694	2.00074	5.92967e-05	0.00339745	5	5
0.162674	1.90693	1.91386	0.0233931	1.34032	5	5
0.249604	1.95178	1.96768	0.0420943	2.41183	5	5
0.157172	1.97433	1.98058	-0.0477545	-2.73613	5	5
0.189006	1.92798	1.93722	0.0182808	1.04741	5	5
0.142039	1.9075	1.91279	-0.0233948	-1.34043	5	5
0.175088	1.96406	1.97185	0.0145847	0.835642	5	5
0.152427	2.07146	2.07706	-0.0154588	-0.885724	5	5
0.159533	2.02869	2.03495	0.00502505	0.287914	5	5
0.182067	2.08293	2.09087	0.00871044	0.499072	5	5
0.209065	2.12959	2.13983	0.0106701	0.611354	5	5
0.197663	2.06446	2.0739	-0.00240305	-0.137685	5	5
0.0623159	2.04067	2.04162	-0.0649271	-3.72005	5	5
0.0612404	1.98663	1.98757	0.000289082	0.0165632	5	5
0.0570955	1.9301	1.93094	-0.00124355	-0.0712502	5	5
0.102779	1.97413	1.9768	0.0224429	1.28588	5	5
0.229186	2.00944	2.02247	0.0615477	3.52643	5	5
0.180198	1.95326	1.96155	-0.0215688	-1.2358	5	5
0.149402	1.92489	1.93068	-0.0145341	-0.832742	5	5
0.0941645	1.92647	1.92877	-0.0286204	-1.63983	5	5
0.102628	1.95044	1.95314	0.00372933	0.213675	5	5
0.0930579	1.98855	1.99072	-0.00580681	-0.332706	5	5
-0.0491411	1.92901	1.92963	-0.0722321	-4.1386	5	5
-0.0467123	1.9606	1.96116	0.00164835	0.0944432	5	5
-0.00191289	1.98953	1.98953	0.0228595	1.30975	5	5
-0.110874	2.04896	2.05196	-0.0530979	-3.04229	5	5
-0.102626	2.03917	2.04175	0.00377421	0.216247	5	5
-0.147385	2.0507	2.05599	-0.0214622	-1.22969	5	5
-0.140916	2.0277	2.03259	0.00236358	0.135423	5	5
-0.163991	2.04179	2.04837	-0.0107613	-0.616577	5	5
-0.210286	2.08588	2.09645	-0.0203295	-1.1648	5	5
-0.21329	2.04432	2.05541	-0.0034823	-0.199521	5	5
-0.211419	2.02207	2.0331	-0.000220122	-0.0126121	5	5
-0.226129	2.00084	2.01358	-0.00836255	-0.479139	5	5
-0.207028	2.05472	2.06512	0.0121212	0.694494	5	5
-0.165072	2.02514	2.03186	0.0190872	1.09362	5	5
-0.247096	2.0149	2.02999	-0.040694	-2.33159	5	5
-0.290909	2.01999	2.04083	-0.0210067	-1.20359	5	5
-0.319107	1.9798	2.00536	-0.016775	-0.961135	5	5
-0.324855	2.00626	2.03239	-0.00072105	-0.0413131	5	5
-0.289348	2.05196	2.07226	0.0204409	1.17118	5	5
-0.147532	1.98793	1.9934	0.066009	3.78204	5	5
-0.149169	1.99111	1.99669	-0.000699897	-0.0401011	5	5
-0.0876154	1.99528	1.99721	0.0308948	1.77014	5	5
-0.118828	2.08796	2.09134	-0.0129666	-0.74293	5	5
-0.112282	2.03153	2.03463	0.00163618	0.0937461	5	5
-0.059043	1.99081	1.99168	0.0255644	1.46473	5	5
-0.0253144	2.03379	2.03395	0.0172028	0.985648	5	5
-0.0229691	2.0904	2.09053	0.00145883	0.083585	5	5
0.019379	2.01618	2.01628	0.0205988	1.18023	5	5
0.0386961	2.00819	2.00856	0.00965536	0.553211	5	5
0.0215404	2.00358	2.0037	-0.00851625	-0.487945	5	5
0.0510144	1.96968	1.97034	0.0151435	0.867661	5	5
-0.00934578	2.04656	2.04658	-0.0304606	-1.74526	5	5
-0.0070112	2.03685	2.03686	0.00112439	0.064423	5	5
-0.0245039	1.97296	1.97312	-0.00897707	-0.514348	5	5
-0.0235495	1.98278	1.98292	0.000542787	0.0310994	5	5
-0.0469139	1.91476	1.91533	-0.0126199	-0.723068	5	5
0.0706652	2.02935	2.03058	0.0593039	3.39786	5	5
0.055376	1.99707	1.99784	-0.00708603	-0.406	5	5
0.0408571	1.92785	1.92828	-0.00653159	-0.374233	5	5
0.0703509	1.98696	1.9882	0.0142016	0.813693	5	5
-0.0297971	2.05289	2.05311	-0.0499052	-2.85936	5	5
-0.123746	1.86954	1.87363	-0.0515807	-2.95536	5	5
-0.198044	1.96048	1.97046	-0.0345822	-1.98141	5	5
-0.314112	1.98282	2.00754	-0.0564346	-3.23346	5	5
-0.309997	2.0253	2.04889	0.0052278	0.299531	5	5
-0.252777	2.03082	2.04649	0.0280494	1.60711	5	5
-0.262667	1.99234	2.00958	-0.00724876	-0.415323	5	5
-0.357551	1.92576	1.95868	-0.0524941	-3.00769	5	5
-0.365018	1.9352	1.96932	-0.00285355	-0.163496	5	5
-0.312735	1.91146	1.93688	0.024257	1.38982	5	5
-0.287008	1.96729	1.98812	0.0173055	0.991534	5	5
-0.286247	1.7928	1.81551	-0.0134603	-0.771219	5	5
-0.380127	1.81362	1.85303	-0.0482763	-2.76603	5	5
-0.447154	1.88494	1.93725	-0.0263139	-1.50768	5	5
-0.496709	1.90566	1.96933	-0.0220574	-1.2638	5	5
-0.485998	1.91175	1.97255	0.00603272	0.345649	5	5
-0.504682	1.91923	1.98448	-0.00819551	-0.469568	5	5
-0.503343	1.9248	1.98952	0.00136163	0.0780154	5	5
-0.445909	1.9445	1.99497	0.0303562	1.73928	5	5
-0.480202	1.90162	1.96131	-0.0219308	-1.25654	5	5
-0.611882	2.02701	2.11735	-0.045814	-2.62495	5	5
-0.606532	2.04094	2.12915	0.0042951	0.246091	5	5
-0.530907	1.93629	2.00775	0.0212593	1.21807	5	5
-0.531923	1.9207	1.993	-0.00255912	-0.146627	5	5
-0.538703	2.0094	2.08036	0.00823865	0.47204	5	5
-0.406949	2.04006	2.08025	0.0650373	3.72636	5	5
-0.518491	1.92116	1.98989	-0.06671	-3.8222	5	5
-0.530638	1.88915	1.96226	-0.0102265	-0.585935	5	5
-0.483335	1.81652	1.87972	0.0137787	0.789462	5	5
-0.47443	1.87037	1.9296	0.0116357	0.666674	5	5
-0.4898	1.96884	2.02885	0.00459074	0.26303	5	5
-0.58102	1.95133	2.03599	-0.0455711	-2.61103	5	5
-0.626063	1.95069	2.04869	-0.0211629	-1.21254	5	5
-0.420936	1.9895	2.03355	0.102056	5.84738	5	5
-0.427058	2.00866	2.05356	-0.000985359	-0.0564569	5	5
-0.433771	1.97197	2.01911	-0.00703116	-0.402856	5	5
-0.425331	1.95585	2.00156	0.00238805	0.136825	5	5
-0.400838	1.93159	1.97274	0.00951906	0.545402	5	5
-0.414659	1.96545	2.00871	-0.003312	-0.189763	5	5
-0.385852	1.83971	1.87974	0.00118641	0.0679764	5	5
-0.413904	1.84667	1.89248	-0.0137531	-0.787994	5	5
-0.454072	1.94639	1.99866	-0.00869783	-0.498349	5	5
-0.452263	1.93844	1.9905	-2.25177e-05	-0.00129017	5	5
-0.469303	1.90243	1.95946	-0.0126452	-0.724518	5	5
-0.523424	1.9388	2.00821	-0.0218296	-1.25074	5	5
-0.510967	1.91791	1.98481	0.00331564	0.189972	5	5
-0.572121	1.95654	2.03848	-0.0241118	-1.3815	5	5
-0.607182	1.91375	2.00776	-0.022745	-1.30319	5	5
-0.609936	1.90086	1.99632	-0.00326644	-0.187153	5	5
-0.499262	1.92672	1.99036	0.0569459	3.26276	5	5
-0.489421	1.90281	1.96475	0.00179646	0.102929	5	5
-0.424664	1.92748	1.97371	0.0348959	1.99939	5	5
-0.44458	1.9285	1.97908	-0.00971731	-0.556761	5	5
-0.464968	2.02323	2.07597	0.00068107	0.0390225	5	5
-0.44745	1.99567	2.04521	0.0053294	0.305352	5	5
-0.460694	1.96848	2.02167	-0.00933469	-0.534838	5	5
-0.503167	1.97392	2.03704	-0.0196945	-1.12841	5	5
-0.473267	1.97143	2.02744	0.0139879	0.80145	5	5
-0.470242	1.95284	2.00866	-0.000695493	-0.0398488	5	5
-0.446694	1.97535	2.02523	0.0139063	0.796771	5	5
-0.504353	1.9683	2.03189	-0.0284477	-1.62993	5	5
-0.431142	1.87356	1.92253	0.0246597	1.4129	5	5
-0.408792	1.9169	1.96	0.016072	0.920856	5	5
-0.384366	1.88803	1.92675	0.00927343	0.531329	5	5
-0.376676	1.89418	1.93127	0.00453745	0.259977	5	5
-0.400769	2.00555	2.0452	-0.000933123	-0.053464	5	5
-0.387541	2.03557	2.07213	0.00909816	0.521286	5	5
-0.40755	2.03518	2.07558	-0.00950514	-0.544605	5	5
