0.656566	0
0.656566	0
0.656566	0
0.656566	0
0.656566	0
0.656566	0
0.656566	0
0.656566	0
0.656566	0
0.656566	0
0.656566	0
0.656566	0
0.656566	0
0.656566	0
0.656566	0
0.656566	0
0.656566	0
0.656566	0
0.656566	0
0.656566	0
0.656566	0
0.656566	0
0.656566	0
0.656566	0
0.656566	0
0.656566	0
0.656566	0
0.656566	0
0.656566	0
0.656566	0
0.656566	0
0.656566	0
0.656566	0
0.656566	0
0.656566	0
0.656566	0
0.656566	0
0.656566	0
0.656566	0
0.656566	0
0.656566	0
0.656566	0
0.656566	0
0.656566	0
0.656566	0
0.656566	0
0.656566	0
0.656566	0
0.656566	0
0.656566	0
0.656566	0
0.656566	0
0.656566	0
0.656566	0
0.656566	0
0.656566	0
0.656566	0
0.656566	0
0.656566	0
0.656566	0
0.656566	0
0.656566	0
0.656566	0
0.656566	0
0.656566	0
0.656566	0
0.656566	0
0.656566	0
0.656566	0
0.656566	0
0.656566	0
0.656566	0
0.656566	0
0.656566	0
0.656566	0
0.656566	0
0.656566	0
0.656566	0
0.656566	0
0.656566	0
0.656566	0
0.656566	0
0.656566	0
0.656566	0
0.656566	0
0.656566	0
0.656566	0
0.656566	0
0.656566	0
0.656566	0
0.656566	0
0.656566	0
0.656566	0
0.656566	0
0.656566	0
0.656566	0
0.656566	0
0.656566	0
0.656566	0
0.656566	0
0.656566	0
0.656566	0
0.656566	0
0.656566	0
0.656566	0
0.656566	0
0.656566	0
0.656566	0
0.656566	0
0.656566	0
0.656566	0
0.656566	0
0.656566	0
0.656566	0
0.656566	0
0.656566	0
0.656566	0
0.656566	0
0.656566	0
0.656566	0
0.656566	0
0.656566	0
0.656566	0
0.656566	0
0.656566	0
0.656566	0
0.656566	0
0.656566	0
0.656566	0
0.656566	0
0.656566	0
0.656566	0
0.656566	0
0.656566	0
0.667642	0.00521196
0.678754	0.0136741
0.692498	0.0209467
0.707051	0.0291162
0.721238	0.0367862
0.736953	0.043271
0.753711	0.0472341
0.769829	0.0498289
0.7875	0.0478931
0.80374	0.0434693
0.819134	0.0376128
0.834774	0.0308148
0.850157	0.0241098
0.866652	0.0171904
0.883565	0.0109652
0.900438	0.00423187
0.917199	-0.00226471
0.933089	-0.00834787
0.948593	-0.0142232
0.964835	-0.0221064
0.982151	-0.0289598
0.999609	-0.0351567
1.01596	-0.0408788
1.0308	-0.0471598
1.04456	-0.0525036
1.05915	-0.0581242
1.07425	-0.0622522
1.09067	-0.0663324
1.10799	-0.0705905
1.12502	-0.0744036
1.14155	-0.0781537
1.15718	-0.0835149
1.17291	-0.0898093
1.18841	-0.0985665
1.20464	-0.108562
1.22187	-0.117554
1.23875	-0.125512
1.25462	-0.132608
1.26967	-0.140263
1.28435	-0.147452
1.29896	-0.152875
1.31372	-0.158956
1.32803	-0.164381
1.34241	-0.171583
1.35738	-0.177803
1.37145	-0.184266
1.38622	-0.190037
1.40073	-0.195046
1.41618	-0.201166
1.43166	-0.207218
1.44754	-0.213472
1.46358	-0.218886
1.47848	-0.224164
1.49335	-0.227499
1.5073	-0.231428
1.52329	-0.235844
1.54045	-0.239423
1.55635	-0.242948
1.57199	-0.246142
1.58728	-0.249954
1.60302	-0.254089
1.61771	-0.258614
1.63296	-0.263242
1.6488	-0.268108
1.66245	-0.271496
1.67606	-0.274741
1.69113	-0.277849
1.70666	-0.281097
1.72115	-0.284464
1.73725	-0.287711
1.75356	-0.291132
1.7697	-0.294734
1.78574	-0.298384
1.8018	-0.300661
1.81671	-0.304155
1.83148	-0.308189
1.84575	-0.312674
1.86067	-0.318951
1.87581	-0.325695
1.89131	-0.332454
1.90649	-0.339457
1.9216	-0.346615
1.93547	-0.354141
1.94987	-0.362866
1.9643	-0.371402
1.97959	-0.38117
1.99327	-0.392072
2.00977	-0.398494
2.02476	-0.404287
2.03992	-0.411013
2.05656	-0.416443
2.07269	-0.42182
2.08803	-0.425923
2.10377	-0.430583
2.11942	-0.434992
2.13508	-0.439423
2.15114	-0.443832
2.16407	-0.449492
2.17766	-0.455512
2.18979	-0.461951
2.20306	-0.469694
2.21672	-0.475854
2.23076	-0.482192
2.2447	-0.489465
2.25945	-0.496082
2.27436	-0.502432
2.28836	-0.508564
2.30332	-0.513362
2.31788	-0.519529
2.33313	-0.525954
2.34853	-0.532234
2.36402	-0.538593
2.37951	-0.545933
2.39624	-0.553539
2.41298	-0.560727
2.42985	-0.567327
2.44605	-0.573149
2.46217	-0.577921
2.47945	-0.583186
2.49634	-0.587607
2.51285	-0.590823
2.52833	-0.594619
2.54349	-0.598489
2.559	-0.601494
2.57562	-0.603355
2.59164	-0.604891
2.60788	-0.606075
2.62403	-0.606414
2.64195	-0.606386
2.65953	-0.604642
2.67449	-0.602445
2.68821	-0.598964
2.70273	-0.59628
2.71787	-0.593379
2.73493	-0.590705
2.75151	-0.58812
2.76838	-0.585907
2.78474	-0.583661
2.80131	-0.580109
2.81801	-0.575631
2.83439	-0.571249
2.85105	-0.567565
2.8672	-0.563575
2.88187	-0.559889
2.89674	-0.556115
2.91083	-0.551225
2.92258	-0.547099
2.93721	-0.541647
2.9518	-0.536184
2.96703	-0.53066
2.98184	-0.525691
2.99672	-0.519991
3.01202	-0.514785
3.02786	-0.509302
3.04353	-0.503888
3.05817	-0.499811
3.07249	-0.49516
3.08773	-0.490397
3.10362	-0.485554
3.11958	-0.481307
3.13698	-0.476092
3.15257	-0.473918
3.16759	-0.471547
3.18354	-0.468613
3.19959	-0.465948
3.2164	-0.462895
3.23286	-0.459977
3.24911	-0.456255
3.26537	-0.454329
3.28055	-0.453046
3.29433	-0.452742
3.30972	-0.45218
3.32558	-0.452057
3.34146	-0.452731
3.3563	-0.452652
3.37178	-0.452499
3.38674	-0.453309
3.401	-0.453758
3.41654	-0.454892
3.43364	-0.456738
3.45031	-0.458561
3.46848	-0.460685
3.48533	-0.462922
3.50183	-0.46593
3.51967	-0.468833
3.53533	-0.47371
3.55172	-0.478306
3.5684	-0.482142
3.5839	-0.485306
3.59962	-0.488237
3.61544	-0.491225
3.63129	-0.494783
3.64754	-0.498761
3.66286	-0.50229
3.6777	-0.505955
3.69391	-0.509253
3.71019	-0.511153
3.72559	-0.513019
3.73931	-0.514518
3.75358	-0.516352
3.7688	-0.518403
3.786	-0.52015
3.80348	-0.521474
3.82049	-0.524476
3.83661	-0.527427
3.85182	-0.532105
3.86761	-0.53671
3.88389	-0.541886
3.89969	-0.547017
3.91323	-0.553935
3.92726	-0.561193
3.94146	-0.568593
3.95453	-0.576211
3.96852	-0.585463
3.98449	-0.591483
3.9976	-0.59766
4.01123	-0.603924
4.02492	-0.610474
4.03932	-0.616358
4.05407	-0.622368
4.06907	-0.628467
4.08415	-0.634855
4.09889	-0.640863
4.11376	-0.647639
4.13045	-0.654631
4.14776	-0.660987
4.16377	-0.667386
4.17866	-0.673293
4.1941	-0.678828
4.20944	-0.684353
4.22434	-0.690395
4.23883	-0.696238
4.2537	-0.702102
4.26873	-0.707999
4.28459	-0.713545
4.29984	-0.718588
4.31498	-0.723819
4.33083	-0.728799
4.34566	-0.734375
4.35983	-0.738277
4.37476	-0.742459
4.39014	-0.746166
4.40455	-0.750325
4.41991	-0.754912
4.43561	-0.759108
4.45286	-0.762685
4.46991	-0.765145
4.48768	-0.770431
4.50483	-0.776301
4.52032	-0.782364
4.53609	-0.788263
4.55139	-0.795232
4.5691	-0.797957
4.58536	-0.799036
4.60212	-0.801238
4.61861	-0.803403
4.63435	-0.805744
4.6501	-0.807568
4.66628	-0.809666
4.68354	-0.81035
4.70087	-0.81094
4.71769	-0.811486
4.73498	-0.81119
4.75199	-0.811748
4.76872	-0.812282
4.78571	-0.812124
4.80099	-0.81055
4.81617	-0.80874
4.83197	-0.807214
4.84881	-0.805998
4.86649	-0.803479
4.88323	-0.800572
4.90034	-0.797637
4.91729	-0.794946
4.93417	-0.792706
4.95006	-0.788892
4.96638	-0.784439
4.98238	-0.780787
4.99752	-0.778661
5.01431	-0.774638
5.03264	-0.769187
5.05118	-0.764373
5.06847	-0.759967
5.08399	-0.754325
5.10055	-0.752234
5.11753	-0.751714
5.1332	-0.752806
5.14986	-0.753507
5.16613	-0.75394
5.18298	-0.754107
5.19925	-0.754701
5.21596	-0.756384
5.23249	-0.758308
5.2484	-0.76087
5.26422	-0.76386
5.27991	-0.766467
5.29593	-0.769736
5.31209	-0.774227
5.32518	-0.778935
5.3398	-0.784027
5.35534	-0.787751
5.37107	-0.791466
5.38829	-0.795234
5.40504	-0.799302
5.42178	-0.802591
5.43979	-0.807263
5.45609	-0.81221
5.47234	-0.814809
5.49087	-0.817183
5.50791	-0.819691
5.52501	-0.821484
5.54172	-0.823768
5.55809	-0.826593
5.57685	-0.829638
5.59371	-0.832017
5.61071	-0.833285
5.62731	-0.834414
5.64375	-0.835774
5.65972	-0.836917
5.67629	-0.837095
5.69391	-0.836184
5.712	-0.832539
5.72831	-0.828635
5.74506	-0.827072
5.76343	-0.823344
5.78078	-0.819684
5.79624	-0.815623
5.81096	-0.812029
5.82758	-0.80645
5.84405	-0.80263
5.86308	-0.797965
5.88078	-0.79315
5.89706	-0.788024
5.91301	-0.781973
5.92865	-0.775735
5.94405	-0.769841
5.96039	-0.765145
5.97519	-0.760877
5.99131	-0.756205
6.0054	-0.753791
6.02056	-0.750928
6.03734	-0.748013
6.05453	-0.745474
6.07293	-0.743752
6.09026	-0.742121
6.10775	-0.74098
6.1253	-0.740894
6.14259	-0.740787
6.16062	-0.739383
6.17788	-0.738426
6.19492	-0.737683
6.21174	-0.737093
6.23025	-0.734679
6.24757	-0.731836
6.26348	-0.729418
6.27926	-0.726638
6.29558	-0.723343
6.31217	-0.719977
6.32853	-0.716755
6.34451	-0.713313
6.36071	-0.708148
6.37582	-0.703437
6.3899	-0.699417
6.40514	-0.694406
6.42014	-0.689469
6.4349	-0.684249
6.44951	-0.677339
6.46439	-0.670737
6.47972	-0.663551
6.49592	-0.658915
6.51166	-0.65472
6.52841	-0.648982
6.54543	-0.645755
6.56183	-0.642709
6.57834	-0.640163
6.59485	-0.63899
6.61031	-0.637361
6.62586	-0.634265
6.64341	-0.633546
6.65944	-0.633721
6.67622	-0.634122
6.69243	-0.634295
6.70924	-0.636614
6.72447	-0.635405
6.74148	-0.64123
6.75906	-0.643228
6.77654	-0.64031
6.79482	-0.64351
6.81281	-0.641105
6.83098	-0.645963
6.84896	-0.649366
6.8663	-0.648189
6.88348	-0.65169
6.90001	-0.655051
6.91587	-0.658314
6.93333	-0.663577
6.94998	-0.668346
6.96524	-0.674438
6.98113	-0.679157
6.99492	-0.683514
7.00936	-0.690866
7.02393	-0.698236
7.03844	-0.705851
7.05295	-0.713455
7.06889	-0.720391
7.08412	-0.727855
7.09804	-0.733583
7.1105	-0.741181
7.12376	-0.750215
7.13735	-0.759325
7.15018	-0.766929
7.16306	-0.775496
7.17713	-0.783297
7.19039	-0.795049
7.20299	-0.806313
7.21532	-0.818335
7.22732	-0.831556
7.23782	-0.844389
7.24683	-0.857779
7.25575	-0.871152
7.26685	-0.883574
7.27909	-0.89547
7.29009	-0.90747
7.30036	-0.918213
7.31132	-0.929049
7.32377	-0.942267
7.33572	-0.955345
7.34852	-0.967236
7.36062	-0.978786
7.37255	-0.991543
7.3842	-1.00408
7.39612	-1.01588
7.40896	-1.02787
7.42119	-1.03973
7.43415	-1.05121
7.44541	-1.0623
7.457	-1.07392
7.46858	-1.08639
7.48116	-1.09731
7.49405	-1.10852
7.50705	-1.12137
7.52044	-1.13465
7.53319	-1.14721
7.54533	-1.15928
7.55927	-1.17138
7.57242	-1.18277
7.58477	-1.19191
7.59795	-1.20121
7.61147	-1.20927
7.62511	-1.21752
7.6405	-1.2267
7.65526	-1.2355
7.66923	-1.24453
7.68381	-1.25415
7.69883	-1.26446
7.71279	-1.27473
7.72806	-1.282
7.74262	-1.28991
7.7556	-1.29669
7.76905	-1.30545
7.78224	-1.31337
7.79669	-1.32256
7.81111	-1.33089
7.82472	-1.33933
7.83789	-1.34717
7.85189	-1.35511
7.86644	-1.3624
7.88229	-1.37002
7.89726	-1.37802
7.91185	-1.38616
7.92627	-1.39459
7.94168	-1.4029
7.95618	-1.41167
7.97099	-1.41831
7.98535	-1.42644
8.00058	-1.4332
8.01621	-1.43987
8.03106	-1.44553
8.04611	-1.4506
8.06132	-1.45477
8.07674	-1.45888
8.09506	-1.46309
8.1114	-1.46671
8.12796	-1.47035
8.14537	-1.47333
8.16125	-1.47581
8.17721	-1.48027
8.19238	-1.48478
8.2078	-1.48797
8.2234	-1.49187
8.24157	-1.49528
8.25823	-1.50132
8.2742	-1.50793
8.29201	-1.51283
8.30855	-1.51838
8.3264	-1.52471
8.34292	-1.53053
8.35947	-1.53603
8.37571	-1.54107
8.39149	-1.54574
8.40483	-1.54952
8.42112	-1.55331
8.43696	-1.55703
8.45446	-1.56457
8.47108	-1.57148
8.48696	-1.57776
8.50239	-1.58422
8.516	-1.59215
8.52956	-1.60115
8.54298	-1.61298
8.55655	-1.6208
8.57013	-1.62854
8.58612	-1.6359
8.60054	-1.64246
8.61504	-1.64925
8.62968	-1.65612
8.6446	-1.66267
8.66007	-1.66826
8.67546	-1.67349
8.69065	-1.67851
8.70668	-1.68334
8.72269	-1.68751
8.73968	-1.69142
8.75695	-1.6938
8.77418	-1.69653
8.78918	-1.69956
8.80396	-1.70388
8.81909	-1.70868
8.8337	-1.71411
8.84845	-1.72041
8.86345	-1.7274
8.87666	-1.73367
8.8897	-1.73953
8.90475	-1.74543
8.92049	-1.74996
8.93605	-1.75494
8.95224	-1.76092
8.96872	-1.7674
8.98468	-1.77249
8.99893	-1.77776
9.01385	-1.78399
9.02863	-1.79091
9.0441	-1.79772
9.05946	-1.80429
9.07575	-1.81094
9.09146	-1.81736
9.10808	-1.82329
9.12245	-1.82894
9.1367	-1.83569
9.14986	-1.84208
9.16382	-1.84896
9.17853	-1.85654
9.1921	-1.86359
9.20585	-1.87084
9.21835	-1.87791
9.23142	-1.8859
9.24489	-1.89182
9.25888	-1.90009
9.27263	-1.90812
9.28643	-1.91579
9.30066	-1.92348
9.31522	-1.93195
9.33052	-1.94171
9.34542	-1.95121
9.35783	-1.9597
9.36968	-1.96817
9.38292	-1.97763
9.39609	-1.98866
9.40921	-1.99913
9.4222	-2.00994
9.43563	-2.02
9.44916	-2.02905
9.46226	-2.0381
9.47576	-2.04774
9.48917	-2.05722
9.5028	-2.0668
9.51614	-2.07463
9.5284	-2.08271
9.5415	-2.09133
9.55444	-2.10049
9.56735	-2.10952
9.58035	-2.11906
9.59344	-2.12866
9.60659	-2.13839
9.62076	-2.14881
9.63187	-2.1597
9.64317	-2.17071
9.65271	-2.18233
9.66254	-2.19503
9.67284	-2.20862
9.68366	-2.22137
9.69461	-2.2334
9.70569	-2.24662
9.71729	-2.25972
9.72977	-2.27148
9.74309	-2.28301
9.75509	-2.29402
9.76769	-2.30387
9.78107	-2.31425
9.79445	-2.32423
9.80787	-2.3329
9.82015	-2.34197
9.83391	-2.35112
9.84666	-2.36006
9.85954	-2.36975
9.87163	-2.37739
9.88196	-2.38654
9.89376	-2.39616
9.90548	-2.40674
9.91753	-2.41744
9.93007	-2.42857
9.9425	-2.44011
9.95463	-2.4519
9.96615	-2.463
9.97851	-2.47514
9.98969	-2.48799
10.0003	-2.50046
10.0116	-2.51191
10.0228	-2.52313
10.0341	-2.53573
10.0463	-2.54798
10.0581	-2.5599
10.0706	-2.57093
10.0856	-2.57985
10.0994	-2.58893
10.1139	-2.59766
10.1295	-2.60572
10.1452	-2.61331
10.1602	-2.62053
10.1744	-2.6256
10.1872	-2.63747
10.1993	-2.64802
10.2114	-2.65823
10.2238	-2.67166
10.2356	-2.68241
10.248	-2.69444
10.2576	-2.705
10.268	-2.71676
10.2789	-2.72807
10.29	-2.73802
10.3017	-2.74878
10.3137	-2.76216
10.3247	-2.7751
10.3343	-2.78824
10.3451	-2.79975
10.3551	-2.81193
10.3655	-2.82466
10.3751	-2.83899
10.3876	-2.85059
10.4008	-2.8622
10.4137	-2.87423
10.4256	-2.88627
10.4369	-2.89843
10.4501	-2.91005
10.4627	-2.92142
10.4753	-2.93198
10.4873	-2.94247
10.5	-2.95259
10.5123	-2.96352
10.5265	-2.97187
10.5407	-2.98019
10.5548	-2.98681
10.569	-2.99344
10.5834	-3.00039
10.5977	-3.00726
10.6121	-3.01435
10.6264	-3.02167
10.6399	-3.02906
10.6538	-3.03555
10.6684	-3.04252
10.6837	-3.04997
10.6992	-3.05607
10.7142	-3.06243
10.7294	-3.0692
10.7443	-3.07573
10.7592	-3.08246
10.7742	-3.08917
10.7892	-3.096
10.8044	-3.10244
10.8197	-3.10876
10.8333	-3.11531
10.848	-3.12097
10.8634	-3.1269
10.8807	-3.13175
10.8976	-3.13662
10.9146	-3.14141
10.931	-3.14579
10.9466	-3.15099
10.9621	-3.15575
10.9779	-3.1612
10.9939	-3.16464
11.0086	-3.16856
11.0238	-3.17281
11.0391	-3.17499
11.0548	-3.17723
11.0706	-3.17932
11.0866	-3.1807
11.1037	-3.18305
11.1206	-3.18529
11.1372	-3.18693
11.1505	-3.18735
11.1676	-3.18717
11.1846	-3.18714
11.2018	-3.18728
11.2195	-3.18735
11.2366	-3.18738
11.2539	-3.18788
11.2711	-3.18834
11.2884	-3.18917
11.3052	-3.18993
11.3216	-3.19018
11.3373	-3.19115
11.3536	-3.19207
11.3706	-3.19254
11.3876	-3.19362
11.4054	-3.19448
11.4207	-3.19459
11.4373	-3.19524
11.454	-3.1951
11.47	-3.19169
11.4861	-3.18833
11.5019	-3.18561
11.5177	-3.18299
11.5329	-3.1805
11.548	-3.17833
11.565	-3.17678
11.5817	-3.17531
11.5961	-3.17462
11.6129	-3.17427
11.627	-3.17348
11.6415	-3.17256
11.6563	-3.17276
11.6706	-3.17425
11.6862	-3.17179
11.7023	-3.16937
11.7183	-3.16781
11.7351	-3.16605
11.7516	-3.16445
11.7669	-3.1635
11.7837	-3.16293
11.7996	-3.1602
11.8154	-3.15808
11.8295	-3.15919
11.845	-3.15378
11.8609	-3.1479
11.8778	-3.14326
11.8942	-3.13876
11.91	-3.13396
11.9258	-3.12951
11.9415	-3.12504
11.959	-3.12024
11.9779	-3.11543
11.9943	-3.1107
12.0099	-3.10598
12.0259	-3.10103
12.0419	-3.09573
12.0593	-3.08956
12.0756	-3.0835
12.0906	-3.07766
12.1059	-3.07155
12.1212	-3.06517
12.1362	-3.05896
12.1517	-3.05169
12.1669	-3.04493
12.1802	-3.03686
12.1939	-3.02802
12.2073	-3.01843
12.2209	-3.00542
12.2358	-2.99362
12.2494	-2.98296
12.263	-2.97304
12.2765	-2.96269
12.2892	-2.9527
12.3042	-2.94089
12.3185	-2.92951
12.3319	-2.91965
12.3451	-2.90973
12.3581	-2.89986
12.3718	-2.89033
12.3843	-2.88082
12.3967	-2.87192
12.4079	-2.86164
12.4189	-2.85138
12.4313	-2.84028
12.4429	-2.82822
12.4547	-2.81646
12.4676	-2.80484
12.4802	-2.79521
12.4937	-2.78558
12.5069	-2.77691
12.5184	-2.76933
12.5307	-2.76069
12.5437	-2.75166
12.5567	-2.74106
12.5696	-2.73072
12.5822	-2.71957
12.5948	-2.70922
12.6074	-2.69891
12.6189	-2.68893
12.6326	-2.67979
12.6453	-2.67079
12.6558	-2.66187
12.6714	-2.65565
12.6859	-2.65006
12.7008	-2.64379
12.7157	-2.6386
12.7307	-2.63264
12.7458	-2.62658
12.7584	-2.62207
12.7723	-2.61727
12.787	-2.61221
12.7971	-2.60893
12.8103	-2.6042
12.8243	-2.59853
12.8389	-2.59289
12.8535	-2.58555
12.8682	-2.58064
12.8832	-2.57461
12.8982	-2.56876
12.9137	-2.56561
12.9288	-2.56113
12.9434	-2.55757
12.9595	-2.55492
12.9758	-2.55204
12.9926	-2.5493
13.0089	-2.54661
13.0235	-2.5436
13.0399	-2.53937
13.0572	-2.53559
13.0736	-2.53171
13.0916	-2.52814
13.1078	-2.52596
13.1242	-2.52359
13.1416	-2.52022
13.1583	-2.51709
13.1744	-2.51319
13.1905	-2.50952
13.2059	-2.50631
13.2218	-2.50295
13.2387	-2.4986
13.2548	-2.49463
13.2711	-2.49066
13.2891	-2.48555
13.3082	-2.48191
13.3257	-2.47875
13.3424	-2.47607
13.3593	-2.47397
13.376	-2.47189
13.3922	-2.47024
13.4085	-2.46859
13.4252	-2.46588
13.4411	-2.46359
13.4574	-2.46229
13.4742	-2.46075
13.4903	-2.45961
13.5056	-2.46036
13.5212	-2.4611
13.537	-2.46183
13.5532	-2.46334
13.5682	-2.46604
13.584	-2.46903
13.5994	-2.47146
13.6151	-2.47435
13.6298	-2.47665
13.6451	-2.47914
13.6625	-2.48079
