0.656566	0
0.656566	0
0.656566	0
0.656566	0
0.656566	0
0.656566	0
0.656566	0
0.656566	0
0.656566	0
0.656566	0
0.656566	0
0.656566	0
0.656566	0
0.656566	0
0.656566	0
0.656566	0
0.656566	0
0.656566	0
0.656566	0
0.656566	0
0.656566	0
0.656566	0
0.656566	0
0.656566	0
0.656566	0
0.656566	0
0.656566	0
0.656566	0
0.656566	0
0.656566	0
0.656566	0
0.656566	0
0.656566	0
0.656566	0
0.656566	0
0.656566	0
0.656566	0
0.656566	0
0.656566	0
0.656566	0
0.656566	0
0.656566	0
0.656566	0
0.656566	0
0.656566	0
0.656566	0
0.656566	0
0.656566	0
0.656566	0
0.656566	0
0.656566	0
0.656566	0
0.656566	0
0.656566	0
0.656566	0
0.656566	0
0.656566	0
0.656566	0
0.656566	0
0.656566	0
0.656566	0
0.656566	0
0.656566	0
0.656566	0
0.656566	0
0.656566	0
0.656566	0
0.656566	0
0.656566	0
0.656566	0
0.656566	0
0.656566	0
0.656566	0
0.656566	0
0.656566	0
0.656566	0
0.656566	0
0.656566	0
0.656566	0
0.656566	0
0.656566	0
0.656566	0
0.656566	0
0.656566	0
0.656566	0
0.656566	0
0.656566	0
0.656566	0
0.656566	0
0.656566	0
0.656566	0
0.656566	0
0.656566	0
0.656566	0
0.656566	0
0.656566	0
0.656566	0
0.656566	0
0.656566	0
0.656566	0
0.656566	0
0.656566	0
0.656566	0
0.656566	0
0.656566	0
0.656566	0
0.656566	0
0.656566	0
0.656566	0
0.656566	0
0.656566	0
0.656566	0
0.656566	0
0.656566	0
0.656566	0
0.656566	0
0.656566	0
0.656566	0
0.656566	0
0.656566	0
0.656566	0
0.656566	0
0.656566	0
0.656566	0
0.656566	0
0.656566	0
0.656566	0
0.656566	0
0.656566	0
0.656566	0
0.656566	0
0.656566	0
0.656566	0
0.656566	0
0.656566	0
0.656566	0
0.656566	0
0.656566	0
0.656566	0
0.656566	0
0.656566	0
0.656566	0
0.656566	0
0.656566	0
0.656566	0
0.656566	0
0.656566	0
0.656566	0
0.656566	0
0.656566	0
0.656566	0
0.656566	0
0.656566	0
0.656566	0
0.656566	0
0.656566	0
0.656566	0
0.656566	0
0.656566	0
0.656566	0
0.656566	0
0.656566	0
0.656566	0
0.656566	0
0.656566	0
0.656566	0
0.656566	0
0.656566	0
0.656566	0
0.656566	0
0.656566	0
0.656566	0
0.656566	0
0.656566	0
0.656566	0
0.656566	0
0.656566	0
0.656566	0
0.656566	0
0.656566	0
0.656566	0
0.656566	0
0.656566	0
0.656566	0
0.656566	0
0.656566	0
0.656566	0
0.656566	0
0.656566	0
0.656566	0
0.656566	0
0.656566	0
0.656566	0
0.656566	0
0.656566	0
0.656566	0
0.656566	0
0.656566	0
0.656566	0
0.656566	0
0.656566	0
0.656566	0
0.656566	0
0.656566	0
0.656566	0
0.656566	0
0.656566	0
0.656566	0
0.656566	0
0.656566	0
0.656566	0
0.656566	0
0.656566	0
0.656566	0
0.656566	0
0.656566	0
0.656566	0
0.656566	0
0.656566	0
0.656566	0
0.656566	0
0.656566	0
0.656566	0
0.656566	0
0.656566	0
0.656566	0
0.656566	0
0.656566	0
0.656566	0
0.656566	0
0.656566	0
0.656566	0
0.656566	0
0.656566	0
0.656566	0
0.656566	0
0.656566	0
0.656566	0
0.656566	0
0.656566	0
0.656566	0
0.656566	0
0.656566	0
0.656566	0
0.656566	0
0.656566	0
0.656566	0
0.656566	0
0.656566	0
0.656566	0
0.656566	0
0.656566	0
0.656566	0
0.656566	0
0.656566	0
0.656566	0
0.656566	0
0.656566	0
0.656566	0
0.656566	0
0.656566	0
0.656566	0
0.656566	0
0.656566	0
0.656566	0
0.656566	0
0.656566	0
0.656566	0
0.656566	0
0.656566	0
0.656566	0
0.656566	0
0.656566	0
0.656566	0
0.656566	0
0.656566	0
0.656566	0
0.656566	0
0.656566	0
0.656566	0
0.656566	0
0.656566	0
0.656566	0
0.656566	0
0.656566	0
0.656566	0
0.656566	0
0.656566	0
0.656566	0
0.656566	0
0.656566	0
0.656566	0
0.656566	0
0.656566	0
0.656566	0
0.656566	0
0.656566	0
0.656566	0
0.656566	0
0.656566	0
0.656566	0
0.656566	0
0.656566	0
0.656566	0
0.656566	0
0.656566	0
0.656566	0
0.656566	0
0.656566	0
0.656566	0
0.656566	0
0.656566	0
0.656566	0
0.656566	0
0.656566	0
0.656566	0
0.656566	0
0.656566	0
0.656566	0
0.656566	0
0.656566	0
0.656566	0
0.656566	0
0.656566	0
0.656566	0
0.656566	0
0.656566	0
0.656566	0
0.656566	0
0.656566	0
0.656566	0
0.656566	0
0.656566	0
0.656566	0
0.656566	0
0.656566	0
0.656566	0
0.656566	0
0.656566	0
0.656566	0
0.656566	0
0.656566	0
0.656566	0
0.656566	0
0.656566	0
0.656566	0
0.656566	0
0.656566	0
0.656566	0
0.656566	0
0.656566	0
0.656566	0
0.656566	0
0.656566	0
0.656566	0
0.656566	0
0.656566	0
0.656566	0
0.656566	0
0.656566	0
0.656566	0
0.656566	0
0.656566	0
0.656566	0
0.656566	0
0.656566	0
0.656566	0
0.656566	0
0.656566	0
0.656566	0
0.656566	0
0.656566	0
0.656566	0
0.656566	0
0.656566	0
0.656566	0
0.656566	0
0.656566	0
0.656566	0
0.656566	0
0.656566	0
0.656566	0
0.656566	0
0.656566	0
0.656566	0
0.656566	0
0.656566	0
0.656566	0
0.656566	0
0.656566	0
0.656566	0
0.656566	0
0.656566	0
0.656566	0
0.656566	0
0.665553	0.00444716
0.681308	0.00287757
0.696899	0.0011092
0.711143	-0.000373384
0.7254	-0.00148226
0.740702	-0.00382219
0.756535	-0.00625401
0.772106	-0.00921068
0.787869	-0.0130554
0.802373	-0.015431
0.817775	-0.0174321
0.836208	-0.0212258
0.854805	-0.0242184
0.873009	-0.0277527
0.887951	-0.0315298
0.901676	-0.0350399
0.91654	-0.0392059
0.931318	-0.0430373
0.946568	-0.0483494
0.961997	-0.0537365
0.97747	-0.0595226
0.992009	-0.063479
1.00854	-0.0668849
1.02406	-0.0698845
1.03693	-0.0733341
1.0515	-0.0767537
1.06772	-0.0796859
1.08466	-0.0829749
1.10125	-0.086781
1.11658	-0.0901276
1.13326	-0.0940002
1.14889	-0.0977292
1.16625	-0.100708
1.18272	-0.104669
1.19934	-0.109175
1.21557	-0.113587
1.23358	-0.118924
1.24992	-0.124297
1.26402	-0.130345
1.27821	-0.136691
1.29224	-0.144455
1.30569	-0.151323
1.31968	-0.158428
1.3341	-0.165313
1.34734	-0.170939
1.36262	-0.178276
1.37777	-0.185484
1.39311	-0.192368
1.41127	-0.200864
1.42881	-0.208776
1.44443	-0.216669
1.46072	-0.224494
1.47569	-0.232097
1.49055	-0.239006
1.50398	-0.24639
1.51788	-0.253809
1.53176	-0.260196
1.5461	-0.266651
1.56093	-0.273046
1.5767	-0.280296
1.59255	-0.286768
1.60783	-0.292637
1.62351	-0.298622
1.63965	-0.304993
1.6554	-0.310891
1.67069	-0.317379
1.68611	-0.323763
1.70161	-0.33029
1.71758	-0.336488
1.73345	-0.341841
1.74911	-0.345936
1.76451	-0.349532
1.77984	-0.353725
1.79683	-0.357285
1.81313	-0.360909
1.82691	-0.364998
1.84029	-0.370624
1.85566	-0.37571
1.87078	-0.380295
1.88633	-0.384674
1.90223	-0.388811
1.9171	-0.392858
1.93311	-0.396066
1.94962	-0.399488
1.96501	-0.402967
1.98024	-0.406033
1.99541	-0.408603
2.01156	-0.40942
2.02713	-0.409715
2.04251	-0.411006
2.05774	-0.413571
2.07308	-0.415203
2.08813	-0.41596
2.10407	-0.41585
2.11934	-0.413931
2.13542	-0.412162
2.15176	-0.411469
2.16735	-0.409808
2.18595	-0.410768
2.20231	-0.411821
2.21865	-0.41301
2.23642	-0.412993
2.2532	-0.413158
2.26976	-0.413591
2.28813	-0.412576
2.30596	-0.415096
2.32275	-0.41755
2.33988	-0.419171
2.35632	-0.421578
2.37315	-0.424756
2.38968	-0.427796
2.40616	-0.430508
2.4229	-0.432807
2.4393	-0.435846
2.45495	-0.438095
2.47036	-0.439933
2.48515	-0.442228
2.50036	-0.444559
2.516	-0.446841
2.53305	-0.448648
2.55117	-0.450952
2.56943	-0.453142
2.58607	-0.456207
2.60467	-0.457813
2.62012	-0.45707
2.63615	-0.456324
2.65347	-0.455341
2.669	-0.456006
2.68256	-0.458078
2.69729	-0.460518
2.71278	-0.462875
2.72781	-0.465333
2.74384	-0.467618
2.76081	-0.470884
2.77736	-0.474103
2.79514	-0.476473
2.81103	-0.481728
2.82603	-0.486104
2.83984	-0.490882
2.85418	-0.49534
2.86933	-0.499494
2.88512	-0.502974
2.90098	-0.506353
2.91671	-0.509263
2.93092	-0.513058
2.94507	-0.516133
2.95964	-0.520588
2.97585	-0.521645
2.99206	-0.522554
3.00842	-0.523226
3.02321	-0.52534
3.03926	-0.526981
3.05619	-0.528411
3.07258	-0.529881
3.08882	-0.531505
3.10519	-0.53231
3.12168	-0.532876
3.13837	-0.535532
3.15471	-0.537796
3.17152	-0.540216
3.18777	-0.542751
3.2033	-0.544569
3.21918	-0.546087
3.23515	-0.547895
3.25163	-0.549559
3.26872	-0.550444
3.2844	-0.552991
3.2993	-0.555226
3.31521	-0.557995
3.33035	-0.560918
3.3462	-0.563071
3.363	-0.56496
3.37847	-0.565778
3.39378	-0.567437
3.40977	-0.568396
3.4281	-0.570088
3.44638	-0.571033
3.46444	-0.570361
3.48192	-0.569777
3.49843	-0.569243
3.51499	-0.569536
3.53146	-0.569914
3.54716	-0.569864
3.56319	-0.569287
3.57839	-0.569183
3.59585	-0.56768
3.61156	-0.567012
3.62739	-0.566102
3.64301	-0.565277
3.65968	-0.564268
3.67649	-0.562878
3.6939	-0.560907
3.71148	-0.559913
3.7283	-0.557504
3.74512	-0.555176
3.75926	-0.552887
3.77421	-0.550798
3.79026	-0.547469
3.80637	-0.545505
3.82353	-0.544492
3.83854	-0.5421
3.85391	-0.541819
3.87005	-0.542765
3.88572	-0.543001
3.90209	-0.543211
3.91767	-0.544543
3.93358	-0.545949
3.94788	-0.545633
3.96497	-0.54732
3.98014	-0.54766
3.9962	-0.54768
4.01384	-0.548049
4.0314	-0.549706
4.04823	-0.550878
4.06344	-0.552693
4.07927	-0.55448
4.09516	-0.556221
4.11139	-0.558013
4.12713	-0.557225
4.1435	-0.559227
4.15961	-0.563182
4.17549	-0.567295
4.19107	-0.571263
4.20951	-0.575469
4.22658	-0.579401
4.24373	-0.584976
4.25936	-0.590495
4.27499	-0.59624
4.29041	-0.602076
4.30575	-0.607974
4.32164	-0.61635
4.33812	-0.622624
4.35525	-0.628265
4.372	-0.634636
4.38869	-0.639217
4.40579	-0.644169
4.42312	-0.648987
4.43907	-0.652766
4.45456	-0.656191
4.47034	-0.659683
4.48649	-0.663083
4.50304	-0.665968
4.51934	-0.668743
4.53568	-0.671223
4.55186	-0.673593
4.56789	-0.675254
4.58151	-0.675002
4.59774	-0.673201
4.61408	-0.67266
4.62884	-0.673358
4.64475	-0.674309
4.66092	-0.673898
4.67701	-0.673216
4.69301	-0.6732
4.70912	-0.673466
4.72551	-0.67617
4.74157	-0.67893
4.7594	-0.68104
4.77609	-0.683567
4.78996	-0.686592
4.80476	-0.689825
4.82041	-0.692452
4.83609	-0.694209
4.8531	-0.696374
4.87009	-0.699023
4.88704	-0.702204
4.9032	-0.705488
4.91951	-0.70965
4.93564	-0.713848
4.95237	-0.716216
4.96884	-0.718535
4.98519	-0.720858
5.0008	-0.723725
5.01662	-0.727853
5.03268	-0.731077
5.04873	-0.735072
5.06649	-0.738266
5.08319	-0.74134
5.09967	-0.744572
5.11539	-0.74645
5.1313	-0.748063
5.14697	-0.750626
5.16327	-0.753306
5.17918	-0.754296
5.19502	-0.755374
5.21043	-0.756068
5.2264	-0.756561
5.24186	-0.755022
5.25716	-0.753681
5.27207	-0.75208
5.28867	-0.750568
5.30444	-0.748506
5.31958	-0.746139
5.33604	-0.745064
5.35147	-0.743528
5.36553	-0.741801
5.37899	-0.740001
5.3936	-0.738124
5.40947	-0.736986
5.42647	-0.735997
5.44309	-0.735064
5.45933	-0.734336
5.47563	-0.733642
5.49227	-0.732636
5.50942	-0.731545
5.52371	-0.729375
5.53882	-0.726626
5.55546	-0.724338
5.5719	-0.72228
5.58804	-0.720393
5.60423	-0.717955
5.62066	-0.715981
5.6374	-0.714693
5.65486	-0.711483
5.67169	-0.708632
5.68821	-0.705995
5.70367	-0.703637
5.72031	-0.700917
5.73631	-0.697284
5.75138	-0.694667
5.76661	-0.693049
5.78232	-0.691684
5.79853	-0.690343
5.81554	-0.688546
5.83226	-0.687046
5.84877	-0.68473
5.86471	-0.68177
5.87966	-0.678448
5.89535	-0.67525
5.91051	-0.670828
5.9255	-0.666263
5.9398	-0.663252
5.95643	-0.66187
5.97258	-0.660501
5.98934	-0.658661
6.00441	-0.6556
6.02008	-0.652357
6.03469	-0.649196
6.05002	-0.646804
6.06638	-0.646098
6.08259	-0.643687
6.09946	-0.641418
6.11651	-0.638309
6.13349	-0.635744
6.14927	-0.634452
6.16531	-0.633118
6.18007	-0.630319
6.19538	-0.627563
6.21169	-0.623964
6.2263	-0.620175
6.24113	-0.615613
6.25762	-0.610887
6.27478	-0.608204
6.29072	-0.605793
6.30699	-0.603787
6.3244	-0.600646
6.34059	-0.59837
6.35597	-0.594813
6.37183	-0.592237
6.38735	-0.590378
6.40237	-0.58922
6.41627	-0.588453
6.43122	-0.587577
6.44741	-0.587609
6.46573	-0.586983
6.48339	-0.586563
6.50308	-0.587401
6.52027	-0.587677
6.53717	-0.588111
6.55343	-0.588763
6.5695	-0.589486
6.58412	-0.589936
6.60031	-0.591309
6.61684	-0.593764
6.63329	-0.596851
6.64948	-0.59981
6.66616	-0.604766
6.68411	-0.605994
6.70062	-0.606651
6.7172	-0.608434
6.73207	-0.608592
6.7486	-0.610642
6.76529	-0.607508
6.78285	-0.611256
6.80069	-0.610152
6.81769	-0.614683
6.8336	-0.619612
6.84959	-0.62477
6.86538	-0.629789
6.88124	-0.635326
6.89642	-0.641084
6.91125	-0.645858
6.92646	-0.650566
6.94149	-0.654237
6.95644	-0.658279
6.9718	-0.663098
6.98713	-0.668003
7.00251	-0.674777
7.01764	-0.681819
7.03283	-0.689036
7.04795	-0.695624
7.06279	-0.702193
7.07889	-0.708964
7.0941	-0.715735
7.10973	-0.722422
7.12378	-0.729944
7.13838	-0.736973
7.15258	-0.74347
7.16693	-0.751018
7.18158	-0.759371
7.19573	-0.76771
7.20877	-0.776476
7.22191	-0.784765
7.23567	-0.793243
7.2496	-0.802212
7.26268	-0.810903
7.27632	-0.820113
7.28958	-0.830901
7.30114	-0.842227
7.31152	-0.853336
7.32193	-0.865417
7.3294	-0.879112
7.33614	-0.892948
7.34302	-0.90731
7.34936	-0.921844
7.35651	-0.936427
7.36336	-0.950083
7.37053	-0.964392
7.37771	-0.980096
7.38683	-0.994805
7.39519	-1.00923
7.40432	-1.02273
7.41301	-1.03562
7.42196	-1.04871
7.43127	-1.06149
7.4387	-1.07348
7.44695	-1.08488
7.45472	-1.09745
7.4645	-1.10983
7.47426	-1.12427
7.48502	-1.13741
7.49551	-1.15053
7.50565	-1.16334
7.51611	-1.17651
7.52686	-1.18942
7.53784	-1.20061
7.55009	-1.21344
7.56218	-1.22535
7.57199	-1.23793
7.58393	-1.24913
7.59658	-1.25886
7.60928	-1.26793
7.622	-1.27506
7.63375	-1.2821
7.6465	-1.28978
7.65965	-1.29836
7.67251	-1.30834
7.68556	-1.31696
7.69959	-1.32669
7.71295	-1.33495
7.72666	-1.34321
7.74092	-1.35158
7.755	-1.35992
7.76902	-1.36831
7.78287	-1.37644
7.79795	-1.3853
7.81222	-1.39533
7.82687	-1.4053
7.84031	-1.41568
7.85238	-1.42476
7.86478	-1.43319
7.87781	-1.44188
7.89193	-1.45052
7.90689	-1.46031
7.92138	-1.46922
7.93556	-1.47845
7.94931	-1.4878
7.96286	-1.49543
7.97568	-1.50243
7.98872	-1.50913
8.00422	-1.51687
8.01985	-1.52355
8.03489	-1.52876
8.05044	-1.53534
8.06551	-1.54154
8.07984	-1.54729
8.09353	-1.55374
8.10745	-1.56104
8.12154	-1.56831
8.13441	-1.57698
8.14825	-1.5826
8.1624	-1.58858
8.1772	-1.59479
8.19319	-1.60222
8.20952	-1.60977
8.22452	-1.61726
8.23968	-1.62222
8.25472	-1.62661
8.26972	-1.63216
8.28453	-1.63808
8.30111	-1.64506
8.31696	-1.65149
8.33211	-1.65695
8.34649	-1.6625
8.36145	-1.66748
8.37544	-1.6727
8.39013	-1.67804
8.4072	-1.68461
8.42347	-1.69104
8.43873	-1.69742
8.45562	-1.70427
8.47202	-1.71136
8.48824	-1.71816
8.50469	-1.72547
8.51923	-1.7326
8.53327	-1.73974
8.54762	-1.74708
8.56225	-1.75511
8.57742	-1.76199
8.59205	-1.76758
8.60779	-1.77369
8.6236	-1.77947
8.64038	-1.78349
8.65591	-1.78763
8.67023	-1.79205
8.68525	-1.79557
8.70253	-1.79998
8.71869	-1.80374
8.73539	-1.80722
8.75148	-1.80933
8.76691	-1.81163
8.7848	-1.81406
8.80253	-1.81649
8.81894	-1.82027
8.83455	-1.82539
8.85064	-1.8309
8.8677	-1.8361
8.88362	-1.84369
8.8979	-1.85122
8.91146	-1.85906
8.92483	-1.86587
8.93706	-1.87332
8.94922	-1.88097
8.96296	-1.88827
8.9763	-1.89528
8.98957	-1.90228
9.00385	-1.91205
9.0181	-1.92083
9.03417	-1.92899
9.04956	-1.93596
9.06445	-1.94254
9.07927	-1.94859
9.09406	-1.95347
9.10855	-1.95802
9.12489	-1.96187
9.14193	-1.96628
9.15845	-1.97061
9.17353	-1.97533
9.18904	-1.98019
9.2045	-1.98318
9.22007	-1.9878
9.23635	-1.9952
9.25214	-2.00191
9.26669	-2.00896
9.27931	-2.01635
9.2933	-2.02367
9.3075	-2.03072
9.32158	-2.03849
9.33554	-2.04706
9.34956	-2.05548
9.36365	-2.06396
9.37754	-2.07237
9.39174	-2.08144
9.40616	-2.09098
9.42084	-2.09988
9.43443	-2.10817
9.44847	-2.11905
9.46199	-2.12962
9.47541	-2.1416
9.4884	-2.1524
9.50104	-2.16289
9.51408	-2.17208
9.52716	-2.17986
9.54169	-2.18735
9.55646	-2.1954
9.57105	-2.20331
9.58591	-2.21149
9.59987	-2.21949
9.61439	-2.2275
9.62724	-2.23601
9.64035	-2.24501
9.65362	-2.25454
9.66664	-2.26434
9.6801	-2.27405
9.69316	-2.28362
9.70549	-2.29316
9.71748	-2.30346
9.72965	-2.31401
9.74152	-2.32427
9.7535	-2.33282
9.76525	-2.34265
9.77869	-2.35388
9.7907	-2.36395
9.80339	-2.3741
9.8163	-2.38489
