0.656566	0
0.656566	0
0.656566	0
0.656566	0
0.656566	0
0.656566	0
0.656566	0
0.656566	0
0.656566	0
0.656566	0
0.656566	0
0.656566	0
0.656566	0
0.656566	0
0.656566	0
0.656566	0
0.656566	0
0.656566	0
0.656566	0
0.656566	0
0.656566	0
0.656566	0
0.656566	0
0.656566	0
0.656566	0
0.656566	0
0.656566	0
0.656566	0
0.656566	0
0.656566	0
0.656566	0
0.656566	0
0.656566	0
0.656566	0
0.656566	0
0.656566	0
0.656566	0
0.656566	0
0.656566	0
0.656566	0
0.656566	0
0.656566	0
0.656566	0
0.656566	0
0.656566	0
0.656566	0
0.656566	0
0.656566	0
0.656566	0
0.656566	0
0.656566	0
0.656566	0
0.656566	0
0.656566	0
0.656566	0
0.656566	0
0.656566	0
0.656566	0
0.656566	0
0.656566	0
0.656566	0
0.656566	0
0.656566	0
0.656566	0
0.656566	0
0.656566	0
0.656566	0
0.656566	0
0.656566	0
0.656566	0
0.656566	0
0.656566	0
0.656566	0
0.656566	0
0.656566	0
0.656566	0
0.656566	0
0.656566	0
0.656566	0
0.656566	0
0.656566	0
0.656566	0
0.656566	0
0.656566	0
0.656566	0
0.656566	0
0.656566	0
0.656566	0
0.656566	0
0.656566	0
0.656566	0
0.656566	0
0.656566	0
0.656566	0
0.656566	0
0.656566	0
0.656566	0
0.656566	0
0.656566	0
0.656566	0
0.656566	0
0.656566	0
0.656566	0
0.656566	0
0.656566	0
0.656566	0
0.656566	0
0.656566	0
0.656566	0
0.656566	0
0.656566	0
0.656566	0
0.656566	0
0.656566	0
0.656566	0
0.656566	0
0.656566	0
0.656566	0
0.656566	0
0.656566	0
0.656566	0
0.656566	0
0.656566	0
0.656566	0
0.656566	0
0.656566	0
0.656566	0
0.656566	0
0.656566	0
0.656566	0
0.656566	0
0.656566	0
0.656566	0
0.656566	0
0.656566	0
0.656566	0
0.656566	0
0.656566	0
0.656566	0
0.656566	0
0.656566	0
0.656566	0
0.656566	0
0.656566	0
0.656566	0
0.656566	0
0.656566	0
0.656566	0
0.656566	0
0.656566	0
0.656566	0
0.656566	0
0.656566	0
0.656566	0
0.656566	0
0.656566	0
0.656566	0
0.656566	0
0.656566	0
0.656566	0
0.656566	0
0.656566	0
0.656566	0
0.656566	0
0.656566	0
0.656566	0
0.656566	0
0.656566	0
0.656566	0
0.656566	0
0.656566	0
0.656566	0
0.656566	0
0.656566	0
0.656566	0
0.656566	0
0.656566	0
0.656566	0
0.656566	0
0.656566	0
0.656566	0
0.656566	0
0.656566	0
0.656566	0
0.656566	0
0.656566	0
0.656566	0
0.656566	0
0.656566	0
0.656566	0
0.656566	0
0.656566	0
0.656566	0
0.656566	0
0.656566	0
0.656566	0
0.656566	0
0.656566	0
0.656566	0
0.656566	0
0.656566	0
0.656566	0
0.656566	0
0.656566	0
0.656566	0
0.656566	0
0.656566	0
0.656566	0
0.656566	0
0.656566	0
0.656566	0
0.656566	0
0.656566	0
0.656566	0
0.656566	0
0.656566	0
0.656566	0
0.656566	0
0.656566	0
0.656566	0
0.656566	0
0.656566	0
0.656566	0
0.656566	0
0.656566	0
0.656566	0
0.656566	0
0.656566	0
0.656566	0
0.656566	0
0.656566	0
0.656566	0
0.656566	0
0.656566	0
0.656566	0
0.656566	0
0.656566	0
0.656566	0
0.656566	0
0.656566	0
0.656566	0
0.656566	0
0.656566	0
0.656566	0
0.656566	0
0.656566	0
0.656566	0
0.656566	0
0.656566	0
0.656566	0
0.656566	0
0.656566	0
0.656566	0
0.656566	0
0.656566	0
0.656566	0
0.656566	0
0.656566	0
0.656566	0
0.656566	0
0.656566	0
0.656566	0
0.656566	0
0.656566	0
0.656566	0
0.656566	0
0.656566	0
0.656566	0
0.656566	0
0.656566	0
0.656566	0
0.656566	0
0.656566	0
0.656566	0
0.656566	0
0.656566	0
0.656566	0
0.656566	0
0.656566	0
0.656566	0
0.656566	0
0.656566	0
0.656566	0
0.656566	0
0.656566	0
0.656566	0
0.656566	0
0.656566	0
0.656566	0
0.656566	0
0.656566	0
0.656566	0
0.656566	0
0.656566	0
0.656566	0
0.656566	0
0.656566	0
0.656566	0
0.656566	0
0.656566	0
0.656566	0
0.656566	0
0.656566	0
0.656566	0
0.656566	0
0.656566	0
0.656566	0
0.656566	0
0.656566	0
0.656566	0
0.656566	0
0.656566	0
0.656566	0
0.656566	0
0.656566	0
0.656566	0
0.656566	0
0.656566	0
0.656566	0
0.656566	0
0.656566	0
0.656566	0
0.656566	0
0.656566	0
0.656566	0
0.656566	0
0.656566	0
0.656566	0
0.656566	0
0.656566	0
0.656566	0
0.656566	0
0.656566	0
0.656566	0
0.656566	0
0.656566	0
0.656566	0
0.656566	0
0.656566	0
0.656566	0
0.656566	0
0.656566	0
0.656566	0
0.656566	0
0.656566	0
0.656566	0
0.656566	0
0.656566	0
0.656566	0
0.656566	0
0.656566	0
0.656566	0
0.656566	0
0.656566	0
0.656566	0
0.656566	0
0.656566	0
0.656566	0
0.656566	0
0.656566	0
0.656566	0
0.656566	0
0.656566	0
0.656566	0
0.656566	0
0.656566	0
0.656566	0
0.656566	0
0.656566	0
0.656566	0
0.656566	0
0.656566	0
0.656566	0
0.656566	0
0.656566	0
0.656566	0
0.656566	0
0.656566	0
0.656566	0
0.656566	0
0.656566	0
0.656566	0
0.656566	0
0.656566	0
0.656566	0
0.656566	0
0.656566	0
0.656566	0
0.656566	0
0.656566	0
0.656566	0
0.656566	0
0.656566	0
0.656566	0
0.656566	0
0.656566	0
0.656566	0
0.656566	0
0.656566	0
0.656566	0
0.656566	0
0.656566	0
0.656566	0
0.656566	0
0.656566	0
0.656566	0
0.656566	0
0.656566	0
0.656566	0
0.656566	0
0.656566	0
0.656566	0
0.656566	0
0.656566	0
0.656566	0
0.656566	0
0.656566	0
0.656566	0
0.656566	0
0.656566	0
0.656566	0
0.656566	0
0.656566	0
0.656566	0
0.656566	0
0.656566	0
0.669098	0.00324546
0.68484	0.00370986
0.70214	0.00355011
0.719138	0.00314509
0.735699	0.00301762
0.753254	0.00337191
0.770885	0.00456791
0.78798	0.00671949
0.805172	0.00533837
0.820357	0.00655434
0.836253	0.00559827
0.854133	0.00566536
0.871135	0.00495952
0.888781	0.00401562
0.906802	0.00219568
0.923775	0.00107787
0.94059	0.00020343
0.957213	-0.001475
0.973913	-0.00333767
0.99074	-0.00555345
1.00744	-0.00773975
1.02397	-0.0107068
1.0425	-0.0165309
1.05968	-0.0220406
1.07647	-0.0270753
1.09266	-0.031568
1.10983	-0.0359767
1.12574	-0.0402543
1.14191	-0.0440849
1.15959	-0.0467745
1.17654	-0.0495289
1.19488	-0.0504387
1.21232	-0.0522043
1.22929	-0.0547873
1.24744	-0.0573837
1.26599	-0.0616004
1.2827	-0.0650703
1.29979	-0.0688247
1.31554	-0.0714464
1.33315	-0.0733129
1.34875	-0.0759601
1.36417	-0.078288
1.38222	-0.0811859
1.39886	-0.0858193
1.41549	-0.0884724
1.43167	-0.0918621
1.44771	-0.095384
1.46318	-0.099609
1.47919	-0.103656
1.49613	-0.106551
1.51311	-0.109213
1.52905	-0.110714
1.54531	-0.114257
1.56078	-0.117778
1.57602	-0.120268
1.59383	-0.124471
1.61094	-0.128592
1.62768	-0.133552
1.64361	-0.138865
1.66022	-0.14412
1.67672	-0.149068
1.69403	-0.154233
1.70887	-0.158733
1.72571	-0.163024
1.74228	-0.167315
1.75925	-0.169712
1.77576	-0.173768
1.7932	-0.178196
1.80977	-0.182625
1.82588	-0.187289
1.84233	-0.192851
1.85828	-0.198165
1.87374	-0.203349
1.88827	-0.209306
1.90311	-0.215384
1.91619	-0.22115
1.93028	-0.226915
1.94484	-0.232843
1.95991	-0.239006
1.97412	-0.244306
1.98935	-0.249387
2.00454	-0.251669
2.02003	-0.255201
2.0366	-0.260228
2.05275	-0.264714
2.06747	-0.26787
2.08262	-0.272016
2.098	-0.276682
2.11247	-0.282508
2.12814	-0.288123
2.14513	-0.293937
2.16059	-0.3001
2.17538	-0.30454
2.19098	-0.30933
2.20674	-0.314313
2.22243	-0.319354
2.2371	-0.323488
2.25209	-0.32798
2.2667	-0.332738
2.28165	-0.337804
2.29703	-0.342561
2.31244	-0.345715
2.32704	-0.348911
2.34089	-0.352573
2.35626	-0.358045
2.37109	-0.363048
2.38704	-0.366886
2.40374	-0.370164
2.42006	-0.373434
2.43544	-0.378128
2.45101	-0.382798
2.46518	-0.388219
2.47997	-0.393975
2.49288	-0.402001
2.50802	-0.407671
2.5232	-0.413386
2.53882	-0.418904
2.55437	-0.423995
2.57089	-0.43095
2.5872	-0.437352
2.60329	-0.44251
2.61953	-0.446954
2.63717	-0.452435
2.6522	-0.458621
2.66763	-0.462624
2.68291	-0.467
2.69749	-0.469168
2.71464	-0.469852
2.73151	-0.46997
2.74802	-0.470068
2.76449	-0.469832
2.78096	-0.468748
2.79698	-0.468619
2.81347	-0.468582
2.83069	-0.468165
2.84707	-0.468067
2.86231	-0.46784
2.8773	-0.468311
2.89268	-0.468659
2.90893	-0.469082
2.92529	-0.468794
2.9419	-0.46886
2.95836	-0.468936
2.97444	-0.468358
2.99097	-0.466895
3.00738	-0.465448
3.0244	-0.464497
3.04044	-0.464163
3.05645	-0.463903
3.073	-0.464606
3.08862	-0.466418
3.10481	-0.469392
3.12092	-0.472247
3.13638	-0.473378
3.15199	-0.474851
3.16876	-0.474882
3.1845	-0.476641
3.20006	-0.479019
3.21594	-0.480898
3.23308	-0.481893
3.24959	-0.480891
3.26683	-0.480901
3.28101	-0.480492
3.29677	-0.479106
3.313	-0.476154
3.32895	-0.473012
3.34522	-0.469028
3.3611	-0.465764
3.37896	-0.463289
3.39603	-0.463076
3.4126	-0.461505
3.4305	-0.45999
3.44841	-0.458517
3.46553	-0.457273
3.48199	-0.457
3.49846	-0.456543
3.51445	-0.455542
3.52956	-0.454281
3.54594	-0.45433
3.56024	-0.455218
3.57541	-0.45618
3.59068	-0.457326
3.60534	-0.458109
3.6194	-0.457208
3.63743	-0.45574
3.65537	-0.454066
3.6733	-0.453927
3.69177	-0.454657
3.709	-0.455487
3.72657	-0.457455
3.74292	-0.459361
3.7595	-0.459677
3.77606	-0.461015
3.79249	-0.462565
3.80885	-0.464283
3.82443	-0.467126
3.8398	-0.468659
3.85474	-0.468799
3.87239	-0.471042
3.88947	-0.473519
3.90681	-0.474986
3.92304	-0.479108
3.9374	-0.483737
3.95259	-0.489005
3.96943	-0.495746
3.98547	-0.501742
4.00033	-0.508232
4.01755	-0.514389
4.03343	-0.519237
4.0476	-0.523181
4.0633	-0.527229
4.07899	-0.531259
4.09374	-0.535025
4.10822	-0.538651
4.12376	-0.54256
4.13944	-0.54653
4.15631	-0.551242
4.17227	-0.555222
4.18852	-0.560612
4.20479	-0.563954
4.22078	-0.566111
4.23796	-0.568597
4.25323	-0.570458
4.26803	-0.571703
4.28349	-0.574386
4.29915	-0.577791
4.31489	-0.581044
4.33072	-0.58467
4.34648	-0.588328
4.36124	-0.590861
4.3774	-0.594845
4.39301	-0.59879
4.4087	-0.602811
4.42254	-0.606088
4.43919	-0.609601
4.4554	-0.612201
4.4719	-0.615397
4.48732	-0.618033
4.50156	-0.621148
4.51612	-0.623178
4.53067	-0.624988
4.54612	-0.627399
4.56263	-0.630144
4.57808	-0.633539
4.59243	-0.637512
4.60757	-0.641693
4.62189	-0.647192
4.63852	-0.654138
4.65485	-0.660336
4.67067	-0.666238
4.68623	-0.672007
4.70244	-0.678263
4.71802	-0.684618
4.73353	-0.690741
4.74906	-0.697014
4.76441	-0.703106
4.78056	-0.70909
4.79495	-0.712953
4.80997	-0.716867
4.82526	-0.720991
4.84059	-0.72601
4.85689	-0.731333
4.87184	-0.736186
4.88772	-0.741483
4.90237	-0.746955
4.9168	-0.752842
4.93193	-0.758803
4.94706	-0.764829
4.96276	-0.770729
4.97923	-0.777161
4.99633	-0.783817
5.00998	-0.7896
5.02536	-0.796139
5.04235	-0.802225
5.0583	-0.808281
5.07333	-0.814321
5.08802	-0.818186
5.10373	-0.822044
5.11924	-0.826197
5.13335	-0.8297
5.14899	-0.83272
5.1645	-0.835566
5.17957	-0.839603
5.19595	-0.841752
5.21193	-0.844272
5.22724	-0.848143
5.24332	-0.849584
5.25885	-0.85069
5.27586	-0.849301
5.29322	-0.848343
5.31059	-0.847728
5.32914	-0.847553
5.34721	-0.848452
5.36467	-0.849437
5.38179	-0.850534
5.39832	-0.853085
5.41635	-0.855263
5.43348	-0.856736
5.45006	-0.857956
5.46677	-0.859054
5.48366	-0.857182
5.50107	-0.855989
5.51601	-0.853795
5.53053	-0.853386
5.54605	-0.852359
5.56245	-0.851606
5.57769	-0.8482
5.59293	-0.844941
5.60894	-0.841447
5.62329	-0.837983
5.63851	-0.83353
5.65488	-0.828556
5.67158	-0.823211
5.68639	-0.817838
5.70102	-0.812219
5.71487	-0.805664
5.7293	-0.799007
5.74283	-0.794285
5.75878	-0.788567
5.77606	-0.780739
5.79235	-0.773533
5.80794	-0.767047
5.82207	-0.760009
5.83687	-0.753149
5.85069	-0.74728
5.8649	-0.742096
5.87963	-0.736729
5.89454	-0.733901
5.91031	-0.731434
5.92645	-0.728574
5.94336	-0.725218
5.96112	-0.72186
5.97865	-0.718716
5.99784	-0.71503
6.01532	-0.712997
6.03233	-0.710764
6.04891	-0.708599
6.06742	-0.707432
6.08289	-0.706692
6.09946	-0.705613
6.11614	-0.704141
6.13198	-0.702846
6.14806	-0.701528
6.16398	-0.701075
6.17959	-0.699954
6.19297	-0.700774
6.20703	-0.700932
6.22233	-0.701562
6.23737	-0.700725
6.25323	-0.69995
6.27219	-0.699701
6.28884	-0.699182
6.30546	-0.699152
6.32193	-0.698738
6.33954	-0.69756
6.3559	-0.697996
6.37265	-0.697841
6.39013	-0.697685
6.4062	-0.698619
6.4224	-0.69953
6.43759	-0.699772
6.45302	-0.699484
6.46875	-0.698384
6.48542	-0.696691
6.50138	-0.69418
6.51776	-0.692681
6.53398	-0.691419
6.54926	-0.68974
6.56525	-0.689731
6.58111	-0.688149
6.59624	-0.686182
6.61205	-0.684679
6.62887	-0.682655
6.64572	-0.680781
6.66219	-0.67902
6.67853	-0.677366
6.69513	-0.675738
6.71204	-0.674481
6.72906	-0.673949
6.74738	-0.673436
6.76508	-0.670946
6.78257	-0.673016
6.80121	-0.669796
6.81987	-0.674921
6.83605	-0.680373
6.85191	-0.685713
6.86865	-0.690013
6.88352	-0.693084
6.89825	-0.696847
6.9134	-0.700009
6.92882	-0.702142
6.94543	-0.705403
6.96193	-0.709093
6.97854	-0.713214
6.99492	-0.718195
7.01284	-0.723589
7.0292	-0.728287
7.04405	-0.734101
7.05915	-0.739375
7.07316	-0.743863
7.08708	-0.749776
7.10152	-0.756073
7.11682	-0.764634
7.13192	-0.772718
7.14696	-0.780776
7.16126	-0.78929
7.17514	-0.7995
7.18935	-0.808616
7.20364	-0.817727
7.2192	-0.824639
7.23395	-0.832513
7.24941	-0.840471
7.26512	-0.850676
7.27952	-0.860828
7.29344	-0.870702
7.30686	-0.881426
7.31824	-0.892325
7.32951	-0.903092
7.34131	-0.913436
7.35216	-0.922843
7.36175	-0.932107
7.37259	-0.94232
7.38405	-0.952685
7.39481	-0.963013
7.40725	-0.973458
7.41934	-0.985166
7.43122	-0.996699
7.44339	-1.0088
7.45512	-1.02071
7.46702	-1.03323
7.47892	-1.04542
7.49274	-1.05635
7.50692	-1.06639
7.51968	-1.07563
7.52999	-1.0834
7.54129	-1.09209
7.5521	-1.10006
7.56398	-1.1087
7.57645	-1.11779
7.58841	-1.12786
7.59955	-1.13765
7.61126	-1.14794
7.6235	-1.15816
7.63554	-1.16736
7.64617	-1.17633
7.65759	-1.18612
7.67029	-1.19782
7.68245	-1.20943
7.69453	-1.22129
7.70701	-1.23113
7.7212	-1.24271
7.73402	-1.25316
7.74689	-1.26288
7.75884	-1.27244
7.77091	-1.28381
7.78151	-1.29466
7.7923	-1.30728
7.80327	-1.31981
7.8147	-1.33202
7.82525	-1.34454
7.83781	-1.3555
7.85029	-1.36631
7.86231	-1.3759
7.87396	-1.3846
7.88563	-1.39308
7.89967	-1.40201
7.9154	-1.40824
7.93091	-1.4143
7.94661	-1.42195
7.96178	-1.42929
7.97673	-1.43647
7.99227	-1.44422
8.00814	-1.45271
8.02288	-1.46025
8.0368	-1.46879
8.0499	-1.47784
8.06344	-1.48717
8.07713	-1.49715
8.09099	-1.50869
8.1053	-1.51535
8.11974	-1.52232
8.13458	-1.52953
8.14983	-1.53789
8.16486	-1.54617
8.1803	-1.55403
8.19637	-1.56295
8.21057	-1.57186
8.22272	-1.58124
8.23573	-1.58835
8.24934	-1.59577
8.26329	-1.60337
8.27635	-1.61266
8.29167	-1.62086
8.30589	-1.62827
8.32053	-1.63576
8.33608	-1.64379
8.35264	-1.65205
8.3687	-1.66002
8.3838	-1.66868
8.39833	-1.67687
8.41324	-1.68382
8.42866	-1.69096
8.44301	-1.69579
8.45832	-1.70164
8.47315	-1.70722
8.48814	-1.71264
8.50345	-1.71537
8.51971	-1.71883
8.5361	-1.72185
8.55411	-1.72537
8.57104	-1.72925
8.58689	-1.73222
8.60277	-1.73507
8.61843	-1.73775
8.63465	-1.73935
8.651	-1.74125
8.66776	-1.74345
8.68393	-1.74638
8.70005	-1.75063
8.71653	-1.75536
8.73287	-1.7595
8.74974	-1.76408
8.76613	-1.7687
8.78311	-1.7727
8.79865	-1.77771
8.81527	-1.78393
8.83207	-1.78922
8.84617	-1.79393
8.86104	-1.79883
8.87613	-1.80405
8.89077	-1.80907
8.90611	-1.81418
8.92312	-1.81933
8.93945	-1.82624
8.95544	-1.83274
8.97217	-1.83789
8.98765	-1.84371
9.00301	-1.85226
9.01856	-1.86097
9.03292	-1.86911
9.04635	-1.87771
9.05996	-1.88701
9.07322	-1.89556
9.08708	-1.90422
9.10077	-1.91287
9.11424	-1.92264
9.12762	-1.93072
9.14144	-1.93834
9.15683	-1.94687
9.17178	-1.95507
9.18523	-1.96365
9.19852	-1.97254
9.21216	-1.9803
9.22649	-1.98772
9.24275	-1.99787
9.25703	-2.00756
9.27098	-2.01779
9.28442	-2.02772
9.29773	-2.03756
9.31028	-2.04771
9.32307	-2.05766
9.33519	-2.06745
9.34773	-2.0772
9.35847	-2.08574
9.36925	-2.09448
9.3799	-2.10331
9.39144	-2.11407
9.40296	-2.12387
9.41487	-2.13378
9.42648	-2.14418
9.43839	-2.15482
9.45087	-2.16446
9.46421	-2.17325
9.4776	-2.18172
