0.656566	0
0.656566	0
0.656566	0
0.656566	0
0.656566	0
0.656566	0
0.656566	0
0.656566	0
0.656566	0
0.656566	0
0.656566	0
0.656566	0
0.656566	0
0.656566	0
0.656566	0
0.656566	0
0.656566	0
0.656566	0
0.656566	0
0.656566	0
0.656566	0
0.656566	0
0.656566	0
0.656566	0
0.656566	0
0.656566	0
0.656566	0
0.656566	0
0.656566	0
0.656566	0
0.656566	0
0.656566	0
0.656566	0
0.656566	0
0.656566	0
0.656566	0
0.656566	0
0.656566	0
0.656566	0
0.656566	0
0.656566	0
0.656566	0
0.656566	0
0.656566	0
0.656566	0
0.656566	0
0.656566	0
0.656566	0
0.656566	0
0.656566	0
0.656566	0
0.656566	0
0.656566	0
0.656566	0
0.656566	0
0.656566	0
0.656566	0
0.656566	0
0.656566	0
0.656566	0
0.656566	0
0.656566	0
0.656566	0
0.656566	0
0.656566	0
0.656566	0
0.656566	0
0.656566	0
0.656566	0
0.656566	0
0.656566	0
0.656566	0
0.656566	0
0.656566	0
0.656566	0
0.656566	0
0.656566	0
0.656566	0
0.656566	0
0.656566	0
0.656566	0
0.656566	0
0.656566	0
0.656566	0
0.656566	0
0.656566	0
0.656566	0
0.656566	0
0.656566	0
0.656566	0
0.656566	0
0.656566	0
0.656566	0
0.656566	0
0.656566	0
0.656566	0
0.656566	0
0.656566	0
0.656566	0
0.656566	0
0.656566	0
0.656566	0
0.656566	0
0.656566	0
0.656566	0
0.656566	0
0.656566	0
0.656566	0
0.656566	0
0.656566	0
0.656566	0
0.656566	0
0.656566	0
0.656566	0
0.656566	0
0.656566	0
0.656566	0
0.656566	0
0.656566	0
0.656566	0
0.656566	0
0.656566	0
0.656566	0
0.656566	0
0.656566	0
0.656566	0
0.656566	0
0.656566	0
0.656566	0
0.656566	0
0.656566	0
0.656566	0
0.656566	0
0.656566	0
0.656566	0
0.656566	0
0.656566	0
0.656566	0
0.656566	0
0.656566	0
0.656566	0
0.656566	0
0.656566	0
0.656566	0
0.656566	0
0.656566	0
0.656566	0
0.656566	0
0.656566	0
0.656566	0
0.656566	0
0.656566	0
0.656566	0
0.656566	0
0.656566	0
0.656566	0
0.656566	0
0.656566	0
0.656566	0
0.656566	0
0.656566	0
0.656566	0
0.656566	0
0.656566	0
0.656566	0
0.656566	0
0.656566	0
0.656566	0
0.656566	0
0.656566	0
0.656566	0
0.656566	0
0.656566	0
0.656566	0
0.656566	0
0.656566	0
0.656566	0
0.656566	0
0.656566	0
0.656566	0
0.656566	0
0.656566	0
0.656566	0
0.656566	0
0.656566	0
0.656566	0
0.656566	0
0.656566	0
0.656566	0
0.656566	0
0.656566	0
0.656566	0
0.656566	0
0.656566	0
0.656566	0
0.656566	0
0.656566	0
0.656566	0
0.656566	0
0.656566	0
0.656566	0
0.656566	0
0.656566	0
0.656566	0
0.656566	0
0.656566	0
0.656566	0
0.656566	0
0.656566	0
0.656566	0
0.656566	0
0.656566	0
0.656566	0
0.656566	0
0.656566	0
0.656566	0
0.656566	0
0.656566	0
0.656566	0
0.656566	0
0.656566	0
0.656566	0
0.656566	0
0.656566	0
0.656566	0
0.656566	0
0.656566	0
0.656566	0
0.656566	0
0.656566	0
0.656566	0
0.656566	0
0.656566	0
0.656566	0
0.656566	0
0.656566	0
0.656566	0
0.656566	0
0.656566	0
0.656566	0
0.656566	0
0.656566	0
0.656566	0
0.656566	0
0.656566	0
0.656566	0
0.656566	0
0.656566	0
0.656566	0
0.656566	0
0.656566	0
0.656566	0
0.656566	0
0.656566	0
0.656566	0
0.656566	0
0.656566	0
0.656566	0
0.656566	0
0.656566	0
0.656566	0
0.656566	0
0.656566	0
0.656566	0
0.656566	0
0.656566	0
0.656566	0
0.656566	0
0.656566	0
0.656566	0
0.656566	0
0.656566	0
0.656566	0
0.656566	0
0.656566	0
0.656566	0
0.656566	0
0.656566	0
0.656566	0
0.656566	0
0.656566	0
0.656566	0
0.656566	0
0.656566	0
0.656566	0
0.656566	0
0.656566	0
0.656566	0
0.656566	0
0.656566	0
0.656566	0
0.656566	0
0.656566	0
0.656566	0
0.656566	0
0.656566	0
0.668986	0.00219336
0.683359	0.00225261
0.699694	0.00342327
0.718351	0.00299885
0.735553	0.000216415
0.754942	-0.00226101
0.772666	-0.00531588
0.788645	-0.00844278
0.804469	-0.0108311
0.819415	-0.0142384
0.834542	-0.0179624
0.850087	-0.022033
0.866026	-0.0261036
0.883043	-0.030008
0.899792	-0.0351565
0.917957	-0.041137
0.93448	-0.0468409
0.950489	-0.052293
0.966756	-0.0561391
0.981037	-0.0582723
0.996872	-0.0621812
1.01192	-0.064207
1.02796	-0.0682353
1.04398	-0.0718305
1.06057	-0.0746617
1.07555	-0.0764317
1.09095	-0.0787776
1.10663	-0.0833991
1.12023	-0.0896931
1.13457	-0.0938995
1.14725	-0.0985435
1.1597	-0.101899
1.17294	-0.104636
1.18831	-0.106002
1.20342	-0.110086
1.21765	-0.115456
1.23217	-0.120266
1.24688	-0.126665
1.26212	-0.131776
1.27911	-0.135174
1.29574	-0.139323
1.31218	-0.139212
1.32828	-0.142355
1.34474	-0.145027
1.36044	-0.147046
1.377	-0.150445
1.3933	-0.153755
1.41037	-0.157628
1.42694	-0.16159
1.44312	-0.165456
1.45994	-0.169763
1.47732	-0.174649
1.49353	-0.178717
1.50985	-0.182249
1.52502	-0.186035
1.54152	-0.189165
1.55944	-0.192919
1.57683	-0.196225
1.59489	-0.200381
1.61137	-0.203801
1.62454	-0.20721
1.63898	-0.211031
1.65407	-0.215138
1.6711	-0.219334
1.68731	-0.223078
1.70271	-0.227013
1.71764	-0.231873
1.73302	-0.236889
1.74672	-0.241537
1.76214	-0.245891
1.77784	-0.251533
1.79267	-0.258719
1.80709	-0.264997
1.8237	-0.271487
1.83962	-0.277737
1.85676	-0.28426
1.87333	-0.29132
1.88893	-0.298098
1.9045	-0.306686
1.91941	-0.315418
1.93608	-0.325527
1.95234	-0.333025
1.96661	-0.340644
1.98207	-0.350057
1.99883	-0.356895
2.0137	-0.361978
2.02819	-0.366205
2.04297	-0.370098
2.05826	-0.374027
2.0743	-0.378509
2.08888	-0.382633
2.10451	-0.385993
2.12028	-0.389382
2.13621	-0.392947
2.15211	-0.396774
2.168	-0.400626
2.18395	-0.404729
2.20014	-0.408827
2.2179	-0.413143
2.23432	-0.417389
2.25069	-0.420713
2.26681	-0.425313
2.28268	-0.429819
2.29782	-0.433877
2.3133	-0.438113
2.32893	-0.442394
2.34412	-0.446822
2.35843	-0.452604
2.37318	-0.458236
2.38787	-0.464215
2.40188	-0.469702
2.41679	-0.474752
2.43211	-0.479773
2.44754	-0.48401
2.46276	-0.490266
2.4781	-0.493482
2.49236	-0.496461
2.50663	-0.49888
2.52203	-0.501605
2.53823	-0.504123
2.55452	-0.507035
2.57364	-0.508554
2.59147	-0.510504
2.6074	-0.511342
2.62344	-0.513327
2.63882	-0.515864
2.65408	-0.517599
2.67123	-0.519388
2.68795	-0.521604
2.70618	-0.523367
2.72405	-0.524506
2.74176	-0.524484
2.75903	-0.524367
2.77535	-0.522911
2.79145	-0.521191
2.80743	-0.518956
2.82196	-0.517843
2.8367	-0.517786
2.85348	-0.517897
2.86966	-0.518031
2.88563	-0.518348
2.90175	-0.518407
2.91766	-0.518352
2.93338	-0.518309
2.95023	-0.517497
2.96478	-0.517148
2.97859	-0.51742
2.99272	-0.517781
3.0075	-0.517776
3.0227	-0.516812
3.03875	-0.515484
3.05314	-0.514568
3.06897	-0.512363
3.08411	-0.509934
3.10007	-0.50612
3.11653	-0.503743
3.13215	-0.502254
3.14787	-0.500781
3.16307	-0.498222
3.17852	-0.495742
3.19688	-0.49461
3.21403	-0.492822
3.23081	-0.490701
3.2476	-0.488237
3.26355	-0.485737
3.27947	-0.484261
3.29589	-0.483776
3.312	-0.48464
3.32671	-0.485756
3.34222	-0.486892
3.35822	-0.488265
3.37501	-0.489885
3.39224	-0.49306
3.40878	-0.495499
3.42488	-0.498155
3.44244	-0.499641
3.46025	-0.499814
3.47936	-0.500107
3.49789	-0.49986
3.51549	-0.499551
3.5329	-0.499398
3.55036	-0.499434
3.56702	-0.499742
3.58336	-0.500345
3.6001	-0.501417
3.61601	-0.503202
3.63107	-0.505416
3.64579	-0.507433
3.66257	-0.509324
3.6785	-0.511898
3.69297	-0.513464
3.7086	-0.511915
3.72559	-0.510661
3.74218	-0.510907
3.75699	-0.511705
3.77244	-0.511277
3.7881	-0.511984
3.80636	-0.512493
3.82349	-0.515391
3.84051	-0.517955
3.85709	-0.520466
3.87489	-0.524663
3.8941	-0.528814
3.91043	-0.532304
3.92872	-0.536078
3.94473	-0.540325
3.96001	-0.546132
3.97581	-0.55069
3.99092	-0.553365
4.00639	-0.556042
4.02252	-0.558647
4.04048	-0.561437
4.05807	-0.564772
4.0748	-0.568694
4.09212	-0.575176
4.10855	-0.581071
4.12348	-0.585844
4.14059	-0.58951
4.15674	-0.595807
4.17318	-0.601571
4.19018	-0.606659
4.20654	-0.611474
4.22093	-0.614777
4.23722	-0.617746
4.25359	-0.620724
4.2699	-0.623722
4.28586	-0.625763
4.3021	-0.626682
4.31775	-0.627937
4.33372	-0.629209
4.35069	-0.628476
4.36689	-0.628419
4.3832	-0.628625
4.39937	-0.629067
4.41488	-0.627862
4.43084	-0.628759
4.4469	-0.629166
4.46262	-0.630329
4.47675	-0.63172
4.49199	-0.633171
4.50834	-0.635862
4.52421	-0.638607
4.5402	-0.641228
4.55676	-0.644316
4.57309	-0.649247
4.58908	-0.65407
4.60444	-0.65902
4.61911	-0.665068
4.63473	-0.669976
4.65034	-0.674658
4.66462	-0.679706
4.67833	-0.685738
4.69332	-0.691577
4.70705	-0.69745
4.7224	-0.70334
4.73937	-0.71012
4.75425	-0.716508
4.76886	-0.72252
4.7824	-0.729799
4.79901	-0.734993
4.81426	-0.742119
4.8298	-0.748045
4.84641	-0.754958
4.86335	-0.760629
4.87971	-0.764935
4.89665	-0.767683
4.91463	-0.768947
4.93129	-0.77015
4.94777	-0.771623
4.96425	-0.772037
4.98068	-0.772531
4.99593	-0.772937
5.01148	-0.773248
5.02802	-0.773666
5.04445	-0.773788
5.06123	-0.772935
5.07839	-0.772276
5.09433	-0.771186
5.10864	-0.770245
5.12492	-0.768536
5.13988	-0.766756
5.15599	-0.766632
5.17504	-0.765523
5.1927	-0.763146
5.2098	-0.761963
5.22746	-0.760437
5.24373	-0.758155
5.25822	-0.75647
5.27338	-0.756636
5.28999	-0.757133
5.30586	-0.757599
5.32394	-0.75688
5.34297	-0.754976
5.36063	-0.753811
5.37814	-0.752592
5.39648	-0.752855
5.41434	-0.753049
5.43214	-0.752249
5.44917	-0.749742
5.46631	-0.747778
5.48337	-0.746569
5.49994	-0.745477
5.51792	-0.743005
5.53468	-0.740198
5.55136	-0.737916
5.56773	-0.734428
5.58491	-0.732309
5.60161	-0.730403
5.61757	-0.727998
5.63331	-0.724394
5.64741	-0.720652
5.66377	-0.718234
5.68062	-0.71633
5.69692	-0.715292
5.71364	-0.713994
5.72967	-0.713156
5.74628	-0.712392
5.76378	-0.70979
5.78018	-0.707456
5.79563	-0.704817
5.81108	-0.701936
5.82588	-0.699769
5.84001	-0.696797
5.85495	-0.693761
5.87179	-0.691029
5.88869	-0.688444
5.90562	-0.68618
5.92204	-0.684667
5.939	-0.684377
5.95661	-0.683231
5.97422	-0.681461
5.99123	-0.679571
6.00795	-0.678503
6.02307	-0.677937
6.03936	-0.676687
6.05633	-0.675523
6.07549	-0.675318
6.09313	-0.67383
6.10921	-0.672614
6.12545	-0.670492
6.14036	-0.667621
6.15588	-0.664546
6.17135	-0.661314
6.18748	-0.658251
6.20359	-0.654463
6.21907	-0.651501
6.23496	-0.647844
6.25183	-0.642674
6.26743	-0.637487
6.28295	-0.632719
6.29707	-0.628118
6.31257	-0.622483
6.32981	-0.618361
6.34703	-0.615689
6.36349	-0.61081
6.37894	-0.608686
6.39365	-0.604498
6.40796	-0.600732
6.42311	-0.597615
6.43898	-0.59509
6.45488	-0.591791
6.47141	-0.589473
6.48762	-0.587357
6.50052	-0.584618
6.51323	-0.583817
6.52726	-0.583331
6.5425	-0.582944
6.5579	-0.582676
6.57346	-0.583866
6.58939	-0.585098
6.6045	-0.586822
6.61965	-0.589608
6.63528	-0.591881
6.65093	-0.593329
6.66692	-0.595
6.68308	-0.596612
6.69927	-0.598339
6.71524	-0.599773
6.73194	-0.601031
6.74814	-0.603695
6.76558	-0.604764
6.78039	-0.608615
6.79642	-0.608988
6.81232	-0.613117
6.82897	-0.614105
6.84537	-0.617103
6.85993	-0.619522
6.87539	-0.621576
6.8915	-0.621425
6.9083	-0.626555
6.92681	-0.633118
6.94253	-0.640964
6.95767	-0.648463
6.97232	-0.656036
6.98762	-0.663747
7.00237	-0.671736
7.01643	-0.677829
7.03064	-0.68563
7.04491	-0.693355
7.0612	-0.703029
7.07611	-0.713443
7.09048	-0.723064
7.1046	-0.732672
7.12035	-0.741919
7.13517	-0.752308
7.14909	-0.762476
7.16253	-0.772502
7.17598	-0.783716
7.18955	-0.794375
7.20267	-0.804931
7.2146	-0.814939
7.22637	-0.825277
7.23998	-0.834784
7.25327	-0.845357
7.26702	-0.85589
7.28006	-0.867133
7.29176	-0.879022
7.30363	-0.890457
7.31533	-0.901943
7.32652	-0.914068
7.33726	-0.927691
7.34791	-0.941163
7.35835	-0.95427
7.36907	-0.967845
7.37954	-0.981039
7.38873	-0.994382
7.39983	-1.00612
7.41057	-1.01828
7.42129	-1.03093
7.43198	-1.04342
7.44265	-1.05586
7.45324	-1.06825
7.46389	-1.0784
7.47557	-1.08854
7.4872	-1.09887
7.49895	-1.10973
7.51087	-1.12054
7.52361	-1.1301
7.53617	-1.13882
7.55057	-1.14816
7.56105	-1.15784
7.57059	-1.16863
7.58089	-1.17998
7.59091	-1.19087
7.6015	-1.20234
7.61195	-1.21501
7.62444	-1.22718
7.63609	-1.23686
7.64885	-1.24718
7.66303	-1.25781
7.67557	-1.26778
7.68808	-1.27747
7.70059	-1.28735
7.7129	-1.29797
7.72567	-1.30785
7.73811	-1.31795
7.7505	-1.32707
7.76228	-1.33779
7.7753	-1.34835
7.78726	-1.35807
7.79907	-1.36514
7.80992	-1.37293
7.82131	-1.382
7.83406	-1.39079
7.84763	-1.39866
7.86185	-1.40794
7.87543	-1.41632
7.89143	-1.4242
7.9063	-1.43261
7.92165	-1.43991
7.9369	-1.44737
7.95126	-1.45484
7.96599	-1.46166
7.9812	-1.46867
7.99656	-1.47641
8.01272	-1.48351
8.02861	-1.49085
8.04437	-1.49837
8.06241	-1.50507
8.07822	-1.50973
8.09343	-1.51367
8.109	-1.51749
8.12639	-1.52107
8.14443	-1.52603
8.16136	-1.53069
8.17766	-1.53509
8.19368	-1.54044
8.21003	-1.54682
8.22591	-1.55425
8.24142	-1.56098
8.25666	-1.56777
8.27216	-1.57454
8.2879	-1.58285
8.30397	-1.59042
8.31893	-1.5971
8.33375	-1.60391
8.34881	-1.61061
8.36392	-1.61841
8.37694	-1.62754
8.39166	-1.63569
8.40653	-1.64283
8.42173	-1.65018
8.43662	-1.6563
8.4505	-1.66256
8.46588	-1.66889
8.47953	-1.67551
8.49183	-1.68141
8.50445	-1.68703
8.51864	-1.69275
8.53384	-1.69675
8.54912	-1.69986
8.56597	-1.70303
8.58269	-1.70633
8.59877	-1.70967
8.61471	-1.71312
8.6309	-1.71689
8.64782	-1.71967
8.66483	-1.72345
8.68165	-1.72654
8.69861	-1.73048
8.71465	-1.73441
8.73047	-1.73814
8.7455	-1.74151
8.76196	-1.74544
8.77974	-1.75077
8.7973	-1.7544
8.8137	-1.75914
8.82748	-1.76407
8.84211	-1.76926
8.8563	-1.77423
8.87066	-1.77974
8.8863	-1.78449
8.9006	-1.79069
8.91498	-1.79695
8.9283	-1.80389
8.94116	-1.81042
8.95488	-1.8175
8.9695	-1.82462
8.98412	-1.83181
8.99856	-1.83978
9.01331	-1.8477
9.02741	-1.85744
9.04119	-1.86715
9.05357	-1.87753
9.0676	-1.88936
9.07984	-1.90061
9.08996	-1.91231
9.10297	-1.92271
9.11532	-1.93308
9.12664	-1.94378
9.13943	-1.9551
9.15238	-1.96604
9.16666	-1.97825
9.17887	-1.98836
9.19189	-1.99829
9.20509	-2.00814
9.22034	-2.01754
9.2366	-2.02682
9.25182	-2.03556
9.26504	-2.04376
9.27825	-2.05214
9.29138	-2.06042
9.30493	-2.06884
9.31755	-2.07745
9.33032	-2.08634
9.34341	-2.09599
9.35606	-2.10559
9.36921	-2.11465
9.38298	-2.12369
9.39659	-2.13244
9.41144	-2.14303
9.42511	-2.15309
9.43948	-2.16312
9.45465	-2.17267
9.46957	-2.18118
9.48573	-2.19034
9.49966	-2.19795
9.51278	-2.20539
9.5247	-2.21411
9.5371	-2.22305
9.54994	-2.2323
9.56315	-2.24319
9.57858	-2.25495
9.59295	-2.26553
9.60675	-2.27573
9.61955	-2.28729
9.63158	-2.29878
9.64432	-2.31043
9.65694	-2.32271
9.66897	-2.33475
9.68063	-2.34645
9.69101	-2.35959
9.70092	-2.37284
9.71072	-2.38508
9.72236	-2.39822
9.73359	-2.41062
9.7441	-2.42302
9.75565	-2.43599
9.76704	-2.44861
9.77836	-2.46247
9.78969	-2.47563
9.80108	-2.48704
9.81264	-2.49847
9.82589	-2.5099
9.83868	-2.52078
9.85164	-2.53476
9.86242	-2.54682
9.87377	-2.55915
9.88523	-2.57102
9.89659	-2.58287
9.90809	-2.59686
9.92083	-2.60872
9.9329	-2.61903
9.94629	-2.62985
9.95942	-2.64062
9.97275	-2.65137
9.98523	-2.66197
9.9977	-2.67253
10.0104	-2.68323
10.0233	-2.69297
10.0371	-2.70406
10.0502	-2.71481
10.0624	-2.72392
10.0762	-2.73214
10.0904	-2.73976
10.1061	-2.74794
10.1213	-2.75576
10.1366	-2.76362
10.1515	-2.77192
10.1649	-2.78438
10.1784	-2.79482
10.191	-2.80297
10.2037	-2.81094
10.2168	-2.81914
10.2304	-2.82802
10.2444	-2.83712
10.2576	-2.84503
10.2716	-2.85248
10.287	-2.85624
10.302	-2.85958
10.3172	-2.86315
10.333	-2.86674
10.3473	-2.86917
10.3605	-2.87369
10.374	-2.87937
10.3881	-2.88427
10.4025	-2.88949
10.4192	-2.89572
10.4345	-2.90116
10.4499	-2.90777
10.4652	-2.91413
10.4804	-2.91985
10.4959	-2.92575
10.5128	-2.93169
10.5263	-2.93616
10.5407	-2.94078
10.5551	-2.94575
10.5698	-2.95035
10.5853	-2.95535
10.5997	-2.96129
10.613	-2.96741
10.6269	-2.97467
10.6413	-2.9824
10.6537	-2.98925
10.6678	-2.99749
10.6823	-3.00654
10.6971	-3.01755
10.7126	-3.02597
10.7277	-3.03366
10.7416	-3.042
10.7571	-3.05
10.7714	-3.05678
10.7852	-3.06269
10.7988	-3.06878
10.8133	-3.0747
10.8283	-3.08044
10.8429	-3.08615
10.8585	-3.09121
10.8739	-3.09661
10.8895	-3.10206
10.9052	-3.10768
10.9205	-3.11289
10.9375	-3.11709
10.9528	-3.1213
10.9685	-3.12447
10.9852	-3.12789
11.0007	-3.1314
11.0165	-3.13513
11.0325	-3.13863
11.048	-3.14138
11.0642	-3.14371
11.0807	-3.14578
11.0963	-3.14642
11.1128	-3.14691
11.1295	-3.14635
11.1451	-3.14812
11.1611	-3.15012
11.1775	-3.15212
11.1938	-3.15436
11.2101	-3.15605
11.226	-3.15677
11.2419	-3.15743
11.2602	-3.15635
11.2784	-3.15668
