0.0891682	0.0110231
0.0891682	0.0110231
0.0891682	0.0110231
0.0891682	0.0110231
0.0891682	0.0110231
0.0891682	0.0110231
0.0891682	0.0110231
0.0891682	0.0110231
0.0891682	0.0110231
0.0891682	0.0110231
0.0891682	0.0110231
0.0891682	0.0110231
0.0891682	0.0110231
0.0891682	0.0110231
0.242755	0.0601139
0.249354	0.0751729
0.29753	0.0653693
0.334794	0.0478919
0.32502	0.044858
0.265073	0.0391923
0.31422	0.0266941
0.319573	0.0266773
0.373285	0.0206848
0.351076	0.00484152
0.325764	-0.0486007
0.329044	-0.0412593
0.284888	-0.0630982
0.328092	-0.062024
0.324366	-0.0589211
0.334318	-0.0997431
0.317973	-0.118509
0.328231	-0.107952
0.325025	-0.0874413
0.322468	-0.0763946
0.292761	-0.0935855
0.302164	-0.0761543
0.311306	-0.080398
0.262015	-0.144331
0.31102	-0.153797
0.261151	-0.121822
0.276803	-0.110886
0.282587	-0.11947
0.277404	-0.102524
0.332852	-0.133496
0.343753	-0.141266
0.323177	-0.15877
0.328363	-0.116704
0.34722	-0.129491
0.296758	-0.116492
0.280108	-0.115079
0.275766	-0.0960177
0.286159	-0.105593
0.32363	-0.119836
0.32584	-0.128461
0.313464	-0.123751
0.325543	-0.117454
0.326271	-0.131906
0.277088	-0.101689
0.297454	-0.114904
0.320541	-0.100179
0.315918	-0.102918
0.295328	-0.121047
0.301686	-0.11928
0.308304	-0.1109
0.305827	-0.121265
0.308298	-0.10036
0.309575	-0.110357
0.331119	-0.116848
0.283484	-0.117748
0.290485	-0.123555
0.322085	-0.0890989
0.299354	-0.109486
0.302832	-0.0706061
0.289556	-0.0557254
0.298534	-0.0710688
0.306884	-0.0736396
0.326062	-0.105275
0.361359	-0.106696
0.340263	-0.0995197
0.345601	-0.0370273
0.317788	-0.0376336
0.345855	-0.0765143
0.282759	-0.12027
0.316399	-0.126706
0.313224	-0.100098
0.319009	-0.0951839
0.315798	-0.0942863
0.358594	-0.0867685
0.339172	-0.0610024
0.316479	-0.0862482
0.32404	-0.0853075
0.352825	-0.0882516
0.349455	-0.0600606
0.323051	-0.0509438
0.308561	-0.035134
0.301003	-0.0414853
0.291638	-0.0381328
0.311032	-0.0420969
0.293201	-0.0337883
0.306746	-0.0370736
0.315004	-0.0371076
0.30827	-0.0224052
0.330042	-0.021597
0.284574	-0.00587188
0.305103	0.00840264
0.313303	0.013793
0.343082	0.00891823
0.323646	0.0021857
0.323573	0.00315381
0.320484	-0.0113792
0.325373	-0.0105232
0.330757	0.00115099
0.340411	-0.0172485
0.33365	-0.0160502
0.332985	-0.0369603
0.318903	-0.0741791
0.319023	-0.0798387
0.337651	-0.078769
0.343793	-0.0627264
0.328215	-0.0732208
0.342324	-0.0862522
0.328516	-0.0842166
0.321808	-0.0747865
0.288524	-0.121807
0.296923	-0.0869835
0.314629	-0.0702688
0.321142	-0.0743221
0.329282	-0.0931904
0.342915	-0.0961427
0.329563	-0.101183
0.337881	-0.0889284
0.330855	-0.0794055
0.296252	-0.0593576
0.313039	-0.0748587
0.303732	-0.0987056
0.311535	-0.102638
0.315328	-0.0915041
0.293382	-0.0812003
0.310259	-0.0800733
0.296682	-0.0791668
0.317098	-0.0641239
0.318659	-0.0683864
0.312527	-0.0599431
0.34123	-0.0687
0.332116	-0.0743193
0.296181	-0.0684508
0.333591	-0.071577
0.316212	-0.0646964
0.30208	-0.0801487
0.281811	-0.0546514
0.3017	-0.0587021
0.345359	-0.0296978
0.353372	0.0215251
0.335183	0.0179373
0.34944	0.0633275
0.349206	0.0819094
0.342699	0.0828104
0.336248	0.0679011
0.326285	0.0514183
0.299762	0.0697192
0.309296	0.0314406
0.319248	0.0172323
0.323263	0.0281254
0.329303	0.0359018
0.30279	0.0422044
0.315188	0.0449178
0.335239	0.036982
0.339421	0.0314241
0.376179	0.030582
0.366778	0.0572769
0.358552	0.0357489
0.336147	0.0356163
0.334176	0.0355173
0.329336	0.0286297
0.339995	0.0218372
0.337813	0.0206342
0.342758	0.00949179
0.393711	0.00809345
0.357655	0.000451171
0.297296	-0.0254785
0.337702	-0.0108077
0.318619	-0.0157885
0.307944	-0.0178072
0.279355	-0.0523479
0.292398	-0.0514033
0.275994	-0.0537103
0.293718	-0.0705159
0.287888	-0.0761397
0.326129	-0.0584314
0.340927	-0.0297041
0.315163	-0.0580315
0.315416	-0.0639571
0.31588	-0.0654317
0.294452	-0.0431247
0.295177	-0.0311151
0.363781	-0.0468905
0.334895	-0.0270124
0.335954	-0.0514901
0.325187	-0.0687459
0.324389	-0.0760749
0.306188	-0.0784156
0.309708	-0.07688
0.309617	-0.0807138
0.331367	-0.0702587
0.319396	-0.0887447
0.349047	-0.104478
0.338178	-0.100804
0.307355	-0.128288
0.307782	-0.130542
0.30077	-0.109826
0.28609	-0.106268
0.295274	-0.109326
0.301197	-0.131606
0.293883	-0.134207
0.322696	-0.149487
0.254427	-0.118122
0.249313	-0.0909792
0.278585	-0.140596
0.282784	-0.152998
0.275877	-0.142204
0.282263	-0.136952
0.260991	-0.135831
0.262833	-0.139141
0.245134	-0.112798
0.278413	-0.123202
0.270872	-0.112781
0.299461	-0.144279
0.29932	-0.158333
0.293014	-0.156656
0.284995	-0.119099
0.308321	-0.110338
0.285157	-0.097722
0.309662	-0.118086
0.305255	-0.116046
0.305447	-0.116125
0.3198	-0.107106
0.369799	-0.100608
0.325231	-0.0872545
0.319468	-0.0668503
0.339453	-0.0818597
0.319669	-0.0874902
0.330509	-0.094416
0.37627	-0.0716744
0.360084	-0.0614811
0.350969	-0.0377134
0.333107	-0.0394135
0.33513	-0.0383023
0.326046	-0.0573408
0.326085	-0.0696764
0.332636	-0.0696795
0.322902	-0.0777668
0.353849	-0.0490726
0.327712	-0.024141
0.348142	-0.0200738
0.347372	-0.0348596
0.328733	-0.00819415
0.324639	-0.0120724
0.32062	-0.00879895
0.343325	-0.0139124
0.349538	8.89882e-05
0.353302	0.00590257
0.365632	0.0257802
0.356366	0.0196935
0.354201	0.00738211
0.341438	-0.0184142
0.34622	-0.050756
0.346406	-0.0457861
0.332553	-0.0507514
0.315812	-0.0081917
0.304371	-0.011914
0.315904	-0.0108488
0.293881	0.0165735
0.319682	-0.0196652
0.321837	-0.0501899
0.313869	-0.0473682
0.310814	-0.0623114
0.29818	-0.0519973
0.31609	-0.0188237
0.305892	-0.0247151
0.315031	-0.014458
0.335525	-0.0213747
0.360992	0.00705767
0.358392	0.0106103
0.346875	0.0112896
0.308183	0.00217627
0.310437	0.00769862
0.314814	0.00297507
0.299247	0.0309451
0.310884	0.0307853
0.317763	0.0114114
0.319367	-2.85121e-05
0.31466	0.036882
0.368316	0.0143939
0.353622	0.0360529
0.360138	0.038778
0.342956	0.0343704
0.3203	0.038298
0.316224	0.00575411
0.315475	0.0094362
0.326797	0.00276896
0.324833	-0.00140718
0.2896	-0.0195644
0.303114	-0.0414192
0.318458	-0.0359046
0.321415	-0.0363249
0.28162	-0.0267275
0.334019	-0.01316
0.334084	-0.00218251
0.317413	-0.0121072
0.326833	-0.0179553
0.327188	-0.0169582
0.379895	-0.0105507
0.344772	0.000793889
0.320681	0.00307121
0.341194	-0.00366408
0.323129	0.0105852
0.334483	0.00995985
0.330542	0.00966733
0.347338	0.0267488
0.339674	0.0458645
0.348511	0.0587579
0.334765	0.0577551
0.338597	0.0615535
0.342373	0.0646114
0.334143	0.0600302
0.278302	0.0497153
0.285603	0.0867707
0.289389	0.0998219
0.289454	0.11587
0.292702	0.0987442
0.250098	0.0887127
0.270566	0.100295
0.278827	0.0701227
0.302453	0.0793535
0.316554	0.0835892
0.325303	0.0756131
0.326799	0.069848
0.343419	0.0787625
0.370838	0.043953
0.402937	0.0539437
0.338328	0.0434449
0.336394	0.0399862
0.329797	0.0406143
0.342133	0.0751921
0.320927	0.0847236
0.318339	0.0841783
0.304336	0.0759667
0.308898	0.0415804
0.301793	0.0155668
0.301036	0.0412303
0.318532	0.0574183
0.292319	0.073623
0.319817	0.0911892
0.313121	0.0924938
0.32983	0.112024
0.314546	0.105771
0.285594	0.101295
0.28787	0.109421
0.291732	0.113313
0.300138	0.113884
0.342108	0.130256
0.313181	0.15055
0.300274	0.150249
0.319057	0.143935
0.300226	0.132185
0.310287	0.134323
0.308368	0.12039
0.307546	0.11985
0.307589	0.101736
0.327347	0.112192
0.299151	0.094154
0.303642	0.0970276
0.317216	0.10863
0.302531	0.0819633
0.310147	0.045621
0.317443	0.0438674
0.328112	0.0205619
0.334646	0.0145966
0.326318	0.0259676
0.329111	0.043167
0.342003	0.0547196
0.325486	0.0542279
0.329103	0.00193289
0.321504	0.00675659
0.319792	-0.0063761
0.306246	-0.0222517
0.283379	-0.03351
0.304629	-0.0352434
0.315038	-0.0308134
0.318827	-0.0311224
0.297038	-0.0576026
0.331382	-0.0864045
0.269185	-0.128016
0.276376	-0.13025
0.286538	-0.135896
0.291321	-0.153844
0.256044	-0.237312
0.287716	-0.229904
0.23258	-0.242592
0.229887	-0.221878
0.210138	-0.197108
0.235152	-0.204024
0.256181	-0.190343
0.258956	-0.192671
0.263628	-0.193695
0.269428	-0.189101
0.251822	-0.209662
0.255415	-0.228794
0.273609	-0.275274
0.25101	-0.254527
0.239458	-0.256643
0.241541	-0.242995
0.234372	-0.238101
0.264916	-0.230644
0.214358	-0.18183
0.230099	-0.196545
0.245339	-0.191254
0.249607	-0.199276
0.263019	-0.211173
0.224054	-0.195103
0.230438	-0.215466
0.221198	-0.266846
0.255982	-0.247486
0.234139	-0.241563
0.245113	-0.226158
0.219756	-0.228828
0.222356	-0.23968
0.251092	-0.192066
0.272915	-0.196242
0.270338	-0.195824
0.24244	-0.152995
0.243708	-0.161932
0.272921	-0.190314
0.281903	-0.208915
0.260782	-0.233978
0.254446	-0.229575
0.219617	-0.207628
0.219783	-0.268038
0.22604	-0.263841
0.226616	-0.262719
0.215441	-0.263556
0.267528	-0.25933
0.249961	-0.257152
0.237469	-0.286095
0.227416	-0.266016
0.22916	-0.248409
0.204645	-0.255551
0.207837	-0.258383
0.225042	-0.244054
0.25512	-0.225826
0.247092	-0.226533
0.263438	-0.219008
0.261625	-0.175551
0.251879	-0.223146
0.250665	-0.219333
0.255244	-0.203695
0.255442	-0.200962
0.26058	-0.195122
0.261139	-0.223932
0.245341	-0.191984
0.249948	-0.219043
0.26342	-0.212671
0.271645	-0.187136
0.255471	-0.21071
0.262514	-0.204726
0.280721	-0.217995
0.261485	-0.214945
0.27055	-0.214966
0.293549	-0.247775
0.268099	-0.211252
0.261518	-0.217203
0.253556	-0.201606
0.294395	-0.175544
0.269275	-0.124596
0.273452	-0.127946
0.30265	-0.117978
0.323058	-0.128725
0.312635	-0.124723
0.301329	-0.140639
0.28815	-0.142253
0.277996	-0.150973
0.28813	-0.152906
0.288438	-0.144476
0.288291	-0.153166
0.302932	-0.163769
0.292299	-0.144556
0.355476	-0.128647
0.33061	-0.129758
0.330308	-0.0702756
0.315926	-0.0776485
0.33321	-0.0734016
0.318815	-0.0778017
0.311921	-0.0738668
0.313993	-0.0679163
0.323985	-0.0878349
0.333638	-0.10328
0.333749	-0.062685
0.323856	-0.0466343
0.339637	-0.0340536
0.340928	-0.011443
0.292032	-0.00651304
0.30961	-0.00986997
0.308087	-0.0189393
0.324499	-0.00395719
0.323018	-0.0020203
0.324805	-0.0128423
0.321207	-0.0154266
0.315405	-0.0141753
0.316721	-0.0242011
0.316036	-0.0446301
0.334129	-0.0289537
0.308162	-0.048732
0.294541	-0.0674936
0.304156	-0.0617704
0.313568	-0.0912708
0.292994	-0.126004
0.334774	-0.145881
0.314805	-0.135601
0.293741	-0.132229
0.275871	-0.146206
0.301032	-0.136246
0.31242	-0.140182
0.290485	-0.1253
0.301664	-0.116955
0.312699	-0.109127
0.311162	-0.112593
0.27965	-0.12556
0.285301	-0.127283
0.273041	-0.153625
0.277468	-0.154123
0.282123	-0.14645
0.276062	-0.13927
0.266252	-0.127089
0.297673	-0.140803
0.295477	-0.079062
0.32117	-0.0611599
0.326541	-0.0567272
0.334261	-0.0587826
0.31077	-0.0517868
0.321112	-0.051013
0.320253	-0.0670912
0.295851	-0.0617213
0.321411	-0.0357527
0.321298	-0.035787
0.323791	-0.0360934
0.325093	-0.0103953
0.290483	-0.0404305
0.315221	-0.0440905
0.343167	-0.0458408
0.329092	-0.0418282
0.370475	-0.0361329
0.343958	-0.0388066
0.350054	-0.0545205
0.315794	-0.0645474
0.319842	-0.0664757
0.301439	-0.0716198
0.305177	-0.0676973
0.29765	-0.0580924
0.289001	-0.100657
0.282108	-0.0970486
0.285553	-0.0903732
0.330798	-0.111523
0.327098	-0.0971444
0.320783	-0.09524
0.317747	-0.0935123
0.325874	-0.0953466
0.297825	-0.151965
0.304123	-0.156157
0.312178	-0.175916
0.299254	-0.173976
0.269942	-0.157331
0.279625	-0.176464
0.274244	-0.159589
0.274679	-0.163361
0.226508	-0.186526
0.237612	-0.195063
0.255199	-0.18882
0.281929	-0.202137
0.275409	-0.200953
0.26344	-0.183337
0.266465	-0.187084
0.286293	-0.189028
0.271268	-0.200243
0.30839	-0.236236
0.286153	-0.211987
0.265918	-0.203707
0.246798	-0.201007
0.253053	-0.200734
0.249875	-0.203327
0.22536	-0.218441
0.204822	-0.227643
0.206609	-0.251231
0.247109	-0.285323
0.227488	-0.266791
0.233594	-0.259548
0.199408	-0.230743
0.230468	-0.251464
0.211381	-0.235073
0.215437	-0.2581
0.212793	-0.254074
0.230418	-0.287002
0.215366	-0.285379
0.175168	-0.291123
0.187713	-0.286828
0.17763	-0.315573
0.202535	-0.276193
0.210114	-0.25123
0.210124	-0.250909
0.237768	-0.257992
0.222353	-0.25178
0.218608	-0.24889
0.231451	-0.247147
0.196827	-0.246516
0.207927	-0.237819
0.221532	-0.251136
0.212438	-0.233612
0.249364	-0.217748
0.252743	-0.220667
0.294595	-0.277342
0.27622	-0.276291
0.253513	-0.252904
0.241342	-0.233803
0.246224	-0.22739
0.226687	-0.203247
0.230005	-0.277478
0.249739	-0.248011
0.237212	-0.235448
0.249217	-0.241158
0.241991	-0.234883
0.23816	-0.22386
0.238992	-0.227398
0.237103	-0.240031
0.249898	-0.191224
0.247682	-0.201325
0.253752	-0.206983
0.233856	-0.215786
0.220399	-0.18843
0.230667	-0.198999
0.229567	-0.195054
0.243046	-0.209426
0.23208	-0.208773
0.228728	-0.167932
0.244393	-0.182764
0.255099	-0.191967
0.26008	-0.204213
0.250173	-0.194216
0.252214	-0.183464
0.270947	-0.210354
0.263955	-0.203616
0.258792	-0.189736
0.282128	-0.172004
0.288693	-0.156627
0.261744	-0.1227
0.292634	-0.13835
0.293982	-0.149913
0.293551	-0.125563
0.301593	-0.131507
0.323864	-0.132803
0.306022	-0.139478
0.302341	-0.136588
0.311414	-0.0992398
0.30433	-0.0949065
0.342659	-0.0823202
0.324799	-0.0786003
0.381366	-0.0503018
0.31528	-0.0568756
0.308896	-0.0806332
0.308122	-0.0638241
0.32521	-0.0871341
0.328636	-0.107544
0.321125	-0.107894
0.315373	-0.105849
0.31213	-0.132876
0.279109	-0.154266
0.292482	-0.173399
0.297193	-0.156829
0.265623	-0.118464
0.278105	-0.103506
0.274668	-0.08
0.307624	-0.0974229
0.270976	-0.0936595
0.303664	-0.113298
0.336525	-0.108002
0.320373	-0.0958963
0.30897	-0.110158
0.287806	-0.109937
0.280747	-0.132662
0.288165	-0.136838
0.30625	-0.134304
0.320706	-0.109197
0.304736	-0.0821285
0.350409	-0.0783264
0.350037	-0.0629916
0.353666	-0.0262963
0.329935	-0.025558
0.288019	-0.0360323
0.29968	-0.033931
0.33473	-0.0510222
0.323979	-0.0549044
0.31989	-0.0620218
0.336646	-0.0675642
0.319784	-0.0700054
0.327396	-0.0458787
0.322604	-0.0450132
0.332095	-0.0501128
0.322748	-0.0373785
0.316607	-0.0616594
0.297638	-0.0759731
0.305754	-0.0729883
0.340817	-0.0844325
0.32473	-0.0712607
0.320557	-0.0822968
0.326746	-0.0488897
0.34458	-0.0213023
0.329112	-0.0164661
0.323818	0.00970465
0.324995	0.00381613
0.317273	0.00540862
0.317161	0.0161912
0.312703	0.000725669
0.316755	0.00695614
0.32335	0.0047902
0.277112	-0.0374424
0.287176	-0.0352135
0.292003	-0.023346
0.288698	-0.0349056
0.282462	-0.0206071
0.299756	-0.0359909
0.342331	-0.0514976
0.348649	-0.0342858
0.325766	-0.0264881
0.341427	-0.0159354
0.339219	0.00845361
0.32479	0.0624193
0.297951	0.0699074
0.320355	0.0822951
0.298351	0.0656311
0.307356	0.0659378
0.315888	0.055718
0.292042	0.0576221
0.277271	0.08215
0.28969	0.0688924
0.314895	0.084925
0.308326	0.072535
0.307481	0.067975
0.321623	0.0624141
0.344385	0.0749798
0.332314	0.080916
0.323285	0.0826257
0.294728	0.0481048
0.30615	0.0393971
0.316569	0.0421873
0.351678	0.0681958
0.353938	0.0508012
0.347293	0.0369403
0.337397	0.0532737
0.334706	0.0576005
0.344001	0.0716185
0.3334	0.0517645
0.314941	0.0228099
0.279233	0.0265481
0.30073	0.0290256
0.318187	0.0260243
0.306518	0.016588
0.309243	0.0103971
0.290465	0.0539468
0.275611	0.0550911
0.306122	0.0623753
0.288969	0.0474021
0.307458	0.0417696
0.330883	0.0669277
0.29533	0.0585478
0.29449	0.0554162
0.300972	0.0502144
0.311412	0.0509869
0.317836	0.0511688
0.310891	0.0492306
0.292886	0.0595091
0.309749	0.0884302
0.32411	0.098995
0.329756	0.118137
0.307834	0.10967
0.333712	0.132138
0.325821	0.132984
0.292044	0.155092
0.262315	0.155965
0.288301	0.147085
0.299661	0.132738
0.299697	0.142383
0.284474	0.169195
0.282876	0.168307
0.272224	0.149445
0.280533	0.156003
0.282727	0.165082
0.282603	0.167758
0.302245	0.18395
0.292478	0.162871
0.271789	0.142826
0.271509	0.122897
0.282119	0.12076
0.252674	0.142638
0.270572	0.125971
0.269524	0.0744041
0.296876	0.0758233
0.268069	0.0652512
0.297717	0.0761993
0.310779	0.0873819
0.306934	0.0546603
0.301306	0.0764698
0.33206	0.0828415
0.3436	0.0566519
0.329721	0.020734
0.329626	0.0471074
0.328667	0.04421
0.3261	0.0466371
0.285949	0.073226
0.326556	0.09909
0.323592	0.0991785
0.318367	0.100074
0.314685	0.0993
0.299056	0.127458
0.300036	0.128168
0.271379	0.129064
0.277952	0.138528
0.279958	0.158607
0.292611	0.162297
0.302537	0.152859
0.297794	0.148113
0.295142	0.146742
0.250062	0.132821
0.252846	0.139987
0.260571	0.162667
0.269976	0.164601
0.251626	0.157795
0.306479	0.125879
0.306699	0.133098
0.312887	0.137431
0.337957	0.140982
0.302493	0.12182
0.30362	0.119121
0.304527	0.107817
0.310661	0.0759018
0.312555	0.0776518
0.314102	0.0799611
0.324595	0.0707406
0.309132	0.069414
0.315539	0.0593004
0.302234	0.0506904
0.318647	0.0521289
0.321214	0.0552356
0.325419	0.0643381
0.324985	0.0771279
0.321897	0.0770031
0.320279	0.0480694
0.32161	0.0473242
0.325641	0.0411413
0.337029	0.0533001
0.345843	0.033512
0.339458	0.0268845
0.291781	0.0249235
0.31238	0.0394628
0.311672	0.0383753
0.321368	0.0343517
0.33874	0.0276803
0.369802	0.0613996
0.332825	0.0645866
0.358696	0.0838598
0.333717	0.0779443
0.325851	0.071012
0.336815	0.0725097
0.329202	0.0685401
0.323945	0.06863
0.335318	0.0686525
0.337574	0.0644454
0.318436	0.0891202
0.316584	0.0988295
0.306344	0.088167
0.312453	0.0921559
0.364638	0.0760918
0.328186	0.0193676
0.354987	0.00188528
0.349095	-0.00299945
0.32499	-0.0187701
0.337171	-0.0235121
0.33263	-0.0188339
0.340866	-0.0282376
0.293211	-0.0347546
0.305823	-0.036628
0.26996	-0.0714101
0.281853	-0.0497172
0.275917	-0.0566583
0.284845	-0.040068
0.315354	-0.0525141
0.324391	-0.0486571
0.324622	-0.0513113
0.335084	-0.0176291
0.331024	-0.00417252
0.333858	-0.0239485
0.31978	-0.00192774
0.322843	-0.00244451
0.329647	0.00336713
0.328036	0.00347577
0.316936	-0.0168452
0.324626	-0.0119971
0.352126	-0.000673122
0.404361	0.00309283
0.369111	0.000402502
0.343439	0.0107512
0.334948	0.0118349
0.351584	0.0281288
0.336968	0.0120681
0.341991	0.00333354
0.352552	0.0203522
0.304636	0.0340901
0.322692	0.0369978
0.328601	0.0313786
0.337281	0.0385154
0.329541	0.0387834
0.349308	0.0666026
0.341088	0.0698013
0.327355	0.0584302
0.323855	0.0438004
0.292168	0.0674996
0.28818	0.106704
0.327976	0.140058
0.284869	0.111643
0.308712	0.136574
0.29106	0.111044
0.272733	0.104778
0.298712	0.123555
0.290191	0.117625
0.300764	0.105282
0.308781	0.101933
0.290492	0.111911
0.283271	0.0987416
0.301313	0.0949497
0.309431	0.0892333
0.310319	0.0780133
0.333652	0.078205
0.325066	0.0748147
0.322082	0.0740593
0.320812	0.0759594
0.345263	0.0976163
0.33964	0.0563108
0.336407	0.0728169
0.353421	0.0775617
0.339111	0.0737829
0.299315	0.0836359
0.304951	0.100214
0.310113	0.100283
0.302881	0.089591
0.29539	0.091064
0.326961	0.0963474
0.331171	0.097207
0.322301	0.0956656
0.331348	0.0985806
0.322262	0.121755
0.315798	0.120962
0.314798	0.114106
0.312093	0.11159
0.314861	0.113583
0.276677	0.0849424
0.315628	0.143532
0.353204	0.117301
0.355192	0.138656
0.327211	0.123335
0.323928	0.117177
0.299396	0.104435
0.302615	0.10522
0.322776	0.117103
0.298164	0.112852
0.277295	0.122194
0.285128	0.128493
0.291379	0.131848
0.306496	0.134046
0.308514	0.132152
0.277998	0.150038
0.292954	0.14915
0.311517	0.115255
0.319053	0.122683
0.302474	0.107481
0.303941	0.121203
0.332213	0.13392
0.317016	0.124782
0.319778	0.126965
0.306678	0.143592
0.296602	0.137047
0.280051	0.1165
0.288773	0.135004
0.288853	0.143448
0.285908	0.146828
0.312632	0.211689
0.274278	0.198053
0.27017	0.18231
0.300865	0.207653
0.291099	0.189054
0.282626	0.183376
0.286817	0.178185
0.286587	0.114088
0.268036	0.16026
