0.0919068	0.0340894
0.0919068	0.0340894
0.0919068	0.0340894
0.0919068	0.0340894
0.0919068	0.0340894
0.0919068	0.0340894
0.0919068	0.0340894
0.0919068	0.0340894
0.0919068	0.0340894
0.0919068	0.0340894
0.0919068	0.0340894
0.0919068	0.0340894
0.0919068	0.0340894
0.0919068	0.0340894
0.0919068	0.0340894
0.0919068	0.0340894
0.0919068	0.0340894
0.0919068	0.0340894
0.0919068	0.0340894
0.0919068	0.0340894
0.0919068	0.0340894
0.0919068	0.0340894
0.0919068	0.0340894
0.0919068	0.0340894
0.0919068	0.0340894
0.0919068	0.0340894
0.0919068	0.0340894
0.0919068	0.0340894
0.0919068	0.0340894
0.0919068	0.0340894
0.0919068	0.0340894
0.0919068	0.0340894
0.0919068	0.0340894
0.0919068	0.0340894
0.0919068	0.0340894
0.0919068	0.0340894
0.0919068	0.0340894
0.0919068	0.0340894
0.0919068	0.0340894
0.0919068	0.0340894
0.0919068	0.0340894
0.0919068	0.0340894
0.0919068	0.0340894
0.0919068	0.0340894
0.0919068	0.0340894
0.0919068	0.0340894
0.0919068	0.0340894
0.0919068	0.0340894
0.0919068	0.0340894
0.0919068	0.0340894
0.0919068	0.0340894
0.0919068	0.0340894
0.0919068	0.0340894
0.0919068	0.0340894
0.0919068	0.0340894
0.0919068	0.0340894
0.0919068	0.0340894
0.0919068	0.0340894
0.0919068	0.0340894
0.0919068	0.0340894
0.0919068	0.0340894
0.0919068	0.0340894
0.0919068	0.0340894
0.0919068	0.0340894
0.0919068	0.0340894
0.0919068	0.0340894
0.0919068	0.0340894
0.0919068	0.0340894
0.0919068	0.0340894
0.0919068	0.0340894
0.0919068	0.0340894
0.0919068	0.0340894
0.0919068	0.0340894
0.0919068	0.0340894
0.0919068	0.0340894
0.0919068	0.0340894
0.0919068	0.0340894
0.0919068	0.0340894
0.0919068	0.0340894
0.0919068	0.0340894
0.0919068	0.0340894
0.0919068	0.0340894
0.0919068	0.0340894
0.0919068	0.0340894
0.0919068	0.0340894
0.0919068	0.0340894
0.0919068	0.0340894
0.0919068	0.0340894
0.0919068	0.0340894
0.0919068	0.0340894
0.0919068	0.0340894
0.0919068	0.0340894
0.0919068	0.0340894
0.0919068	0.0340894
0.0919068	0.0340894
0.0919068	0.0340894
0.0919068	0.0340894
0.0919068	0.0340894
0.0919068	0.0340894
0.0919068	0.0340894
0.0919068	0.0340894
0.0919068	0.0340894
0.0919068	0.0340894
0.0919068	0.0340894
0.0919068	0.0340894
0.0919068	0.0340894
0.0919068	0.0340894
0.0919068	0.0340894
0.0919068	0.0340894
0.0919068	0.0340894
0.0919068	0.0340894
0.0919068	0.0340894
0.0919068	0.0340894
0.0919068	0.0340894
0.0919068	0.0340894
0.0919068	0.0340894
0.0919068	0.0340894
0.0919068	0.0340894
0.0919068	0.0340894
0.0919068	0.0340894
0.0919068	0.0340894
0.0919068	0.0340894
0.0919068	0.0340894
0.0919068	0.0340894
0.0919068	0.0340894
0.0919068	0.0340894
0.0919068	0.0340894
0.0919068	0.0340894
0.0919068	0.0340894
0.0919068	0.0340894
0.0919068	0.0340894
0.0919068	0.0340894
0.0919068	0.0340894
0.0919068	0.0340894
0.0919068	0.0340894
0.0919068	0.0340894
0.0919068	0.0340894
0.0919068	0.0340894
0.0919068	0.0340894
0.0919068	0.0340894
0.0919068	0.0340894
0.0919068	0.0340894
0.0919068	0.0340894
0.0919068	0.0340894
0.0919068	0.0340894
0.0919068	0.0340894
0.0919068	0.0340894
0.0919068	0.0340894
0.0919068	0.0340894
0.0919068	0.0340894
0.0919068	0.0340894
0.0919068	0.0340894
0.0919068	0.0340894
0.0919068	0.0340894
0.0919068	0.0340894
0.0919068	0.0340894
0.0919068	0.0340894
0.0919068	0.0340894
0.0919068	0.0340894
0.0919068	0.0340894
0.0919068	0.0340894
0.0919068	0.0340894
0.0919068	0.0340894
0.0919068	0.0340894
0.0919068	0.0340894
0.0919068	0.0340894
0.0919068	0.0340894
0.0919068	0.0340894
0.0919068	0.0340894
0.0919068	0.0340894
0.0919068	0.0340894
0.0919068	0.0340894
0.0919068	0.0340894
0.0919068	0.0340894
0.0919068	0.0340894
0.0919068	0.0340894
0.0919068	0.0340894
0.0919068	0.0340894
0.0919068	0.0340894
0.0919068	0.0340894
0.208673	-0.00167829
0.275307	0.0615879
0.277534	0.0329768
0.301461	0.0225453
0.34328	-0.0292356
0.33501	-0.00489452
0.324155	-0.0530745
0.320294	-0.0526336
0.307829	-0.042616
0.321205	-0.0794201
0.352714	-0.0655963
0.332274	-0.0838302
0.307232	-0.0913794
0.314323	-0.0899706
0.305217	-0.0870889
0.330518	-0.0538217
0.321581	-0.0960448
0.320517	-0.109663
0.333808	-0.104627
0.326048	-0.0786803
0.342715	-0.0780639
0.325809	-0.0710239
0.341425	-0.086866
0.330368	-0.10071
0.333465	-0.093532
0.332738	-0.0971481
0.311667	-0.0904693
0.313012	-0.0921545
0.322325	-0.110077
0.305727	-0.0988545
0.305967	-0.103641
0.316549	-0.0745884
0.317037	-0.0678365
0.316155	-0.0684049
0.315536	-0.0667752
0.331383	-0.0396489
0.347798	-0.0423792
0.333981	-0.0383786
0.326779	-0.045354
0.313859	-0.0219149
0.315324	-0.011306
0.340255	-0.0143226
0.326349	-0.0342653
0.326531	-0.0350738
0.315947	-0.0356152
0.341113	-0.037027
0.330868	-0.0238064
0.320049	-0.0234422
0.331916	-0.0393739
0.327941	-0.0414679
0.330455	-0.0470761
0.32616	-0.0792163
0.322925	-0.0768785
0.320451	-0.0845873
0.333155	-0.106857
0.318444	-0.108017
0.362638	-0.112133
0.386143	-0.11752
0.348903	-0.0964227
0.333902	-0.0843034
0.312053	-0.0808666
0.302107	-0.0840525
0.304518	-0.113797
0.305425	-0.11454
0.294477	-0.123577
0.268446	-0.119486
0.27767	-0.113823
0.291631	-0.119515
0.316421	-0.1413
0.346735	-0.136185
0.369341	-0.127987
0.311303	-0.0828219
0.319185	-0.0698454
0.316042	-0.0601957
0.316105	-0.0635432
0.316451	-0.0765157
0.328423	-0.0533395
0.350586	-0.0705248
0.330431	-0.0726735
0.284147	-0.052877
0.327076	-0.0272341
0.302277	-0.0497407
0.318312	-0.0665025
0.326051	-0.064089
0.324128	-0.0682739
0.325221	-0.0747342
0.321607	-0.0742926
0.327149	-0.082263
0.376199	-0.0864186
0.34262	-0.0777073
0.335098	-0.0853098
0.299423	-0.0866818
0.333387	-0.0824985
0.344084	-0.0782233
0.335381	-0.0795396
0.315287	-0.0856419
0.35353	-0.0731969
0.320027	-0.0598872
0.34878	-0.0168962
0.330994	-0.0207429
0.329713	-0.0254445
0.327126	-0.0297355
0.325878	-0.0311362
0.326593	-0.0432795
0.293797	-0.043188
0.290804	-0.0420001
0.276166	-0.0539551
0.291067	-0.0164115
0.300639	-0.0266447
0.300527	-0.0293725
0.308065	-0.0251296
0.328789	-0.0234242
0.312465	-0.0369016
0.317858	-0.0431395
0.307917	-0.0239746
0.305389	0.0135323
0.334788	0.00222976
0.321819	-0.0195003
0.330681	-0.0328491
0.332853	-0.00512762
0.317509	-0.00077079
0.321246	-0.00024565
0.320859	-0.00280738
0.34649	-0.0130552
0.347766	-0.0212485
0.31368	-0.0422988
0.353382	-0.033386
0.340072	-0.0293269
0.325398	-0.0400422
0.344372	-0.0342029
0.330855	-0.0257316
0.328478	-0.0257759
0.334769	-0.0315194
0.326457	-0.00541315
0.327431	-0.0140311
0.322046	-0.0121422
0.330016	-0.0143239
0.358533	-0.0811164
0.298961	-0.0803541
0.325461	-0.109581
0.31904	-0.109164
0.32804	-0.0923566
0.329351	-0.0999366
0.325036	-0.111295
0.332555	-0.122001
0.353194	-0.1253
0.32102	-0.0917544
0.309408	-0.0951168
0.355917	-0.124952
0.341967	-0.0912352
0.324502	-0.0838887
0.325849	-0.0672176
0.342727	-0.0988581
0.336174	-0.0822385
0.335398	-0.0916371
0.369826	-0.0389064
0.307762	-0.0293863
0.330123	-0.0593915
0.332862	-0.0612822
0.305158	-0.0777571
0.311782	-0.0491661
0.317291	-0.0418997
0.313841	-0.045503
0.334422	-0.039023
0.36483	-0.0423778
0.35615	-0.0347524
0.36506	0.00565511
0.355675	-0.00833616
0.338364	-0.0130451
0.31695	0.000286782
0.367833	-0.0196324
0.349591	-0.0262397
0.336997	-0.021546
0.3512	-0.0469536
0.338238	-0.0684579
0.33233	-0.0687792
0.325392	-0.067869
0.321308	-0.0569492
0.326273	-0.0549777
0.324415	-0.054756
0.321503	-0.0575099
0.288763	-0.012169
0.314363	0.000704264
0.31884	-0.00232319
0.316846	-0.00574737
0.314783	0.00399595
0.302585	0.0106549
0.323337	0.0133385
0.341909	0.00214463
0.332458	-0.03313
0.289639	-0.0296317
0.327515	-0.0108185
0.288654	0.00572499
0.307235	0.00589147
0.326065	0.0149952
0.328703	-0.0588491
0.332501	-0.0727536
0.33167	-0.0716491
0.320291	-0.058001
0.336366	-0.0807423
0.323872	-0.0693556
0.324836	-0.0688557
0.324678	-0.0746498
0.325531	-0.0677278
0.323841	-0.068082
0.3167	-0.0530224
0.330811	-0.045902
0.286954	-0.0544201
0.276052	-0.0800082
0.292728	-0.0856482
0.320885	-0.0970624
0.300435	-0.114419
0.300525	-0.103583
0.352288	-0.113845
0.323562	-0.116234
0.304726	-0.0723779
0.290246	-0.0682933
0.318949	-0.0772411
0.330892	-0.116725
0.319913	-0.106253
0.319363	-0.101686
0.332385	-0.11405
0.332297	-0.0972117
0.328228	-0.071396
0.346556	-0.0756501
0.344142	-0.0607417
0.36244	-0.0796571
0.310337	-0.109163
0.304542	-0.112933
0.323348	-0.140994
0.303397	-0.108714
0.300622	-0.115268
0.312285	-0.126361
0.309415	-0.120229
0.299876	-0.115947
0.279753	-0.108175
0.286303	-0.115535
0.26113	-0.142949
0.324511	-0.0835116
0.317911	-0.0724866
0.316703	-0.115607
0.320666	-0.107413
0.302398	-0.088672
0.311829	-0.0825556
0.298113	-0.0872577
0.319631	-0.0833921
0.273272	-0.0701831
0.270264	-0.0464305
0.306	-0.033399
0.31443	-0.027428
0.338121	-0.020758
0.330638	-0.0261096
0.281714	-0.0388951
0.271042	-0.0410562
0.293942	-0.0235517
0.309345	-0.0302158
0.337998	-0.0481778
0.348799	-0.0330405
0.336618	-0.031375
0.33625	-0.0359856
0.349661	-0.0481012
0.366713	-0.00219809
0.36781	0.0185687
0.346692	0.0282769
0.336074	0.0254592
0.330651	0.00910491
0.325144	0.00741803
0.337987	-0.00364672
0.308896	0.0416657
0.303125	-0.0195154
0.31826	-0.0161149
0.28813	-0.012793
0.335058	-0.0298398
0.309719	-0.0770489
0.304914	-0.0691351
0.315745	-0.0727182
0.307918	-0.0586066
0.312985	-0.0599458
0.33144	-0.0564464
0.332298	-0.0434317
0.30332	-0.0338894
0.297695	-0.0418945
0.307842	-0.0318245
0.335705	-0.0441898
0.318309	-0.035329
0.331815	-0.0608679
0.328558	-0.0585863
0.326235	-0.0859057
0.326264	-0.0813333
0.333762	-0.0511834
0.35934	-0.0317345
0.319041	-0.0443206
0.315013	-0.040667
0.314929	-0.0397063
0.313355	-0.0553778
0.316183	-0.056864
0.359722	-0.056115
0.311749	-0.085513
0.327803	-0.0029381
0.331338	-0.00902164
0.342087	-0.011751
0.316845	0.00571786
0.305815	0.00040251
0.308357	0.0142311
0.313913	0.0171406
0.336935	0.050036
0.329334	0.0493278
0.323414	0.0555277
0.339523	0.0813088
0.31312	0.0751416
0.304771	0.0745951
0.303382	0.078139
0.319309	0.0695461
0.329867	0.0550526
0.34456	0.0334865
0.371726	0.0514668
0.339462	0.0830765
0.355179	0.0800425
0.332339	0.0769212
0.320044	0.0851834
0.31097	0.0878253
0.314511	0.0899866
0.350469	0.042992
0.344352	0.0443522
0.335303	0.0840756
0.307592	0.0592869
0.316104	0.0533088
0.303349	0.0482655
0.331048	0.0400346
0.323253	0.040973
0.363007	-0.00244357
0.338783	0.0728041
0.310277	0.103483
0.29862	0.0869925
0.266703	0.106114
0.262005	0.139759
0.271032	0.134697
0.291585	0.13877
0.302729	0.153346
0.309601	0.145796
0.298956	0.143305
0.284361	0.121275
0.2857	0.147336
0.309014	0.142449
0.31773	0.142954
0.312709	0.125315
0.312159	0.120165
0.287732	0.139791
0.285836	0.130846
0.293248	0.092143
0.309827	0.0646386
0.336359	0.101932
0.341305	0.110935
0.307829	0.101687
0.319416	0.103394
0.296503	0.122423
0.302149	0.121947
0.309809	0.128159
0.30984	0.143942
0.305339	0.0842297
0.307368	0.111164
0.312418	0.0736204
0.320574	0.0516392
0.27344	0.0354376
0.29492	0.0566049
0.300254	0.0433798
0.311139	0.0337687
0.336564	0.00386716
0.328049	0.0165484
0.310646	0.029474
0.333258	-0.00365095
0.319125	0.000772938
0.317163	-0.0163551
0.307038	-0.0395695
0.306639	-0.0447807
0.334412	-0.0539062
0.326735	-0.034631
0.365263	-0.00752181
0.353346	-0.064406
0.352207	-0.0260504
0.35977	-0.0906596
0.368134	0.0217615
0.392554	-0.116358
0.384362	0.0117085
0.354721	-0.0540153
0.362053	0.0211713
0.340934	-0.105051
0.329471	-0.102292
0.284563	-0.123049
0.263587	-0.129949
0.281241	-0.154124
0.306536	-0.15464
0.305071	-0.158404
0.308505	-0.133696
0.299589	-0.141262
0.290058	-0.147858
0.289076	-0.146055
0.305534	-0.153255
0.279114	-0.139782
0.285023	-0.147902
0.27073	-0.162381
0.264755	-0.16775
0.266303	-0.17415
0.284798	-0.190585
0.259747	-0.200624
0.258385	-0.200765
0.234192	-0.169438
0.230127	-0.151857
0.252847	-0.172646
0.266325	-0.194443
0.26104	-0.194836
0.252675	-0.18168
0.250642	-0.182627
0.249537	-0.173643
0.251664	-0.191562
0.253563	-0.192727
0.242785	-0.22396
0.224209	-0.204568
0.225758	-0.190168
0.175157	-0.20536
0.178556	-0.234064
0.192518	-0.271612
0.201209	-0.27231
0.181525	-0.274513
0.153858	-0.226653
0.191273	-0.259494
0.192996	-0.265904
0.181369	-0.244841
0.203045	-0.225535
0.215455	-0.266401
0.216502	-0.255655
0.214244	-0.251096
0.221676	-0.239051
0.205937	-0.254168
0.230164	-0.247809
0.231159	-0.264672
0.199184	-0.277144
0.158241	-0.273049
0.166635	-0.281089
0.169488	-0.30289
0.179968	-0.296012
0.185079	-0.284593
0.195407	-0.26265
0.1854	-0.291245
0.209932	-0.267874
0.23537	-0.284104
0.223734	-0.266672
0.217957	-0.276262
0.229995	-0.25255
0.217528	-0.251885
0.235171	-0.239238
0.258758	-0.228736
0.253893	-0.219454
0.260743	-0.206949
0.271168	-0.213812
0.274955	-0.215715
0.269336	-0.226131
0.264566	-0.216198
0.275624	-0.200622
0.269737	-0.192557
0.234839	-0.16499
0.225044	-0.182731
0.286303	-0.156354
0.283015	-0.164981
0.273332	-0.151465
0.283464	-0.141402
0.293134	-0.137883
0.298751	-0.135853
0.320553	-0.119787
0.306182	-0.112825
0.297253	-0.149028
0.31963	-0.169929
0.313406	-0.161795
0.305853	-0.150624
0.301665	-0.150741
0.300573	-0.153952
0.338067	-0.136602
0.308039	-0.14202
0.325602	-0.135178
0.277079	-0.137258
0.291086	-0.136601
0.292238	-0.138589
0.334335	-0.150057
0.321297	-0.138868
0.316016	-0.106581
0.325478	-0.137344
0.310059	-0.190595
0.300908	-0.140016
0.294945	-0.136909
0.277848	-0.151054
0.306974	-0.137174
0.298074	-0.141547
0.302674	-0.126512
0.309515	-0.100065
0.312904	-0.095453
0.301439	-0.0988497
0.290203	-0.0976162
0.31239	-0.0823743
0.312862	-0.0582058
0.321853	-0.060924
0.321744	-0.0632409
0.300945	-0.065972
0.314299	-0.0575517
0.315819	-0.0547443
0.313662	-0.0532801
0.339482	-0.0634403
0.310484	-0.038504
0.317807	-0.0416662
0.332592	-0.0345105
0.328511	-0.0349027
0.322918	-0.0274666
0.324905	-0.0218258
0.323289	-0.0323413
0.325819	0.00206933
0.305844	-0.0357697
0.389345	-0.041182
0.355174	-0.0547103
0.350142	-0.0311658
0.336111	-0.0273272
0.30824	-0.00552014
0.317439	-0.105071
0.312846	-0.0619262
0.308151	-0.0692666
0.310052	-0.0696251
0.314974	-0.0736128
0.324315	-0.0817676
0.322841	-0.0726986
0.298521	-0.0843784
0.297839	-0.080434
0.362343	-0.0955879
0.362882	-0.129716
0.333663	-0.117487
0.313893	-0.11198
0.309793	-0.107503
0.316102	-0.101912
0.313918	-0.124474
0.314212	-0.12436
0.349502	-0.134866
0.328724	-0.126272
0.330932	-0.0985489
0.343542	-0.120452
0.315143	-0.117705
0.317319	-0.0994136
0.350158	-0.0894595
0.314111	-0.110227
0.317982	-0.112246
0.313182	-0.112525
0.292109	-0.116175
0.313383	-0.11355
0.314403	-0.105606
0.294593	-0.126986
0.30365	-0.136828
0.309361	-0.149699
0.312395	-0.13889
0.319253	-0.119844
0.301907	-0.143842
0.311115	-0.140159
0.278418	-0.119926
0.275285	-0.158206
0.287702	-0.130505
0.290413	-0.16062
0.257452	-0.11314
0.265153	-0.151329
0.281872	-0.136264
0.281518	-0.155681
0.281472	-0.1609
0.223973	-0.172165
0.241552	-0.184685
0.187803	-0.155301
0.15742	-0.181908
0.219818	-0.243618
0.243129	-0.272107
0.235557	-0.247145
0.22853	-0.24415
0.224555	-0.222115
0.22901	-0.225251
0.207833	-0.195212
0.249625	-0.233177
0.241211	-0.232375
0.226742	-0.20184
0.214789	-0.20072
0.184111	-0.185826
0.210517	-0.213316
0.219896	-0.223708
0.159171	-0.241011
0.180005	-0.267689
0.186112	-0.270306
0.179907	-0.284851
0.182632	-0.286645
0.178743	-0.28159
0.205619	-0.291155
0.210393	-0.274701
0.184958	-0.281187
0.147953	-0.239907
0.117136	-0.288451
0.102017	-0.287633
0.195234	-0.25088
0.197831	-0.273286
0.195435	-0.27052
0.191024	-0.283051
0.193803	-0.258303
0.219837	-0.236204
0.211854	-0.238067
0.247806	-0.227923
0.248345	-0.239039
0.243217	-0.237625
0.221423	-0.231287
0.192208	-0.203544
0.193634	-0.200957
0.210956	-0.212523
0.22816	-0.232998
0.229258	-0.229227
0.231156	-0.219808
0.233089	-0.21901
0.250033	-0.21552
0.246753	-0.223549
0.232846	-0.241681
0.230614	-0.220309
0.213398	-0.220835
0.253174	-0.24232
0.268623	-0.237798
0.257544	-0.227727
0.24481	-0.213804
0.239117	-0.212448
0.243543	-0.214104
0.231975	-0.200589
0.233666	-0.177036
0.26417	-0.155484
0.284193	-0.143047
0.278827	-0.151339
0.298982	-0.159986
0.293903	-0.13799
0.276258	-0.154298
0.279537	-0.159613
0.283386	-0.15688
0.305521	-0.167004
0.273095	-0.1574
0.247128	-0.161836
0.26169	-0.171983
0.277081	-0.166905
0.281612	-0.165975
0.28851	-0.160718
0.312411	-0.19869
0.302536	-0.20328
0.286808	-0.201804
0.276099	-0.221079
0.273057	-0.218519
0.267021	-0.210419
0.257135	-0.174595
0.282287	-0.172195
0.25662	-0.13917
0.279142	-0.130231
0.272468	-0.122485
0.291445	-0.150124
0.292814	-0.147145
0.258707	-0.158063
0.284973	-0.169875
0.286434	-0.171315
0.303303	-0.190233
0.297826	-0.164384
0.276185	-0.167651
0.294146	-0.161574
0.28668	-0.165165
0.281847	-0.16702
0.284415	-0.159033
0.293079	-0.157438
0.299967	-0.178611
0.29703	-0.150717
0.28121	-0.167675
0.265933	-0.141814
0.264162	-0.128668
0.275289	-0.127434
0.285503	-0.131188
0.283493	-0.133845
0.289354	-0.124322
0.296465	-0.169794
0.319192	-0.0746647
0.312619	-0.0758026
0.296035	-0.098324
0.298776	-0.113185
0.313868	-0.129474
0.287705	-0.0972849
0.324207	-0.103738
0.309366	-0.102589
0.344645	-0.0959643
0.38042	-0.099131
0.304721	-0.0643495
0.332425	-0.0773935
0.358351	-0.0935506
0.306913	-0.0731241
0.307357	-0.0817908
0.325822	-0.0868345
0.319963	-0.0853651
0.291955	-0.0950773
0.308515	-0.0823752
0.271729	-0.0953034
0.296975	-0.0463115
0.308937	-0.0386979
0.315664	-0.0332414
0.337972	-0.0131528
0.322678	0.0099897
0.325225	0.0128524
0.326513	-0.00607233
0.341061	0.0623916
0.369787	0.073094
0.350216	0.0684657
0.346773	0.038747
0.336545	0.0359788
0.301903	0.0101629
0.320868	0.00295868
0.311482	0.00965125
0.334102	0.0211682
0.313899	0.00668949
0.369455	-0.0151083
0.347028	-0.019096
0.35274	-0.0208533
0.322405	0.00193673
0.321106	-0.00102718
0.330854	-0.00484069
0.369596	-0.00676493
0.378976	-0.0221205
0.364969	-0.0174758
0.356372	0.000495513
0.374033	0.0231646
0.326772	0.0183542
0.313061	0.00153953
0.311622	-0.0317251
0.310529	0.00811479
0.338692	0.00930061
0.332194	0.0248372
0.329168	0.0204021
0.333335	0.023318
0.335844	0.0357824
0.330201	0.0350355
0.306684	0.0403402
0.314651	0.0407713
0.338487	0.0328382
0.312331	-0.00266453
0.321357	0.0568085
0.30927	0.0916628
0.26064	0.113895
0.257105	0.106895
0.25554	0.116538
0.282897	0.125083
0.295779	0.110681
0.303251	0.148564
0.291578	0.143698
0.301812	0.0977555
0.331799	0.0870409
0.332706	0.0720865
0.3075	0.096403
0.291155	0.064144
0.302678	0.0626788
0.315186	0.0866271
0.36677	0.124372
0.358984	0.144829
0.350343	0.127407
0.317181	0.114697
0.295133	0.112328
0.314772	0.148921
0.288618	0.164922
0.275257	0.160233
0.307718	0.162587
0.28794	0.159601
0.312587	0.172949
0.317671	0.149765
0.316928	0.127117
0.311917	0.0660388
0.304094	0.110693
0.300881	0.0998337
0.299899	0.200232
0.254638	0.180649
0.240317	0.180472
0.252692	0.185348
0.244111	0.193971
0.226106	0.198786
0.259727	0.201073
0.256653	0.236428
0.223085	0.213219
0.218905	0.195543
0.230975	0.205929
0.247587	0.213987
0.253756	0.214761
0.24948	0.209638
0.253239	0.207319
0.237784	0.206068
0.246985	0.215107
0.24951	0.243239
0.244973	0.235934
0.255554	0.225842
0.223709	0.197143
0.197285	0.206238
0.336516	0.132906
0.337724	0.124256
0.355409	0.0680241
0.33723	0.059367
0.337307	0.0488321
0.317204	0.0619527
0.331908	0.0420523
0.353048	0.0561463
0.358291	0.0533082
0.33881	0.0375446
0.327285	0.0511853
0.319681	0.0565749
0.353318	0.062431
0.344278	0.0666536
0.333462	0.0741128
0.340227	0.0636189
0.335962	0.0653865
0.32501	0.0685058
0.364631	0.0807536
0.31569	0.0685574
0.321022	0.0728832
0.313214	0.0732831
0.352258	0.0673163
0.337407	0.0617294
0.305267	0.0490991
0.319954	0.0533299
0.348154	0.0528174
0.342892	0.0260564
