0.0883517	0.0931457
0.0883517	0.0931457
0.0883517	0.0931457
0.0883517	0.0931457
0.0883517	0.0931457
0.0883517	0.0931457
0.0883517	0.0931457
0.0883517	0.0931457
0.0883517	0.0931457
0.0883517	0.0931457
0.0883517	0.0931457
0.0883517	0.0931457
0.0883517	0.0931457
0.0883517	0.0931457
0.0883517	0.0931457
0.0883517	0.0931457
0.0883517	0.0931457
0.0883517	0.0931457
0.0883517	0.0931457
0.0883517	0.0931457
0.0883517	0.0931457
0.0883517	0.0931457
0.0883517	0.0931457
0.0883517	0.0931457
0.0883517	0.0931457
0.0883517	0.0931457
0.0883517	0.0931457
0.0883517	0.0931457
0.0883517	0.0931457
0.0883517	0.0931457
0.156204	0.162599
0.204869	0.185797
0.26553	0.216521
0.25577	0.202799
0.242146	0.210938
0.245825	0.212967
0.225173	0.1981
0.237026	0.19373
0.218441	0.22853
0.222204	0.23226
0.212229	0.22608
0.219829	0.265165
0.22265	0.258093
0.222036	0.282746
0.221756	0.261931
0.218325	0.242702
0.275286	0.249833
0.131154	0.294924
0.133893	0.285988
0.128748	0.30491
0.14989	0.3331
0.145712	0.317338
0.152366	0.30111
0.144584	0.30488
0.170754	0.308134
0.164746	0.297397
0.168141	0.228387
0.196174	0.240129
0.221447	0.219498
0.15608	0.317229
0.153119	0.296511
0.146787	0.292149
0.146255	0.299075
0.142435	0.312773
0.146716	0.28958
0.170014	0.334459
0.184192	0.332466
0.179068	0.3162
0.194411	0.287541
0.182274	0.28004
0.202198	0.296323
0.195258	0.264852
0.172202	0.282411
0.171872	0.313432
0.156133	0.277838
0.167921	0.27486
0.145491	0.284931
0.147038	0.291566
0.137262	0.316192
0.135206	0.309791
0.133449	0.316635
0.0897655	0.296988
0.0736985	0.284903
0.116794	0.319889
0.145711	0.315732
0.144309	0.312726
0.121674	0.303609
0.11524	0.265411
0.209657	0.279154
0.153828	0.285772
0.173088	0.270365
0.183833	0.271292
0.163707	0.297352
0.160038	0.290361
0.159186	0.28911
0.175381	0.302574
0.206224	0.305427
0.200588	0.292021
0.179945	0.286949
0.181183	0.279642
0.189824	0.275837
0.179125	0.25663
0.182892	0.263517
0.197515	0.245335
0.211689	0.227823
0.112711	0.323356
0.118086	0.325048
0.123193	0.324334
0.0923684	0.301391
0.127546	0.29751
0.127632	0.283856
0.12904	0.300343
0.096022	0.317865
0.0896508	0.338678
0.0886215	0.329339
0.0756556	0.306922
0.0639498	0.344648
0.0907023	0.332419
0.0969332	0.345322
0.100051	0.299122
0.0958393	0.304064
0.0929011	0.311449
0.0930182	0.312398
0.119702	0.338841
0.124932	0.358387
0.148636	0.347458
0.143555	0.322057
0.137603	0.328131
0.150953	0.317147
0.161975	0.306375
0.164528	0.282035
0.10864	0.237906
0.129024	0.271042
0.146593	0.300353
0.138204	0.296932
0.148557	0.308069
0.139075	0.294719
0.137364	0.301259
0.0857764	0.250144
0.088226	0.284457
0.105909	0.289708
0.130338	0.317364
0.130284	0.320384
0.169972	0.305721
0.1694	0.298174
0.200624	0.290404
0.173288	0.273788
0.158222	0.260713
0.149802	0.24713
0.156642	0.257733
0.14942	0.289469
0.12419	0.304091
0.125795	0.303549
0.131878	0.312238
0.12717	0.314269
0.113795	0.306328
0.126699	0.308075
0.124326	0.30569
0.107258	0.280673
0.112194	0.293527
0.116793	0.315711
0.0946669	0.337393
0.101252	0.312332
0.130407	0.309615
0.167148	0.25549
0.176937	0.316404
0.153973	0.301495
0.150754	0.2967
0.154731	0.262259
0.149698	0.274005
0.152026	0.279787
0.199936	0.278837
0.174189	0.245
0.184653	0.250106
0.193507	0.243876
0.185989	0.247432
0.221695	0.227803
0.223763	0.228027
0.223755	0.232126
0.209342	0.210182
0.207167	0.234282
0.185301	0.219942
0.195725	0.239007
0.182372	0.23123
0.18575	0.2359
0.182281	0.286839
0.151266	0.24253
0.161935	0.259758
0.145712	0.239414
0.169056	0.266499
0.187501	0.25934
0.188474	0.263259
0.183395	0.225138
0.193145	0.256089
0.17125	0.278659
0.21813	0.247357
0.237556	0.249152
0.23157	0.242998
0.232347	0.247398
0.21084	0.241171
0.245451	0.255831
0.242521	0.277115
0.232415	0.260438
0.232009	0.257269
0.207824	0.243757
0.205536	0.241478
0.205999	0.259087
0.190393	0.307626
0.181855	0.291412
0.172313	0.288473
0.186359	0.283213
0.162853	0.308664
0.164711	0.30459
0.160688	0.295175
0.178911	0.277357
0.154496	0.310762
0.153975	0.287733
0.140848	0.278486
0.105354	0.309552
0.10067	0.280624
0.119622	0.330869
0.106128	0.31364
0.095781	0.329341
0.102721	0.300172
0.113245	0.323665
0.0682862	0.316612
0.112464	0.251405
0.148517	0.27332
0.14917	0.280399
0.165713	0.27719
0.172634	0.292095
0.167391	0.287539
0.176933	0.277593
0.188997	0.280216
0.178779	0.276127
0.177607	0.267356
0.198214	0.245203
0.189772	0.25205
0.244945	0.275231
0.226924	0.249019
0.21236	0.231162
0.206913	0.247476
0.236866	0.243743
0.216355	0.218325
0.207873	0.216111
0.237404	0.211318
0.228217	0.223137
0.23679	0.235964
0.21346	0.215638
0.198088	0.222801
0.212225	0.235479
0.226998	0.241786
0.2483	0.239022
0.232269	0.28314
0.218265	0.267537
0.224933	0.247316
0.224517	0.245988
0.243729	0.256487
0.279538	0.279591
0.223459	0.313437
0.208948	0.287722
0.216967	0.28932
0.201492	0.281036
0.183923	0.26426
0.191584	0.250705
0.177839	0.266467
0.183907	0.251696
0.182989	0.228118
0.20526	0.237819
0.219247	0.21142
0.212286	0.186465
0.217346	0.152735
0.242781	0.171331
0.247809	0.163498
0.248311	0.174483
0.224208	0.171653
0.244703	0.193233
0.219084	0.206808
0.220551	0.21753
0.22596	0.221343
0.208959	0.253162
0.207858	0.257633
0.218465	0.227816
0.207941	0.23939
0.215679	0.24612
0.214114	0.244122
0.205246	0.23804
0.168153	0.258369
0.156212	0.27334
0.139019	0.26886
0.158482	0.269463
0.131376	0.277399
0.10739	0.274096
0.115835	0.273499
0.12046	0.282657
0.117716	0.264783
0.111105	0.270343
0.116914	0.285152
0.111071	0.307822
0.114441	0.308786
0.126396	0.353924
0.0886965	0.291065
0.112966	0.269171
0.118501	0.287325
0.0971125	0.298912
0.102099	0.305459
0.103319	0.307556
0.0988985	0.336498
0.0605259	0.375675
0.0852469	0.386429
0.0698834	0.364879
0.0566174	0.324209
0.0503447	0.321396
0.0504028	0.32303
0.0845742	0.32763
0.0708673	0.337914
0.05392	0.314585
0.0704012	0.329717
0.0850343	0.329983
0.113739	0.347243
0.153063	0.308736
0.155731	0.279814
0.162647	0.288941
0.173255	0.280004
0.167922	0.280077
0.152223	0.279528
0.15807	0.318952
0.15548	0.308044
0.162938	0.301365
0.135935	0.322264
0.0916592	0.352279
0.0896395	0.338121
0.0737348	0.329547
0.0708243	0.319278
0.0504525	0.284249
0.0230855	0.349115
0.0502633	0.323505
0.0276305	0.344107
0.0283737	0.337926
0.0206405	0.330635
0.0303408	0.317541
0.0257239	0.341257
0.017168	0.337674
0.0142297	0.330011
0.0341421	0.302909
0.0219591	0.327
-0.00319848	0.300929
-0.00390718	0.296462
-0.00563785	0.310773
0.0168334	0.310816
0.0167568	0.335373
0.0138593	0.313813
0.0135217	0.320793
-0.00301958	0.32631
-0.0070958	0.340141
-0.0103719	0.310897
-0.0118516	0.303062
-0.0148038	0.30507
-0.0234654	0.310433
0.0229096	0.364883
0.0647855	0.314911
0.0828395	0.325541
0.14603	0.31784
0.155696	0.320287
0.130096	0.293491
0.133187	0.302763
0.171679	0.367318
0.152889	0.33249
0.142633	0.310343
0.149842	0.294291
0.165391	0.303562
0.16033	0.295051
0.162013	0.295742
0.149953	0.263903
0.1555	0.273524
0.160093	0.277811
0.177976	0.31504
0.149732	0.304391
0.12097	0.269289
0.140853	0.288135
0.147343	0.303798
0.147713	0.295307
0.139101	0.298928
0.141586	0.289672
0.144323	0.250252
0.155943	0.265276
0.161338	0.279255
0.164921	0.299104
0.169331	0.287131
0.146247	0.301069
0.156584	0.317359
0.128714	0.367613
0.125655	0.349634
0.121399	0.334372
0.0854327	0.339344
0.046488	0.266787
0.0590045	0.30035
0.064102	0.319167
0.05338	0.301873
0.0510809	0.31348
0.0446827	0.324525
0.0409482	0.322
0.0648804	0.293222
0.0582681	0.315678
0.0734654	0.328722
0.070927	0.323313
0.0851248	0.289775
0.117524	0.323315
0.117196	0.296644
0.135333	0.295675
0.141765	0.302628
0.146958	0.30603
0.144254	0.30448
0.113591	0.304509
0.111575	0.305505
0.0989746	0.298425
0.0794954	0.303244
0.0544041	0.32241
0.0517105	0.320425
0.0420747	0.322935
0.0413804	0.327669
0.0433112	0.323545
0.00977233	0.323546
0.00292153	0.320849
-0.0251071	0.320345
-0.00653102	0.317369
0.00357727	0.347102
-0.0124735	0.340833
-0.01594	0.355432
-0.0360448	0.303423
-0.0982116	0.292152
-0.092294	0.320549
-0.0813142	0.314293
-0.0911804	0.316559
-0.100543	0.274119
-0.104389	0.292974
-0.13113	0.316195
-0.124141	0.311453
-0.122062	0.298429
-0.131973	0.327122
-0.126453	0.31633
-0.118736	0.319737
-0.11942	0.331389
-0.115939	0.3175
-0.130576	0.324291
-0.102203	0.310216
-0.124352	0.290592
-0.109775	0.244704
-0.103768	0.278361
-0.105972	0.275136
-0.071632	0.304732
-0.0608653	0.330587
-0.0756521	0.309888
-0.0784285	0.314107
-0.104378	0.33115
-0.0799836	0.323041
-0.0841812	0.326838
-0.102197	0.293552
-0.104853	0.301173
-0.0902184	0.306611
-0.0848347	0.287453
-0.0773921	0.285532
-0.0829336	0.305529
-0.0724756	0.322235
-0.0875942	0.302068
-0.101856	0.290749
-0.104561	0.300946
-0.0978881	0.33456
-0.0989601	0.32067
-0.0742135	0.309341
-0.0781492	0.331067
-0.0762701	0.326316
-0.0631819	0.330503
-0.0753926	0.326163
-0.0433456	0.336927
-0.0429607	0.331133
-0.0491945	0.329382
-0.0490945	0.325432
-0.0849048	0.281861
-0.122687	0.306728
-0.103541	0.300714
-0.10182	0.31072
-0.0905963	0.313409
-0.0873643	0.299318
-0.0883401	0.307367
-0.0853676	0.306725
-0.0770145	0.3214
-0.0784674	0.319531
-0.0952804	0.310197
-0.0911306	0.310638
-0.0859207	0.305637
-0.0823206	0.304253
-0.100569	0.262258
-0.103609	0.274433
-0.098219	0.290912
-0.0812488	0.266827
-0.0966235	0.256033
-0.113606	0.276652
-0.110712	0.257973
-0.133205	0.256423
-0.138199	0.269704
-0.143654	0.274624
-0.133518	0.287494
-0.117609	0.270493
-0.130537	0.277206
-0.135117	0.284799
-0.12707	0.265167
-0.16711	0.281376
-0.124121	0.26381
-0.116111	0.268941
-0.109729	0.276137
-0.122655	0.297167
-0.125119	0.305702
-0.103444	0.299572
-0.131204	0.322194
-0.126297	0.310791
-0.132369	0.308678
-0.0944065	0.307322
-0.106328	0.307531
-0.127833	0.26064
-0.12496	0.27837
-0.136977	0.284787
-0.133379	0.27738
-0.133369	0.289038
-0.136753	0.297691
-0.143414	0.297642
-0.131501	0.297518
-0.135452	0.289903
-0.118098	0.270076
-0.122828	0.266256
-0.130847	0.279135
-0.133894	0.255572
-0.158286	0.26827
-0.212097	0.306417
-0.20021	0.286581
-0.173514	0.278949
-0.165003	0.289722
-0.178237	0.272033
-0.18628	0.246761
-0.205948	0.252012
-0.198711	0.232331
-0.197639	0.21936
-0.212212	0.237479
-0.234519	0.205978
-0.235934	0.203313
-0.213239	0.214306
-0.233312	0.211376
-0.231832	0.254369
-0.225356	0.24036
-0.214057	0.237471
-0.208313	0.236108
-0.212389	0.242376
-0.211624	0.22731
-0.216792	0.233712
-0.216387	0.25096
-0.235087	0.212706
-0.240504	0.229719
-0.239071	0.224197
-0.28201	0.248956
-0.284036	0.237032
-0.252596	0.209859
-0.208716	0.229406
-0.219808	0.23672
-0.243228	0.24354
-0.215727	0.253724
-0.231682	0.258458
-0.210954	0.288846
-0.203089	0.275631
-0.198963	0.266107
-0.219366	0.273997
-0.197699	0.216687
-0.207354	0.232101
-0.212692	0.238046
-0.213861	0.241062
-0.207428	0.246328
-0.208659	0.265638
-0.199629	0.252641
-0.184165	0.253981
-0.207749	0.270577
-0.204746	0.261944
-0.182897	0.240978
-0.201653	0.244556
-0.201999	0.264242
-0.196502	0.245557
-0.199744	0.247353
-0.174649	0.262241
-0.167258	0.259184
-0.160706	0.293645
-0.161151	0.297904
-0.13507	0.27681
-0.134986	0.309894
-0.134752	0.327426
-0.0985583	0.316757
-0.100817	0.321115
-0.114641	0.297863
-0.101475	0.323816
-0.0869391	0.322887
-0.0777712	0.324319
-0.0846599	0.326617
-0.0902065	0.322745
-0.0807153	0.284103
-0.0978527	0.277826
-0.105276	0.291177
-0.107938	0.272605
-0.145549	0.284841
-0.140219	0.285073
-0.117114	0.309083
-0.118479	0.309223
-0.118506	0.299527
-0.119853	0.286877
-0.123423	0.298411
-0.133013	0.283554
-0.0965312	0.2523
-0.103047	0.28102
-0.110013	0.30002
-0.0832607	0.276207
-0.088815	0.29485
-0.0375035	0.337612
-0.052132	0.32974
-0.0494141	0.332772
-0.0315981	0.336252
-0.035069	0.330179
-0.0428004	0.315264
-0.0520009	0.329608
-0.0505235	0.325737
-0.0597197	0.292529
-0.0590413	0.313381
-0.0571275	0.312082
-0.0202153	0.316235
-0.0204324	0.339276
-0.0279721	0.349643
-0.0356836	0.371105
-0.0202309	0.344673
-0.0157225	0.355916
0.0238751	0.318728
-0.0138982	0.32015
-0.0124332	0.31179
0.0064009	0.34469
-0.0106813	0.328652
-0.0350644	0.34166
-0.0347008	0.341792
-0.0484586	0.322179
-0.0560257	0.311992
-0.0568915	0.323655
-0.0694676	0.312531
-0.10377	0.333678
-0.0910811	0.323573
-0.0870127	0.327974
-0.0402323	0.351767
-0.0834074	0.382759
-0.0941884	0.333725
-0.104006	0.337196
-0.0992608	0.317638
-0.093569	0.304212
-0.0955291	0.328464
-0.0916056	0.320038
-0.0893029	0.327111
-0.0897906	0.283942
-0.0942502	0.297263
-0.101635	0.303809
-0.07115	0.336408
-0.0556329	0.364879
-0.0527349	0.341786
-0.0334851	0.31579
-0.0506556	0.313763
-0.0553722	0.314514
-0.0565984	0.318789
-0.0636058	0.335777
-0.0586939	0.309367
-0.0557005	0.329715
-0.0666488	0.324555
-0.0710337	0.315382
-0.0724878	0.33134
-0.0760872	0.323862
-0.0671687	0.326842
-0.0680755	0.329289
-0.0773311	0.318015
-0.0730867	0.302195
-0.0838246	0.329316
-0.0587216	0.313087
-0.0375071	0.344014
-0.0365809	0.333277
-0.0252969	0.306154
-0.0270082	0.312473
-0.0470318	0.326424
-0.0508996	0.321718
-0.0466834	0.282998
-0.0287761	0.288575
-0.0415256	0.29418
-0.0781873	0.289993
-0.0820542	0.301826
-0.0812755	0.305111
-0.0763873	0.334667
-0.0954632	0.323877
-0.117749	0.305361
-0.124921	0.299669
-0.122141	0.299997
-0.12505	0.303259
-0.126752	0.304688
-0.131364	0.271863
-0.159084	0.277187
-0.162348	0.277626
-0.108848	0.28404
-0.107853	0.321782
-0.0648084	0.306144
-0.061501	0.324349
-0.0604264	0.326969
-0.0758482	0.327673
-0.0989587	0.37868
-0.086079	0.356343
-0.0552674	0.328999
-0.0420173	0.323898
-0.0456162	0.338827
-0.0572218	0.360831
-0.0276745	0.316736
-0.0138067	0.343332
0.0198792	0.321493
0.0076339	0.300139
0.0379615	0.328052
0.0249234	0.349284
-0.00455431	0.350864
-0.0163219	0.346283
-0.0231141	0.338829
-0.0366796	0.346983
-0.0210491	0.31484
-0.0153234	0.302313
-0.0141822	0.296008
0.00578707	0.30688
-0.00215071	0.336159
0.036959	0.357735
0.0311995	0.337188
0.0311136	0.336017
0.0714971	0.309564
0.0706085	0.315686
0.0522503	0.303352
0.0451044	0.293313
0.0719888	0.357145
0.0858355	0.364566
0.0805531	0.341449
0.0796571	0.330489
0.0956885	0.310118
0.07507	0.313645
0.077713	0.315866
0.0834461	0.304295
0.0883169	0.319595
0.0828942	0.357241
0.0682838	0.35579
0.0684974	0.351107
0.0354264	0.331515
0.00893702	0.31893
-0.0104409	0.333822
0.00104043	0.341238
-0.00926232	0.33229
-0.00836352	0.346596
0.0215625	0.344784
-0.0127463	0.336532
-0.00805914	0.35496
0.0168963	0.33243
0.0445776	0.319493
0.0456497	0.320562
0.0340414	0.33359
0.0314927	0.326655
0.0260841	0.326128
0.0384896	0.360799
0.0369388	0.341414
-0.00857184	0.325759
-0.00467347	0.323129
-0.012731	0.333429
-0.0112464	0.327965
-0.0132781	0.313924
0.009807	0.326601
0.0104242	0.325123
0.00258547	0.340335
-0.00589623	0.324214
-0.00535164	0.332448
-0.0145949	0.308892
0.021122	0.356222
0.0166857	0.35772
0.0159581	0.342192
0.0122241	0.32848
0.010748	0.326408
0.0188005	0.356477
0.0140904	0.337404
0.0288134	0.340778
-0.000772869	0.301792
-0.0137772	0.341884
-0.0238858	0.367516
-0.0223557	0.347153
-0.00780624	0.30528
-0.00591331	0.280252
-0.00197341	0.276107
0.00992555	0.278337
0.0434828	0.306952
0.0220869	0.300599
0.0373467	0.3084
0.000237944	0.33779
-0.00681406	0.375085
-0.0053044	0.379921
-0.00182082	0.371559
-0.0337555	0.378046
-0.0168102	0.352141
-0.0322313	0.330259
0.0334921	0.328474
0.0423408	0.338125
0.0373059	0.315572
0.0569588	0.294928
0.0588651	0.300064
0.0526529	0.308002
0.0363577	0.280333
0.0336564	0.289362
0.0134511	0.299015
0.0152252	0.287577
0.0161679	0.304635
0.0173872	0.314772
0.00158155	0.278838
-0.00195837	0.303207
-0.0120041	0.282461
-0.0165952	0.312912
-0.0180769	0.308848
-0.0144818	0.322904
-0.00405827	0.307516
-0.0309819	0.337492
-0.0546667	0.319084
-0.0883522	0.335295
-0.0716656	0.335046
-0.0719937	0.33268
-0.0295525	0.294725
-0.0387365	0.29581
-0.0179969	0.3419
-0.0181232	0.346474
-0.0282241	0.322377
-0.000201245	0.314341
-0.00243191	0.31881
0.0364797	0.313535
0.0491631	0.34681
0.0453446	0.348415
0.0501776	0.364471
0.0360997	0.336036
0.0304868	0.324511
0.0234509	0.308766
0.0172413	0.336378
0.00879245	0.331493
0.00608679	0.338337
0.0185328	0.333877
0.027285	0.348002
0.012678	0.315973
-0.00991148	0.319117
0.030789	0.311216
0.0258793	0.313913
0.0212919	0.311111
0.0219994	0.343691
0.0162438	0.327975
0.0153659	0.312935
0.0291121	0.326947
0.0185872	0.291638
0.00384967	0.296547
0.027901	0.300413
0.00991312	0.334813
0.0142579	0.296902
0.0331957	0.271326
0.0351604	0.294719
0.0789783	0.313504
0.0835516	0.321314
0.100873	0.326269
0.109892	0.320577
0.129624	0.321501
0.142227	0.325526
0.11437	0.304562
0.135431	0.271342
0.123101	0.261944
0.0911452	0.2863
0.0973564	0.302342
0.101111	0.316834
0.118618	0.277487
0.0825785	0.293053
0.0860594	0.308796
0.0963888	0.309457
0.0897793	0.303635
0.0887626	0.294835
0.114275	0.282422
0.187297	0.307951
0.189594	0.293935
0.161552	0.253993
0.132168	0.240521
0.142015	0.288149
0.0951344	0.257839
0.104769	0.282227
0.105116	0.27883
0.108739	0.292554
0.114703	0.315161
0.0926323	0.289952
0.050168	0.260169
0.0445632	0.269005
0.0511326	0.264166
0.101284	0.296113
0.111777	0.288769
0.111881	0.302377
0.106941	0.28752
0.115711	0.275557
0.0633947	0.317436
0.0792747	0.318546
0.0693632	0.313621
0.0451643	0.291989
0.0641839	0.286056
0.0674586	0.293982
0.0799077	0.31122
0.0798315	0.304549
0.116133	0.298907
0.121893	0.300401
0.136512	0.366275
0.139005	0.38654
0.117726	0.355737
0.108368	0.327187
0.0953601	0.304829
0.104198	0.314465
0.0876645	0.320383
0.0901209	0.32389
0.0911672	0.284613
0.104119	0.302497
0.139165	0.30535
0.116837	0.316391
0.113389	0.31264
0.103433	0.313492
0.0930252	0.322252
0.0654515	0.313537
0.0874174	0.325004
0.0856084	0.319875
0.0871225	0.318331
0.0788452	0.358456
0.0818358	0.347909
0.0783499	0.332962
0.0565946	0.302474
0.0537978	0.313278
0.0650729	0.330932
0.0724139	0.327683
0.0748332	0.305549
0.124277	0.318489
0.113973	0.31583
0.125986	0.340543
0.123278	0.333651
0.105268	0.351254
0.114286	0.347622
0.103878	0.337343
0.0848556	0.328912
0.0827848	0.322566
0.0527023	0.314182
0.0423907	0.32338
0.0428593	0.328413
0.0327753	0.321959
0.0538499	0.338742
0.0272988	0.334722
0.0237987	0.344931
0.0630396	0.355303
0.0782053	0.356517
0.0705344	0.341191
0.0769457	0.29022
0.0834724	0.30124
0.0892688	0.304138
0.0691276	0.268471
0.0704816	0.29957
0.0680351	0.338289
0.0421944	0.327326
0.0341023	0.308946
0.0543885	0.324013
0.0802208	0.348164
0.0818645	0.327649
0.0806651	0.342259
0.0838283	0.305039
0.0856721	0.308795
0.0868172	0.324425
0.075263	0.30884
0.0739209	0.310855
0.0248493	0.296292
0.030386	0.366232
0.0222533	0.351374
0.0299768	0.312944
0.0390152	0.314134
0.0306431	0.316542
0.0504431	0.331362
0.0668919	0.334073
0.062948	0.355028
0.0665563	0.309749
0.10519	0.315354
0.113499	0.290431
0.091863	0.296735
0.106685	0.262754
0.116733	0.289176
0.0818659	0.298494
0.0678053	0.318933
0.059213	0.32007
0.039107	0.34848
0.0512219	0.301227
0.0668251	0.265558
0.0776806	0.30081
0.0809627	0.312017
0.0519182	0.284118
0.0564351	0.328056
0.0576108	0.318567
0.066884	0.311411
0.105979	0.335003
