-0.0725183	-0.0928413
-0.0725183	-0.0928413
-0.0725183	-0.0928413
-0.0725183	-0.0928413
-0.0725183	-0.0928413
-0.0725183	-0.0928413
-0.0725183	-0.0928413
-0.0725183	-0.0928413
-0.0725183	-0.0928413
-0.0725183	-0.0928413
-0.0725183	-0.0928413
-0.0725183	-0.0928413
-0.0725183	-0.0928413
-0.0725183	-0.0928413
-0.0725183	-0.0928413
-0.0725183	-0.0928413
-0.0725183	-0.0928413
-0.0725183	-0.0928413
-0.0725183	-0.0928413
-0.0725183	-0.0928413
-0.0725183	-0.0928413
-0.0725183	-0.0928413
-0.0725183	-0.0928413
-0.0725183	-0.0928413
-0.0725183	-0.0928413
-0.0725183	-0.0928413
-0.0725183	-0.0928413
-0.0725183	-0.0928413
-0.0725183	-0.0928413
-0.0725183	-0.0928413
-0.0725183	-0.0928413
-0.0725183	-0.0928413
-0.0725183	-0.0928413
-0.0725183	-0.0928413
-0.0725183	-0.0928413
-0.0725183	-0.0928413
-0.0725183	-0.0928413
-0.0725183	-0.0928413
-0.0725183	-0.0928413
-0.0725183	-0.0928413
-0.0725183	-0.0928413
-0.0725183	-0.0928413
-0.0725183	-0.0928413
-0.0725183	-0.0928413
-0.0725183	-0.0928413
-0.0725183	-0.0928413
-0.0725183	-0.0928413
-0.0725183	-0.0928413
-0.0725183	-0.0928413
-0.0725183	-0.0928413
-0.0725183	-0.0928413
-0.0725183	-0.0928413
-0.0725183	-0.0928413
-0.0725183	-0.0928413
-0.0725183	-0.0928413
-0.0725183	-0.0928413
-0.0725183	-0.0928413
-0.0725183	-0.0928413
-0.0725183	-0.0928413
-0.0725183	-0.0928413
-0.0725183	-0.0928413
-0.0725183	-0.0928413
-0.0725183	-0.0928413
-0.0725183	-0.0928413
-0.0725183	-0.0928413
-0.0725183	-0.0928413
-0.0725183	-0.0928413
-0.0725183	-0.0928413
-0.0725183	-0.0928413
-0.0725183	-0.0928413
-0.0725183	-0.0928413
-0.0725183	-0.0928413
-0.0725183	-0.0928413
-0.0725183	-0.0928413
-0.0725183	-0.0928413
-0.103291	-0.175639
-0.157309	-0.207985
-0.152645	-0.184567
-0.176242	-0.215326
-0.198788	-0.249117
-0.200739	-0.252023
-0.210706	-0.249866
-0.200955	-0.25407
-0.196301	-0.251052
-0.214888	-0.233983
-0.214158	-0.208999
-0.233603	-0.148308
-0.374563	-0.0864655
-0.309375	-0.0826044
-0.297894	-0.0722326
-0.323172	0.00461858
-0.318743	-0.00210903
-0.330324	0.0231745
-0.299954	0.0218644
-0.285054	0.0145963
-0.305774	-0.00438331
-0.334588	0.00227586
-0.331968	-0.00188198
-0.334922	-0.0227031
-0.369157	0.00810091
-0.45017	0.00175679
-0.398873	-0.0172708
-0.348396	-0.00793037
-0.300734	0.00839621
-0.307459	0.0118716
-0.317885	0.0145786
-0.255557	0.0189652
-0.289596	0.0207004
-0.296002	0.00426792
-0.304409	-0.00677752
-0.256156	-0.042143
-0.29152	-0.0491142
-0.29322	-0.0382006
-0.30764	-0.036623
-0.324473	-0.0518662
-0.320391	-0.000651651
-0.301239	0.0142827
-0.314046	0.0149654
-0.306114	-0.00201531
-0.308086	-0.00555685
-0.348299	-0.0214369
-0.329196	-0.0471516
-0.307579	-0.0515835
-0.345379	-0.0763089
-0.327813	-0.0761996
-0.338299	-0.0733237
-0.364579	-0.0882566
-0.309309	-0.050937
-0.332105	-0.100595
-0.358468	-0.103809
-0.343513	-0.0987731
-0.32119	-0.149421
-0.313061	-0.161643
-0.288616	-0.15786
-0.281492	-0.133373
-0.29183	-0.139725
-0.303055	-0.16012
-0.296039	-0.146597
-0.30236	-0.187117
-0.303815	-0.176485
-0.312359	-0.183744
-0.297599	-0.154804
-0.311466	-0.176089
-0.289757	-0.187707
-0.243731	-0.182753
-0.253339	-0.168854
-0.258626	-0.180736
-0.28821	-0.220951
-0.27939	-0.214452
-0.265502	-0.203053
-0.26388	-0.208474
-0.22909	-0.184091
-0.222702	-0.21798
-0.237634	-0.209815
-0.256282	-0.202862
-0.26419	-0.205685
-0.260507	-0.204749
-0.27337	-0.183159
-0.274238	-0.202145
-0.310953	-0.187775
-0.294363	-0.170497
-0.287532	-0.17201
-0.265903	-0.175034
-0.246878	-0.178201
-0.255057	-0.180958
-0.290538	-0.161771
-0.301546	-0.167056
-0.318685	-0.173102
-0.30421	-0.165038
-0.294085	-0.165333
-0.253334	-0.168131
-0.230655	-0.207216
-0.215133	-0.205668
-0.245871	-0.218658
-0.265322	-0.238996
-0.263606	-0.244187
-0.250808	-0.235204
-0.249781	-0.212009
-0.251183	-0.183645
-0.251256	-0.20548
-0.202483	-0.189784
-0.195766	-0.209317
-0.207856	-0.225791
-0.212663	-0.248779
-0.228726	-0.281701
-0.2278	-0.296217
-0.238252	-0.263051
-0.203389	-0.228446
-0.207823	-0.236371
-0.237067	-0.219831
-0.24409	-0.224025
-0.233978	-0.233562
-0.237209	-0.257989
-0.228154	-0.25414
-0.229273	-0.255246
-0.197449	-0.244736
-0.206095	-0.245113
-0.193071	-0.251218
-0.209398	-0.275677
-0.171516	-0.251051
-0.150909	-0.267841
-0.158393	-0.266011
-0.167789	-0.323746
-0.170001	-0.324007
-0.15209	-0.303626
-0.118187	-0.327616
-0.11604	-0.323256
-0.0934368	-0.324404
-0.0516897	-0.329728
-0.0717495	-0.328399
-0.0537213	-0.351385
-0.0274474	-0.312967
-0.0360208	-0.331709
-0.0325474	-0.337517
0.00968818	-0.356849
0.0193804	-0.328543
-0.00669498	-0.333672
-0.00990703	-0.333516
-0.0099267	-0.328213
-0.0221627	-0.333551
-0.0218449	-0.317704
-0.00420491	-0.357548
-0.00326075	-0.345654
-0.0065733	-0.334141
-0.0258781	-0.344483
-0.0366446	-0.314777
-0.0395272	-0.31804
-0.0450194	-0.327347
-0.042126	-0.323151
-0.0244149	-0.344145
-0.026476	-0.334429
-0.0160371	-0.31908
-0.0365802	-0.328447
-0.0316036	-0.29638
-0.0179108	-0.302623
-0.0306742	-0.297418
-0.0350784	-0.309983
-0.0542685	-0.312103
-0.0554293	-0.27943
-0.0494674	-0.25983
-0.0399985	-0.304341
-0.0726401	-0.299662
-0.0979231	-0.326122
-0.101022	-0.347138
-0.0830876	-0.334645
-0.0839524	-0.326402
-0.0644907	-0.296573
-0.0376458	-0.311438
-0.0397736	-0.316623
-0.0752267	-0.358915
-0.0736126	-0.342594
-0.0847449	-0.344139
-0.115314	-0.352537
-0.0779296	-0.334556
-0.0735244	-0.326
-0.0614862	-0.337473
-0.0745552	-0.342426
-0.066636	-0.30877
-0.0585032	-0.307379
-0.0603281	-0.314547
-0.0611676	-0.317262
-0.0461303	-0.31758
-0.0255809	-0.34914
0.00465461	-0.333708
-0.00505969	-0.335561
-0.0127961	-0.326913
-0.0259376	-0.316116
-0.024614	-0.321551
-0.0107057	-0.331691
-0.00459828	-0.330215
-0.00785706	-0.332546
0.00163789	-0.255619
-0.0048123	-0.282697
-0.00953524	-0.303139
-0.0215389	-0.309654
-0.0417624	-0.327166
-0.0380645	-0.320253
-0.0101073	-0.29235
-0.0156456	-0.295582
0.00740999	-0.314782
0.0184956	-0.323066
0.00883391	-0.310475
0.00875427	-0.292145
-0.0122843	-0.351849
-0.0420629	-0.32568
-0.0452768	-0.285983
-0.0678407	-0.234038
-0.0714008	-0.278049
-0.0817742	-0.30397
-0.0686889	-0.30999
-0.0687909	-0.316197
-0.0737555	-0.336674
-0.105046	-0.334779
-0.102006	-0.33525
-0.0972256	-0.333951
-0.102795	-0.34446
-0.0985719	-0.331939
-0.127309	-0.356833
-0.127127	-0.330323
-0.0752029	-0.310824
-0.0571735	-0.324804
-0.0533082	-0.317392
-0.0689179	-0.314126
-0.0487046	-0.31012
-0.0521186	-0.294521
-0.0389892	-0.347013
-0.0239932	-0.361538
-0.02948	-0.333452
0.000659948	-0.313646
-0.00215805	-0.316608
0.00372353	-0.315155
0.00393847	-0.319941
0.00791805	-0.323105
0.0132776	-0.312326
0.0276083	-0.327421
0.0270865	-0.327263
0.0229602	-0.329491
0.0186988	-0.314905
0.0179084	-0.320606
0.019697	-0.324004
0.00627994	-0.297458
0.0504793	-0.269642
0.0530842	-0.299409
0.044911	-0.307236
0.0555195	-0.297796
0.0573683	-0.310236
0.056288	-0.320682
0.0559045	-0.318146
0.054279	-0.315116
0.0510488	-0.314021
0.0614824	-0.344955
0.0785223	-0.347446
0.0639735	-0.333844
0.102817	-0.325269
0.0930965	-0.314044
0.0885128	-0.313265
0.0917381	-0.324568
0.0930456	-0.321585
0.0874616	-0.294541
0.107703	-0.308575
0.103096	-0.302893
0.119447	-0.260689
0.104708	-0.31362
0.112921	-0.306604
0.11948	-0.314999
0.130751	-0.317852
0.14082	-0.327947
0.126413	-0.31495
0.123996	-0.309414
0.141068	-0.310726
0.139686	-0.255848
0.146741	-0.27268
0.15183	-0.280986
0.154216	-0.283333
0.205005	-0.271586
0.162875	-0.246646
0.157287	-0.309299
0.163922	-0.306322
0.162765	-0.284302
0.166063	-0.28758
0.151638	-0.278973
0.149649	-0.285381
0.151168	-0.286547
0.15322	-0.279905
0.154672	-0.285214
0.150837	-0.293595
0.146556	-0.278676
0.14826	-0.2832
0.168137	-0.322626
0.158819	-0.306975
0.158407	-0.296329
0.107627	-0.29287
0.116782	-0.293514
0.132965	-0.289953
0.098364	-0.329694
0.0979744	-0.320665
0.105684	-0.319854
0.107015	-0.307069
0.0730103	-0.292445
0.0579698	-0.292248
0.0557738	-0.300836
0.0421943	-0.266381
0.063794	-0.2776
0.0384135	-0.314661
0.0480925	-0.334525
0.0468465	-0.32914
0.0330625	-0.291367
0.0352461	-0.307767
0.0563503	-0.351171
0.0726081	-0.338913
0.0706493	-0.329455
0.0816495	-0.306326
0.105285	-0.301292
0.107584	-0.349192
0.123854	-0.321116
0.0735904	-0.292147
0.0780448	-0.288807
0.0792358	-0.303783
0.0913375	-0.291644
0.0943744	-0.299098
0.0866525	-0.331414
0.0354404	-0.336772
0.0212152	-0.362889
0.0310519	-0.374719
0.0245723	-0.350571
0.00512672	-0.34962
0.00503924	-0.319069
0.0191921	-0.323666
0.0366234	-0.345161
0.0569379	-0.309591
0.0714724	-0.326732
0.0717209	-0.325596
0.082994	-0.298518
0.100365	-0.334343
0.0869828	-0.27813
0.100877	-0.290042
0.116618	-0.30579
0.083744	-0.312901
0.0842263	-0.314404
0.11598	-0.316922
0.082447	-0.313718
0.105901	-0.319851
0.0997175	-0.301811
0.100995	-0.298408
0.0937774	-0.286206
0.10144	-0.30434
0.16789	-0.317166
0.170015	-0.306429
0.176522	-0.272655
0.147341	-0.291451
0.150185	-0.29385
0.150245	-0.280523
0.159821	-0.287605
0.127189	-0.321719
0.099362	-0.253726
0.109199	-0.285462
0.10503	-0.279795
0.106346	-0.291981
0.0900185	-0.268706
0.0821699	-0.307419
0.0473899	-0.297492
0.0367013	-0.344744
0.0320406	-0.333337
0.0556704	-0.33969
0.0212021	-0.346527
0.0379462	-0.328352
0.0737605	-0.320435
0.0843035	-0.319996
0.0819391	-0.295275
0.0810779	-0.309938
0.0715756	-0.320512
0.0834434	-0.340735
0.096133	-0.320309
0.105954	-0.299183
0.107547	-0.298515
0.108976	-0.298878
0.160053	-0.307005
0.160299	-0.304136
0.154472	-0.301799
0.163558	-0.284624
0.170883	-0.300705
0.14831	-0.281128
0.154904	-0.30471
0.156643	-0.311006
0.152265	-0.301854
0.170073	-0.296198
0.165574	-0.287636
0.170851	-0.277245
0.20192	-0.282602
0.194239	-0.274427
0.190764	-0.270197
0.201558	-0.235282
0.195371	-0.246979
0.18345	-0.254313
0.177744	-0.264909
0.19897	-0.267509
0.213007	-0.312883
0.179332	-0.270735
0.197771	-0.242618
0.203398	-0.249367
0.210165	-0.274767
0.221158	-0.272784
0.225015	-0.277596
0.179033	-0.25978
0.182847	-0.242882
0.19565	-0.246026
0.190482	-0.255493
0.194815	-0.225168
0.234962	-0.236531
0.21741	-0.249116
0.225667	-0.228909
0.244232	-0.184134
0.299218	-0.12912
0.356814	-0.0266614
0.343046	0.0978097
0.320943	0.120518
0.309845	0.139456
0.324623	0.149279
0.323831	0.121718
0.306211	0.182722
0.345221	0.0832174
0.316306	0.119298
0.294352	0.0971145
0.323639	0.0565083
0.312651	0.0495262
0.328752	0.0127507
0.335616	0.0254217
0.335477	0.00782633
0.391317	-0.0200093
0.366701	-0.0305124
0.328568	-0.0274335
0.330081	-0.030202
0.313368	-0.0548489
0.346424	-0.0707472
0.340829	-0.069768
0.316005	-0.0961602
0.307023	-0.0812359
0.317112	-0.0734606
0.308407	-0.0928165
0.342068	-0.0942507
0.320299	-0.0835845
0.294781	-0.0685588
0.308473	-0.120696
0.314324	-0.118325
0.329958	-0.14372
0.313394	-0.137656
0.309773	-0.131204
0.295909	-0.150879
0.267825	-0.150843
0.276993	-0.159059
0.283558	-0.154594
0.243088	-0.17868
0.2439	-0.173162
0.225797	-0.204832
0.215564	-0.181609
0.245778	-0.177086
0.255476	-0.185698
0.260467	-0.187101
0.26607	-0.244444
0.225915	-0.221318
0.233994	-0.225885
0.223055	-0.181711
0.241137	-0.193081
0.223865	-0.204845
0.232552	-0.21279
0.212277	-0.235514
0.217161	-0.233763
0.247508	-0.236701
0.207676	-0.251419
0.235258	-0.251117
0.220783	-0.222783
0.225953	-0.217385
0.228038	-0.220048
0.210142	-0.237855
0.217341	-0.255416
0.21463	-0.252225
0.21441	-0.270149
0.203405	-0.262825
0.18832	-0.237875
0.19574	-0.24893
0.170473	-0.267331
0.170793	-0.305759
0.164973	-0.293408
0.165372	-0.280444
0.161592	-0.280141
0.126583	-0.266936
0.13109	-0.285179
0.159397	-0.285694
0.127716	-0.242596
0.146231	-0.271328
0.14853	-0.295112
0.150231	-0.30862
0.151951	-0.302241
0.119097	-0.285662
0.115337	-0.267514
0.110908	-0.285473
0.0952667	-0.31106
0.0970008	-0.314133
0.092602	-0.319441
0.113852	-0.313834
0.100021	-0.301875
0.0824138	-0.293586
0.112195	-0.301122
0.101439	-0.302573
0.105007	-0.315775
0.120465	-0.297006
0.129682	-0.296716
0.119503	-0.305331
0.161404	-0.289146
0.133963	-0.288042
0.13777	-0.291474
0.164144	-0.26892
0.179072	-0.275986
0.177055	-0.254686
0.23993	-0.265411
0.201844	-0.251499
0.202469	-0.262549
0.202314	-0.282949
0.217102	-0.240539
0.186559	-0.255322
0.17238	-0.244624
0.198293	-0.295546
0.200965	-0.276213
0.162161	-0.229819
0.169172	-0.26373
0.228042	-0.269711
0.2054	-0.267653
0.202361	-0.274641
0.220932	-0.251079
0.220687	-0.236041
0.183772	-0.225945
0.212715	-0.231854
0.220628	-0.263611
0.239378	-0.233548
0.227568	-0.236276
0.206493	-0.227723
0.223158	-0.191369
0.230422	-0.211742
0.238554	-0.193918
0.219008	-0.235421
0.270232	-0.193513
0.299103	-0.188331
0.293153	-0.151144
0.322343	-0.143066
0.31406	-0.137963
0.333682	-0.145642
0.313649	-0.137955
0.297925	-0.134468
0.304297	-0.13386
0.300129	-0.13387
0.307917	-0.143731
0.309196	-0.134343
0.304417	-0.132645
0.30219	-0.138663
0.326185	-0.148919
0.333469	-0.122726
0.326379	-0.103434
0.329143	-0.0889052
0.330017	-0.0820419
0.321222	-0.0833614
0.325423	-0.0659882
0.352847	-0.0672022
0.356004	-0.10921
0.363558	-0.111021
0.372195	-0.0641454
0.337114	-0.0676307
0.31159	-0.0531986
0.303939	-0.0765836
0.307443	-0.0814075
0.286875	-0.05906
0.299734	-0.0672173
0.321474	-0.0619809
0.334996	-0.0561098
0.31237	-0.0550198
0.348385	-0.0565607
0.33385	-0.0459267
0.337427	-0.0426829
0.331282	-0.0417684
0.286539	-0.0707419
0.30547	-0.0737376
0.294807	-0.0660275
0.301767	-0.0644859
0.303061	-0.0615058
0.320509	-0.0356323
0.314024	-0.0471116
0.333534	-0.0390899
0.34369	-0.0240672
0.329548	-0.0255162
0.309684	-0.00143759
0.32774	-0.0234227
0.320466	-0.0465293
0.323012	-0.0501168
0.312593	-0.0543098
0.350556	-0.0635283
0.27592	-0.0738686
0.290339	-0.0812551
0.299222	-0.088978
0.287247	-0.0521396
0.301577	-0.0605044
0.332272	-0.0502502
0.35157	-0.0425306
0.296768	-0.114299
0.310876	-0.0981526
0.307054	-0.0971256
0.305466	-0.0920637
0.314752	-0.105851
0.335128	-0.0921306
0.324504	-0.0900531
0.344835	-0.070851
0.35005	-0.0692166
0.343068	-0.116543
0.371294	-0.132112
0.309914	-0.101159
0.336565	-0.14065
0.337812	-0.154436
0.289051	-0.155201
0.266183	-0.149219
0.241706	-0.139787
0.279289	-0.167709
0.329421	-0.211758
0.296148	-0.202576
0.274785	-0.189977
0.317198	-0.152672
0.303763	-0.144931
0.275402	-0.135229
0.259032	-0.147271
0.27832	-0.147975
0.286389	-0.171518
0.319361	-0.185763
0.298558	-0.176153
0.290264	-0.150035
0.289496	-0.139278
0.269174	-0.17802
0.268744	-0.170881
0.283275	-0.190944
0.300231	-0.171645
0.286744	-0.175618
0.327373	-0.21849
0.289774	-0.19081
0.276727	-0.156195
0.24774	-0.146513
0.268862	-0.167498
0.251853	-0.182621
0.250667	-0.176418
0.236677	-0.186238
0.250842	-0.186984
0.254659	-0.195383
0.263175	-0.191855
0.253404	-0.201131
0.251216	-0.192828
0.26012	-0.200642
0.326925	-0.197017
0.302687	-0.188548
0.283413	-0.176281
0.291747	-0.178508
0.31483	-0.140637
0.321539	-0.142049
0.293191	-0.148865
0.298519	-0.147214
0.298559	-0.184591
0.283184	-0.177753
0.276095	-0.161986
0.245541	-0.160181
0.262667	-0.161401
0.261327	-0.178715
0.269406	-0.100122
0.296316	-0.149272
0.335188	-0.150938
0.316877	-0.14056
0.302525	-0.158641
0.295671	-0.136507
0.319469	-0.110548
0.334818	-0.0957536
0.312679	-0.104978
0.315051	-0.0800109
0.323239	-0.0677765
0.324948	-0.0627759
0.291711	-0.0885801
0.311125	-0.0784857
0.319382	-0.0815577
0.319675	-0.0623256
0.273532	0.01294
0.308295	0.0232177
0.268969	-0.00074053
0.300961	0.0172763
0.315099	0.0323265
0.311189	0.00683502
0.32965	0.0284392
0.344217	0.0270475
0.315143	0.00331861
0.315299	0.024727
0.31383	-0.012483
0.316538	-0.0148487
0.344904	0.0182679
0.348523	0.0576238
0.344915	0.0547322
0.291459	0.0531741
0.338853	0.0694398
0.306523	0.0496876
0.31481	0.0454873
0.321186	0.0480518
0.306308	0.0461109
0.308452	0.0487311
0.323076	0.0666889
0.335965	0.0610776
0.325778	0.0573621
0.314028	0.0558535
0.308291	0.0565344
0.323302	0.0656812
0.329696	0.060804
0.306781	0.075239
0.299126	0.0316039
0.323984	0.0354148
0.346345	0.0599907
0.334026	0.0556563
0.286947	-0.00674457
0.312354	-0.00381303
0.321959	-0.00469902
0.330104	-0.00973876
0.347068	0.00150984
0.350446	0.00747843
0.308418	0.00561274
0.3032	0.0277759
0.311558	0.0367247
0.316268	0.0489722
0.30591	0.0618136
0.284932	0.0723724
0.34018	0.0573736
0.327998	0.0719989
0.313317	0.0571275
0.321135	0.0654711
0.362923	0.0560176
0.330483	0.0350622
0.328519	0.0328823
0.334627	0.0363558
0.303693	0.0329009
0.297485	0.0331701
0.344756	0.000476032
0.301607	0.0483919
0.308433	0.0557421
0.272666	0.0932082
0.298447	0.103252
0.296876	0.100604
0.310666	0.0919665
0.297048	0.0794342
0.298944	0.0862484
0.277274	0.107807
0.296605	0.113248
0.293512	0.140612
0.294959	0.0894811
0.303072	0.0944013
0.31993	0.0950649
0.305814	0.104709
0.294685	0.0909022
0.298044	0.0922
0.323145	0.0981381
0.315799	0.0878391
0.317136	0.0967513
0.324591	0.0644635
0.343832	0.0612665
0.335252	0.0597707
0.328942	0.0636962
0.3043	0.0498062
0.310169	0.0307982
0.331096	0.0647884
0.33709	0.0494979
0.338095	0.0485574
0.332113	0.041102
0.355447	0.0736905
0.33797	-0.00926626
0.366422	-0.0314486
0.327475	-0.0275865
0.294061	-0.0456427
0.371219	-0.0602836
0.350811	-0.0314663
0.318272	-0.0405513
0.336533	-0.0338104
0.333674	-0.0323499
0.350052	-0.0344932
0.349379	-0.0317911
0.265745	-0.0500816
0.291504	-0.0577759
0.305058	-0.0558953
0.317047	-0.0569808
0.298697	-0.0613947
0.29082	-0.065667
0.305764	-0.0682196
0.312769	-0.0634897
0.324698	-0.0993466
0.299601	-0.117319
0.302045	-0.118689
0.303047	-0.127895
0.28904	-0.10909
0.286628	-0.128605
0.285525	-0.137708
0.30298	-0.179469
0.295939	-0.180382
0.272834	-0.170115
0.301586	-0.171497
0.269995	-0.17583
0.310301	-0.187509
0.314434	-0.13718
0.312671	-0.143127
0.282957	-0.111489
0.303025	-0.116517
0.299817	-0.116512
0.300272	-0.12353
0.271149	-0.085553
0.273712	-0.104232
0.281125	-0.104132
0.287145	-0.0731083
0.302173	-0.0767822
0.329907	-0.0814078
0.314307	-0.112617
0.312989	-0.107946
0.328839	-0.0837636
0.286952	-0.0863452
0.303152	-0.102563
0.357622	-0.0539162
0.361241	-0.0321177
0.322261	-0.0507848
0.311989	-0.0455566
0.310905	-0.0393331
0.327907	0.00125199
0.33835	-0.0253673
0.305666	-0.0148088
0.314708	-0.0164236
0.290649	-0.00496828
0.311071	0.013714
0.299335	0.0269922
0.301908	0.0334796
0.292713	0.0465494
0.314189	0.031968
0.321461	0.0315391
0.328273	0.0336985
0.320975	0.0400113
0.323824	0.036232
0.308596	0.0707621
0.317847	0.074969
0.329848	0.100241
0.328671	0.0800259
0.338818	0.0918594
0.325541	0.087995
0.336459	0.0783622
0.325609	0.0748316
0.371012	0.0555264
0.331067	0.126754
0.320824	0.146963
0.329235	0.135952
0.300865	0.138112
0.307466	0.153135
0.329184	0.149625
0.291717	0.122096
0.296441	0.124834
0.277668	0.114732
0.297514	0.0931697
0.282335	0.0767953
0.306977	0.10603
0.31055	0.102899
0.312889	0.115841
0.305227	0.108811
0.288603	0.106973
0.29571	0.111586
0.3121	0.127298
0.296456	0.121642
0.285139	0.0762689
0.267844	0.0963173
0.28632	0.109009
0.251494	0.121768
0.265894	0.121348
0.270281	0.123119
0.284707	0.122097
0.284866	0.106086
0.299176	0.112894
0.331484	0.0918818
0.30364	0.120144
0.286408	0.134537
0.283729	0.136397
0.27919	0.156699
0.286063	0.157664
0.276213	0.136664
0.277899	0.164875
0.304516	0.180591
0.293081	0.173578
0.296289	0.154943
0.289537	0.148205
0.288943	0.1488
0.280207	0.158123
0.309687	0.186518
0.285474	0.166155
0.284797	0.165645
0.257093	0.136304
0.273452	0.156024
0.262472	0.148775
0.2696	0.178846
0.276642	0.164193
0.268149	0.183377
0.265781	0.187154
0.260196	0.179344
0.20855	0.136856
0.243822	0.159609
0.260878	0.217602
0.286711	0.242659
0.266162	0.233351
0.267363	0.2047
0.268119	0.19084
0.248924	0.169219
0.251409	0.175058
0.239766	0.173839
0.282646	0.16168
0.285455	0.15909
0.275787	0.159085
0.278183	0.152853
0.302799	0.134972
0.304762	0.0980712
0.30773	0.0946361
0.310138	0.0953502
0.330925	0.0821606
0.290769	0.0205468
0.321472	-0.0200163
