0.656566	0
0.656566	0
0.656566	0
0.656566	0
0.656566	0
0.656566	0
0.656566	0
0.656566	0
0.656566	0
0.656566	0
0.656566	0
0.656566	0
0.656566	0
0.656566	0
0.656566	0
0.656566	0
0.656566	0
0.656566	0
0.656566	0
0.656566	0
0.656566	0
0.656566	0
0.656566	0
0.656566	0
0.656566	0
0.656566	0
0.656566	0
0.656566	0
0.656566	0
0.656566	0
0.656566	0
0.656566	0
0.656566	0
0.656566	0
0.656566	0
0.656566	0
0.656566	0
0.656566	0
0.656566	0
0.656566	0
0.656566	0
0.656566	0
0.656566	0
0.656566	0
0.656566	0
0.656566	0
0.656566	0
0.656566	0
0.656566	0
0.656566	0
0.656566	0
0.656566	0
0.656566	0
0.656566	0
0.656566	0
0.656566	0
0.656566	0
0.656566	0
0.656566	0
0.656566	0
0.656566	0
0.656566	0
0.656566	0
0.656566	0
0.656566	0
0.656566	0
0.656566	0
0.656566	0
0.656566	0
0.656566	0
0.656566	0
0.656566	0
0.656566	0
0.656566	0
0.656566	0
0.656566	0
0.656566	0
0.656566	0
0.656566	0
0.656566	0
0.656566	0
0.656566	0
0.656566	0
0.656566	0
0.656566	0
0.656566	0
0.656566	0
0.656566	0
0.656566	0
0.656566	0
0.656566	0
0.656566	0
0.656566	0
0.656566	0
0.656566	0
0.656566	0
0.656566	0
0.656566	0
0.656566	0
0.656566	0
0.656566	0
0.656566	0
0.656566	0
0.656566	0
0.656566	0
0.656566	0
0.656566	0
0.656566	0
0.656566	0
0.656566	0
0.656566	0
0.656566	0
0.656566	0
0.656566	0
0.656566	0
0.656566	0
0.656566	0
0.656566	0
0.656566	0
0.656566	0
0.656566	0
0.656566	0
0.656566	0
0.656566	0
0.656566	0
0.656566	0
0.656566	0
0.656566	0
0.656566	0
0.656566	0
0.656566	0
0.656566	0
0.656566	0
0.656566	0
0.656566	0
0.656566	0
0.656566	0
0.656566	0
0.656566	0
0.656566	0
0.656566	0
0.656566	0
0.656566	0
0.656566	0
0.656566	0
0.656566	0
0.656566	0
0.656566	0
0.656566	0
0.656566	0
0.656566	0
0.656566	0
0.656566	0
0.656566	0
0.656566	0
0.656566	0
0.656566	0
0.656566	0
0.656566	0
0.656566	0
0.656566	0
0.656566	0
0.656566	0
0.656566	0
0.656566	0
0.656566	0
0.656566	0
0.656566	0
0.656566	0
0.656566	0
0.656566	0
0.656566	0
0.656566	0
0.656566	0
0.656566	0
0.656566	0
0.656566	0
0.656566	0
0.656566	0
0.656566	0
0.656566	0
0.656566	0
0.656566	0
0.656566	0
0.656566	0
0.656566	0
0.656566	0
0.656566	0
0.656566	0
0.656566	0
0.656566	0
0.656566	0
0.656566	0
0.656566	0
0.656566	0
0.656566	0
0.656566	0
0.656566	0
0.656566	0
0.656566	0
0.656566	0
0.656566	0
0.656566	0
0.656566	0
0.656566	0
0.656566	0
0.656566	0
0.656566	0
0.656566	0
0.656566	0
0.656566	0
0.656566	0
0.656566	0
0.656566	0
0.656566	0
0.656566	0
0.656566	0
0.656566	0
0.656566	0
0.656566	0
0.656566	0
0.656566	0
0.656566	0
0.656566	0
0.656566	0
0.656566	0
0.656566	0
0.656566	0
0.656566	0
0.656566	0
0.656566	0
0.656566	0
0.656566	0
0.656566	0
0.656566	0
0.656566	0
0.656566	0
0.656566	0
0.656566	0
0.656566	0
0.656566	0
0.656566	0
0.656566	0
0.656566	0
0.656566	0
0.656566	0
0.656566	0
0.656566	0
0.656566	0
0.656566	0
0.656566	0
0.656566	0
0.656566	0
0.656566	0
0.656566	0
0.656566	0
0.656566	0
0.656566	0
0.656566	0
0.656566	0
0.656566	0
0.656566	0
0.656566	0
0.656566	0
0.656566	0
0.656566	0
0.656566	0
0.656566	0
0.656566	0
0.656566	0
0.656566	0
0.656566	0
0.656566	0
0.656566	0
0.656566	0
0.656566	0
0.656566	0
0.656566	0
0.656566	0
0.656566	0
0.656566	0
0.656566	0
0.656566	0
0.656566	0
0.656566	0
0.656566	0
0.656566	0
0.656566	0
0.656566	0
0.656566	0
0.656566	0
0.656566	0
0.656566	0
0.656566	0
0.656566	0
0.656566	0
0.656566	0
0.656566	0
0.656566	0
0.656566	0
0.656566	0
0.656566	0
0.656566	0
0.656566	0
0.656566	0
0.656566	0
0.656566	0
0.656566	0
0.656566	0
0.656566	0
0.656566	0
0.656566	0
0.656566	0
0.656566	0
0.656566	0
0.656566	0
0.656566	0
0.656566	0
0.656566	0
0.656566	0
0.656566	0
0.656566	0
0.656566	0
0.656566	0
0.656566	0
0.656566	0
0.656566	0
0.656566	0
0.656566	0
0.656566	0
0.656566	0
0.656566	0
0.656566	0
0.656566	0
0.656566	0
0.656566	0
0.656566	0
0.656566	0
0.656566	0
0.656566	0
0.656566	0
0.656566	0
0.656566	0
0.656566	0
0.656566	0
0.656566	0
0.656566	0
0.656566	0
0.656566	0
0.656566	0
0.656566	0
0.656566	0
0.656566	0
0.656566	0
0.656566	0
0.656566	0
0.656566	0
0.656566	0
0.656566	0
0.656566	0
0.656566	0
0.656566	0
0.656566	0
0.656566	0
0.656566	0
0.656566	0
0.656566	0
0.656566	0
0.656566	0
0.656566	0
0.656566	0
0.656566	0
0.656566	0
0.656566	0
0.656566	0
0.656566	0
0.656566	0
0.656566	0
0.656566	0
0.656566	0
0.656566	0
0.656566	0
0.656566	0
0.656566	0
0.656566	0
0.656566	0
0.656566	0
0.656566	0
0.656566	0
0.656566	0
0.656566	0
0.656566	0
0.656566	0
0.656566	0
0.656566	0
0.656566	0
0.656566	0
0.656566	0
0.656566	0
0.656566	0
0.656566	0
0.656566	0
0.656566	0
0.656566	0
0.656566	0
0.656566	0
0.656566	0
0.656566	0
0.656566	0
0.656566	0
0.656566	0
0.656566	0
0.656566	0
0.656566	0
0.656566	0
0.656566	0
0.656566	0
0.656566	0
0.656566	0
0.656566	0
0.656566	0
0.656566	0
0.656566	0
0.656566	0
0.656566	0
0.656566	0
0.656566	0
0.656566	0
0.656566	0
0.656566	0
0.656566	0
0.656566	0
0.656566	0
0.656566	0
0.656566	0
0.656566	0
0.656566	0
0.656566	0
0.656566	0
0.656566	0
0.656566	0
0.656566	0
0.656566	0
0.656566	0
0.656566	0
0.656566	0
0.656566	0
0.656566	0
0.656566	0
0.656566	0
0.656566	0
0.656566	0
0.656566	0
0.656566	0
0.656566	0
0.656566	0
0.656566	0
0.656566	0
0.656566	0
0.656566	0
0.656566	0
0.656566	0
0.656566	0
0.656566	0
0.656566	0
0.656566	0
0.656566	0
0.656566	0
0.656566	0
0.656566	0
0.656566	0
0.656566	0
0.656566	0
0.656566	0
0.656566	0
0.656566	0
0.656566	0
0.656566	0
0.656566	0
0.656566	0
0.656566	0
0.656566	0
0.656566	0
0.656566	0
0.656566	0
0.656566	0
0.656566	0
0.656566	0
0.656566	0
0.656566	0
0.656566	0
0.656566	0
0.656566	0
0.656566	0
0.656566	0
0.656566	0
0.667398	0.00518772
0.683279	0.00578833
0.698951	0.00328927
0.715967	0.0017509
0.732825	-0.000556942
0.749393	-0.00275298
0.767102	-0.005715
0.783797	-0.00936859
0.800516	-0.0115348
0.815977	-0.0187106
0.830989	-0.0260676
0.846082	-0.0323419
0.86116	-0.0387622
0.874186	-0.0448911
0.888558	-0.0506843
0.903682	-0.0574823
0.918636	-0.0644151
0.93218	-0.071976
0.946946	-0.080212
0.961238	-0.0884217
0.975016	-0.0983802
0.987771	-0.109602
0.99969	-0.121447
1.01077	-0.132992
1.02164	-0.144467
1.03303	-0.154885
1.04271	-0.165935
1.05346	-0.177599
1.0639	-0.19013
1.07467	-0.203948
1.08495	-0.216257
1.0948	-0.227911
1.10604	-0.239218
1.11708	-0.250847
1.12788	-0.261942
1.13846	-0.273178
1.14947	-0.284489
1.16068	-0.296006
1.17186	-0.307902
1.18482	-0.318871
1.19722	-0.330492
1.20953	-0.341763
1.22255	-0.352516
1.23577	-0.363053
1.24695	-0.375255
1.25879	-0.386757
1.27029	-0.398487
1.28356	-0.40942
1.29642	-0.421138
1.3103	-0.4331
1.32249	-0.445183
1.33401	-0.457005
1.34542	-0.469923
1.35594	-0.48183
1.36698	-0.49419
1.37586	-0.509342
1.38544	-0.523354
1.39484	-0.537107
1.40362	-0.550781
1.41238	-0.561301
1.42137	-0.573005
1.43144	-0.586205
1.44189	-0.598857
1.45206	-0.613306
1.4609	-0.627827
1.46892	-0.641764
1.4762	-0.655505
1.48505	-0.670385
1.49343	-0.685499
1.50184	-0.700254
1.50833	-0.715368
1.51408	-0.7302
1.51931	-0.745706
1.52626	-0.763885
1.53257	-0.78062
1.5392	-0.796719
1.54377	-0.811371
1.54935	-0.824482
1.55652	-0.838509
1.56123	-0.854061
1.56846	-0.868809
1.5779	-0.884445
1.58784	-0.899023
1.59712	-0.911996
1.60802	-0.924911
1.61414	-0.938683
1.62096	-0.952941
1.62815	-0.967743
1.63492	-0.982587
1.6421	-0.998376
1.64936	-1.01383
1.6542	-1.02766
1.66237	-1.03935
1.67174	-1.05455
1.67893	-1.06861
1.68687	-1.08227
1.69388	-1.09558
1.70034	-1.1096
1.70711	-1.12399
1.71421	-1.13829
1.71944	-1.15424
1.72279	-1.16979
1.72591	-1.18552
1.72906	-1.20147
1.73203	-1.21769
1.73516	-1.23409
1.73816	-1.24982
1.74164	-1.26535
1.7442	-1.28212
1.74719	-1.29613
1.7509	-1.31091
1.75435	-1.32627
1.75722	-1.34224
1.76012	-1.35777
1.76312	-1.37351
1.76647	-1.38918
1.76999	-1.40318
1.77394	-1.41776
1.77712	-1.43529
1.78081	-1.45186
1.78474	-1.46803
1.7876	-1.4823
1.79357	-1.49646
1.80153	-1.5128
1.80976	-1.52995
1.81618	-1.54569
1.82367	-1.56268
1.83132	-1.57811
1.83882	-1.59277
1.84625	-1.60788
1.85368	-1.62253
1.86117	-1.63725
1.86963	-1.65134
1.87699	-1.66577
1.88408	-1.68042
1.89187	-1.69465
1.89911	-1.70898
1.90717	-1.72439
1.91379	-1.74019
1.92049	-1.75494
1.92607	-1.76964
1.93333	-1.78482
1.94039	-1.79968
1.9474	-1.81416
1.95498	-1.82864
1.96133	-1.84283
1.97026	-1.85636
1.97901	-1.87043
1.988	-1.88532
1.9963	-1.89892
2.00413	-1.91222
2.01308	-1.9254
2.02261	-1.93801
2.03321	-1.95146
2.0423	-1.96423
2.05189	-1.97698
2.06264	-1.99035
2.07287	-2.0037
2.0824	-2.01679
2.09197	-2.02966
2.10185	-2.04289
2.11157	-2.05577
2.12286	-2.06808
2.13541	-2.08312
2.14719	-2.09694
2.15866	-2.11097
2.1701	-2.12381
2.17978	-2.13589
2.19107	-2.14723
2.2015	-2.16063
2.2148	-2.17211
2.2282	-2.18229
2.23922	-2.19374
2.25022	-2.20437
2.26146	-2.21712
2.27216	-2.22857
2.28315	-2.23712
2.29487	-2.2466
2.30685	-2.25677
2.32024	-2.26601
2.33379	-2.27561
2.34681	-2.28543
2.35965	-2.29527
2.37211	-2.30498
2.38407	-2.31549
2.39475	-2.32545
2.40404	-2.33315
2.4147	-2.34184
2.42691	-2.35103
2.44106	-2.35976
2.45391	-2.36796
2.46643	-2.376
2.48127	-2.38454
2.49507	-2.3927
2.50936	-2.40045
2.52324	-2.40824
2.53874	-2.41649
2.55409	-2.42322
2.56952	-2.43065
2.58507	-2.43718
2.5997	-2.44351
2.61446	-2.4497
2.62988	-2.45543
2.64574	-2.46019
2.662	-2.4638
2.67839	-2.46774
2.69355	-2.47063
2.7092	-2.47492
2.72482	-2.48016
2.74026	-2.48519
2.75578	-2.48863
2.77132	-2.49296
2.78739	-2.49782
2.80266	-2.50173
2.81777	-2.50666
2.83306	-2.51177
2.84873	-2.52014
2.86392	-2.52791
2.88003	-2.53622
2.89469	-2.54389
2.90972	-2.55342
2.9239	-2.56261
2.93816	-2.57298
2.95184	-2.58292
2.96679	-2.59351
2.9808	-2.60314
2.994	-2.61323
3.00695	-2.62395
3.01986	-2.63416
3.03324	-2.64446
3.04702	-2.65353
3.06086	-2.662
3.07488	-2.67154
3.0887	-2.6794
3.10271	-2.6872
3.11851	-2.69355
3.13337	-2.70013
3.14829	-2.70667
3.16421	-2.71451
3.1807	-2.72357
3.1961	-2.73203
3.21121	-2.74187
3.22584	-2.7503
3.2399	-2.75863
3.2544	-2.76593
3.26963	-2.77346
3.28341	-2.78135
3.29781	-2.78953
3.31178	-2.79546
3.32791	-2.80178
3.34356	-2.80795
3.36059	-2.81615
3.37648	-2.82319
3.39261	-2.82969
3.40825	-2.83597
3.42444	-2.84074
3.44073	-2.84749
3.4572	-2.85316
3.47422	-2.85849
3.49091	-2.86341
3.5074	-2.86809
3.52361	-2.87207
3.54098	-2.87514
3.5583	-2.87824
3.576	-2.88066
3.59296	-2.88319
3.60965	-2.88525
3.62524	-2.88674
3.64106	-2.88661
3.65785	-2.88618
3.67471	-2.8862
3.69182	-2.88653
3.70762	-2.88643
3.72421	-2.88658
3.74004	-2.8864
3.75634	-2.88691
3.77351	-2.88601
3.78941	-2.88531
3.80639	-2.88271
3.82284	-2.87979
3.8392	-2.87655
3.85566	-2.87249
3.87174	-2.86804
3.88602	-2.86386
3.90108	-2.8599
3.91746	-2.85613
3.93281	-2.85175
3.94858	-2.84472
3.96302	-2.83505
3.97569	-2.82461
3.98905	-2.81384
4.00205	-2.80323
4.01423	-2.79342
4.02659	-2.78319
4.03834	-2.77351
4.04911	-2.76146
4.06045	-2.7484
4.07138	-2.73565
4.08217	-2.72304
4.09274	-2.71045
4.1014	-2.69971
4.11049	-2.68785
4.11986	-2.67465
4.1289	-2.66157
4.13825	-2.64828
4.14815	-2.63471
4.15889	-2.62058
4.16921	-2.6068
4.18109	-2.59318
4.19281	-2.58045
4.20422	-2.56799
4.21509	-2.5558
4.22529	-2.54364
4.23487	-2.53091
4.24435	-2.51806
4.25237	-2.50513
4.26118	-2.48956
4.26956	-2.47266
4.27849	-2.45646
4.28928	-2.44228
4.29905	-2.42966
4.30814	-2.41767
4.31693	-2.40534
4.32641	-2.39319
4.33562	-2.38033
4.34592	-2.3684
4.35582	-2.35726
4.36617	-2.34559
4.37642	-2.3337
4.38671	-2.32154
4.39611	-2.30898
4.40582	-2.29673
4.41615	-2.28422
4.42618	-2.27189
4.43589	-2.25968
4.44751	-2.24736
4.45873	-2.23572
4.47013	-2.22387
4.48147	-2.21202
4.49315	-2.19963
4.50451	-2.18746
4.51672	-2.17486
4.52925	-2.16229
4.54208	-2.1501
4.5543	-2.1379
4.56617	-2.12647
4.57798	-2.11481
4.59114	-2.10187
4.60336	-2.08896
4.6146	-2.07642
4.62481	-2.06414
4.63422	-2.05232
4.64379	-2.04031
4.65332	-2.02795
4.66363	-2.01449
4.6756	-2.00194
4.6854	-1.99163
4.69429	-1.98104
4.70269	-1.96901
4.71204	-1.95717
4.72224	-1.94375
4.73186	-1.93093
4.74291	-1.91825
4.75542	-1.90564
4.76936	-1.89206
4.77973	-1.87957
4.79041	-1.86713
4.80071	-1.85477
4.8112	-1.84357
4.822	-1.83256
4.83564	-1.82066
4.84869	-1.80931
4.86096	-1.79959
4.87448	-1.78873
4.88754	-1.77807
4.89864	-1.76774
4.90823	-1.758
4.91878	-1.74731
4.93036	-1.73632
4.94214	-1.72596
4.95222	-1.71427
4.96308	-1.70245
4.97384	-1.69011
4.98138	-1.67563
4.98805	-1.66079
4.99197	-1.64566
4.9965	-1.62959
5.00032	-1.61444
5.00514	-1.5993
5.01163	-1.58421
5.01833	-1.56913
5.02485	-1.55443
5.03017	-1.53928
5.03537	-1.52425
5.04055	-1.51039
5.04675	-1.49563
5.05298	-1.48128
5.05787	-1.4672
5.06526	-1.45419
5.0718	-1.43955
5.07742	-1.42366
5.08254	-1.40883
5.08783	-1.3938
5.091	-1.37653
5.09337	-1.36033
5.09608	-1.34418
5.09871	-1.32754
5.10101	-1.31099
5.1031	-1.29426
5.10447	-1.27742
5.10593	-1.26073
5.10582	-1.24392
5.10716	-1.23086
5.10733	-1.21581
5.10874	-1.20071
5.10875	-1.18538
5.10832	-1.16965
5.10724	-1.15419
5.10637	-1.13825
5.10574	-1.12265
5.1024	-1.10531
5.0986	-1.08861
5.09483	-1.07253
5.09142	-1.05812
5.08708	-1.04222
5.08312	-1.02524
5.07915	-1.00891
5.07564	-0.992845
5.07138	-0.97682
5.06502	-0.961124
5.0588	-0.945333
5.05231	-0.927866
5.04647	-0.91157
5.04236	-0.893879
5.03311	-0.878268
5.02418	-0.863392
5.01628	-0.847118
5.00937	-0.829896
5.00088	-0.814025
4.99295	-0.798777
4.98408	-0.784627
4.97423	-0.771842
4.96441	-0.758877
4.95445	-0.743891
4.94468	-0.72979
4.9343	-0.71575
4.92441	-0.702048
4.91414	-0.688964
4.9034	-0.677191
4.89204	-0.665581
4.88006	-0.653923
4.87115	-0.641031
4.861	-0.629498
4.8504	-0.617738
4.83905	-0.605006
4.82928	-0.59212
4.81808	-0.578905
4.80643	-0.566993
4.79493	-0.55462
4.78356	-0.542851
4.77307	-0.532822
4.76279	-0.522337
4.75151	-0.51047
4.73887	-0.500106
4.72599	-0.490182
4.71382	-0.48142
4.70152	-0.472575
4.68857	-0.4615
4.67533	-0.45122
4.66216	-0.440625
4.64851	-0.431038
4.63544	-0.420826
4.62283	-0.410812
4.60894	-0.402435
4.59513	-0.394375
4.58106	-0.386199
4.56679	-0.378064
4.55196	-0.370043
4.53682	-0.362546
4.51982	-0.353621
4.50434	-0.343234
4.48946	-0.334641
4.47476	-0.326702
4.46155	-0.319059
4.44853	-0.311448
4.43489	-0.303447
4.42286	-0.295922
4.40896	-0.288881
4.39459	-0.281775
4.3802	-0.27372
4.36526	-0.266311
4.35062	-0.258685
4.33627	-0.251494
4.32137	-0.244311
4.30733	-0.237174
4.29227	-0.232607
4.27762	-0.227695
4.26242	-0.221685
4.24661	-0.214515
4.23244	-0.20812
4.21898	-0.200554
4.20508	-0.192357
4.18997	-0.185898
4.17484	-0.179463
