0.656566	0
0.656566	0
0.656566	0
0.656566	0
0.656566	0
0.656566	0
0.656566	0
0.656566	0
0.656566	0
0.656566	0
0.656566	0
0.656566	0
0.656566	0
0.656566	0
0.656566	0
0.656566	0
0.656566	0
0.656566	0
0.656566	0
0.656566	0
0.656566	0
0.656566	0
0.656566	0
0.656566	0
0.656566	0
0.656566	0
0.656566	0
0.656566	0
0.656566	0
0.656566	0
0.656566	0
0.656566	0
0.656566	0
0.656566	0
0.656566	0
0.656566	0
0.656566	0
0.656566	0
0.656566	0
0.656566	0
0.656566	0
0.656566	0
0.656566	0
0.656566	0
0.656566	0
0.656566	0
0.656566	0
0.656566	0
0.656566	0
0.656566	0
0.656566	0
0.656566	0
0.656566	0
0.656566	0
0.656566	0
0.656566	0
0.656566	0
0.656566	0
0.656566	0
0.656566	0
0.656566	0
0.656566	0
0.656566	0
0.656566	0
0.656566	0
0.656566	0
0.656566	0
0.656566	0
0.656566	0
0.656566	0
0.656566	0
0.656566	0
0.656566	0
0.656566	0
0.656566	0
0.656566	0
0.656566	0
0.656566	0
0.656566	0
0.656566	0
0.656566	0
0.656566	0
0.656566	0
0.656566	0
0.656566	0
0.656566	0
0.656566	0
0.656566	0
0.656566	0
0.656566	0
0.656566	0
0.656566	0
0.656566	0
0.656566	0
0.656566	0
0.656566	0
0.656566	0
0.656566	0
0.656566	0
0.656566	0
0.656566	0
0.656566	0
0.656566	0
0.656566	0
0.656566	0
0.656566	0
0.656566	0
0.656566	0
0.656566	0
0.656566	0
0.656566	0
0.656566	0
0.656566	0
0.656566	0
0.656566	0
0.656566	0
0.656566	0
0.656566	0
0.656566	0
0.656566	0
0.656566	0
0.656566	0
0.656566	0
0.656566	0
0.656566	0
0.656566	0
0.656566	0
0.656566	0
0.656566	0
0.656566	0
0.656566	0
0.656566	0
0.656566	0
0.656566	0
0.656566	0
0.656566	0
0.656566	0
0.656566	0
0.656566	0
0.656566	0
0.656566	0
0.656566	0
0.656566	0
0.656566	0
0.656566	0
0.656566	0
0.656566	0
0.656566	0
0.656566	0
0.656566	0
0.656566	0
0.656566	0
0.656566	0
0.656566	0
0.656566	0
0.656566	0
0.656566	0
0.656566	0
0.656566	0
0.656566	0
0.656566	0
0.656566	0
0.656566	0
0.656566	0
0.656566	0
0.656566	0
0.656566	0
0.656566	0
0.656566	0
0.656566	0
0.656566	0
0.656566	0
0.656566	0
0.656566	0
0.656566	0
0.656566	0
0.656566	0
0.656566	0
0.656566	0
0.656566	0
0.656566	0
0.656566	0
0.656566	0
0.656566	0
0.656566	0
0.656566	0
0.656566	0
0.656566	0
0.656566	0
0.656566	0
0.656566	0
0.656566	0
0.656566	0
0.656566	0
0.656566	0
0.656566	0
0.656566	0
0.656566	0
0.656566	0
0.656566	0
0.656566	0
0.656566	0
0.656566	0
0.656566	0
0.656566	0
0.656566	0
0.656566	0
0.656566	0
0.656566	0
0.656566	0
0.656566	0
0.656566	0
0.656566	0
0.656566	0
0.656566	0
0.656566	0
0.656566	0
0.656566	0
0.656566	0
0.656566	0
0.656566	0
0.656566	0
0.656566	0
0.656566	0
0.656566	0
0.656566	0
0.656566	0
0.656566	0
0.656566	0
0.656566	0
0.656566	0
0.656566	0
0.656566	0
0.656566	0
0.656566	0
0.656566	0
0.656566	0
0.656566	0
0.656566	0
0.656566	0
0.656566	0
0.656566	0
0.656566	0
0.656566	0
0.656566	0
0.656566	0
0.656566	0
0.656566	0
0.656566	0
0.656566	0
0.656566	0
0.656566	0
0.656566	0
0.656566	0
0.656566	0
0.656566	0
0.656566	0
0.656566	0
0.656566	0
0.656566	0
0.656566	0
0.656566	0
0.656566	0
0.656566	0
0.656566	0
0.656566	0
0.656566	0
0.656566	0
0.656566	0
0.656566	0
0.656566	0
0.656566	0
0.656566	0
0.656566	0
0.656566	0
0.656566	0
0.656566	0
0.656566	0
0.656566	0
0.656566	0
0.656566	0
0.656566	0
0.656566	0
0.656566	0
0.656566	0
0.656566	0
0.656566	0
0.656566	0
0.656566	0
0.656566	0
0.656566	0
0.656566	0
0.656566	0
0.656566	0
0.656566	0
0.656566	0
0.656566	0
0.656566	0
0.656566	0
0.656566	0
0.656566	0
0.656566	0
0.656566	0
0.656566	0
0.656566	0
0.656566	0
0.656566	0
0.656566	0
0.656566	0
0.656566	0
0.656566	0
0.656566	0
0.656566	0
0.656566	0
0.656566	0
0.656566	0
0.656566	0
0.656566	0
0.656566	0
0.656566	0
0.656566	0
0.656566	0
0.656566	0
0.656566	0
0.656566	0
0.656566	0
0.656566	0
0.656566	0
0.656566	0
0.656566	0
0.656566	0
0.656566	0
0.656566	0
0.656566	0
0.656566	0
0.656566	0
0.656566	0
0.656566	0
0.656566	0
0.656566	0
0.656566	0
0.656566	0
0.656566	0
0.656566	0
0.656566	0
0.656566	0
0.656566	0
0.656566	0
0.656566	0
0.656566	0
0.656566	0
0.656566	0
0.656566	0
0.656566	0
0.656566	0
0.656566	0
0.656566	0
0.656566	0
0.656566	0
0.656566	0
0.656566	0
0.656566	0
0.656566	0
0.656566	0
0.656566	0
0.656566	0
0.656566	0
0.656566	0
0.656566	0
0.656566	0
0.656566	0
0.656566	0
0.656566	0
0.656566	0
0.656566	0
0.656566	0
0.656566	0
0.656566	0
0.656566	0
0.656566	0
0.656566	0
0.656566	0
0.656566	0
0.656566	0
0.656566	0
0.656566	0
0.656566	0
0.656566	0
0.656566	0
0.656566	0
0.656566	0
0.656566	0
0.656566	0
0.656566	0
0.656566	0
0.656566	0
0.656566	0
0.656566	0
0.656566	0
0.656566	0
0.656566	0
0.656566	0
0.656566	0
0.656566	0
0.656566	0
0.656566	0
0.656566	0
0.656566	0
0.656566	0
0.656566	0
0.656566	0
0.656566	0
0.656566	0
0.656566	0
0.656566	0
0.656566	0
0.656566	0
0.656566	0
0.656566	0
0.656566	0
0.656566	0
0.656566	0
0.656566	0
0.656566	0
0.656566	0
0.656566	0
0.656566	0
0.656566	0
0.656566	0
0.656566	0
0.656566	0
0.656566	0
0.656566	0
0.656566	0
0.656566	0
0.656566	0
0.656566	0
0.656566	0
0.656566	0
0.656566	0
0.656566	0
0.656566	0
0.656566	0
0.656566	0
0.656566	0
0.656566	0
0.656566	0
0.656566	0
0.656566	0
0.656566	0
0.656566	0
0.656566	0
0.656566	0
0.656566	0
0.656566	0
0.656566	0
0.656566	0
0.656566	0
0.656566	0
0.656566	0
0.656566	0
0.656566	0
0.656566	0
0.656566	0
0.656566	0
0.656566	0
0.656566	0
0.656566	0
0.656566	0
0.656566	0
0.656566	0
0.656566	0
0.656566	0
0.656566	0
0.656566	0
0.656566	0
0.656566	0
0.656566	0
0.656566	0
0.656566	0
0.656566	0
0.656566	0
0.656566	0
0.656566	0
0.656566	0
0.656566	0
0.656566	0
0.656566	0
0.656566	0
0.656566	0
0.656566	0
0.656566	0
0.656566	0
0.656566	0
0.656566	0
0.656566	0
0.656566	0
0.656566	0
0.656566	0
0.656566	0
0.656566	0
0.656566	0
0.656566	0
0.656566	0
0.656566	0
0.656566	0
0.656566	0
0.656566	0
0.656566	0
0.656566	0
0.665882	-0.00515368
0.677729	-0.0117588
0.690634	-0.0187948
0.706463	-0.0273184
0.721555	-0.0357984
0.73664	-0.042929
0.751706	-0.0500365
0.767982	-0.0575303
0.783613	-0.0646946
0.798036	-0.0716798
0.812522	-0.0791208
0.829286	-0.0867306
0.846269	-0.0937592
0.862484	-0.100328
0.875502	-0.107566
0.888411	-0.114384
0.902111	-0.121285
0.916351	-0.128587
0.930557	-0.136722
0.943677	-0.144913
0.956586	-0.153917
0.970507	-0.163329
0.984068	-0.172797
0.998291	-0.183012
1.01206	-0.192742
1.02627	-0.20249
1.03964	-0.211939
1.0528	-0.2214
1.06614	-0.230555
1.08141	-0.239183
1.09527	-0.248454
1.10933	-0.257708
1.12302	-0.267537
1.13461	-0.276505
1.14395	-0.288088
1.15374	-0.300424
1.16148	-0.312067
1.16922	-0.325479
1.17647	-0.33604
1.18475	-0.347633
1.1919	-0.360046
1.19821	-0.373938
1.20546	-0.388375
1.2118	-0.403549
1.21948	-0.419292
1.22822	-0.434544
1.2355	-0.448963
1.24347	-0.463957
1.25436	-0.476271
1.26411	-0.488526
1.27473	-0.501237
1.28491	-0.515421
1.2944	-0.528821
1.30412	-0.542214
1.31443	-0.555646
1.32491	-0.570259
1.33611	-0.58418
1.34801	-0.59805
1.35826	-0.610679
1.36858	-0.623311
1.37881	-0.634505
1.38848	-0.646653
1.39857	-0.659031
1.40853	-0.671942
1.4186	-0.684847
1.42901	-0.698489
1.43916	-0.712426
1.44882	-0.726108
1.45837	-0.740582
1.46866	-0.754796
1.47864	-0.76855
1.48841	-0.781965
1.49711	-0.795122
1.5064	-0.80859
1.51461	-0.820082
1.52346	-0.832393
1.53248	-0.845343
1.5417	-0.858451
1.55076	-0.871696
1.55989	-0.885109
1.56993	-0.89756
1.57973	-0.910706
1.59059	-0.923914
1.60032	-0.937588
1.60994	-0.951295
1.6192	-0.964989
1.6284	-0.97908
1.637	-0.993033
1.64485	-1.00792
1.65229	-1.02298
1.66061	-1.03608
1.66836	-1.0497
1.67652	-1.06405
1.68329	-1.07851
1.68891	-1.09304
1.69481	-1.108
1.70122	-1.12262
1.7076	-1.13769
1.71386	-1.15293
1.72101	-1.16706
1.72894	-1.18084
1.73713	-1.19412
1.74728	-1.20772
1.75608	-1.22113
1.76491	-1.23379
1.77406	-1.24677
1.78402	-1.26009
1.79443	-1.27375
1.80276	-1.28664
1.81135	-1.30129
1.81956	-1.31671
1.82667	-1.33238
1.83309	-1.34948
1.84084	-1.36556
1.84707	-1.38118
1.85315	-1.39663
1.85928	-1.41207
1.86513	-1.42721
1.87332	-1.44419
1.88123	-1.4603
1.88872	-1.4752
1.89638	-1.49002
1.90391	-1.50455
1.91162	-1.51918
1.91914	-1.53348
1.92757	-1.54811
1.93726	-1.56242
1.94644	-1.57689
1.95553	-1.59101
1.96503	-1.60553
1.97421	-1.61955
1.98459	-1.63141
1.99713	-1.64493
2.00806	-1.65998
2.01711	-1.67355
2.02616	-1.68713
2.03476	-1.69906
2.04353	-1.7114
2.05367	-1.72552
2.06471	-1.73952
2.07436	-1.75306
2.08479	-1.76795
2.09497	-1.78241
2.10505	-1.7964
2.11516	-1.81067
2.12539	-1.82358
2.13449	-1.83649
2.14381	-1.84932
2.15273	-1.8614
2.16194	-1.87416
2.17235	-1.88512
2.18128	-1.89599
2.1894	-1.90772
2.19729	-1.92072
2.20642	-1.93407
2.21536	-1.94793
2.22453	-1.96243
2.23305	-1.97608
2.24068	-1.99203
2.24905	-2.00586
2.25674	-2.02025
2.26222	-2.03252
2.26808	-2.04394
2.2747	-2.05689
2.2814	-2.07008
2.28912	-2.08223
2.29728	-2.09522
2.30507	-2.10834
2.31233	-2.12051
2.32013	-2.13326
2.32736	-2.14757
2.33698	-2.16258
2.34515	-2.17888
2.35573	-2.19253
2.36646	-2.20472
2.37805	-2.2165
2.38688	-2.23071
2.39652	-2.24486
2.40426	-2.25811
2.41617	-2.27037
2.4278	-2.28117
2.43905	-2.29283
2.45047	-2.30626
2.46178	-2.31839
2.4732	-2.33084
2.48534	-2.34191
2.49734	-2.3527
2.50909	-2.36385
2.52083	-2.37466
2.53335	-2.38545
2.54623	-2.39761
2.55834	-2.40948
2.57018	-2.42175
2.58141	-2.43271
2.59304	-2.44469
2.60425	-2.45757
2.61534	-2.46994
2.62585	-2.48172
2.63735	-2.49402
2.6501	-2.50675
2.66066	-2.51918
2.67255	-2.53189
2.68429	-2.54404
2.69661	-2.55622
2.7088	-2.56844
2.72058	-2.57984
2.73312	-2.5919
2.74673	-2.60212
2.7602	-2.61215
2.77353	-2.62186
2.78626	-2.63183
2.79813	-2.64321
2.81064	-2.65388
2.82403	-2.66272
2.83745	-2.6717
2.85087	-2.68074
2.86357	-2.6897
2.87684	-2.69873
2.89035	-2.7076
2.90401	-2.7164
2.91669	-2.72485
2.92878	-2.734
2.94252	-2.74347
2.9566	-2.75214
2.97071	-2.76027
2.98365	-2.76873
2.99938	-2.77647
3.01186	-2.78298
3.02627	-2.79025
3.04126	-2.79855
3.0564	-2.80623
3.07131	-2.81402
3.08569	-2.82106
3.10129	-2.82695
3.11702	-2.83323
3.13262	-2.84008
3.14622	-2.84753
3.15987	-2.85286
3.17424	-2.8568
3.19194	-2.86099
3.20883	-2.8655
3.22619	-2.86986
3.24388	-2.87094
3.25908	-2.87187
3.27486	-2.87285
3.2914	-2.8716
3.30792	-2.87072
3.32373	-2.87034
3.33963	-2.86936
3.35337	-2.86943
3.36868	-2.8696
3.38427	-2.8696
3.40146	-2.86772
3.4182	-2.86588
3.43517	-2.86124
3.45338	-2.85575
3.4709	-2.85132
3.48778	-2.84756
3.50323	-2.84358
3.5187	-2.84017
3.53452	-2.83682
3.5505	-2.83362
3.56669	-2.83095
3.58314	-2.82863
3.5986	-2.826
3.61386	-2.82351
3.62972	-2.82163
3.64567	-2.82016
3.66051	-2.81778
3.67441	-2.81532
3.68947	-2.81224
3.70519	-2.80898
3.72104	-2.80658
3.73736	-2.80215
3.75348	-2.79743
3.76913	-2.79342
3.78404	-2.78891
3.80164	-2.78131
3.81707	-2.77598
3.83147	-2.76957
3.84619	-2.76192
3.86061	-2.75429
3.87554	-2.74682
3.8905	-2.73874
3.90488	-2.73053
3.91721	-2.72435
3.93052	-2.71768
3.94335	-2.71113
3.95749	-2.7047
3.97304	-2.69769
3.98858	-2.69231
4.00693	-2.68626
4.0239	-2.68073
4.03988	-2.67542
4.05597	-2.67034
4.07172	-2.66535
4.08818	-2.66062
4.1035	-2.65602
4.11868	-2.6494
4.13377	-2.64123
4.14865	-2.6332
4.16587	-2.62693
4.18193	-2.6203
4.1972	-2.61343
4.21212	-2.60593
4.22514	-2.59944
4.23832	-2.59172
4.25295	-2.58315
4.26837	-2.57536
4.28299	-2.56702
4.29711	-2.55832
4.311	-2.54949
4.32494	-2.54002
4.33794	-2.52969
4.35215	-2.51911
4.36573	-2.50861
4.37793	-2.49962
4.39075	-2.48914
4.40281	-2.47946
4.41635	-2.46839
4.43012	-2.45639
4.44301	-2.445
4.45542	-2.43445
4.46765	-2.42512
4.47928	-2.41503
4.49038	-2.40499
4.50182	-2.39431
4.51307	-2.38315
4.52447	-2.37194
4.53507	-2.36286
4.54718	-2.35337
4.55832	-2.34263
4.56893	-2.32894
4.57955	-2.31609
4.59093	-2.30364
4.6004	-2.28919
4.60973	-2.27454
4.61824	-2.2609
4.62621	-2.24637
4.63272	-2.2344
4.63943	-2.22126
4.64642	-2.20738
4.65429	-2.1935
4.66234	-2.17993
4.67212	-2.16766
4.6832	-2.15501
4.6952	-2.14328
4.70838	-2.13438
4.7211	-2.12522
4.73336	-2.11585
4.74574	-2.10602
4.75781	-2.09567
4.7684	-2.08466
4.77955	-2.07368
4.79008	-2.06259
4.80121	-2.05115
4.81272	-2.0391
4.82367	-2.02552
4.83399	-2.01103
4.84185	-1.99636
4.84791	-1.98141
4.85435	-1.96581
4.85966	-1.95105
4.8663	-1.93507
4.87256	-1.9189
4.8787	-1.90265
4.88334	-1.88717
4.88825	-1.874
4.89357	-1.85964
4.89897	-1.84416
4.90354	-1.82811
4.9093	-1.81112
4.91532	-1.79425
4.92114	-1.7779
4.92636	-1.76046
4.93118	-1.7435
4.93679	-1.72695
4.94229	-1.71089
4.94629	-1.69458
4.95019	-1.67903
4.95411	-1.66331
4.95781	-1.64931
4.96177	-1.63317
4.96587	-1.61565
4.96965	-1.59897
4.97506	-1.58157
4.98007	-1.56557
4.9829	-1.55208
4.98756	-1.53643
4.9923	-1.52084
4.99692	-1.50582
4.99994	-1.49008
5.00354	-1.47424
5.00683	-1.45873
5.0098	-1.44283
5.01275	-1.42743
5.01502	-1.41152
5.01666	-1.39539
5.01792	-1.37866
5.02019	-1.3624
5.0224	-1.34606
5.02367	-1.33065
5.0255	-1.31495
5.02557	-1.30058
5.02604	-1.28546
5.02683	-1.27016
5.02884	-1.25347
5.03085	-1.23712
5.03284	-1.22095
5.03386	-1.20671
5.03457	-1.19204
5.03479	-1.17522
5.03359	-1.15877
5.03232	-1.14238
5.03107	-1.12595
5.0293	-1.11014
5.027	-1.09463
5.02446	-1.07856
5.02192	-1.06243
5.01905	-1.04572
5.01299	-1.03001
5.0071	-1.01452
5.00139	-0.998785
4.99535	-0.982664
4.98959	-0.967416
4.98612	-0.952192
4.98178	-0.937806
4.97674	-0.922219
4.97181	-0.908536
4.96653	-0.893969
4.96262	-0.878168
4.95728	-0.862539
4.95134	-0.846853
4.94445	-0.832286
4.93655	-0.818313
4.92754	-0.805473
4.91846	-0.792453
4.90919	-0.778988
4.8995	-0.764606
4.89024	-0.750057
4.88122	-0.733633
4.8726	-0.717864
4.86416	-0.703153
4.85534	-0.688257
4.84625	-0.673919
4.83744	-0.659252
4.82598	-0.646496
4.81236	-0.633312
4.80279	-0.620493
4.79216	-0.607399
4.78105	-0.594801
4.76991	-0.582851
4.75796	-0.570528
4.74684	-0.557757
4.73466	-0.544995
4.72077	-0.530453
4.71091	-0.519202
4.69846	-0.508225
4.68577	-0.498827
4.67373	-0.48878
4.66153	-0.47884
4.64926	-0.468309
4.63816	-0.458864
4.62591	-0.449439
4.61099	-0.438727
4.59673	-0.428721
4.58275	-0.418973
4.56941	-0.407821
4.55527	-0.398158
4.54063	-0.390625
4.52605	-0.383111
4.51229	-0.376241
4.4983	-0.369204
4.48459	-0.362152
4.47127	-0.35533
4.45734	-0.347498
4.44483	-0.341016
4.43191	-0.33275
4.41812	-0.324086
4.40385	-0.315571
4.38918	-0.307565
4.37353	-0.300151
4.35702	-0.29058
4.34042	-0.283312
4.32611	-0.276908
4.31107	-0.270418
4.29523	-0.263922
4.27982	-0.257695
4.2638	-0.251755
4.24863	-0.246077
