0.656566	0
0.656566	0
0.656566	0
0.656566	0
0.656566	0
0.656566	0
0.656566	0
0.656566	0
0.656566	0
0.656566	0
0.656566	0
0.656566	0
0.656566	0
0.656566	0
0.656566	0
0.656566	0
0.656566	0
0.656566	0
0.656566	0
0.656566	0
0.656566	0
0.656566	0
0.656566	0
0.656566	0
0.656566	0
0.656566	0
0.656566	0
0.656566	0
0.656566	0
0.656566	0
0.656566	0
0.656566	0
0.656566	0
0.656566	0
0.656566	0
0.656566	0
0.656566	0
0.656566	0
0.656566	0
0.656566	0
0.656566	0
0.656566	0
0.656566	0
0.656566	0
0.656566	0
0.656566	0
0.656566	0
0.656566	0
0.656566	0
0.656566	0
0.656566	0
0.656566	0
0.656566	0
0.656566	0
0.656566	0
0.656566	0
0.656566	0
0.656566	0
0.656566	0
0.656566	0
0.656566	0
0.656566	0
0.656566	0
0.656566	0
0.656566	0
0.656566	0
0.656566	0
0.656566	0
0.656566	0
0.656566	0
0.656566	0
0.656566	0
0.656566	0
0.656566	0
0.656566	0
0.656566	0
0.656566	0
0.656566	0
0.656566	0
0.656566	0
0.656566	0
0.656566	0
0.656566	0
0.656566	0
0.656566	0
0.656566	0
0.656566	0
0.656566	0
0.656566	0
0.656566	0
0.656566	0
0.656566	0
0.656566	0
0.656566	0
0.656566	0
0.656566	0
0.656566	0
0.656566	0
0.656566	0
0.656566	0
0.656566	0
0.656566	0
0.656566	0
0.656566	0
0.656566	0
0.656566	0
0.656566	0
0.656566	0
0.656566	0
0.656566	0
0.656566	0
0.656566	0
0.656566	0
0.656566	0
0.656566	0
0.656566	0
0.656566	0
0.656566	0
0.656566	0
0.656566	0
0.656566	0
0.656566	0
0.656566	0
0.656566	0
0.656566	0
0.656566	0
0.656566	0
0.656566	0
0.656566	0
0.656566	0
0.656566	0
0.656566	0
0.656566	0
0.656566	0
0.656566	0
0.656566	0
0.656566	0
0.656566	0
0.656566	0
0.656566	0
0.656566	0
0.656566	0
0.656566	0
0.656566	0
0.656566	0
0.656566	0
0.656566	0
0.656566	0
0.656566	0
0.656566	0
0.656566	0
0.656566	0
0.656566	0
0.656566	0
0.656566	0
0.656566	0
0.656566	0
0.656566	0
0.656566	0
0.656566	0
0.656566	0
0.656566	0
0.656566	0
0.656566	0
0.656566	0
0.656566	0
0.656566	0
0.656566	0
0.656566	0
0.656566	0
0.656566	0
0.656566	0
0.656566	0
0.656566	0
0.656566	0
0.656566	0
0.656566	0
0.656566	0
0.656566	0
0.656566	0
0.656566	0
0.656566	0
0.656566	0
0.656566	0
0.656566	0
0.656566	0
0.656566	0
0.656566	0
0.656566	0
0.656566	0
0.656566	0
0.656566	0
0.656566	0
0.656566	0
0.656566	0
0.656566	0
0.656566	0
0.656566	0
0.656566	0
0.656566	0
0.656566	0
0.656566	0
0.656566	0
0.656566	0
0.656566	0
0.656566	0
0.656566	0
0.656566	0
0.656566	0
0.656566	0
0.656566	0
0.656566	0
0.656566	0
0.656566	0
0.656566	0
0.656566	0
0.656566	0
0.656566	0
0.656566	0
0.656566	0
0.656566	0
0.656566	0
0.656566	0
0.656566	0
0.656566	0
0.656566	0
0.656566	0
0.656566	0
0.656566	0
0.656566	0
0.656566	0
0.656566	0
0.656566	0
0.656566	0
0.656566	0
0.656566	0
0.656566	0
0.656566	0
0.656566	0
0.656566	0
0.656566	0
0.656566	0
0.656566	0
0.656566	0
0.656566	0
0.656566	0
0.656566	0
0.656566	0
0.656566	0
0.656566	0
0.656566	0
0.656566	0
0.656566	0
0.656566	0
0.656566	0
0.656566	0
0.656566	0
0.656566	0
0.656566	0
0.656566	0
0.656566	0
0.656566	0
0.656566	0
0.656566	0
0.656566	0
0.656566	0
0.656566	0
0.656566	0
0.656566	0
0.656566	0
0.656566	0
0.656566	0
0.656566	0
0.656566	0
0.656566	0
0.656566	0
0.656566	0
0.656566	0
0.656566	0
0.656566	0
0.656566	0
0.656566	0
0.656566	0
0.656566	0
0.656566	0
0.656566	0
0.656566	0
0.656566	0
0.656566	0
0.656566	0
0.656566	0
0.656566	0
0.656566	0
0.656566	0
0.656566	0
0.656566	0
0.656566	0
0.656566	0
0.656566	0
0.656566	0
0.656566	0
0.656566	0
0.656566	0
0.656566	0
0.656566	0
0.656566	0
0.656566	0
0.656566	0
0.656566	0
0.656566	0
0.656566	0
0.656566	0
0.656566	0
0.656566	0
0.656566	0
0.656566	0
0.656566	0
0.656566	0
0.656566	0
0.656566	0
0.656566	0
0.656566	0
0.656566	0
0.656566	0
0.656566	0
0.656566	0
0.656566	0
0.656566	0
0.656566	0
0.656566	0
0.656566	0
0.656566	0
0.656566	0
0.656566	0
0.656566	0
0.656566	0
0.656566	0
0.656566	0
0.656566	0
0.656566	0
0.656566	0
0.656566	0
0.656566	0
0.656566	0
0.656566	0
0.656566	0
0.656566	0
0.656566	0
0.656566	0
0.656566	0
0.656566	0
0.656566	0
0.656566	0
0.656566	0
0.656566	0
0.656566	0
0.656566	0
0.656566	0
0.656566	0
0.656566	0
0.656566	0
0.656566	0
0.656566	0
0.656566	0
0.656566	0
0.656566	0
0.656566	0
0.656566	0
0.656566	0
0.656566	0
0.656566	0
0.656566	0
0.656566	0
0.656566	0
0.656566	0
0.656566	0
0.656566	0
0.656566	0
0.656566	0
0.656566	0
0.656566	0
0.656566	0
0.656566	0
0.656566	0
0.656566	0
0.656566	0
0.656566	0
0.656566	0
0.656566	0
0.656566	0
0.656566	0
0.656566	0
0.656566	0
0.656566	0
0.656566	0
0.656566	0
0.656566	0
0.656566	0
0.656566	0
0.656566	0
0.656566	0
0.656566	0
0.656566	0
0.656566	0
0.656566	0
0.656566	0
0.656566	0
0.656566	0
0.656566	0
0.656566	0
0.656566	0
0.656566	0
0.656566	0
0.656566	0
0.656566	0
0.656566	0
0.656566	0
0.656566	0
0.656566	0
0.656566	0
0.656566	0
0.656566	0
0.656566	0
0.656566	0
0.656566	0
0.656566	0
0.656566	0
0.666886	0.000533558
0.680845	5.29671e-05
0.696423	0.000435917
0.712157	8.59322e-05
0.728871	-0.000144533
0.745377	-0.00248442
0.759315	-0.00596379
0.774789	-0.00972341
0.790778	-0.0135438
0.806658	-0.018346
0.823786	-0.0256072
0.840311	-0.0317111
0.853453	-0.0382333
0.86694	-0.0444326
0.882582	-0.0505264
0.897279	-0.0563066
0.912553	-0.0636992
0.927525	-0.0725241
0.941521	-0.0812807
0.95732	-0.0895183
0.971964	-0.0986245
0.98556	-0.106883
0.998951	-0.114738
1.01304	-0.121478
1.02713	-0.131036
1.0383	-0.140577
1.05011	-0.151954
1.0611	-0.162884
1.0723	-0.173795
1.08492	-0.185039
1.09733	-0.194867
1.11051	-0.204929
1.12355	-0.215769
1.13653	-0.227546
1.15057	-0.239958
1.16246	-0.249908
1.17421	-0.261388
1.18549	-0.273076
1.19735	-0.28379
1.2088	-0.294483
1.22061	-0.306019
1.23299	-0.316434
1.24516	-0.327758
1.25757	-0.339915
1.26936	-0.352608
1.28101	-0.365799
1.2953	-0.378796
1.30834	-0.392137
1.32156	-0.405322
1.3346	-0.419965
1.34659	-0.433519
1.35789	-0.445276
1.36912	-0.457316
1.37958	-0.471025
1.38972	-0.484286
1.40055	-0.499294
1.41133	-0.51347
1.42431	-0.527248
1.43408	-0.540631
1.44408	-0.554102
1.45391	-0.567582
1.46398	-0.580944
1.47367	-0.595359
1.48198	-0.609321
1.4902	-0.622477
1.49905	-0.635574
1.50563	-0.648059
1.51365	-0.662994
1.5217	-0.677433
1.52984	-0.692376
1.53739	-0.7079
1.54552	-0.722328
1.55178	-0.73786
1.5598	-0.753049
1.56722	-0.768049
1.57388	-0.783677
1.57974	-0.79988
1.58506	-0.816777
1.58966	-0.834011
1.59356	-0.850696
1.59907	-0.869353
1.605	-0.886473
1.61075	-0.902761
1.61656	-0.91804
1.62503	-0.931713
1.63328	-0.945392
1.64158	-0.959217
1.65133	-0.973068
1.66039	-0.987172
1.66937	-1.00092
1.68035	-1.01395
1.68864	-1.02843
1.69697	-1.04159
1.70494	-1.05573
1.71225	-1.07076
1.7186	-1.08564
1.72505	-1.10092
1.73193	-1.1162
1.73804	-1.1321
1.7423	-1.14765
1.74859	-1.16401
1.75494	-1.17971
1.76119	-1.19588
1.76727	-1.2117
1.77391	-1.2269
1.78101	-1.24154
1.78786	-1.2554
1.79602	-1.26974
1.80563	-1.28667
1.81545	-1.30263
1.82529	-1.31813
1.83511	-1.33333
1.84674	-1.34681
1.85599	-1.36089
1.86456	-1.37474
1.87321	-1.38795
1.88197	-1.40153
1.89065	-1.41501
1.90072	-1.42875
1.91042	-1.44347
1.91943	-1.45773
1.92858	-1.47114
1.93723	-1.4841
1.94764	-1.49769
1.95728	-1.51168
1.96535	-1.52591
1.97308	-1.54101
1.98078	-1.55587
1.98827	-1.57113
1.99642	-1.58602
2.00418	-1.60085
2.01151	-1.61539
2.01938	-1.63024
2.02915	-1.64357
2.03769	-1.65624
2.04531	-1.66934
2.05324	-1.67885
2.06109	-1.68817
2.07044	-1.70009
2.07967	-1.71282
2.08855	-1.72481
2.09887	-1.73721
2.10858	-1.75067
2.11903	-1.76382
2.13046	-1.77652
2.14024	-1.78837
2.15084	-1.80086
2.16129	-1.81268
2.17376	-1.82458
2.1864	-1.83895
2.19649	-1.85162
2.20672	-1.86447
2.21721	-1.87753
2.22896	-1.89103
2.23916	-1.90618
2.24735	-1.9197
2.25488	-1.93255
2.26397	-1.94535
2.27386	-1.95822
2.28503	-1.97002
2.29469	-1.9824
2.30471	-1.99525
2.31698	-2.00698
2.33194	-2.01972
2.34505	-2.03051
2.36127	-2.03965
2.37432	-2.05108
2.38868	-2.06295
2.40268	-2.07381
2.41614	-2.08445
2.42899	-2.0949
2.44183	-2.10543
2.45473	-2.11592
2.46683	-2.1243
2.47953	-2.13366
2.49295	-2.14286
2.50585	-2.15362
2.51836	-2.16442
2.531	-2.17404
2.54391	-2.18461
2.55664	-2.19512
2.57111	-2.20449
2.58477	-2.21534
2.5981	-2.22415
2.61147	-2.23402
2.62373	-2.24184
2.6361	-2.25162
2.6487	-2.26081
2.65968	-2.27029
2.67091	-2.27998
2.68188	-2.28843
2.69409	-2.29791
2.70664	-2.30773
2.71898	-2.31967
2.72956	-2.33111
2.74134	-2.34164
2.75438	-2.35356
2.76601	-2.36684
2.7768	-2.37897
2.78844	-2.39123
2.79944	-2.40382
2.8113	-2.41779
2.82391	-2.42912
2.83731	-2.44091
2.85025	-2.45232
2.86276	-2.46339
2.87569	-2.47464
2.88756	-2.48549
2.8998	-2.49801
2.912	-2.50989
2.92418	-2.52118
2.93623	-2.53192
2.94817	-2.54296
2.96057	-2.5528
2.9738	-2.56328
2.987	-2.57378
2.99992	-2.5842
3.01321	-2.59531
3.02552	-2.60665
3.03766	-2.61791
3.04812	-2.63183
3.05918	-2.64416
3.0712	-2.65694
3.08086	-2.66814
3.08939	-2.68039
3.10186	-2.69005
3.11477	-2.69946
3.12797	-2.70894
3.14059	-2.72025
3.15218	-2.7312
3.16469	-2.74236
3.17832	-2.75353
3.19038	-2.76395
3.2018	-2.77346
3.21347	-2.7825
3.22634	-2.79121
3.2404	-2.79938
3.25436	-2.80736
3.26853	-2.81532
3.28303	-2.82324
3.29742	-2.83065
3.31303	-2.83718
3.32873	-2.84386
3.34552	-2.85015
3.36155	-2.85606
3.37674	-2.86076
3.39212	-2.86557
3.40757	-2.87019
3.42302	-2.87497
3.43962	-2.87807
3.45605	-2.87965
3.4731	-2.8803
3.48988	-2.8812
3.50936	-2.88285
3.52923	-2.88451
3.54642	-2.88612
3.56275	-2.88719
3.57876	-2.88625
3.5934	-2.88628
3.60827	-2.88507
3.62413	-2.88377
3.63912	-2.88399
3.65613	-2.88499
3.67262	-2.88493
3.68948	-2.88465
3.70496	-2.883
3.7206	-2.88133
3.7358	-2.87933
3.75147	-2.87848
3.76748	-2.87659
3.78344	-2.87574
3.79978	-2.87329
3.81631	-2.87021
3.8325	-2.86893
3.8484	-2.86495
3.86427	-2.86124
3.87884	-2.85739
3.89387	-2.8529
3.909	-2.84796
3.9243	-2.83994
3.94029	-2.8329
3.95567	-2.82565
3.97078	-2.81883
3.98658	-2.81197
4.00173	-2.80491
4.01726	-2.79793
4.03301	-2.79298
4.04717	-2.78555
4.06057	-2.77741
4.07224	-2.7698
4.08461	-2.76146
4.09704	-2.7535
4.10926	-2.74452
4.12204	-2.73441
4.1344	-2.72467
4.14715	-2.71447
4.15974	-2.7052
4.17214	-2.69657
4.18586	-2.68748
4.19979	-2.67928
4.21273	-2.66959
4.22601	-2.65986
4.24	-2.64952
4.2537	-2.63924
4.2672	-2.62926
4.2794	-2.61958
4.29138	-2.6081
4.30249	-2.59688
4.31317	-2.5864
4.32455	-2.57717
4.33953	-2.56854
4.35362	-2.55718
4.36621	-2.54589
4.37754	-2.53704
4.39197	-2.52818
4.40465	-2.51666
4.41683	-2.50508
4.42561	-2.49326
4.4346	-2.48056
4.44387	-2.46676
4.45418	-2.45397
4.46518	-2.44077
4.4768	-2.4269
4.48639	-2.41366
4.49604	-2.40041
4.50567	-2.38717
4.51541	-2.37408
4.52501	-2.36151
4.5346	-2.3486
4.54451	-2.33556
4.55524	-2.32141
4.56538	-2.30793
4.57816	-2.29422
4.5895	-2.28139
4.59995	-2.26865
4.61039	-2.25649
4.62099	-2.24421
4.6316	-2.23185
4.64247	-2.21958
4.65325	-2.20731
4.66393	-2.19417
4.67426	-2.18131
4.68457	-2.16794
4.69734	-2.153
4.70903	-2.13937
4.71994	-2.12456
4.73051	-2.11241
4.74095	-2.09884
4.75102	-2.08556
4.76212	-2.07141
4.77265	-2.05808
4.78222	-2.04536
4.79206	-2.03263
4.80035	-2.02111
4.80913	-2.00903
4.81929	-1.99727
4.83078	-1.98631
4.84233	-1.97524
4.85415	-1.96488
4.8661	-1.95109
4.87721	-1.939
4.88842	-1.92526
4.89984	-1.91182
4.91083	-1.89883
4.92143	-1.88612
4.93188	-1.87318
4.94269	-1.86138
4.95323	-1.84914
4.96463	-1.83821
4.97422	-1.82472
4.98395	-1.81192
4.99479	-1.79882
5.00581	-1.78206
5.0156	-1.76693
5.02602	-1.75462
5.03354	-1.7396
5.04128	-1.72496
5.04857	-1.71
5.0555	-1.69485
5.06326	-1.68037
5.07157	-1.66402
5.08	-1.64991
5.08693	-1.63509
5.09266	-1.62043
5.09844	-1.6055
5.10369	-1.5885
5.10863	-1.57217
5.11502	-1.55744
5.11903	-1.54316
5.12304	-1.52839
5.12779	-1.51258
5.13177	-1.4968
5.13641	-1.482
5.14045	-1.46722
5.14258	-1.45217
5.14478	-1.43667
5.14685	-1.42077
5.14877	-1.40469
5.15233	-1.38861
5.15269	-1.37183
5.15477	-1.35555
5.15564	-1.33778
5.1559	-1.32064
5.1557	-1.30389
5.15475	-1.28743
5.15299	-1.27122
5.1519	-1.25217
5.14856	-1.23376
5.14624	-1.21666
5.14342	-1.19958
5.14061	-1.1829
5.13587	-1.16764
5.13109	-1.15223
5.12556	-1.13715
5.11976	-1.1239
5.11377	-1.10961
5.10774	-1.09588
5.10063	-1.08144
5.09463	-1.06734
5.08782	-1.05317
5.08044	-1.03728
5.07386	-1.02094
5.06724	-1.00535
5.05893	-0.989302
5.04943	-0.973839
5.04061	-0.958291
5.03196	-0.943009
5.02402	-0.927939
5.01769	-0.915661
5.01058	-0.903081
5.00316	-0.890212
4.99506	-0.876806
4.98656	-0.86321
4.97785	-0.849615
4.96969	-0.835221
4.96022	-0.821483
4.95151	-0.807652
4.94164	-0.792821
4.93066	-0.780086
4.91853	-0.76592
4.90701	-0.752402
4.89593	-0.739572
4.88474	-0.727393
4.87402	-0.716571
4.86293	-0.70534
4.85138	-0.693495
4.8399	-0.681717
4.82748	-0.668707
4.81545	-0.65531
4.80375	-0.641676
4.79329	-0.626973
4.78258	-0.614568
4.77302	-0.602881
4.7627	-0.591024
4.75076	-0.578229
4.73836	-0.56456
4.72613	-0.552207
4.7145	-0.540463
4.70249	-0.529182
4.68977	-0.518628
4.67653	-0.508815
4.66152	-0.498998
4.64777	-0.490243
4.634	-0.479849
4.62183	-0.470705
4.60893	-0.462804
4.59524	-0.454385
4.5808	-0.445916
4.56595	-0.436424
4.55073	-0.42781
4.53551	-0.419907
4.52083	-0.41187
4.50647	-0.401553
4.49259	-0.392177
4.48093	-0.382735
4.46704	-0.374625
4.45337	-0.366689
4.43777	-0.358939
4.42508	-0.351598
4.41127	-0.344143
4.39643	-0.335877
4.3804	-0.329749
4.36592	-0.325069
4.35096	-0.320149
4.33628	-0.314994
4.32084	-0.308653
4.30577	-0.30329
4.29204	-0.296936
4.27725	-0.289297
4.26302	-0.280673
4.25028	-0.271497
4.23648	-0.262824
4.22064	-0.256874
4.20459	-0.252513
4.18901	-0.249033
4.17382	-0.245514
4.15848	-0.241783
4.14277	-0.238845
4.12738	-0.237507
4.11044	-0.236745
4.09485	-0.234144
4.07924	-0.229958
4.06405	-0.224632
4.04676	-0.217775
4.03156	-0.211048
4.01654	-0.204373
4.00215	-0.198045
3.98747	-0.19159
3.97226	-0.185463
3.95674	-0.17958
3.94339	-0.174498
3.92903	-0.169368
3.9125	-0.167091
3.89526	-0.165694
3.8785	-0.16394
3.86085	-0.160537
3.84465	-0.154477
3.82922	-0.149026
3.81379	-0.143607
3.79849	-0.138349
3.78151	-0.133845
3.76607	-0.130218
3.74845	-0.125429
3.73219	-0.120075
3.714	-0.113545
3.69727	-0.107919
3.68132	-0.102512
3.66641	-0.0974366
3.65104	-0.0908814
3.6364	-0.0838259
3.62217	-0.0763694
3.60587	-0.0693064
3.59016	-0.063694
3.57714	-0.058693
3.56296	-0.0526447
3.54925	-0.0461686
3.53565	-0.0393117
3.52217	-0.0318645
3.50759	-0.0255834
3.49248	-0.0195222
3.47703	-0.010817
3.46151	-0.00296862
3.44696	0.00592912
3.43256	0.0145799
3.4183	0.0231424
3.40426	0.03079
3.3898	0.0382524
3.37373	0.045361
3.3583	0.0521254
3.34364	0.0592473
3.32933	0.0662339
3.31463	0.0719962
3.29974	0.0771798
3.28462	0.085669
3.27001	0.0937928
3.25609	0.101991
3.2425	0.110508
3.22762	0.119831
3.21323	0.128962
3.1994	0.137728
3.18443	0.146066
3.17068	0.153649
3.15569	0.16152
3.14042	0.168112
3.12564	0.17643
3.11096	0.184324
3.09668	0.19127
3.08207	0.198459
3.06724	0.204881
3.0524	0.211651
3.03499	0.219052
3.01885	0.225883
3.00312	0.232808
