0.656566	0
0.656566	0
0.656566	0
0.656566	0
0.656566	0
0.656566	0
0.656566	0
0.656566	0
0.656566	0
0.656566	0
0.656566	0
0.656566	0
0.656566	0
0.656566	0
0.656566	0
0.656566	0
0.656566	0
0.656566	0
0.656566	0
0.656566	0
0.656566	0
0.656566	0
0.656566	0
0.656566	0
0.656566	0
0.656566	0
0.656566	0
0.656566	0
0.656566	0
0.656566	0
0.656566	0
0.656566	0
0.656566	0
0.656566	0
0.656566	0
0.656566	0
0.656566	0
0.656566	0
0.656566	0
0.656566	0
0.656566	0
0.656566	0
0.656566	0
0.656566	0
0.656566	0
0.656566	0
0.656566	0
0.656566	0
0.656566	0
0.656566	0
0.656566	0
0.656566	0
0.656566	0
0.656566	0
0.656566	0
0.656566	0
0.656566	0
0.656566	0
0.656566	0
0.656566	0
0.656566	0
0.656566	0
0.656566	0
0.656566	0
0.656566	0
0.656566	0
0.656566	0
0.656566	0
0.656566	0
0.656566	0
0.656566	0
0.656566	0
0.656566	0
0.656566	0
0.656566	0
0.656566	0
0.656566	0
0.656566	0
0.656566	0
0.656566	0
0.656566	0
0.656566	0
0.656566	0
0.656566	0
0.656566	0
0.656566	0
0.656566	0
0.656566	0
0.656566	0
0.656566	0
0.656566	0
0.656566	0
0.656566	0
0.656566	0
0.656566	0
0.656566	0
0.656566	0
0.656566	0
0.656566	0
0.656566	0
0.656566	0
0.656566	0
0.656566	0
0.656566	0
0.656566	0
0.656566	0
0.656566	0
0.656566	0
0.656566	0
0.656566	0
0.656566	0
0.656566	0
0.656566	0
0.656566	0
0.656566	0
0.656566	0
0.656566	0
0.656566	0
0.656566	0
0.656566	0
0.656566	0
0.656566	0
0.656566	0
0.656566	0
0.656566	0
0.656566	0
0.656566	0
0.656566	0
0.656566	0
0.656566	0
0.656566	0
0.656566	0
0.656566	0
0.656566	0
0.656566	0
0.656566	0
0.656566	0
0.656566	0
0.656566	0
0.656566	0
0.656566	0
0.656566	0
0.656566	0
0.656566	0
0.656566	0
0.656566	0
0.656566	0
0.656566	0
0.656566	0
0.656566	0
0.656566	0
0.656566	0
0.656566	0
0.656566	0
0.656566	0
0.656566	0
0.656566	0
0.656566	0
0.656566	0
0.656566	0
0.656566	0
0.656566	0
0.656566	0
0.656566	0
0.656566	0
0.656566	0
0.656566	0
0.656566	0
0.656566	0
0.656566	0
0.656566	0
0.656566	0
0.656566	0
0.656566	0
0.656566	0
0.656566	0
0.656566	0
0.656566	0
0.656566	0
0.656566	0
0.656566	0
0.656566	0
0.656566	0
0.656566	0
0.656566	0
0.656566	0
0.656566	0
0.656566	0
0.656566	0
0.656566	0
0.656566	0
0.656566	0
0.656566	0
0.656566	0
0.656566	0
0.656566	0
0.656566	0
0.656566	0
0.656566	0
0.656566	0
0.656566	0
0.656566	0
0.656566	0
0.656566	0
0.656566	0
0.656566	0
0.656566	0
0.656566	0
0.656566	0
0.656566	0
0.656566	0
0.656566	0
0.656566	0
0.656566	0
0.656566	0
0.656566	0
0.656566	0
0.656566	0
0.656566	0
0.656566	0
0.656566	0
0.656566	0
0.656566	0
0.656566	0
0.656566	0
0.656566	0
0.656566	0
0.656566	0
0.656566	0
0.656566	0
0.656566	0
0.656566	0
0.656566	0
0.656566	0
0.656566	0
0.656566	0
0.656566	0
0.656566	0
0.656566	0
0.656566	0
0.656566	0
0.656566	0
0.656566	0
0.656566	0
0.656566	0
0.656566	0
0.656566	0
0.656566	0
0.656566	0
0.656566	0
0.656566	0
0.656566	0
0.656566	0
0.656566	0
0.656566	0
0.656566	0
0.656566	0
0.656566	0
0.656566	0
0.656566	0
0.656566	0
0.656566	0
0.656566	0
0.656566	0
0.656566	0
0.656566	0
0.656566	0
0.656566	0
0.656566	0
0.656566	0
0.656566	0
0.656566	0
0.656566	0
0.656566	0
0.656566	0
0.656566	0
0.656566	0
0.656566	0
0.656566	0
0.656566	0
0.656566	0
0.656566	0
0.656566	0
0.656566	0
0.656566	0
0.656566	0
0.656566	0
0.656566	0
0.656566	0
0.656566	0
0.656566	0
0.656566	0
0.656566	0
0.656566	0
0.656566	0
0.656566	0
0.656566	0
0.656566	0
0.656566	0
0.656566	0
0.656566	0
0.656566	0
0.656566	0
0.656566	0
0.656566	0
0.656566	0
0.656566	0
0.656566	0
0.656566	0
0.656566	0
0.656566	0
0.656566	0
0.656566	0
0.656566	0
0.656566	0
0.656566	0
0.656566	0
0.656566	0
0.656566	0
0.656566	0
0.656566	0
0.656566	0
0.656566	0
0.656566	0
0.656566	0
0.656566	0
0.656566	0
0.656566	0
0.656566	0
0.656566	0
0.656566	0
0.656566	0
0.656566	0
0.656566	0
0.656566	0
0.656566	0
0.656566	0
0.656566	0
0.656566	0
0.656566	0
0.656566	0
0.656566	0
0.656566	0
0.656566	0
0.656566	0
0.656566	0
0.656566	0
0.656566	0
0.656566	0
0.656566	0
0.656566	0
0.656566	0
0.656566	0
0.656566	0
0.656566	0
0.656566	0
0.656566	0
0.656566	0
0.656566	0
0.656566	0
0.656566	0
0.656566	0
0.656566	0
0.656566	0
0.656566	0
0.656566	0
0.656566	0
0.656566	0
0.656566	0
0.656566	0
0.656566	0
0.656566	0
0.656566	0
0.656566	0
0.656566	0
0.656566	0
0.656566	0
0.656566	0
0.656566	0
0.656566	0
0.656566	0
0.656566	0
0.656566	0
0.656566	0
0.656566	0
0.656566	0
0.656566	0
0.656566	0
0.656566	0
0.656566	0
0.656566	0
0.656566	0
0.656566	0
0.656566	0
0.656566	0
0.656566	0
0.656566	0
0.656566	0
0.656566	0
0.656566	0
0.656566	0
0.656566	0
0.656566	0
0.656566	0
0.656566	0
0.664552	-0.00736717
0.676023	-0.0147149
0.688712	-0.0228437
0.701358	-0.033389
0.714963	-0.0431876
0.729222	-0.0514484
0.743375	-0.0593314
0.758172	-0.0673038
0.771752	-0.0767134
0.785501	-0.08555
0.799355	-0.0942976
0.812869	-0.102252
0.826652	-0.110661
0.840202	-0.119278
0.854944	-0.12902
0.869142	-0.13834
0.884579	-0.146934
0.899711	-0.155135
0.914382	-0.163506
0.929747	-0.171273
0.943953	-0.177993
0.957355	-0.183559
0.970833	-0.191004
0.9835	-0.200498
0.996387	-0.21137
1.00893	-0.222633
1.02105	-0.232625
1.03358	-0.24426
1.04542	-0.254104
1.05762	-0.264205
1.06751	-0.274358
1.08011	-0.284003
1.09326	-0.293943
1.10521	-0.301518
1.11793	-0.310015
1.12949	-0.319962
1.14248	-0.331446
1.15523	-0.342821
1.16762	-0.354545
1.18132	-0.36528
1.19408	-0.376687
1.2067	-0.385015
1.2185	-0.395519
1.22935	-0.405013
1.23888	-0.417158
1.24883	-0.428532
1.25684	-0.440731
1.26386	-0.452759
1.27052	-0.466067
1.27787	-0.479791
1.28479	-0.494371
1.29075	-0.510692
1.29649	-0.528556
1.3037	-0.545857
1.31131	-0.560453
1.31843	-0.575554
1.32683	-0.589956
1.33498	-0.603812
1.34195	-0.617029
1.34931	-0.630639
1.35712	-0.644219
1.36475	-0.658098
1.37331	-0.674183
1.3813	-0.689684
1.38922	-0.705977
1.39747	-0.72185
1.40579	-0.738251
1.41398	-0.753378
1.42195	-0.767515
1.42974	-0.78189
1.43765	-0.796472
1.44473	-0.810049
1.45184	-0.823323
1.45783	-0.838354
1.46344	-0.854375
1.46908	-0.870506
1.47423	-0.886102
1.47936	-0.901761
1.48278	-0.91739
1.48602	-0.933043
1.48975	-0.94912
1.49403	-0.964495
1.49834	-0.980052
1.50146	-0.996243
1.50657	-1.01231
1.5119	-1.02794
1.51713	-1.04279
1.5214	-1.05874
1.52618	-1.07544
1.53059	-1.09163
1.53461	-1.1074
1.53928	-1.12302
1.54458	-1.13694
1.54991	-1.1515
1.55455	-1.16653
1.55945	-1.18163
1.5639	-1.19709
1.56792	-1.21203
1.57332	-1.22821
1.57876	-1.24485
1.58421	-1.26093
1.58979	-1.27827
1.59684	-1.29496
1.60297	-1.31041
1.60855	-1.3246
1.61379	-1.34025
1.62071	-1.35561
1.6304	-1.37098
1.6405	-1.3847
1.65019	-1.39822
1.65941	-1.41081
1.66954	-1.42376
1.67956	-1.43799
1.69018	-1.4522
1.7014	-1.46465
1.71281	-1.47857
1.7239	-1.4918
1.73456	-1.50545
1.74551	-1.51852
1.75647	-1.53113
1.76761	-1.54288
1.77904	-1.55495
1.79188	-1.56674
1.80428	-1.57817
1.81571	-1.5889
1.82792	-1.59918
1.83839	-1.61021
1.84927	-1.62167
1.86032	-1.63334
1.87132	-1.64576
1.88238	-1.6584
1.89339	-1.67087
1.90457	-1.68206
1.9166	-1.69265
1.92926	-1.70475
1.94263	-1.71719
1.95311	-1.72926
1.96417	-1.74146
1.9751	-1.75323
1.98602	-1.76622
1.99484	-1.7785
2.00372	-1.79073
2.01322	-1.804
2.02314	-1.81515
2.03268	-1.82768
2.04202	-1.8401
2.05136	-1.85295
2.06058	-1.8666
2.0702	-1.87881
2.08133	-1.89439
2.09138	-1.90859
2.10123	-1.92218
2.11077	-1.93491
2.12022	-1.94831
2.12973	-1.96265
2.13849	-1.97625
2.14717	-1.98859
2.15687	-2.00192
2.16569	-2.01544
2.17429	-2.02835
2.1825	-2.04086
2.19046	-2.05442
2.19841	-2.06793
2.20556	-2.08211
2.21265	-2.09577
2.22243	-2.11006
2.23143	-2.12397
2.24061	-2.13782
2.24907	-2.15006
2.26009	-2.16322
2.27113	-2.17654
2.28155	-2.1888
2.29236	-2.20073
2.30332	-2.21286
2.31402	-2.22471
2.32563	-2.23727
2.33668	-2.24935
2.3478	-2.26102
2.35943	-2.27294
2.37167	-2.28506
2.38448	-2.2967
2.39914	-2.30975
2.41257	-2.32158
2.42606	-2.33326
2.43804	-2.34431
2.4489	-2.35584
2.45965	-2.36726
2.47158	-2.37662
2.48383	-2.38717
2.49759	-2.39555
2.51365	-2.40327
2.52857	-2.41105
2.54209	-2.41872
2.55573	-2.4269
2.56911	-2.43516
2.5835	-2.44474
2.59746	-2.45391
2.61209	-2.46217
2.62625	-2.47102
2.64163	-2.47953
2.65545	-2.48913
2.66907	-2.49857
2.68247	-2.5078
2.69517	-2.51741
2.70979	-2.52627
2.72428	-2.53542
2.73918	-2.5427
2.75367	-2.55009
2.76805	-2.55785
2.78165	-2.56575
2.79534	-2.57344
2.80912	-2.58157
2.82281	-2.58945
2.83628	-2.59694
2.85001	-2.60431
2.86397	-2.61123
2.87804	-2.61847
2.89299	-2.62617
2.90744	-2.63335
2.92115	-2.64312
2.93502	-2.65199
2.94925	-2.65959
2.96346	-2.66752
2.97775	-2.67544
2.99053	-2.684
3.00371	-2.69456
3.0172	-2.70385
3.02949	-2.71069
3.04146	-2.71666
3.05475	-2.7232
3.06777	-2.73006
3.08148	-2.7373
3.09761	-2.74312
3.11238	-2.74884
3.1271	-2.75454
3.14333	-2.76155
3.15896	-2.76804
3.17376	-2.77385
3.18883	-2.77955
3.2053	-2.78559
3.22121	-2.7919
3.23697	-2.79791
3.25316	-2.80371
3.26959	-2.80829
3.28643	-2.81305
3.30334	-2.81754
3.3196	-2.82252
3.33589	-2.82771
3.35175	-2.83247
3.36768	-2.83603
3.38392	-2.83955
3.40015	-2.84327
3.41599	-2.8474
3.43104	-2.85119
3.44749	-2.85485
3.46458	-2.85832
3.48168	-2.86193
3.49709	-2.86625
3.51196	-2.86995
3.52788	-2.87306
3.54351	-2.87671
3.55951	-2.87983
3.57567	-2.8823
3.59299	-2.8836
3.60975	-2.88496
3.62665	-2.88647
3.64378	-2.88577
3.66112	-2.88553
3.67797	-2.88526
3.69644	-2.88677
3.71342	-2.88329
3.72991	-2.87868
3.74619	-2.87395
3.76234	-2.86881
3.77864	-2.86337
3.79415	-2.85825
3.81026	-2.8544
3.82602	-2.85045
3.84167	-2.84652
3.85808	-2.84329
3.87294	-2.84036
3.88787	-2.83695
3.90401	-2.83009
3.91959	-2.82337
3.93649	-2.81682
3.95408	-2.81205
3.97061	-2.80524
3.98794	-2.79836
4.00404	-2.79124
4.01868	-2.78439
4.03317	-2.77851
4.04731	-2.77114
4.06278	-2.76228
4.0776	-2.75331
4.09177	-2.7437
4.10412	-2.7341
4.1168	-2.72391
4.12933	-2.71426
4.142	-2.7044
4.15451	-2.69469
4.1669	-2.6854
4.18052	-2.67492
4.19386	-2.66466
4.20661	-2.65375
4.22057	-2.64219
4.23384	-2.63119
4.24586	-2.62041
4.25785	-2.60887
4.26993	-2.59821
4.28227	-2.58751
4.29328	-2.57583
4.30467	-2.56387
4.31597	-2.54966
4.3274	-2.53643
4.33855	-2.52378
4.34917	-2.51274
4.35971	-2.5015
4.37179	-2.48963
4.38352	-2.47769
4.39734	-2.46504
4.4098	-2.45249
4.42183	-2.44019
4.43482	-2.42811
4.44725	-2.4165
4.45943	-2.40427
4.47119	-2.39215
4.48275	-2.38017
4.49399	-2.36738
4.5051	-2.35496
4.51639	-2.34301
4.52717	-2.33093
4.53768	-2.31819
4.54712	-2.30467
4.55525	-2.29266
4.56448	-2.28097
4.57424	-2.2687
4.58561	-2.25551
4.59786	-2.24456
4.60949	-2.23456
4.62058	-2.22378
4.63102	-2.21305
4.64206	-2.2016
4.65369	-2.18972
4.66545	-2.17844
4.677	-2.16541
4.68665	-2.15449
4.69748	-2.14214
4.70899	-2.1278
4.71972	-2.11469
4.73051	-2.10217
4.74131	-2.08975
4.75101	-2.07886
4.7615	-2.06912
4.77198	-2.05791
4.78346	-2.0453
4.79463	-2.03282
4.80636	-2.02117
4.81688	-2.01002
4.82784	-1.99852
4.83911	-1.98843
4.85113	-1.97773
4.86117	-1.96693
4.87251	-1.95469
4.88323	-1.94223
4.89394	-1.92828
4.90431	-1.91461
4.91399	-1.90091
4.9244	-1.88852
4.93613	-1.87505
4.94719	-1.86156
4.95882	-1.84803
4.97082	-1.83468
4.98038	-1.82125
4.98904	-1.80795
4.99795	-1.79518
5.00693	-1.78235
5.0157	-1.76994
5.02461	-1.75723
5.03355	-1.7441
5.04198	-1.72992
5.05026	-1.71554
5.05763	-1.70003
5.06334	-1.68197
5.06797	-1.66614
5.07131	-1.65028
5.07592	-1.63389
5.08131	-1.61759
5.08639	-1.60069
5.08969	-1.58539
5.09324	-1.56997
5.09654	-1.55388
5.09983	-1.5382
5.10322	-1.5221
5.10608	-1.50695
5.10972	-1.49129
5.11288	-1.47526
5.11612	-1.45909
5.11946	-1.44207
5.12217	-1.42492
5.125	-1.40834
5.12752	-1.39184
5.12935	-1.37534
5.13009	-1.35862
5.12946	-1.34242
5.12935	-1.32632
5.13006	-1.31164
5.12964	-1.29599
5.128	-1.28027
5.12692	-1.26292
5.12508	-1.24656
5.12447	-1.22939
5.12244	-1.2138
5.11913	-1.19562
5.11492	-1.17832
5.11038	-1.16244
5.10597	-1.14661
5.10117	-1.13123
5.09664	-1.11507
5.09109	-1.09903
5.08668	-1.08238
5.08171	-1.06683
5.07535	-1.05121
5.06968	-1.03792
5.06375	-1.02335
5.05694	-1.00911
5.04996	-0.993213
5.04166	-0.977838
5.03303	-0.963959
5.02429	-0.949939
5.01438	-0.93553
5.00369	-0.922121
4.99374	-0.911692
4.9831	-0.900487
4.97245	-0.889388
4.96174	-0.878511
4.95025	-0.867483
4.93782	-0.85527
4.92615	-0.843691
4.91477	-0.832227
4.90377	-0.820711
4.89245	-0.80969
4.88172	-0.799261
4.87057	-0.786162
4.85893	-0.77324
4.84734	-0.759305
4.83602	-0.745589
4.82459	-0.733873
4.81373	-0.721009
4.80181	-0.70921
4.79149	-0.699736
4.77976	-0.689478
4.7681	-0.680119
4.75578	-0.670249
4.74167	-0.659825
4.72731	-0.649747
4.71343	-0.641879
4.69994	-0.633202
4.68629	-0.624315
4.67212	-0.618158
4.65766	-0.611651
4.64298	-0.605025
4.62821	-0.598344
4.61316	-0.591426
4.60153	-0.584236
4.58894	-0.575479
4.57607	-0.566753
4.56348	-0.557468
4.55142	-0.548912
4.53724	-0.540234
4.52331	-0.531809
4.50893	-0.523039
4.49307	-0.514443
4.47825	-0.506633
4.46356	-0.498971
4.44915	-0.491214
4.43612	-0.481767
4.42372	-0.473108
4.41153	-0.464152
4.3991	-0.454733
4.38634	-0.445152
4.37328	-0.435734
4.36076	-0.42621
4.3486	-0.4167
4.33629	-0.407264
4.32208	-0.398374
4.3075	-0.389844
4.29252	-0.38202
4.27571	-0.374212
4.2615	-0.367083
4.2473	-0.360971
4.23254	-0.352194
4.21945	-0.342954
4.20614	-0.333708
4.19345	-0.325062
4.18051	-0.315813
4.16741	-0.306831
4.15495	-0.299349
4.14116	-0.290056
4.12721	-0.280849
4.11374	-0.270952
4.10088	-0.261961
4.08721	-0.253381
4.07316	-0.244596
4.05799	-0.23497
4.04342	-0.226099
4.02896	-0.217478
4.01596	-0.20819
4.00356	-0.198088
3.99011	-0.188241
3.97663	-0.179042
3.96281	-0.17047
3.94581	-0.160086
3.93054	-0.150911
3.91552	-0.142218
3.90075	-0.133869
3.88541	-0.125597
3.87047	-0.118389
3.85576	-0.112423
3.8392	-0.106585
3.82188	-0.101494
3.8055	-0.0964335
3.78957	-0.0912974
3.77339	-0.0860456
3.75854	-0.0816292
3.74409	-0.0767975
3.72808	-0.0727678
3.71217	-0.0675827
3.69816	-0.0634968
3.68248	-0.0591393
3.66682	-0.0524773
3.65231	-0.0454478
3.63729	-0.03797
3.621	-0.0295576
3.60671	-0.0213637
3.59014	-0.0114803
3.57483	-0.00234667
3.5603	0.00639278
3.5458	0.0141516
3.53196	0.0208998
3.51797	0.0264983
3.50397	0.0319133
3.48962	0.0376098
3.47486	0.0432964
3.45998	0.0495347
3.44612	0.0581694
3.43143	0.0682777
3.4166	0.0797447
3.40219	0.0918447
3.39117	0.100152
3.37954	0.109797
3.37012	0.120913
3.3578	0.132433
3.3436	0.144583
3.33024	0.155473
3.31812	0.166679
3.30601	0.178043
3.29439	0.187766
3.28156	0.198389
3.26848	0.208414
3.25512	0.21752
3.24195	0.225785
3.22811	0.234027
3.21369	0.241469
3.19812	0.251599
3.18467	0.261267
3.17126	0.270648
3.15682	0.278579
3.14321	0.285161
3.12815	0.292352
3.11332	0.299259
3.09873	0.304407
3.08344	0.308737
3.06831	0.312673
3.05226	0.316986
3.03734	0.320775
3.02264	0.325414
3.00638	0.328988
2.9903	0.333046
2.97412	0.336583
2.95839	0.341332
2.94221	0.346182
2.92464	0.350316
2.90697	0.355078
2.88947	0.360207
2.87251	0.364787
2.85555	0.369547
2.84033	0.371227
2.82463	0.373337
2.81001	0.374752
2.79407	0.378372
2.77844	0.382042
2.76273	0.385833
2.74691	0.387918
2.73033	0.389705
2.71335	0.390486
