0.656566	0
0.656566	0
0.656566	0
0.656566	0
0.656566	0
0.656566	0
0.656566	0
0.656566	0
0.656566	0
0.656566	0
0.656566	0
0.656566	0
0.656566	0
0.656566	0
0.656566	0
0.656566	0
0.656566	0
0.656566	0
0.656566	0
0.656566	0
0.656566	0
0.656566	0
0.656566	0
0.656566	0
0.656566	0
0.656566	0
0.656566	0
0.656566	0
0.656566	0
0.656566	0
0.656566	0
0.656566	0
0.656566	0
0.656566	0
0.656566	0
0.656566	0
0.656566	0
0.656566	0
0.656566	0
0.656566	0
0.656566	0
0.656566	0
0.656566	0
0.656566	0
0.656566	0
0.656566	0
0.656566	0
0.656566	0
0.656566	0
0.656566	0
0.656566	0
0.656566	0
0.656566	0
0.656566	0
0.656566	0
0.656566	0
0.656566	0
0.656566	0
0.656566	0
0.656566	0
0.656566	0
0.656566	0
0.656566	0
0.656566	0
0.656566	0
0.656566	0
0.656566	0
0.656566	0
0.656566	0
0.656566	0
0.656566	0
0.656566	0
0.656566	0
0.656566	0
0.656566	0
0.656566	0
0.656566	0
0.656566	0
0.656566	0
0.656566	0
0.656566	0
0.656566	0
0.656566	0
0.656566	0
0.656566	0
0.656566	0
0.656566	0
0.656566	0
0.656566	0
0.656566	0
0.656566	0
0.656566	0
0.656566	0
0.656566	0
0.656566	0
0.656566	0
0.656566	0
0.656566	0
0.656566	0
0.656566	0
0.656566	0
0.656566	0
0.656566	0
0.656566	0
0.656566	0
0.656566	0
0.656566	0
0.656566	0
0.656566	0
0.656566	0
0.656566	0
0.656566	0
0.656566	0
0.656566	0
0.656566	0
0.656566	0
0.656566	0
0.656566	0
0.656566	0
0.656566	0
0.656566	0
0.656566	0
0.656566	0
0.656566	0
0.656566	0
0.656566	0
0.656566	0
0.656566	0
0.656566	0
0.656566	0
0.656566	0
0.656566	0
0.656566	0
0.656566	0
0.656566	0
0.656566	0
0.656566	0
0.656566	0
0.656566	0
0.656566	0
0.656566	0
0.656566	0
0.656566	0
0.656566	0
0.656566	0
0.656566	0
0.656566	0
0.656566	0
0.656566	0
0.656566	0
0.656566	0
0.656566	0
0.656566	0
0.656566	0
0.656566	0
0.656566	0
0.656566	0
0.656566	0
0.656566	0
0.656566	0
0.656566	0
0.656566	0
0.656566	0
0.656566	0
0.656566	0
0.656566	0
0.656566	0
0.656566	0
0.656566	0
0.656566	0
0.656566	0
0.656566	0
0.656566	0
0.656566	0
0.656566	0
0.656566	0
0.656566	0
0.656566	0
0.656566	0
0.656566	0
0.656566	0
0.656566	0
0.656566	0
0.656566	0
0.656566	0
0.656566	0
0.656566	0
0.656566	0
0.656566	0
0.656566	0
0.656566	0
0.656566	0
0.656566	0
0.656566	0
0.656566	0
0.656566	0
0.656566	0
0.656566	0
0.656566	0
0.656566	0
0.656566	0
0.656566	0
0.656566	0
0.656566	0
0.656566	0
0.656566	0
0.656566	0
0.656566	0
0.656566	0
0.656566	0
0.656566	0
0.656566	0
0.656566	0
0.656566	0
0.656566	0
0.656566	0
0.656566	0
0.656566	0
0.656566	0
0.656566	0
0.656566	0
0.656566	0
0.656566	0
0.656566	0
0.656566	0
0.656566	0
0.656566	0
0.656566	0
0.656566	0
0.656566	0
0.656566	0
0.656566	0
0.656566	0
0.656566	0
0.656566	0
0.656566	0
0.656566	0
0.656566	0
0.656566	0
0.656566	0
0.656566	0
0.656566	0
0.656566	0
0.656566	0
0.656566	0
0.656566	0
0.656566	0
0.656566	0
0.656566	0
0.656566	0
0.656566	0
0.656566	0
0.656566	0
0.656566	0
0.656566	0
0.656566	0
0.656566	0
0.656566	0
0.656566	0
0.656566	0
0.656566	0
0.656566	0
0.656566	0
0.656566	0
0.656566	0
0.656566	0
0.656566	0
0.656566	0
0.656566	0
0.656566	0
0.656566	0
0.656566	0
0.656566	0
0.656566	0
0.656566	0
0.656566	0
0.656566	0
0.656566	0
0.656566	0
0.656566	0
0.656566	0
0.656566	0
0.656566	0
0.656566	0
0.656566	0
0.656566	0
0.656566	0
0.656566	0
0.656566	0
0.656566	0
0.656566	0
0.656566	0
0.656566	0
0.656566	0
0.656566	0
0.656566	0
0.656566	0
0.656566	0
0.656566	0
0.656566	0
0.656566	0
0.656566	0
0.656566	0
0.656566	0
0.656566	0
0.656566	0
0.656566	0
0.656566	0
0.656566	0
0.656566	0
0.656566	0
0.656566	0
0.656566	0
0.656566	0
0.656566	0
0.656566	0
0.656566	0
0.656566	0
0.656566	0
0.656566	0
0.656566	0
0.656566	0
0.656566	0
0.656566	0
0.656566	0
0.656566	0
0.656566	0
0.656566	0
0.656566	0
0.656566	0
0.656566	0
0.656566	0
0.656566	0
0.656566	0
0.656566	0
0.656566	0
0.656566	0
0.656566	0
0.656566	0
0.656566	0
0.656566	0
0.656566	0
0.656566	0
0.656566	0
0.656566	0
0.656566	0
0.656566	0
0.656566	0
0.656566	0
0.656566	0
0.656566	0
0.656566	0
0.656566	0
0.656566	0
0.656566	0
0.656566	0
0.656566	0
0.656566	0
0.656566	0
0.656566	0
0.656566	0
0.656566	0
0.656566	0
0.656566	0
0.656566	0
0.656566	0
0.656566	0
0.656566	0
0.656566	0
0.656566	0
0.656566	0
0.656566	0
0.656566	0
0.656566	0
0.656566	0
0.656566	0
0.656566	0
0.656566	0
0.656566	0
0.656566	0
0.656566	0
0.656566	0
0.656566	0
0.656566	0
0.656566	0
0.656566	0
0.656566	0
0.656566	0
0.656566	0
0.656566	0
0.656566	0
0.656566	0
0.656566	0
0.656566	0
0.656566	0
0.656566	0
0.656566	0
0.656566	0
0.656566	0
0.656566	0
0.656566	0
0.656566	0
0.656566	0
0.656566	0
0.656566	0
0.656566	0
0.656566	0
0.656566	0
0.656566	0
0.656566	0
0.656566	0
0.656566	0
0.656566	0
0.656566	0
0.656566	0
0.656566	0
0.656566	0
0.656566	0
0.656566	0
0.656566	0
0.656566	0
0.656566	0
0.656566	0
0.656566	0
0.656566	0
0.656566	0
0.656566	0
0.656566	0
0.66795	0.00368451
0.680166	0.00294572
0.69492	0.00484144
0.710967	0.000910396
0.727107	-0.00271136
0.743114	-0.0061536
0.759927	-0.0101977
0.775875	-0.014154
0.792529	-0.0192505
0.808992	-0.0244478
0.823533	-0.0292427
0.839145	-0.0343162
0.856873	-0.0383914
0.87295	-0.0449922
0.887618	-0.0516836
0.902308	-0.0586705
0.917214	-0.0663933
0.929073	-0.0740991
0.941797	-0.0810614
0.955423	-0.0884302
0.969765	-0.0954649
0.984376	-0.102883
0.9988	-0.111273
1.01302	-0.120937
1.02611	-0.131155
1.03895	-0.140905
1.05212	-0.150637
1.06532	-0.15991
1.07637	-0.169231
1.08907	-0.178386
1.10038	-0.189166
1.11179	-0.197382
1.12278	-0.206638
1.13301	-0.215841
1.14345	-0.223814
1.1553	-0.233215
1.16497	-0.242189
1.17498	-0.252777
1.1855	-0.264004
1.19548	-0.27624
1.20616	-0.28873
1.21685	-0.30279
1.2279	-0.317734
1.23795	-0.331148
1.24651	-0.345246
1.25507	-0.359686
1.26242	-0.372081
1.26969	-0.386114
1.27647	-0.399893
1.28374	-0.413885
1.29119	-0.428161
1.29859	-0.443505
1.30558	-0.458881
1.31244	-0.473354
1.31761	-0.489962
1.32315	-0.504984
1.32891	-0.520318
1.33459	-0.535552
1.33777	-0.548356
1.34094	-0.564135
1.34425	-0.579702
1.34711	-0.596128
1.35034	-0.613864
1.35244	-0.630984
1.35557	-0.647458
1.36009	-0.665671
1.36518	-0.683668
1.36995	-0.700676
1.37445	-0.717247
1.3788	-0.733309
1.3832	-0.750243
1.38737	-0.765354
1.39125	-0.781363
1.3944	-0.797853
1.39688	-0.81355
1.39826	-0.828422
1.40002	-0.844584
1.4025	-0.860757
1.40586	-0.877003
1.40896	-0.892737
1.41195	-0.905114
1.41574	-0.919021
1.41999	-0.932668
1.42578	-0.947855
1.43144	-0.96278
1.43623	-0.976676
1.44075	-0.992113
1.44599	-1.00511
1.45138	-1.01879
1.45705	-1.03284
1.46312	-1.04743
1.46738	-1.06207
1.4703	-1.07695
1.47678	-1.09237
1.48169	-1.10894
1.48706	-1.12431
1.49239	-1.1389
1.49808	-1.15435
1.5039	-1.16753
1.5096	-1.18179
1.51712	-1.19683
1.52521	-1.21079
1.53425	-1.22583
1.54299	-1.24037
1.55163	-1.2546
1.56016	-1.2687
1.568	-1.28354
1.57744	-1.29862
1.58642	-1.31312
1.59494	-1.32675
1.60343	-1.34178
1.61056	-1.35792
1.61709	-1.37372
1.62289	-1.38837
1.63	-1.40038
1.63713	-1.41257
1.64458	-1.42589
1.65285	-1.43905
1.6607	-1.45232
1.66898	-1.4662
1.67888	-1.48013
1.68571	-1.49188
1.6958	-1.5034
1.70637	-1.51476
1.71721	-1.52641
1.72827	-1.53681
1.73894	-1.54753
1.74944	-1.55833
1.75938	-1.57
1.77011	-1.58208
1.78108	-1.59164
1.79253	-1.60135
1.80466	-1.61322
1.8156	-1.62615
1.82544	-1.63933
1.83516	-1.65252
1.84501	-1.66726
1.85437	-1.68197
1.86373	-1.69537
1.87119	-1.70782
1.87917	-1.72277
1.88687	-1.73773
1.89727	-1.75126
1.90784	-1.76356
1.9192	-1.77585
1.92942	-1.78855
1.93941	-1.80185
1.94931	-1.81505
1.95753	-1.82655
1.96556	-1.8391
1.97524	-1.85399
1.98459	-1.86967
1.9946	-1.88638
2.00384	-1.90173
2.0115	-1.91675
2.02042	-1.93153
2.03035	-1.94259
2.04113	-1.95436
2.05314	-1.96514
2.06498	-1.97587
2.07773	-1.98751
2.09012	-1.99886
2.10272	-2.011
2.11483	-2.02228
2.12868	-2.03263
2.14133	-2.04281
2.15335	-2.05299
2.16542	-2.06324
2.17827	-2.0738
2.19174	-2.0834
2.20473	-2.09293
2.21837	-2.10223
2.2319	-2.11137
2.24319	-2.1202
2.2558	-2.12969
2.26944	-2.13741
2.28304	-2.14506
2.29801	-2.15226
2.31287	-2.16024
2.32753	-2.16806
2.34124	-2.17498
2.35525	-2.18209
2.37148	-2.18908
2.3868	-2.1957
2.40277	-2.20278
2.41566	-2.20915
2.42976	-2.21496
2.44438	-2.22123
2.45949	-2.22735
2.47293	-2.23479
2.48631	-2.24186
2.50036	-2.24928
2.51473	-2.25557
2.5294	-2.26297
2.54393	-2.27094
2.55853	-2.2788
2.57307	-2.28689
2.58754	-2.2954
2.60119	-2.303
2.61596	-2.30971
2.6298	-2.31668
2.64359	-2.32381
2.65706	-2.33073
2.6708	-2.33384
2.68465	-2.34328
2.69853	-2.35019
2.7119	-2.35604
2.72516	-2.36491
2.73852	-2.37395
2.75017	-2.38313
2.76145	-2.39305
2.77312	-2.405
2.78492	-2.41677
2.79678	-2.42864
2.8082	-2.43777
2.8205	-2.44801
2.83203	-2.45856
2.84426	-2.47139
2.85532	-2.48436
2.86519	-2.49774
2.87428	-2.51105
2.88231	-2.52486
2.89069	-2.53774
2.89919	-2.55075
2.90785	-2.56368
2.91932	-2.57665
2.92964	-2.58952
2.93927	-2.60292
2.95009	-2.61543
2.96118	-2.62962
2.97403	-2.64244
2.9859	-2.65437
2.99819	-2.66711
3.01023	-2.67999
3.02323	-2.69114
3.03561	-2.70057
3.04774	-2.70999
3.06059	-2.72025
3.07322	-2.73105
3.08612	-2.7413
3.09963	-2.75184
3.11321	-2.76387
3.1276	-2.77338
3.14164	-2.78233
3.15555	-2.79109
3.17066	-2.79828
3.1859	-2.80548
3.20179	-2.8118
3.21869	-2.8181
3.23578	-2.82358
3.25137	-2.82848
3.26661	-2.8332
3.28178	-2.8379
3.29664	-2.84377
3.31031	-2.85045
3.32449	-2.8564
3.3397	-2.86324
3.35378	-2.86975
3.36785	-2.8751
3.38226	-2.88201
3.3988	-2.88808
3.41492	-2.89162
3.43097	-2.89397
3.4473	-2.89567
3.46201	-2.89812
3.47732	-2.90041
3.4921	-2.90309
3.50807	-2.90624
3.52393	-2.90969
3.53996	-2.91337
3.55806	-2.91477
3.57532	-2.91632
3.59243	-2.91775
3.60966	-2.91882
3.62681	-2.91941
3.64382	-2.9177
3.65963	-2.9154
3.67584	-2.91352
3.69338	-2.91056
3.70996	-2.90818
3.72647	-2.90611
3.74285	-2.90388
3.75837	-2.9011
3.77444	-2.89798
3.78983	-2.89572
3.80313	-2.89474
3.81847	-2.89015
3.83464	-2.8857
3.85087	-2.88142
3.86722	-2.87728
3.8833	-2.87363
3.90069	-2.86991
3.91568	-2.86352
3.9307	-2.85429
3.94525	-2.84388
3.95963	-2.83443
3.97233	-2.82595
3.98262	-2.8188
3.99417	-2.80997
4.007	-2.79958
4.02123	-2.78926
4.03619	-2.77933
4.05046	-2.76988
4.06247	-2.76016
4.07478	-2.75031
4.08915	-2.74044
4.10451	-2.73091
4.11881	-2.71988
4.13134	-2.70971
4.14261	-2.69993
4.1527	-2.68987
4.16422	-2.67872
4.17603	-2.66806
4.18814	-2.65745
4.19952	-2.64715
4.212	-2.63579
4.22399	-2.62486
4.23524	-2.61555
4.24676	-2.60652
4.25801	-2.59932
4.2696	-2.59215
4.28234	-2.58241
4.29517	-2.57249
4.30865	-2.56451
4.32181	-2.55684
4.33434	-2.54701
4.34604	-2.53667
4.35898	-2.52601
4.37149	-2.51617
4.38289	-2.5049
4.39525	-2.49202
4.40734	-2.48097
4.41766	-2.47058
4.42874	-2.45895
4.44005	-2.44763
4.4512	-2.43603
4.46247	-2.42318
4.47295	-2.41047
4.48439	-2.39815
4.49492	-2.38682
4.50604	-2.37359
4.51784	-2.36328
4.52969	-2.35539
4.54124	-2.34277
4.55187	-2.33111
4.56137	-2.31953
4.5701	-2.30812
4.57875	-2.29548
4.58866	-2.28141
4.59977	-2.26743
4.60901	-2.25703
4.61864	-2.24638
4.62879	-2.23463
4.63734	-2.22345
4.64686	-2.21221
4.65673	-2.20133
4.66712	-2.1927
4.67775	-2.18243
4.68896	-2.17082
4.70037	-2.15888
4.71036	-2.14663
4.72069	-2.1342
4.73114	-2.12185
4.74209	-2.11007
4.75272	-2.09726
4.76356	-2.0852
4.77534	-2.07358
4.78689	-2.06223
4.79875	-2.04939
4.81038	-2.03445
4.82305	-2.01943
4.83456	-2.00368
4.84581	-1.98975
4.85603	-1.97629
4.86618	-1.96317
4.87529	-1.95006
4.88449	-1.93677
4.89442	-1.92394
4.90449	-1.91085
4.91455	-1.89654
4.92646	-1.88195
4.93616	-1.86991
4.94599	-1.85747
4.95601	-1.8433
4.96361	-1.82933
4.97105	-1.8148
4.97931	-1.80048
4.98467	-1.78735
4.99106	-1.77404
4.99513	-1.75863
4.99932	-1.74301
5.00354	-1.72735
5.00948	-1.71372
5.0142	-1.70069
5.01929	-1.68657
5.02603	-1.67053
5.03251	-1.65481
5.03902	-1.63771
5.04267	-1.62078
5.04641	-1.60443
5.04991	-1.58808
5.05361	-1.57205
5.05717	-1.55699
5.06258	-1.54114
5.06754	-1.52528
5.07237	-1.50987
5.07549	-1.49501
5.08014	-1.47713
5.08526	-1.45869
5.08965	-1.44159
5.09568	-1.42325
5.0996	-1.40687
5.10389	-1.38962
5.107	-1.37183
5.11066	-1.35289
5.11264	-1.33563
5.1124	-1.31814
5.11359	-1.30137
5.11431	-1.28362
5.11463	-1.26538
5.11355	-1.25005
5.1118	-1.23337
5.1099	-1.21698
5.10865	-1.2015
5.1072	-1.18559
5.10442	-1.16885
5.10064	-1.15295
5.09675	-1.13704
5.0938	-1.12122
5.09045	-1.10479
5.08653	-1.0893
5.08145	-1.07261
5.07847	-1.05552
5.07249	-1.03938
5.06773	-1.02442
5.06304	-1.00841
5.05544	-0.992418
5.04603	-0.975818
5.03756	-0.959841
5.02897	-0.944815
5.02064	-0.930755
5.01164	-0.917748
5.00264	-0.90542
4.99309	-0.894039
4.98333	-0.882542
4.97316	-0.870587
4.96212	-0.85644
4.95181	-0.844366
4.94194	-0.83101
4.93176	-0.818716
4.91993	-0.805084
4.90863	-0.79213
4.89664	-0.780668
4.88575	-0.769656
4.87458	-0.75826
4.86414	-0.747296
4.85251	-0.734845
4.84066	-0.721774
4.82981	-0.708617
4.81866	-0.696759
4.80799	-0.685485
4.79786	-0.672945
4.78642	-0.659407
4.77592	-0.648545
4.76501	-0.637086
4.75407	-0.625899
4.74149	-0.61401
4.73024	-0.602708
4.71888	-0.590942
4.70793	-0.578453
4.69729	-0.5681
4.68563	-0.55719
4.67497	-0.546934
4.66467	-0.536688
4.65262	-0.525767
4.64033	-0.5157
4.62897	-0.504003
4.61723	-0.49263
4.60532	-0.481575
4.59303	-0.470536
4.58257	-0.45895
4.57041	-0.448633
4.55846	-0.436581
4.54527	-0.426381
4.53211	-0.416353
4.51981	-0.404419
4.50731	-0.395295
4.49552	-0.386334
4.48302	-0.377228
4.47021	-0.367003
4.45704	-0.358996
4.44307	-0.352986
4.42732	-0.347599
4.41079	-0.341906
4.39493	-0.334318
4.37873	-0.327476
4.36307	-0.320897
4.34793	-0.316105
4.33247	-0.310304
4.31717	-0.304181
4.30197	-0.298067
4.2877	-0.291167
4.27429	-0.283915
4.26064	-0.276619
4.24654	-0.269076
4.2321	-0.262324
4.21732	-0.254624
4.20427	-0.247838
4.19052	-0.240689
4.17647	-0.233279
4.16133	-0.227316
4.14682	-0.220762
4.13202	-0.214543
4.11532	-0.209294
4.09977	-0.204044
4.08622	-0.198648
4.07165	-0.193042
4.0567	-0.187419
4.04087	-0.181451
4.02399	-0.172399
4.00826	-0.164052
3.99367	-0.158637
3.97909	-0.15297
3.96556	-0.147477
3.95098	-0.14354
3.93388	-0.137395
3.9189	-0.132887
3.90321	-0.127422
3.88755	-0.121974
3.87291	-0.11716
3.85783	-0.112341
3.84101	-0.10806
3.82469	-0.103864
3.8095	-0.09944
3.79409	-0.0959084
3.77884	-0.0909096
3.76348	-0.0865488
3.74841	-0.0837354
3.73426	-0.081077
3.71953	-0.0783684
3.70238	-0.0761248
3.68627	-0.0732673
3.67063	-0.0692842
3.65398	-0.0653239
3.63787	-0.0607916
3.62195	-0.0557437
3.60571	-0.0502711
3.59015	-0.0447187
3.57421	-0.0390498
3.55898	-0.0331851
3.54528	-0.0270221
3.53198	-0.0189607
3.5181	-0.0116152
3.50475	-0.00242227
3.49262	0.00719015
3.48169	0.0169086
3.47072	0.0277079
3.4595	0.0397645
3.44951	0.0532879
3.43931	0.0663357
3.42709	0.0780708
3.41647	0.0867846
3.40551	0.0967114
3.39465	0.107501
3.38252	0.118194
3.37062	0.130604
3.35884	0.142607
3.34665	0.151994
3.33361	0.163309
3.32093	0.172944
3.3087	0.18512
3.29624	0.196484
