0.656566	0
0.656566	0
0.656566	0
0.656566	0
0.656566	0
0.656566	0
0.656566	0
0.656566	0
0.656566	0
0.656566	0
0.656566	0
0.656566	0
0.656566	0
0.656566	0
0.656566	0
0.656566	0
0.656566	0
0.656566	0
0.656566	0
0.656566	0
0.656566	0
0.656566	0
0.656566	0
0.656566	0
0.656566	0
0.656566	0
0.656566	0
0.656566	0
0.656566	0
0.656566	0
0.656566	0
0.656566	0
0.656566	0
0.656566	0
0.656566	0
0.656566	0
0.656566	0
0.656566	0
0.656566	0
0.656566	0
0.656566	0
0.656566	0
0.656566	0
0.656566	0
0.656566	0
0.656566	0
0.656566	0
0.656566	0
0.656566	0
0.656566	0
0.656566	0
0.656566	0
0.656566	0
0.656566	0
0.656566	0
0.656566	0
0.656566	0
0.656566	0
0.656566	0
0.656566	0
0.656566	0
0.656566	0
0.656566	0
0.656566	0
0.656566	0
0.656566	0
0.656566	0
0.656566	0
0.656566	0
0.656566	0
0.656566	0
0.656566	0
0.656566	0
0.656566	0
0.656566	0
0.656566	0
0.656566	0
0.656566	0
0.656566	0
0.656566	0
0.656566	0
0.656566	0
0.656566	0
0.656566	0
0.662802	-0.0113329
0.67098	-0.0217566
0.679854	-0.0327106
0.688508	-0.0450336
0.698508	-0.0575458
0.709017	-0.0694614
0.718595	-0.0804049
0.728051	-0.0920586
0.738966	-0.105446
0.749628	-0.117854
0.760532	-0.129441
0.772492	-0.141378
0.784421	-0.153251
0.795781	-0.165255
0.807056	-0.17721
0.817905	-0.190414
0.829579	-0.203395
0.840848	-0.214867
0.851501	-0.225762
0.863584	-0.236693
0.874676	-0.248594
0.885784	-0.260482
0.896884	-0.272724
0.907442	-0.284338
0.919193	-0.29707
0.930475	-0.309573
0.940505	-0.322029
0.950366	-0.334184
0.95931	-0.347738
0.968496	-0.362392
0.9772	-0.375512
0.986194	-0.38883
0.995674	-0.402243
1.00578	-0.412376
1.01497	-0.422531
1.02438	-0.432103
1.03608	-0.443641
1.04775	-0.455148
1.05964	-0.466616
1.07267	-0.478182
1.08481	-0.487661
1.09674	-0.496741
1.10748	-0.506077
1.11875	-0.515175
1.13095	-0.524661
1.14538	-0.53431
1.15999	-0.54355
1.17321	-0.553946
1.18655	-0.565518
1.19868	-0.577219
1.2096	-0.588848
1.21857	-0.60225
1.22703	-0.61625
1.23528	-0.628987
1.24316	-0.642107
1.24995	-0.65662
1.25674	-0.671209
1.26386	-0.688698
1.26998	-0.704901
1.27617	-0.719281
1.2828	-0.733212
1.28935	-0.74797
1.29507	-0.762167
1.30077	-0.775513
1.30604	-0.790635
1.31037	-0.806791
1.3133	-0.823235
1.31619	-0.839521
1.31999	-0.856257
1.32374	-0.872553
1.32746	-0.889167
1.33176	-0.905309
1.33745	-0.924284
1.34192	-0.940805
1.34586	-0.95772
1.35	-0.971851
1.35364	-0.98878
1.35495	-1.00462
1.36056	-1.02021
1.36542	-1.03692
1.36959	-1.05312
1.37507	-1.0704
1.37864	-1.08693
1.38424	-1.10308
1.38991	-1.12019
1.39522	-1.13622
1.40056	-1.15173
1.40514	-1.16831
1.41046	-1.1819
1.41601	-1.19644
1.42016	-1.21248
1.4257	-1.22976
1.43151	-1.2461
1.43632	-1.26153
1.44259	-1.27652
1.44884	-1.29134
1.45385	-1.3055
1.46003	-1.32075
1.466	-1.3373
1.47194	-1.35607
1.4818	-1.37098
1.49113	-1.38533
1.50169	-1.39918
1.51152	-1.413
1.52236	-1.42776
1.53389	-1.44106
1.54565	-1.45234
1.5593	-1.46367
1.57262	-1.47482
1.58535	-1.48549
1.59844	-1.49576
1.6117	-1.50652
1.62647	-1.51797
1.64038	-1.52855
1.65405	-1.53907
1.66711	-1.54939
1.68006	-1.55886
1.69327	-1.56848
1.70637	-1.57787
1.71973	-1.5874
1.7322	-1.59854
1.74445	-1.6097
1.7568	-1.62109
1.76598	-1.63217
1.7754	-1.64431
1.78681	-1.65549
1.79769	-1.66773
1.80798	-1.68035
1.81864	-1.6937
1.82786	-1.70672
1.83703	-1.71991
1.84675	-1.73404
1.8558	-1.74795
1.86307	-1.76296
1.86872	-1.77977
1.87366	-1.79664
1.87922	-1.81249
1.88438	-1.82869
1.88952	-1.84408
1.8943	-1.85936
1.8998	-1.87433
1.90584	-1.88987
1.91245	-1.90546
1.91961	-1.92345
1.92622	-1.93983
1.93401	-1.95655
1.94111	-1.97386
1.95107	-1.98853
1.96057	-2.0032
1.96781	-2.01937
1.97538	-2.03398
1.98489	-2.04781
1.99511	-2.06028
2.00526	-2.0725
2.01453	-2.08542
2.02302	-2.09672
2.0326	-2.10913
2.04351	-2.12201
2.05468	-2.13443
2.0639	-2.14737
2.07341	-2.16209
2.08206	-2.17598
2.09	-2.1922
2.10438	-2.20632
2.11746	-2.21911
2.12809	-2.23207
2.13784	-2.24451
2.14668	-2.2556
2.15519	-2.2667
2.16566	-2.27877
2.17809	-2.29009
2.19023	-2.30121
2.20265	-2.31263
2.21393	-2.32273
2.22591	-2.33311
2.23788	-2.34373
2.25079	-2.3544
2.26358	-2.36482
2.27505	-2.37507
2.28681	-2.38563
2.29784	-2.39608
2.3105	-2.40648
2.32398	-2.41836
2.33713	-2.42913
2.34863	-2.43782
2.36175	-2.44352
2.37624	-2.45171
2.39147	-2.45933
2.40648	-2.46723
2.42127	-2.47514
2.4357	-2.48241
2.44968	-2.48892
2.46398	-2.49559
2.47887	-2.50227
2.49439	-2.50907
2.50737	-2.51346
2.52151	-2.51829
2.53544	-2.52312
2.55024	-2.52799
2.56427	-2.53706
2.576	-2.54632
2.58851	-2.55558
2.60237	-2.56652
2.61555	-2.57821
2.62843	-2.58951
2.6413	-2.59991
2.65516	-2.60994
2.66959	-2.62004
2.68319	-2.6304
2.69862	-2.63913
2.7121	-2.65032
2.7257	-2.66034
2.73965	-2.67092
2.75326	-2.68111
2.76663	-2.69128
2.77996	-2.70178
2.79497	-2.71195
2.809	-2.72126
2.82497	-2.73057
2.84169	-2.73897
2.85565	-2.74707
2.87081	-2.75621
2.88232	-2.76462
2.89687	-2.77022
2.91212	-2.77634
2.92797	-2.78181
2.94353	-2.78723
2.95935	-2.79301
2.9741	-2.80011
2.98885	-2.80776
3.00299	-2.8155
3.01553	-2.82245
3.03065	-2.82914
3.04575	-2.83626
3.06027	-2.84257
3.07402	-2.84812
3.08854	-2.85409
3.1048	-2.86107
3.12233	-2.86807
3.13868	-2.87462
3.15436	-2.87897
3.172	-2.88337
3.18881	-2.8871
3.2057	-2.89093
3.22347	-2.8943
3.24025	-2.89804
3.2558	-2.89984
3.2717	-2.9017
3.28775	-2.90362
3.30425	-2.90546
3.32243	-2.90885
3.34091	-2.91123
3.35888	-2.91417
3.37471	-2.91654
3.39194	-2.9188
3.40902	-2.92048
3.42504	-2.92047
3.43965	-2.92031
3.4548	-2.92056
3.47012	-2.92027
3.48628	-2.91987
3.50152	-2.92036
3.51744	-2.92122
3.53372	-2.922
3.55197	-2.92145
3.56996	-2.92007
3.58675	-2.91957
3.60443	-2.91736
3.62131	-2.91585
3.63803	-2.91458
3.65272	-2.9131
3.66838	-2.91162
3.68157	-2.91113
3.69645	-2.90916
3.71229	-2.90737
3.72704	-2.9049
3.74143	-2.903
3.75554	-2.89925
3.76948	-2.89498
3.78434	-2.8884
3.80068	-2.88042
3.81722	-2.87308
3.83435	-2.86497
3.85068	-2.85724
3.86486	-2.85019
3.87893	-2.84304
3.89289	-2.8356
3.90584	-2.82885
3.91956	-2.8217
3.93361	-2.81615
3.94925	-2.81131
3.96437	-2.80594
3.9795	-2.8004
3.99173	-2.79471
4.00606	-2.78806
4.02042	-2.78112
4.03529	-2.77487
4.04891	-2.76816
4.06324	-2.76069
4.07722	-2.75277
4.09092	-2.74326
4.10396	-2.73387
4.1178	-2.72442
4.13151	-2.7152
4.14506	-2.70637
4.15902	-2.69717
4.17298	-2.68756
4.18652	-2.67809
4.19965	-2.66876
4.21142	-2.65815
4.22153	-2.646
4.23284	-2.63274
4.24442	-2.62019
4.25566	-2.60805
4.26645	-2.59612
4.2773	-2.58408
4.28763	-2.57126
4.29792	-2.55807
4.30821	-2.54429
4.31777	-2.53084
4.32746	-2.51883
4.33659	-2.50756
4.34664	-2.49564
4.35765	-2.48273
4.36459	-2.47082
4.37093	-2.45775
4.37817	-2.4431
4.38358	-2.42905
4.38894	-2.41423
4.39387	-2.40088
4.39976	-2.3879
4.40579	-2.375
4.4119	-2.36173
4.41851	-2.34742
4.42489	-2.33291
4.43234	-2.31839
4.44144	-2.30412
4.45047	-2.2906
4.45968	-2.27735
4.46891	-2.26377
4.47725	-2.25104
4.48469	-2.24041
4.49142	-2.22878
4.4989	-2.2154
4.5067	-2.20158
4.5146	-2.18788
4.52378	-2.17326
4.53282	-2.15836
4.54152	-2.14299
4.54832	-2.12896
4.55527	-2.11452
4.56223	-2.09995
4.56927	-2.08484
4.57609	-2.06859
4.58284	-2.05276
4.58949	-2.03722
4.59771	-2.02321
4.60615	-2.0091
4.61656	-1.99464
4.62797	-1.98172
4.64167	-1.96957
4.65494	-1.95877
4.66816	-1.9479
4.68083	-1.93729
4.69319	-1.92693
4.70406	-1.91692
4.71547	-1.90653
4.72878	-1.89501
4.74161	-1.88424
4.75495	-1.87214
4.76724	-1.86055
4.77814	-1.84915
4.78915	-1.83884
4.80189	-1.83067
4.81506	-1.82332
4.82781	-1.81327
4.83999	-1.80296
4.85219	-1.79247
4.86513	-1.78451
4.87718	-1.77274
4.89013	-1.75981
4.90348	-1.74959
4.91517	-1.73834
4.92579	-1.72602
4.93468	-1.71305
4.94483	-1.69893
4.95403	-1.68554
4.96195	-1.67272
4.9715	-1.65814
4.98134	-1.64348
4.99169	-1.62793
5.00203	-1.61435
5.0125	-1.60062
5.02268	-1.58724
5.03259	-1.57394
5.04282	-1.5592
5.05219	-1.54461
5.061	-1.5299
5.06936	-1.51532
5.07634	-1.49889
5.08256	-1.48308
5.08863	-1.46723
5.09409	-1.45129
5.0995	-1.43535
5.10568	-1.4199
5.11232	-1.40524
5.11437	-1.3886
5.11739	-1.37423
5.12035	-1.35899
5.12369	-1.34339
5.12376	-1.32807
5.125	-1.31284
5.12816	-1.29902
5.12795	-1.28228
5.12808	-1.26502
5.1288	-1.24634
5.12723	-1.23042
5.12428	-1.21494
5.12265	-1.19847
5.11829	-1.18261
5.1144	-1.16826
5.10994	-1.15323
5.10669	-1.13818
5.10126	-1.12335
5.09646	-1.10858
5.09191	-1.09299
5.08606	-1.07857
5.08005	-1.06382
5.07434	-1.05057
5.06889	-1.03715
5.06203	-1.02281
5.0549	-1.01044
5.0468	-0.997798
5.03766	-0.984758
5.02632	-0.971305
5.01525	-0.958556
5.0041	-0.945595
4.99411	-0.932902
4.98467	-0.921338
4.97495	-0.909406
4.96434	-0.89749
4.95148	-0.887186
4.9396	-0.877099
4.92824	-0.864935
4.91744	-0.852982
4.90625	-0.841866
4.8948	-0.830253
4.88343	-0.818538
4.87161	-0.806628
4.8587	-0.795608
4.84594	-0.784171
4.83314	-0.77365
4.82119	-0.763227
4.80928	-0.752241
4.79696	-0.737644
4.78532	-0.726608
4.77453	-0.714803
4.76335	-0.704113
4.74962	-0.692209
4.73654	-0.679811
4.72384	-0.668147
4.71148	-0.657032
4.69907	-0.646155
4.68495	-0.635113
4.6709	-0.624736
4.65686	-0.611329
4.64458	-0.598852
4.63251	-0.587032
4.62002	-0.575446
4.60936	-0.56494
4.59901	-0.552905
4.58821	-0.541006
4.57703	-0.528996
4.56598	-0.51654
4.55582	-0.503878
4.54516	-0.491297
4.53463	-0.480888
4.52362	-0.469892
4.51167	-0.458927
4.49956	-0.448118
4.48722	-0.436423
4.47602	-0.425983
4.46411	-0.414857
4.45044	-0.402741
4.43809	-0.390886
4.42599	-0.379056
4.41213	-0.366522
4.39637	-0.35464
4.38026	-0.34303
4.36641	-0.33236
4.3521	-0.321994
4.33833	-0.312638
4.32587	-0.303964
4.31268	-0.295749
4.29988	-0.288109
4.28514	-0.282163
4.27067	-0.27722
4.2563	-0.273185
4.24188	-0.269352
4.2257	-0.265625
4.20937	-0.262239
4.19314	-0.258946
4.17718	-0.25434
4.16145	-0.250473
4.14518	-0.246056
4.12885	-0.241503
4.11281	-0.237151
4.09662	-0.232644
4.08062	-0.22816
4.06698	-0.224733
4.05077	-0.223262
4.03446	-0.221806
4.01818	-0.220335
4.00171	-0.218711
3.98537	-0.2168
3.96919	-0.214934
3.95325	-0.212691
3.93674	-0.210851
3.92074	-0.209438
3.9046	-0.207879
3.88855	-0.206346
3.87289	-0.205502
3.85598	-0.202937
3.8412	-0.200244
3.82556	-0.197588
3.80942	-0.195321
3.79331	-0.192782
3.77864	-0.189184
3.76338	-0.185446
3.7482	-0.180231
3.73219	-0.175428
3.71604	-0.173536
3.69974	-0.170677
3.68318	-0.167477
3.66749	-0.16371
3.65237	-0.15948
3.63698	-0.155121
3.62113	-0.150731
3.605	-0.146953
3.58911	-0.141796
3.57576	-0.137765
3.56221	-0.13174
3.5483	-0.125916
3.53304	-0.118593
3.5183	-0.111463
3.50232	-0.104852
3.48734	-0.0968901
3.47304	-0.0899515
3.4572	-0.0834021
3.43965	-0.076729
3.42171	-0.0701016
3.40446	-0.0650679
3.38889	-0.058175
3.37362	-0.0514178
3.35867	-0.0453195
3.3438	-0.038909
3.32748	-0.032164
3.31221	-0.0239558
3.29767	-0.0158936
3.28259	-0.00679411
3.26833	0.00231785
3.25498	0.0117266
3.24172	0.0206236
3.22806	0.0299675
3.21372	0.0389022
3.19954	0.0492278
3.18587	0.0590326
3.17316	0.0688504
3.16033	0.0787907
3.14836	0.088545
3.13675	0.0983301
3.12531	0.108559
3.11244	0.118737
3.09901	0.129598
3.0863	0.141271
3.07455	0.152641
3.0633	0.163253
3.05286	0.174595
3.0453	0.183755
3.03592	0.195073
3.02642	0.207494
3.01809	0.220853
3.00977	0.234548
3.00027	0.247787
2.99128	0.258565
2.98123	0.270551
2.96955	0.282209
2.95779	0.29418
2.94613	0.306044
2.93435	0.31766
2.92367	0.330752
2.91381	0.342706
2.90369	0.354975
2.8938	0.368117
2.8825	0.380485
2.87157	0.393338
2.85827	0.404818
2.84524	0.41497
2.83219	0.425649
2.81874	0.434497
2.80817	0.442275
2.79691	0.450313
2.78608	0.459602
2.77243	0.467167
2.7599	0.474527
2.74599	0.483951
2.73182	0.493828
2.71593	0.501905
2.70177	0.508456
2.68673	0.5155
2.67098	0.522576
2.65695	0.527334
2.64312	0.531579
2.62852	0.535411
2.61331	0.539405
2.59674	0.543227
2.57899	0.547638
2.56216	0.551041
2.54554	0.553606
2.52804	0.556221
2.5103	0.557241
2.49329	0.558264
2.47869	0.557605
2.4627	0.556338
2.44655	0.555177
2.43025	0.553931
2.41405	0.552711
2.39779	0.551548
2.38151	0.55035
2.36521	0.549306
2.34879	0.548485
2.33346	0.546487
2.31756	0.542148
2.30102	0.537891
2.28485	0.533607
2.26904	0.52819
2.25517	0.524193
2.2398	0.519427
2.2251	0.513722
2.20933	0.508256
2.19444	0.502991
2.181	0.498234
2.16617	0.494541
2.14987	0.492581
2.13336	0.492312
2.11821	0.492918
2.10095	0.493217
2.08455	0.493427
2.06792	0.493977
2.05112	0.493198
2.03506	0.492808
2.01754	0.490532
2.00123	0.489631
1.98682	0.487238
1.97156	0.48403
1.95564	0.481063
1.94007	0.47718
1.92442	0.473826
1.91012	0.469271
1.89556	0.464484
1.88074	0.459487
1.86469	0.454339
1.84868	0.449358
1.83249	0.444015
1.81648	0.437526
1.80006	0.432013
1.78341	0.427962
1.76745	0.423929
1.75179	0.419557
1.73573	0.415514
1.72088	0.412764
1.70495	0.409363
1.68809	0.405648
1.67166	0.402969
1.65585	0.399402
1.63899	0.395814
1.62215	0.392607
1.60561	0.389496
1.5894	0.386676
1.57325	0.384473
1.55721	0.38311
1.5387	0.38192
1.52175	0.379345
1.50387	0.375957
1.4868	0.372571
1.4727	0.369479
1.45786	0.366436
1.44211	0.362665
1.42618	0.359936
1.40813	0.357439
1.39051	0.35352
1.37415	0.350077
1.35876	0.345929
1.3453	0.340529
1.33118	0.3344
1.31789	0.32566
1.30413	0.316838
1.29156	0.305841
1.27924	0.294183
1.26852	0.283896
1.25973	0.270657
1.24699	0.258721
1.23766	0.244381
1.22671	0.232594
1.22003	0.217106
1.20779	0.20457
1.20058	0.18774
1.18631	0.17336
1.1786	0.155204
1.16547	0.141304
1.15802	0.124663
1.14593	0.110718
1.1366	0.0940156
1.12737	0.0797025
1.11932	0.0639164
1.11512	0.0472021
1.11383	0.0301663
1.11326	0.0134484
1.11273	-0.00373249
1.11439	-0.0209709
1.11562	-0.037985
1.11649	-0.0544301
1.11777	-0.0726967
1.11932	-0.0918
1.12073	-0.111252
1.12359	-0.128963
1.12661	-0.145847
1.12898	-0.162553
1.13154	-0.179746
1.1357	-0.196353
1.13846	-0.213053
1.14262	-0.229243
1.14671	-0.246113
1.15025	-0.261707
1.15332	-0.275324
1.15789	-0.289809
1.16388	-0.304511
1.1697	-0.318823
1.17639	-0.334015
1.18291	-0.348917
1.18963	-0.363874
1.19639	-0.378186
1.20334	-0.392911
1.20996	-0.407516
1.21676	-0.422193
1.22264	-0.435562
1.22894	-0.449702
1.23574	-0.464024
1.24235	-0.478529
1.24842	-0.493432
1.2545	-0.508193
1.26072	-0.523081
1.26697	-0.537579
1.27432	-0.550699
1.28093	-0.562514
1.28715	-0.575994
1.29334	-0.590331
1.30037	-0.605304
1.30571	-0.619287
1.31177	-0.633539
1.31859	-0.648269
1.32604	-0.665324
1.33286	-0.680919
1.33975	-0.696092
1.34675	-0.711211
1.35305	-0.727128
1.35998	-0.742905
1.36705	-0.757548
1.37411	-0.773164
1.38342	-0.789086
1.39021	-0.803309
1.39544	-0.815825
1.4018	-0.830421
1.40813	-0.845454
1.41464	-0.85942
1.42138	-0.873635
1.42638	-0.88754
1.43293	-0.902016
1.43977	-0.916879
1.4468	-0.930653
1.45485	-0.943665
1.46368	-0.955649
1.47304	-0.966657
1.48227	-0.978383
1.49215	-0.98875
1.50301	-0.999886
1.51522	-1.01354
1.52838	-1.02647
1.54191	-1.04141
1.55543	-1.05556
1.56795	-1.06854
1.58073	-1.081
1.59219	-1.09181
1.60252	-1.10408
1.61222	-1.11824
1.62028	-1.13042
1.62798	-1.14379
1.63609	-1.15688
1.64311	-1.16938
1.65228	-1.18371
1.66134	-1.1966
1.67011	-1.20983
1.67908	-1.223
1.6879	-1.23642
1.69544	-1.25059
1.70172	-1.26445
1.70747	-1.27949
1.71269	-1.29425
1.71776	-1.3078
1.72319	-1.32223
1.72854	-1.33721
1.73404	-1.35249
1.73916	-1.36731
1.74424	-1.38175
1.74999	-1.39634
1.75589	-1.41106
1.76196	-1.42598
1.76974	-1.43955
1.77762	-1.45303
1.78866	-1.46599
1.80041	-1.47779
1.81517	-1.48927
1.82815	-1.50096
1.84115	-1.5121
1.85313	-1.52377
1.86431	-1.53727
1.8735	-1.54785
1.88363	-1.55917
1.89652	-1.57039
1.90853	-1.57971
1.92023	-1.59235
1.93132	-1.60432
1.94223	-1.61659
1.95295	-1.62794
1.96065	-1.63927
1.97012	-1.65199
1.97959	-1.66437
1.98769	-1.67752
1.99467	-1.69139
2.00073	-1.70719
2.00669	-1.72258
2.01217	-1.73806
2.0177	-1.75346
2.02244	-1.76877
2.02783	-1.78426
2.0339	-1.79963
2.04022	-1.81505
2.04664	-1.82957
2.05354	-1.84473
2.06039	-1.85946
2.06643	-1.87475
2.07289	-1.88825
2.07987	-1.90226
2.08687	-1.91631
2.09431	-1.93016
2.1033	-1.94456
2.11288	-1.95999
2.12196	-1.97446
2.13171	-1.98784
2.1417	-2.00075
2.15197	-2.01256
2.16237	-2.02466
2.17196	-2.03589
2.18207	-2.04691
2.19362	-2.05715
2.20568	-2.06822
2.21842	-2.07922
2.23098	-2.09006
2.24329	-2.10047
2.25599	-2.11016
2.2695	-2.11811
2.28381	-2.1256
2.29962	-2.13228
2.31348	-2.13953
2.32765	-2.14708
2.34147	-2.15599
2.35508	-2.16417
2.37006	-2.17128
2.38382	-2.17748
2.39744	-2.18766
2.41061	-2.19758
2.42338	-2.20653
2.43686	-2.21532
2.45013	-2.22647
2.46302	-2.23724
2.47595	-2.2467
2.4895	-2.25584
2.50264	-2.26481
2.51594	-2.27383
2.52856	-2.28288
2.53979	-2.29173
2.55091	-2.30168
2.5629	-2.31212
2.57477	-2.32254
2.58633	-2.33286
2.59662	-2.34364
2.60551	-2.35304
2.61552	-2.36342
2.62612	-2.37489
2.63653	-2.38669
2.64564	-2.40102
2.65673	-2.41718
2.66638	-2.43074
2.6779	-2.44076
2.69008	-2.45119
2.70242	-2.4622
2.71465	-2.47408
2.72741	-2.4872
2.7396	-2.4995
2.75179	-2.51209
2.76418	-2.52555
2.77596	-2.53925
2.78938	-2.55042
2.8029	-2.56079
2.81568	-2.57062
2.82738	-2.57897
