0.0516716	-0.0998813
0.0516716	-0.0998813
0.0516716	-0.0998813
0.0516716	-0.0998813
0.0516716	-0.0998813
0.0516716	-0.0998813
0.0516716	-0.0998813
0.0516716	-0.0998813
0.0516716	-0.0998813
0.0516716	-0.0998813
0.0516716	-0.0998813
0.0516716	-0.0998813
0.0516716	-0.0998813
0.0516716	-0.0998813
0.0516716	-0.0998813
0.0516716	-0.0998813
0.0516716	-0.0998813
0.0516716	-0.0998813
0.0516716	-0.0998813
0.0516716	-0.0998813
0.0516716	-0.0998813
0.0516716	-0.0998813
0.0516716	-0.0998813
0.0516716	-0.0998813
0.0516716	-0.0998813
0.0516716	-0.0998813
0.0516716	-0.0998813
0.0516716	-0.0998813
0.0516716	-0.0998813
0.0516716	-0.0998813
0.0516716	-0.0998813
0.0516716	-0.0998813
0.0516716	-0.0998813
0.0516716	-0.0998813
0.0516716	-0.0998813
0.0516716	-0.0998813
0.0516716	-0.0998813
0.0516716	-0.0998813
0.0516716	-0.0998813
0.0516716	-0.0998813
0.0516716	-0.0998813
0.0516716	-0.0998813
0.0516716	-0.0998813
0.0516716	-0.0998813
0.0516716	-0.0998813
0.0516716	-0.0998813
0.0516716	-0.0998813
0.0516716	-0.0998813
0.0516716	-0.0998813
0.0516716	-0.0998813
0.0516716	-0.0998813
0.0516716	-0.0998813
0.0516716	-0.0998813
0.0516716	-0.0998813
0.0516716	-0.0998813
0.0516716	-0.0998813
0.0516716	-0.0998813
0.0516716	-0.0998813
0.0516716	-0.0998813
0.0516716	-0.0998813
0.0516716	-0.0998813
0.0516716	-0.0998813
0.0516716	-0.0998813
0.0516716	-0.0998813
0.0516716	-0.0998813
0.0516716	-0.0998813
0.0516716	-0.0998813
0.0516716	-0.0998813
0.0516716	-0.0998813
0.0516716	-0.0998813
0.0516716	-0.0998813
0.0516716	-0.0998813
0.0516716	-0.0998813
0.0516716	-0.0998813
0.0516716	-0.0998813
0.0516716	-0.0998813
0.0516716	-0.0998813
0.0516716	-0.0998813
0.0516716	-0.0998813
0.0516716	-0.0998813
0.0516716	-0.0998813
0.0516716	-0.0998813
0.0516716	-0.0998813
0.0516716	-0.0998813
0.124724	-0.226659
0.163555	-0.208473
0.177482	-0.21908
0.17309	-0.246459
0.199989	-0.250245
0.210189	-0.238312
0.191555	-0.21887
0.189129	-0.233073
0.218294	-0.267751
0.213248	-0.248163
0.218079	-0.231741
0.239202	-0.238736
0.23857	-0.237456
0.227209	-0.240085
0.225489	-0.239102
0.216985	-0.264066
0.23348	-0.259631
0.225383	-0.229435
0.213047	-0.217895
0.241677	-0.218622
0.221831	-0.238025
0.222162	-0.237762
0.222002	-0.244831
0.211156	-0.232279
0.235028	-0.254649
0.225624	-0.250063
0.2006	-0.249117
0.197229	-0.243106
0.178875	-0.271073
0.183722	-0.293086
0.174072	-0.262387
0.179894	-0.266365
0.189595	-0.268256
0.202022	-0.202662
0.183932	-0.2031
0.188072	-0.191436
0.234135	-0.230776
0.233271	-0.230137
0.237969	-0.229349
0.260581	-0.231333
0.242682	-0.18957
0.238695	-0.181609
0.21468	-0.186706
0.225482	-0.181968
0.24396	-0.189715
0.288733	-0.192991
0.292111	-0.1848
0.264407	-0.207909
0.266852	-0.231452
0.242492	-0.234013
0.21846	-0.232586
0.17937	-0.268029
0.169263	-0.280011
0.164989	-0.25473
0.157501	-0.262402
0.135915	-0.290255
0.135653	-0.291787
0.142547	-0.34978
0.12232	-0.324064
0.123832	-0.287598
0.132566	-0.278618
0.130937	-0.295163
0.114507	-0.283939
0.114021	-0.266925
0.105353	-0.302441
0.0865669	-0.323105
0.0585953	-0.328896
0.0579327	-0.325708
0.0759512	-0.334719
0.0748897	-0.325928
0.0745529	-0.332274
0.0858683	-0.322847
0.113907	-0.379488
0.0893383	-0.330432
0.0787716	-0.338286
0.0827655	-0.282633
0.0728028	-0.33858
0.0262092	-0.316698
0.112201	-0.311952
0.0973591	-0.334099
0.0833522	-0.324078
0.109624	-0.345659
0.0713033	-0.330538
0.112008	-0.322909
0.113473	-0.34221
0.106127	-0.320717
0.106836	-0.310068
0.09161	-0.331679
0.106454	-0.27172
0.110984	-0.290774
0.0829502	-0.320884
0.110726	-0.345609
0.116267	-0.326791
0.0961171	-0.308613
0.12557	-0.299703
0.124987	-0.296421
0.100119	-0.283252
0.123587	-0.304995
0.119499	-0.331074
0.118709	-0.375422
0.197228	-0.298163
0.186535	-0.286939
0.211292	-0.276982
0.196606	-0.276378
0.21671	-0.295201
0.230715	-0.266111
0.235019	-0.225532
0.273039	-0.226719
0.266388	-0.222819
0.254711	-0.213399
0.261666	-0.205568
0.265252	-0.215088
0.295369	-0.229058
0.27832	-0.211615
0.273346	-0.210336
0.261298	-0.206433
0.258985	-0.189398
0.264159	-0.19247
0.261969	-0.187689
0.267174	-0.190587
0.24949	-0.222759
0.244867	-0.223329
0.247129	-0.22783
0.183508	-0.221574
0.188448	-0.242681
0.228106	-0.223582
0.217633	-0.244937
0.205893	-0.252405
0.213236	-0.266854
0.184264	-0.260546
0.183469	-0.263838
0.194306	-0.282448
0.18107	-0.278203
0.145396	-0.300181
0.112925	-0.336244
0.0989684	-0.337455
0.111114	-0.316993
0.103106	-0.323944
0.102938	-0.307884
0.0954519	-0.305612
0.110018	-0.299428
0.120894	-0.310662
0.132275	-0.311884
0.14308	-0.359822
0.132191	-0.327548
0.155764	-0.334339
0.142132	-0.346296
0.199102	-0.293412
0.190119	-0.293292
0.144805	-0.323473
0.151237	-0.292263
0.190318	-0.27649
0.204372	-0.249485
0.202929	-0.24429
0.185552	-0.258426
0.169654	-0.226122
0.191665	-0.248084
0.218199	-0.257661
0.223448	-0.24843
0.184253	-0.258743
0.190349	-0.294424
0.172974	-0.277701
0.158698	-0.324396
0.287722	-0.282376
0.261529	-0.255983
0.212586	-0.259036
0.194989	-0.248825
0.176865	-0.221912
0.170275	-0.221867
0.209391	-0.241461
0.248503	-0.226436
0.242896	-0.222433
0.248386	-0.228409
0.225468	-0.201955
0.239632	-0.207595
0.239374	-0.212335
0.258269	-0.21355
0.255683	-0.208203
0.229495	-0.205155
0.235236	-0.211236
0.220625	-0.208929
0.253185	-0.208035
0.269653	-0.237596
0.262995	-0.215413
0.229901	-0.173638
0.262424	-0.114036
0.289741	-0.163883
0.304645	-0.152331
0.300184	-0.158041
0.295753	-0.158217
0.288579	-0.145451
0.279743	-0.130208
0.286032	-0.13327
0.297626	-0.13368
0.310562	-0.135992
0.259537	-0.0877094
0.282702	-0.0967436
0.278686	-0.0964849
0.295917	-0.0975177
0.280717	-0.181392
0.234564	-0.185048
0.25015	-0.185336
0.277288	-0.218678
0.263645	-0.233842
0.257557	-0.225976
0.257269	-0.208158
0.277307	-0.200554
0.288527	-0.201884
0.272128	-0.207186
0.308561	-0.174714
0.269559	-0.223847
0.272076	-0.200414
0.278835	-0.211407
0.272384	-0.203979
0.267386	-0.203359
0.266451	-0.209971
0.300327	-0.203299
0.280466	-0.186204
0.319501	-0.186329
0.334341	-0.167897
0.279154	-0.16209
0.303319	-0.182722
0.230152	-0.168205
0.291043	-0.112049
0.304956	-0.122383
0.316933	-0.109462
0.311199	-0.108342
0.316439	-0.115706
0.295036	-0.141851
0.295098	-0.153054
0.282725	-0.154732
0.250741	-0.139111
0.302456	-0.13368
0.301901	-0.142453
0.290542	-0.126141
0.275001	-0.111171
0.290267	-0.119394
0.325304	-0.139429
0.350566	-0.140033
0.327052	-0.131046
0.31358	-0.0870218
0.352735	-0.0880524
0.336185	-0.0745683
0.337925	-0.0766533
0.355424	-0.0672415
0.335563	-0.074835
0.31098	-0.0360559
0.317982	-0.0372221
0.321059	-0.0382805
0.329997	-0.0368909
0.363469	-0.067871
0.369624	-0.0475454
0.359524	-0.0588347
0.31654	-0.0473805
0.344602	-0.0450737
0.34154	-0.033683
0.32048	0.000235378
0.292207	0.00326657
0.302963	-0.00502937
0.306433	0.00570339
0.323046	0.00798876
0.304807	-0.00968337
0.318458	-0.0173312
0.325712	-0.015588
0.364915	0.0110902
0.35986	0.0275935
0.335828	0.00994044
0.353609	0.0442581
0.337602	0.0302323
0.334315	0.0252803
0.293706	0.0297259
0.313286	0.0295505
0.263866	0.0097759
0.297628	0.0393849
0.316637	0.035873
0.295005	0.049357
0.287856	0.037979
0.282181	0.0750985
0.27874	0.0852536
0.297195	0.131725
0.326878	0.159492
0.330737	0.146926
0.342599	0.162087
0.326601	0.154652
0.283601	0.14099
0.281399	0.142905
0.279323	0.14881
0.258963	0.135115
0.274487	0.142902
0.280896	0.111084
0.312771	0.09681
0.302448	0.107286
0.302568	0.110959
0.24454	0.113638
0.286625	0.132982
0.287207	0.13896
0.297401	0.124954
0.272545	0.134211
0.286507	0.14941
0.279679	0.158315
0.273929	0.190184
0.260844	0.187946
0.276753	0.188916
0.274089	0.184414
0.271161	0.176614
0.279233	0.184045
0.279081	0.192158
0.27081	0.189359
0.262558	0.186612
0.235371	0.212241
0.202335	0.242998
0.226211	0.265205
0.231518	0.250871
0.224866	0.242933
0.215818	0.238468
0.216976	0.240906
0.206543	0.256312
0.205764	0.263955
0.20594	0.275422
0.191079	0.268999
0.193918	0.24021
0.182425	0.225474
0.201177	0.238335
0.220211	0.258198
0.138644	0.238335
0.126851	0.261397
0.144783	0.293001
0.108284	0.280922
0.107112	0.296348
0.0987036	0.266978
0.117773	0.259646
0.120511	0.257958
0.122337	0.265423
0.132121	0.286294
0.127507	0.290199
0.148991	0.290286
0.182036	0.285406
0.180606	0.270564
0.184161	0.264892
0.184607	0.271521
0.166934	0.254767
0.148725	0.212532
0.134585	0.232658
0.149575	0.267466
0.156078	0.27651
0.157937	0.274037
0.183609	0.292369
0.180761	0.298038
0.174011	0.3074
0.136052	0.280425
0.139036	0.288813
0.139105	0.291387
0.140971	0.302197
0.136248	0.325172
0.13506	0.31659
0.132925	0.310731
0.16454	0.280126
0.16872	0.282318
0.208113	0.289224
0.228262	0.258397
0.274118	0.242983
0.265406	0.215853
0.26425	0.217446
0.253445	0.21231
0.247195	0.207114
0.21733	0.200219
0.228389	0.20782
0.26601	0.230342
0.256647	0.215521
0.266807	0.24199
0.245898	0.23173
0.217988	0.227946
0.220109	0.206314
0.254854	0.163372
0.263437	0.147041
0.255033	0.20084
0.243552	0.206199
0.243869	0.209817
0.258823	0.159288
0.241021	0.235447
0.259033	0.258472
0.267106	0.20445
0.233659	0.22503
0.212378	0.246399
0.177909	0.259434
0.202935	0.28242
0.183964	0.267738
0.158459	0.256406
0.190947	0.291569
0.196818	0.293319
0.207113	0.310858
0.206663	0.271586
0.209505	0.274658
0.203568	0.267569
0.198113	0.265975
0.204703	0.294758
0.187299	0.291872
0.176251	0.294146
0.16716	0.291614
0.139761	0.32874
0.124272	0.316209
0.121356	0.316974
0.109273	0.318674
0.108273	0.318804
0.123627	0.309031
0.132754	0.29324
0.0409633	0.332803
0.0604463	0.287472
0.05908	0.304693
0.0667789	0.311929
0.00154369	0.3064
0.0247092	0.304615
0.0632353	0.276406
-0.00420477	0.334808
0.00265424	0.345281
0.0142599	0.373675
-0.0312774	0.318244
-0.0590555	0.309735
-0.0325541	0.329423
-0.0871891	0.317135
-0.0778114	0.286924
-0.0892181	0.300682
-0.0649617	0.300931
-0.108609	0.296612
-0.0959529	0.295415
-0.0911163	0.311899
-0.116908	0.28826
-0.12018	0.294963
-0.114214	0.265142
-0.10907	0.268325
-0.13712	0.286782
-0.142658	0.247427
-0.162029	0.252849
-0.182735	0.260793
-0.226758	0.26907
-0.221433	0.254981
-0.22303	0.259218
-0.199891	0.253857
-0.188782	0.23129
-0.194436	0.23863
-0.212169	0.238332
-0.257106	0.206064
-0.237713	0.201749
-0.22707	0.243286
-0.216106	0.239052
-0.223736	0.222314
-0.229059	0.232268
-0.227362	0.234293
-0.236462	0.238215
-0.258062	0.220389
-0.255207	0.228742
-0.256125	0.210417
-0.238907	0.208453
-0.238292	0.219724
-0.246296	0.291938
-0.232894	0.220718
-0.215801	0.236105
-0.223522	0.213802
-0.274593	0.238091
-0.261603	0.247954
-0.25405	0.233283
-0.247161	0.222289
-0.248248	0.217541
-0.282394	0.220839
-0.280993	0.20755
-0.280785	0.26813
-0.24559	0.249542
-0.241425	0.236406
-0.249882	0.231715
-0.213085	0.210117
-0.20709	0.2407
-0.216005	0.237986
-0.223565	0.240205
-0.220897	0.249112
-0.203324	0.25325
-0.213167	0.251609
-0.210643	0.208182
-0.220135	0.21993
-0.238925	0.219299
-0.242295	0.216169
-0.246835	0.233903
-0.223964	0.208791
-0.238114	0.222521
-0.273504	0.242324
-0.246882	0.237111
-0.242033	0.236599
-0.277157	0.250676
-0.315274	0.237635
-0.322186	0.232198
-0.277114	0.213402
-0.286165	0.207318
-0.275336	0.187117
-0.249281	0.173479
-0.26367	0.164309
-0.256062	0.152796
-0.29489	0.118917
-0.289301	0.0988578
-0.28745	0.0807177
-0.288333	0.0766481
-0.323686	0.0745518
-0.326592	0.0677156
-0.324643	0.0658488
-0.319159	0.0921188
-0.31447	0.0773497
-0.32538	0.0883442
-0.326705	0.0910633
-0.320793	0.0870378
-0.323888	0.0901291
-0.319986	0.0896742
-0.272712	0.0685532
-0.324182	0.0294106
-0.326212	0.0291229
-0.32554	0.0294278
-0.329456	0.032466
-0.326893	0.0382303
-0.323444	0.0373166
-0.318849	0.0448589
-0.330179	0.0367944
-0.320055	0.0282734
-0.322724	0.0311828
-0.321146	0.0306516
-0.313157	0.0168776
-0.338209	0.0512974
-0.295554	0.0538585
-0.312811	0.0531337
-0.32282	0.0453319
-0.322136	0.0507851
-0.293504	0.0719536
-0.305128	0.0747589
-0.303545	0.104309
-0.32028	0.0960481
-0.322924	0.0378423
-0.326127	0.0571879
-0.331077	0.0639877
-0.31388	0.0753552
-0.3023	0.0846025
-0.307912	0.0871778
-0.316893	0.0877879
-0.32277	0.0755714
-0.317729	0.103141
-0.266956	0.0806217
-0.270932	0.120488
-0.278229	0.116482
-0.305278	0.146468
-0.294697	0.142586
-0.319734	0.132237
-0.299599	0.15923
-0.285889	0.138771
-0.316778	0.130988
-0.351125	0.133462
-0.358735	0.132548
-0.345047	0.100675
-0.311346	0.137858
-0.305427	0.135143
-0.299106	0.121967
-0.297363	0.128209
-0.32633	0.134899
-0.305428	0.164164
-0.290851	0.161244
-0.301541	0.18199
-0.285135	0.182239
-0.267049	0.188175
-0.265297	0.17794
-0.273116	0.186879
-0.286718	0.178693
-0.283613	0.206512
-0.273527	0.196096
-0.254204	0.196357
-0.256454	0.198805
-0.239566	0.195086
-0.232124	0.195702
-0.22886	0.204576
-0.257312	0.203552
-0.268606	0.217221
-0.254252	0.233461
-0.235046	0.22741
-0.224957	0.212234
-0.208668	0.226836
-0.151308	0.183214
-0.187656	0.226353
-0.189917	0.248415
-0.166531	0.267178
-0.166447	0.273914
-0.189939	0.264775
-0.179916	0.215561
-0.201069	0.239706
-0.233471	0.233161
-0.235227	0.239421
-0.233182	0.237291
-0.235536	0.232326
-0.213641	0.261833
-0.197343	0.239071
-0.202321	0.245385
-0.1977	0.262833
-0.226024	0.247375
-0.218589	0.257055
-0.266012	0.229594
-0.260657	0.203043
-0.260988	0.213584
-0.269057	0.17696
-0.211422	0.15556
-0.225219	0.160768
-0.216438	0.185764
-0.273064	0.151302
-0.250697	0.147194
-0.278185	0.188482
-0.283367	0.19755
-0.31768	0.161544
-0.283331	0.131012
-0.300769	0.140886
-0.315007	0.141513
-0.280583	0.0951712
-0.276605	0.0848873
-0.292033	0.0766502
-0.304152	0.0798779
-0.331315	0.0764423
-0.354998	0.0882068
-0.336726	0.0680674
-0.332447	0.0512947
-0.349826	0.0523041
-0.354876	0.0204022
-0.340261	0.0204629
-0.29188	-0.0131802
-0.31979	-0.0253371
-0.323013	-0.0232266
-0.326021	-0.0249152
-0.324104	-0.0243967
-0.325246	-0.0232741
-0.325457	-0.0239539
-0.325981	-0.0208802
-0.328536	-0.016424
-0.306478	-0.0399661
-0.318008	-0.0867698
-0.330845	-0.0851395
-0.323377	-0.0856816
-0.316232	-0.108346
-0.277372	-0.0799385
-0.30741	-0.095316
-0.294065	-0.114096
-0.315287	-0.109314
-0.297903	-0.105311
-0.268671	-0.0951407
-0.29665	-0.073861
-0.325947	-0.0391865
-0.330237	-0.00537996
-0.303041	0.0121167
-0.345174	0.00597787
-0.327966	0.00418888
-0.332763	0.0110028
-0.335844	-0.0155674
-0.321333	-0.00781276
-0.350263	-0.0455068
-0.326258	-0.0180356
-0.288237	-0.0478446
-0.305085	-0.0641698
-0.318426	-0.0593463
-0.311497	-0.0776424
-0.31289	-0.0670913
-0.285982	-0.0911043
-0.291226	-0.0957298
-0.296504	-0.0999384
-0.321014	-0.102965
-0.320194	-0.0996293
-0.323715	-0.106856
-0.320312	-0.129785
-0.328323	-0.110242
-0.333074	-0.0810302
-0.319151	-0.0806544
-0.313195	-0.0874463
-0.321149	-0.0808526
-0.297067	-0.0550139
-0.318617	-0.0680153
-0.337145	-0.0742877
-0.328538	-0.0535955
-0.316249	-0.0713293
-0.337148	-0.0717607
-0.336918	-0.064137
-0.33071	-0.0622284
-0.324157	-0.0563883
-0.323034	-0.0440754
-0.320818	-0.0272505
-0.37022	-0.0237988
-0.339044	-0.0514944
-0.357645	-0.0677638
-0.341275	-0.0677208
-0.282058	-0.0618449
-0.29683	-0.0608546
-0.315041	-0.0754193
-0.318521	-0.0545805
-0.361053	-0.0499483
-0.3524	-0.078385
-0.327211	-0.0688567
-0.307722	-0.0829472
-0.269285	-0.108006
-0.282279	-0.122592
-0.265818	-0.174782
-0.275288	-0.17645
-0.251355	-0.219938
-0.246344	-0.233166
-0.214485	-0.20573
-0.175744	-0.264791
-0.254746	-0.23872
-0.186735	-0.286797
-0.218932	-0.235736
-0.133646	-0.309765
-0.244725	-0.250709
-0.144177	-0.336614
-0.285379	-0.287589
-0.154347	-0.363121
-0.262596	-0.278002
-0.148876	-0.332826
-0.241849	-0.278901
-0.186532	-0.334042
-0.184671	-0.286261
-0.160966	-0.315722
-0.0840654	-0.334286
-0.0257481	-0.340716
-0.0114591	-0.334358
-0.0105666	-0.343619
0.0332046	-0.344768
0.0246816	-0.340282
0.0173506	-0.328902
0.0256168	-0.365332
0.0309355	-0.382066
0.0281555	-0.389041
0.0572715	-0.354223
0.0602901	-0.337683
0.0474864	-0.334117
0.0512894	-0.34385
0.0830395	-0.332153
0.0552865	-0.334003
0.0832517	-0.323784
0.0816589	-0.337406
0.0709406	-0.311871
0.0613218	-0.272351
0.0914383	-0.289696
0.119873	-0.294049
0.116393	-0.286242
0.13376	-0.303831
0.130329	-0.29804
0.134363	-0.299136
0.135328	-0.286242
0.138924	-0.294503
0.132491	-0.292099
0.135958	-0.293536
0.117522	-0.267393
0.126076	-0.282784
0.135885	-0.286449
0.1323	-0.290106
0.121439	-0.298061
0.12152	-0.295202
0.124435	-0.297765
0.125007	-0.289965
0.147039	-0.262403
0.132191	-0.2363
0.124291	-0.269594
0.123789	-0.286746
0.140609	-0.299451
0.106859	-0.279656
0.121261	-0.285054
0.136285	-0.294589
0.14897	-0.341109
0.136455	-0.311902
0.137843	-0.303447
0.140041	-0.302381
0.125915	-0.318349
0.138685	-0.315536
0.141287	-0.29287
0.141264	-0.312309
0.186194	-0.318442
0.135757	-0.28447
0.10467	-0.250323
0.12717	-0.291912
0.126518	-0.300667
0.130229	-0.279311
0.134808	-0.284306
0.100145	-0.278091
0.130837	-0.289534
0.136887	-0.297251
0.140673	-0.275487
0.160828	-0.260237
0.176771	-0.239675
0.18715	-0.220151
0.184628	-0.234534
0.197569	-0.207343
0.217193	-0.222704
0.244116	-0.273134
0.263335	-0.258514
0.270503	-0.298938
0.270458	-0.282938
0.250357	-0.259517
0.255615	-0.249227
0.229163	-0.216203
0.206712	-0.245341
0.193929	-0.283237
0.161271	-0.243716
0.153956	-0.267405
0.162227	-0.261721
0.140248	-0.249919
0.183398	-0.286612
0.181246	-0.257808
0.175485	-0.264644
0.179373	-0.263491
0.176291	-0.268239
0.150794	-0.283479
0.12567	-0.27723
0.11503	-0.3008
0.104355	-0.295179
0.101368	-0.270976
0.10868	-0.288564
0.107063	-0.29956
0.109872	-0.305792
0.102401	-0.296272
0.101643	-0.288828
0.115054	-0.291855
0.11793	-0.294403
0.121394	-0.298385
0.155588	-0.271383
0.157599	-0.269583
0.220938	-0.259146
0.234829	-0.236067
0.29521	-0.229618
0.259763	-0.233846
0.259836	-0.222712
0.239759	-0.233441
0.223525	-0.270045
0.183822	-0.21155
0.202641	-0.226412
0.257734	-0.224443
0.240117	-0.186221
0.234002	-0.252949
0.22184	-0.239401
0.21818	-0.245433
0.21439	-0.226919
0.154141	-0.226536
0.18931	-0.254357
0.18947	-0.247647
0.161989	-0.262961
0.139557	-0.277575
0.121222	-0.315816
0.119131	-0.307896
0.109703	-0.309571
0.110499	-0.308063
0.0949353	-0.306129
0.107791	-0.309795
0.121273	-0.307459
0.126503	-0.308438
0.128382	-0.290438
0.137868	-0.303182
0.13708	-0.294463
0.120749	-0.305813
0.129272	-0.270042
0.139645	-0.280276
0.139968	-0.281032
0.148856	-0.276974
0.179811	-0.287924
0.191428	-0.308543
0.181652	-0.289555
0.194959	-0.267577
0.199879	-0.258223
0.205288	-0.236095
0.208121	-0.242087
0.191683	-0.224441
0.202314	-0.220457
0.230888	-0.204774
0.241281	-0.221474
0.254875	-0.219989
0.251199	-0.216861
0.246097	-0.208183
0.254018	-0.193685
0.27019	-0.159087
0.286289	-0.149773
0.316203	-0.13369
0.277203	-0.144898
0.283434	-0.150918
0.276326	-0.178297
0.272213	-0.163583
0.299532	-0.142273
0.275178	-0.123909
0.272409	-0.203644
0.263411	-0.198424
0.255439	-0.179011
0.269611	-0.175704
0.26531	-0.223036
0.257778	-0.215461
0.258689	-0.1891
0.271087	-0.182759
0.262724	-0.179421
0.266082	-0.180564
0.252402	-0.180992
0.224419	-0.176884
0.222401	-0.198965
0.2399	-0.208933
0.237446	-0.208275
0.231084	-0.206532
0.205837	-0.215619
0.177834	-0.188006
0.20022	-0.20754
0.211939	-0.229436
0.208283	-0.235984
0.182109	-0.286487
0.221762	-0.323247
0.192983	-0.271148
0.23046	-0.200419
0.243732	-0.208678
0.246779	-0.220079
0.24455	-0.23766
0.255203	-0.262484
0.243681	-0.245971
0.243862	-0.251694
0.247737	-0.269351
0.235723	-0.274001
0.268344	-0.2233
0.270406	-0.207361
0.25558	-0.196671
0.234096	-0.167085
