0.0956964	0.0986668
0.0956964	0.0986668
0.0956964	0.0986668
0.0956964	0.0986668
0.0956964	0.0986668
0.0956964	0.0986668
0.0956964	0.0986668
0.0956964	0.0986668
0.0956964	0.0986668
0.0956964	0.0986668
0.0956964	0.0986668
0.0956964	0.0986668
0.0956964	0.0986668
0.0956964	0.0986668
0.0956964	0.0986668
0.0956964	0.0986668
0.0956964	0.0986668
0.0956964	0.0986668
0.0956964	0.0986668
0.0956964	0.0986668
0.0956964	0.0986668
0.0956964	0.0986668
0.0956964	0.0986668
0.0956964	0.0986668
0.0956964	0.0986668
0.0956964	0.0986668
0.0956964	0.0986668
0.0956964	0.0986668
0.0956964	0.0986668
0.0956964	0.0986668
0.0956964	0.0986668
0.0956964	0.0986668
0.0956964	0.0986668
0.0956964	0.0986668
0.0956964	0.0986668
0.0956964	0.0986668
0.0956964	0.0986668
0.0956964	0.0986668
0.0956964	0.0986668
0.0956964	0.0986668
0.0956964	0.0986668
0.0956964	0.0986668
0.0956964	0.0986668
0.0956964	0.0986668
0.0956964	0.0986668
0.0956964	0.0986668
0.0956964	0.0986668
0.0956964	0.0986668
0.0956964	0.0986668
0.0956964	0.0986668
0.0956964	0.0986668
0.0956964	0.0986668
0.0956964	0.0986668
0.0956964	0.0986668
0.0956964	0.0986668
0.0956964	0.0986668
0.0956964	0.0986668
0.0956964	0.0986668
0.0956964	0.0986668
0.0956964	0.0986668
0.0956964	0.0986668
0.0956964	0.0986668
0.0956964	0.0986668
0.0956964	0.0986668
0.0956964	0.0986668
0.0956964	0.0986668
0.0956964	0.0986668
0.0956964	0.0986668
0.0956964	0.0986668
0.0956964	0.0986668
0.0956964	0.0986668
0.0956964	0.0986668
0.0956964	0.0986668
0.0956964	0.0986668
0.0956964	0.0986668
0.0956964	0.0986668
0.0956964	0.0986668
0.0956964	0.0986668
0.0956964	0.0986668
0.0956964	0.0986668
0.0956964	0.0986668
0.0956964	0.0986668
0.0956964	0.0986668
0.0956964	0.0986668
0.0956964	0.0986668
0.0956964	0.0986668
0.0956964	0.0986668
0.0956964	0.0986668
0.0956964	0.0986668
0.0956964	0.0986668
0.0956964	0.0986668
0.0956964	0.0986668
0.0956964	0.0986668
0.0956964	0.0986668
0.0956964	0.0986668
0.0956964	0.0986668
0.0956964	0.0986668
0.0956964	0.0986668
0.0956964	0.0986668
0.0956964	0.0986668
0.0956964	0.0986668
0.0956964	0.0986668
0.0956964	0.0986668
0.0956964	0.0986668
0.0956964	0.0986668
0.0956964	0.0986668
0.0956964	0.0986668
0.0956964	0.0986668
0.0956964	0.0986668
0.0956964	0.0986668
0.0956964	0.0986668
0.0956964	0.0986668
0.0956964	0.0986668
0.0956964	0.0986668
0.0956964	0.0986668
0.0956964	0.0986668
0.0956964	0.0986668
0.0956964	0.0986668
0.0956964	0.0986668
0.0956964	0.0986668
0.0956964	0.0986668
0.0956964	0.0986668
0.0956964	0.0986668
0.0956964	0.0986668
0.0956964	0.0986668
0.0956964	0.0986668
0.0956964	0.0986668
0.0956964	0.0986668
0.0956964	0.0986668
0.0956964	0.0986668
0.0956964	0.0986668
0.0956964	0.0986668
0.0956964	0.0986668
0.0956964	0.0986668
0.0956964	0.0986668
0.0956964	0.0986668
0.0956964	0.0986668
0.0956964	0.0986668
0.0956964	0.0986668
0.0956964	0.0986668
0.0956964	0.0986668
0.0956964	0.0986668
0.0956964	0.0986668
0.0956964	0.0986668
0.0956964	0.0986668
0.0956964	0.0986668
0.0956964	0.0986668
0.0956964	0.0986668
0.0956964	0.0986668
0.0956964	0.0986668
0.0956964	0.0986668
0.0956964	0.0986668
0.0956964	0.0986668
0.0956964	0.0986668
0.0956964	0.0986668
0.0956964	0.0986668
0.0956964	0.0986668
0.0956964	0.0986668
0.0956964	0.0986668
0.0956964	0.0986668
0.0956964	0.0986668
0.0956964	0.0986668
0.0956964	0.0986668
0.0956964	0.0986668
0.0956964	0.0986668
0.0956964	0.0986668
0.0956964	0.0986668
0.0956964	0.0986668
0.0956964	0.0986668
0.0956964	0.0986668
0.0956964	0.0986668
0.0956964	0.0986668
0.0956964	0.0986668
0.0956964	0.0986668
0.0956964	0.0986668
0.0956964	0.0986668
0.0956964	0.0986668
0.0956964	0.0986668
0.0956964	0.0986668
0.0956964	0.0986668
0.0956964	0.0986668
0.0956964	0.0986668
0.0956964	0.0986668
0.0956964	0.0986668
0.0956964	0.0986668
0.0956964	0.0986668
0.0956964	0.0986668
0.0956964	0.0986668
0.0956964	0.0986668
0.0956964	0.0986668
0.0956964	0.0986668
0.0956964	0.0986668
0.0956964	0.0986668
0.0956964	0.0986668
0.0956964	0.0986668
0.0956964	0.0986668
0.0956964	0.0986668
0.0956964	0.0986668
0.213678	0.153559
0.289645	0.102206
0.312393	0.010063
0.313882	0.0392572
0.332491	-0.0566216
0.334259	-0.0595507
0.330987	-0.0376812
0.328238	0.0168587
0.29383	-0.101115
0.273018	-0.137466
0.284764	-0.172114
0.291341	-0.179609
0.313199	-0.180003
0.276187	-0.195399
0.242684	-0.2109
0.254305	-0.209504
0.262898	-0.171384
0.24809	-0.149683
0.283556	-0.18011
0.26892	-0.222945
0.261527	-0.227747
0.250808	-0.204782
0.20212	-0.199223
0.204879	-0.224605
0.196116	-0.23184
0.178739	-0.213932
0.155889	-0.266595
0.162116	-0.270025
0.168349	-0.292997
0.172562	-0.288323
0.174013	-0.315918
0.151786	-0.299149
0.155603	-0.312382
0.181489	-0.340357
0.217668	-0.331514
0.209226	-0.297948
0.162273	-0.259275
0.177913	-0.308003
0.160178	-0.277502
0.122123	-0.305698
0.144329	-0.302299
0.154996	-0.279204
0.148178	-0.273069
0.161338	-0.291103
0.164427	-0.285496
0.163562	-0.282315
0.157804	-0.288963
0.145568	-0.267937
0.157462	-0.273442
0.168775	-0.268147
0.183819	-0.277372
0.195574	-0.278504
0.149257	-0.251073
0.232935	-0.234446
0.217804	-0.21413
0.211139	-0.22314
0.220577	-0.244004
0.219957	-0.244571
0.209965	-0.241565
0.246306	-0.223611
0.198503	-0.241198
0.203857	-0.244749
0.207815	-0.226389
0.192621	-0.236028
0.179216	-0.228274
0.158378	-0.245737
0.155506	-0.275234
0.163951	-0.283475
0.174609	-0.244017
0.20429	-0.256612
0.202766	-0.237673
0.160609	-0.232081
0.189531	-0.256754
0.167561	-0.252857
0.139248	-0.277722
0.140819	-0.305193
0.136726	-0.293848
0.164562	-0.256023
0.159583	-0.277169
0.171786	-0.297374
0.170247	-0.294643
0.139217	-0.323172
0.132219	-0.358731
0.0907254	-0.358119
0.116137	-0.316826
0.131313	-0.303722
0.139379	-0.300234
0.169726	-0.32349
0.163142	-0.330256
0.152292	-0.311667
0.131029	-0.272702
0.125555	-0.28437
0.151372	-0.312122
0.164288	-0.313136
0.156756	-0.299793
0.141073	-0.305933
0.144589	-0.304549
0.136108	-0.306703
0.142651	-0.307261
0.142248	-0.316865
0.125068	-0.308257
0.148302	-0.28336
0.162271	-0.275865
0.188695	-0.296598
0.164346	-0.273718
0.142534	-0.267153
0.144004	-0.286638
0.169275	-0.297253
0.164847	-0.29439
0.171481	-0.294883
0.16293	-0.287855
0.184032	-0.298509
0.176747	-0.292643
0.224909	-0.278527
0.238202	-0.23208
0.262509	-0.237294
0.252627	-0.23208
0.248566	-0.227301
0.244661	-0.22488
0.287077	-0.211384
0.273814	-0.261836
0.272625	-0.252155
0.248279	-0.248172
0.236719	-0.247468
0.216024	-0.242672
0.212284	-0.241553
0.205518	-0.264406
0.18361	-0.255632
0.181245	-0.267816
0.174205	-0.268609
0.195059	-0.298976
0.204129	-0.257781
0.200131	-0.255861
0.193187	-0.265927
0.195823	-0.27703
0.214251	-0.262496
0.171372	-0.259953
0.170623	-0.266152
0.173138	-0.271098
0.157062	-0.261263
0.165212	-0.289154
0.185046	-0.323716
0.187133	-0.28569
0.174302	-0.273314
0.175035	-0.3212
0.189689	-0.281947
0.195496	-0.273172
0.21218	-0.263859
0.212418	-0.249606
0.243971	-0.240503
0.226844	-0.249346
0.236206	-0.257476
0.227316	-0.249609
0.247345	-0.294422
0.233392	-0.25193
0.225936	-0.246997
0.209512	-0.245814
0.213875	-0.259815
0.182146	-0.291875
0.179878	-0.327897
0.218464	-0.291688
0.221837	-0.259937
0.212871	-0.233002
0.227459	-0.217009
0.245966	-0.214509
0.249936	-0.218716
0.260428	-0.22223
0.276805	-0.201129
0.266371	-0.205869
0.281993	-0.244423
0.260411	-0.229484
0.249385	-0.221416
0.260988	-0.220512
0.226687	-0.218634
0.208238	-0.230427
0.215255	-0.236846
0.219563	-0.243823
0.244745	-0.227549
0.256773	-0.222271
0.278017	-0.219529
0.280817	-0.202385
0.26816	-0.157803
0.28156	-0.176471
0.271102	-0.18512
0.262131	-0.181693
0.262492	-0.187496
0.284499	-0.235619
0.272791	-0.237011
0.258697	-0.221551
0.259129	-0.20928
0.255456	-0.20974
0.251681	-0.204382
0.245244	-0.209318
0.249032	-0.204425
0.24148	-0.175072
0.247802	-0.186637
0.277001	-0.205608
0.270489	-0.199304
0.292295	-0.219141
0.274278	-0.202201
0.263792	-0.207343
0.270199	-0.212283
0.256673	-0.174538
0.264322	-0.147464
0.26753	-0.151308
0.256029	-0.130767
0.250911	-0.177439
0.288287	-0.175961
0.297551	-0.16084
0.303478	-0.15961
0.293786	-0.174705
0.273098	-0.173274
0.224921	-0.141122
0.243283	-0.160983
0.2759	-0.169195
0.304511	-0.16042
0.300481	-0.194075
0.335804	-0.172535
0.31999	-0.161105
0.290074	-0.129326
0.290463	-0.123228
0.299006	-0.133897
0.299154	-0.150559
0.293487	-0.176013
0.295981	-0.185895
0.280271	-0.144116
0.272682	-0.214734
0.263294	-0.223361
0.238924	-0.216129
0.2479	-0.1955
0.242946	-0.202423
0.300549	-0.241646
0.267497	-0.224111
0.25822	-0.216156
0.245793	-0.230714
0.2511	-0.195992
0.24423	-0.170533
0.258327	-0.177101
0.242412	-0.17076
0.249046	-0.133679
0.271134	-0.145179
0.26454	-0.14348
0.271882	-0.138126
0.287375	-0.145708
0.312282	-0.133211
0.317284	-0.144389
0.305017	-0.126996
0.312474	-0.113754
0.311886	-0.0885261
0.330938	-0.129613
0.324312	-0.0984472
0.318475	-0.0814293
0.286556	-0.0583498
0.331941	-0.0600749
0.334451	-0.0471578
0.338409	-0.0457744
0.337608	-0.0310187
0.317767	-0.00943631
0.341652	-0.0410486
0.316077	-0.0113384
0.327482	-0.0139411
0.327608	0.0048596
0.3262	0.0115009
0.36306	0.0172033
0.355078	0.0401963
0.342554	0.00959333
0.35275	0.0294021
0.321786	0.0376269
0.36019	0.00847525
0.358426	0.074422
0.334944	0.0802982
0.311153	0.100734
0.337597	0.103426
0.313929	0.0944819
0.287968	0.0901343
0.303407	0.10579
0.29047	0.122204
0.292958	0.111087
0.30897	0.119563
0.290646	0.146404
0.286463	0.166519
0.285816	0.164656
0.281852	0.159917
0.276698	0.162522
0.242128	0.195714
0.246621	0.201052
0.251378	0.201956
0.24281	0.218324
0.255647	0.224029
0.265449	0.209329
0.262114	0.205318
0.214574	0.23858
0.211721	0.247911
0.229067	0.256294
0.229281	0.245782
0.227866	0.264236
0.228431	0.26768
0.215038	0.273482
0.208434	0.263326
0.199767	0.242648
0.216399	0.282567
0.210584	0.255195
0.222053	0.248367
0.220399	0.246385
0.230515	0.251164
0.22725	0.194172
0.237728	0.2059
0.235252	0.204882
0.245951	0.220188
0.245689	0.244789
0.239849	0.20214
0.227924	0.247973
0.191684	0.250767
0.212418	0.250609
0.173066	0.207882
0.180877	0.256806
0.184499	0.254352
0.186516	0.280274
0.188108	0.276421
0.161047	0.302389
0.146261	0.323435
0.230002	0.269904
0.220621	0.269785
0.209041	0.25842
0.215271	0.224544
0.226222	0.249303
0.22946	0.244798
0.234741	0.242815
0.209861	0.249484
0.206761	0.247089
0.208802	0.306797
0.194403	0.293208
0.166462	0.287533
0.141256	0.311556
0.15112	0.333364
0.155234	0.293522
0.193182	0.277626
0.181597	0.23472
0.220626	0.285605
0.228187	0.272082
0.223776	0.275205
0.209804	0.265116
0.185532	0.251658
0.183117	0.254336
0.217075	0.295768
0.174968	0.281139
0.154354	0.299865
0.147344	0.290873
0.141346	0.28445
0.144654	0.302076
0.165273	0.299171
0.155387	0.269026
0.190676	0.274015
0.21568	0.253399
0.229241	0.267417
0.217316	0.255572
0.180672	0.259851
0.183844	0.259572
0.206375	0.223897
0.212141	0.231426
0.213583	0.230549
0.228491	0.259005
0.227159	0.24875
0.248251	0.247832
0.225822	0.219216
0.232257	0.228565
0.257902	0.245624
0.221332	0.214419
0.230413	0.220726
0.22925	0.230589
0.231178	0.230912
0.267618	0.254377
0.250118	0.24227
0.199347	0.247813
0.165095	0.251752
0.168272	0.269481
0.174278	0.304462
0.169144	0.284146
0.16571	0.286831
0.175631	0.29013
0.184656	0.321064
0.15511	0.328377
0.129022	0.289121
0.122138	0.295995
0.133023	0.29054
0.149299	0.273967
0.119052	0.299274
0.134034	0.280755
0.106818	0.30492
0.113355	0.241119
0.0503159	0.312272
0.122077	0.331392
0.111543	0.323885
0.0721123	0.310011
0.0255181	0.327136
0.0548646	0.333089
0.0727723	0.279291
0.0460507	0.316702
0.0685663	0.295439
0.00706063	0.337947
0.0165745	0.331148
0.000991068	0.32975
-0.0121159	0.34626
-0.0380634	0.323877
-0.0550027	0.32442
-0.0620487	0.317899
-0.0854545	0.314631
-0.0786283	0.323902
-0.0622514	0.30027
-0.0708249	0.318838
-0.0433178	0.329249
-0.092121	0.310276
-0.0665514	0.292872
-0.0693465	0.304386
-0.105598	0.294212
-0.105638	0.315981
-0.129874	0.277419
-0.158196	0.285051
-0.15919	0.29402
-0.141553	0.318131
-0.146213	0.308685
-0.134355	0.285422
-0.147505	0.291697
-0.129126	0.297621
-0.154349	0.287763
-0.158392	0.28024
-0.23281	0.274679
-0.217142	0.253801
-0.210586	0.251602
-0.199482	0.279517
-0.194757	0.278899
-0.187521	0.273447
-0.183675	0.256731
-0.173709	0.213031
-0.163245	0.234392
-0.176613	0.248306
-0.199133	0.289089
-0.210165	0.271145
-0.197091	0.274341
-0.209649	0.244917
-0.195844	0.253608
-0.207391	0.270841
-0.236657	0.221011
-0.229825	0.220934
-0.238545	0.250612
-0.225521	0.208827
-0.185152	0.199929
-0.214009	0.218154
-0.231391	0.226395
-0.233844	0.219711
-0.242951	0.218621
-0.230193	0.224967
-0.240261	0.220603
-0.241093	0.220836
-0.288429	0.195105
-0.285445	0.190952
-0.273773	0.185122
-0.255624	0.199652
-0.226515	0.186797
-0.266201	0.216527
-0.232274	0.21443
-0.267641	0.211607
-0.265515	0.178851
-0.268797	0.181227
-0.285815	0.185045
-0.232206	0.180644
-0.247254	0.175065
-0.266285	0.206714
-0.260695	0.199616
-0.257622	0.163937
-0.269888	0.170467
-0.272094	0.172053
-0.270819	0.18678
-0.261507	0.1918
-0.254735	0.195522
-0.281864	0.19354
-0.288121	0.18102
-0.284297	0.178445
-0.28297	0.148166
-0.262702	0.191736
-0.30593	0.150026
-0.304241	0.136505
-0.276824	0.11719
-0.29745	0.120481
-0.27585	0.149528
-0.319703	0.125813
-0.311217	0.0843383
-0.319954	0.0819345
-0.317169	0.0665036
-0.314693	0.0644457
-0.345938	0.0676711
-0.329346	0.0583939
-0.341305	0.069234
-0.332211	0.0614306
-0.319766	0.0440771
-0.347344	0.0230794
-0.337842	0.0209609
-0.343651	0.0424673
-0.331972	0.0414431
-0.339186	0.0453701
-0.340486	0.0535294
-0.341331	0.0535299
-0.332592	0.0717927
-0.311439	0.0409908
-0.32579	0.0894142
-0.353832	0.0991625
-0.338349	0.0956933
-0.312337	0.0790918
-0.291174	0.0900543
-0.292087	0.0859887
-0.306503	0.0928668
-0.31916	0.118337
-0.339699	0.151177
-0.317708	0.141271
-0.303167	0.134115
-0.302537	0.132111
-0.333111	0.141488
-0.287256	0.106393
-0.297479	0.108927
-0.289832	0.129678
-0.282464	0.0931951
-0.304306	0.156872
-0.307002	0.176671
-0.291372	0.171952
-0.282672	0.169013
-0.263913	0.189242
-0.272826	0.199411
-0.216021	0.216637
-0.218827	0.21207
-0.227265	0.239544
-0.230341	0.218863
-0.239894	0.241123
-0.242995	0.232709
-0.205597	0.235578
-0.203455	0.235636
-0.202949	0.230882
-0.273155	0.266352
-0.244205	0.243111
-0.240606	0.25023
-0.251136	0.248646
-0.256376	0.246233
-0.230515	0.215362
-0.229805	0.229035
-0.231071	0.240445
-0.228366	0.236995
-0.227416	0.232583
-0.210896	0.225709
-0.225007	0.246867
-0.217896	0.2627
-0.281565	0.152731
-0.286055	0.154004
-0.248181	0.16391
-0.2571	0.168941
-0.271203	0.184496
-0.240954	0.168611
-0.254717	0.178341
-0.290192	0.194509
-0.282373	0.180677
-0.30285	0.207983
-0.280425	0.199197
-0.273337	0.231391
-0.314815	0.153384
-0.319309	0.145493
-0.289207	0.0941866
-0.290795	0.119419
-0.301148	0.120594
-0.311491	0.118587
-0.301328	0.113234
-0.327812	0.121953
-0.322783	0.126807
-0.29633	0.106534
-0.29967	0.101665
-0.266352	0.119024
-0.293978	0.138945
-0.319308	0.143024
-0.302849	0.165254
-0.316976	0.126443
-0.314386	0.111688
-0.309915	0.110626
-0.302452	0.121469
-0.295247	0.097063
-0.320408	0.0646399
-0.293149	0.000757413
-0.298274	-0.0103418
-0.31266	-0.00850193
-0.307933	-0.0303967
-0.323925	-0.0511281
-0.343574	-0.0990465
-0.311432	-0.0709265
-0.278406	-0.0211861
-0.308378	-0.000772181
-0.322985	0.00376022
-0.322805	-0.00761718
-0.325854	-0.0555844
-0.309408	-0.048836
-0.315528	-0.0470554
-0.320732	-0.0394527
-0.336495	-0.032487
-0.337991	-0.0335775
-0.331256	-0.0318886
-0.312321	-0.0233884
-0.36185	-0.0214388
-0.334699	-0.021947
-0.341237	-0.0154362
-0.33903	-0.0146773
-0.330686	-0.0354382
-0.321984	-0.0485157
-0.334566	0.000407194
-0.340841	0.019337
-0.287264	0.00824692
-0.314757	0.0544747
-0.323683	0.0551665
-0.34027	0.0811788
-0.340771	0.0856858
-0.334401	0.0846252
-0.325966	0.0820629
-0.276653	0.0658251
-0.318481	0.0853395
-0.318543	0.0789829
-0.317973	0.0785719
-0.317154	0.0750626
-0.318491	0.0707215
-0.306449	0.0690084
-0.302607	0.0693076
-0.306627	0.0690669
-0.341069	0.0660736
-0.325724	0.0839261
-0.319258	0.0745885
-0.283702	0.0580763
-0.302392	0.0648788
-0.269664	0.0370739
-0.315662	0.0449494
-0.321688	0.046287
-0.321242	0.0717835
-0.320998	0.0740483
-0.322504	0.0735667
-0.324479	0.0901409
-0.304333	0.0740698
-0.306158	0.0487991
-0.316408	0.0517856
-0.336082	0.0416929
-0.298554	0.0407667
-0.326836	0.0441476
-0.33428	0.0643752
-0.325985	0.0601887
-0.313841	0.054933
-0.328613	0.0266555
-0.329505	0.0253468
-0.329977	0.0186561
-0.3411	0.0223105
-0.341645	0.0216228
-0.334917	0.0144707
-0.327698	-0.000883149
-0.287873	-0.00259184
-0.318916	0.00895067
-0.310506	0.0138552
-0.324041	0.00394308
-0.287719	-0.0129324
-0.289247	-0.000442374
-0.311149	-0.0351866
-0.341852	-0.028453
-0.363722	-0.0786912
-0.322989	-0.0801709
-0.305715	-0.0800377
-0.276487	-0.0885596
-0.288355	-0.0639817
-0.290707	-0.0589751
-0.280548	-0.0858246
-0.308188	-0.100965
-0.309188	-0.0954486
-0.315103	-0.104594
-0.320581	-0.0982799
-0.335858	-0.126968
-0.327204	-0.142059
-0.308781	-0.158131
-0.3089	-0.151976
-0.309745	-0.15353
-0.290672	-0.184366
-0.300172	-0.163099
-0.301139	-0.154517
-0.27118	-0.225971
-0.244601	-0.199834
-0.241536	-0.231495
-0.247548	-0.214605
-0.24347	-0.228963
-0.231075	-0.212249
-0.206097	-0.244836
-0.254406	-0.255476
-0.203774	-0.268698
-0.157311	-0.340201
-0.155534	-0.350897
-0.145909	-0.32432
-0.154619	-0.296198
-0.147989	-0.289235
-0.158742	-0.275526
-0.123022	-0.313157
-0.239866	-0.263611
-0.111712	-0.362225
-0.240877	-0.288248
-0.125194	-0.362003
-0.232123	-0.319566
-0.0909688	-0.379344
-0.119325	-0.339857
-0.123036	-0.342068
-0.0119353	-0.35395
-0.00561996	-0.317743
0.000623765	-0.291022
-0.0408328	-0.298729
0.0338112	-0.337524
0.063954	-0.332195
0.0688332	-0.349386
0.0618943	-0.3333
0.0367407	-0.309924
0.0457619	-0.315023
0.054981	-0.313485
0.0451958	-0.318911
0.0606321	-0.293608
0.0693744	-0.297426
0.102873	-0.260203
0.119012	-0.255054
0.146897	-0.261443
0.14198	-0.268827
0.154544	-0.272344
0.158029	-0.278129
0.164282	-0.26856
0.156115	-0.270699
0.165191	-0.298668
0.155906	-0.291223
0.158592	-0.298672
0.138821	-0.285449
0.136108	-0.284533
0.118224	-0.278398
0.122555	-0.340124
0.112533	-0.320468
0.0719959	-0.276076
0.0838643	-0.315584
0.0968513	-0.32462
0.0689479	-0.318063
0.0902398	-0.325434
0.0933218	-0.33111
0.112746	-0.330343
0.0938718	-0.28294
0.103446	-0.294538
0.113588	-0.304331
0.129111	-0.332167
0.113438	-0.334996
0.102823	-0.302889
0.116204	-0.284411
0.111092	-0.32813
0.13733	-0.311024
0.123621	-0.316239
0.149885	-0.277172
0.155084	-0.285622
0.15619	-0.284727
0.153058	-0.2743
0.122695	-0.294847
0.123569	-0.298324
0.117328	-0.327609
0.127416	-0.309394
0.124347	-0.305459
0.102347	-0.348639
0.141016	-0.355667
0.142428	-0.324409
0.152427	-0.31737
0.152145	-0.304014
0.1545	-0.313472
0.156975	-0.307795
0.151459	-0.289182
0.129521	-0.272276
0.139758	-0.283985
0.141349	-0.271967
0.167528	-0.271747
0.166776	-0.279326
0.17308	-0.268876
0.175147	-0.27186
0.189772	-0.289267
0.180433	-0.283817
0.172023	-0.279854
0.152486	-0.262044
0.137955	-0.2793
0.185744	-0.306778
0.184469	-0.292307
0.213636	-0.294861
0.200816	-0.279738
0.197238	-0.273375
0.186808	-0.288427
0.172263	-0.281034
0.17487	-0.280318
0.171071	-0.284045
0.144194	-0.280696
0.15908	-0.293823
0.162429	-0.318025
0.153951	-0.306888
0.166242	-0.2981
0.155237	-0.291358
0.148337	-0.291447
0.151963	-0.299049
0.203004	-0.28997
0.193412	-0.280211
0.228989	-0.28155
0.180741	-0.285517
0.150861	-0.284618
