###  Units are X_hat = 1cm.
0	0
0.0414321	-0.0228655
0.100154	-0.0596572
0.166396	-0.118452
0.234858	-0.183112
0.308074	-0.254077
0.382471	-0.328998
0.454824	-0.408341
0.518242	-0.48259
0.57381	-0.555566
0.638378	-0.628182
0.702454	-0.706791
0.772233	-0.782399
0.849847	-0.85471
0.924269	-0.931792
0.988274	-1.01292
1.05172	-1.09282
1.10742	-1.17997
1.15155	-1.2579
1.1992	-1.34355
1.22975	-1.42941
1.26271	-1.52363
1.29015	-1.62392
1.31707	-1.72231
1.34203	-1.82076
1.3602	-1.91945
1.37822	-2.01709
1.39707	-2.11341
1.41877	-2.2107
1.43586	-2.30657
1.45196	-2.40414
1.46857	-2.50309
1.4791	-2.60996
1.49012	-2.7128
1.50014	-2.81484
1.51073	-2.92195
1.51359	-3.02681
1.50815	-3.11816
1.50053	-3.21568
1.48752	-3.30288
1.47599	-3.39959
1.45839	-3.49865
1.45411	-3.587
1.44431	-3.67239
1.42999	-3.76935
1.41922	-3.87572
1.41249	-3.9833
1.40655	-4.07834
1.3998	-4.17495
1.39408	-4.27357
1.39681	-4.36351
1.40489	-4.46243
1.41302	-4.56152
1.42375	-4.66425
1.43232	-4.76377
1.44397	-4.86081
1.45431	-4.96315
1.46053	-5.06302
1.46236	-5.16182
1.46972	-5.26215
1.47266	-5.36202
1.47421	-5.46149
1.46806	-5.56378
1.46263	-5.66511
1.45628	-5.772
1.44686	-5.87772
1.4384	-5.97945
1.42538	-6.08324
1.40987	-6.18777
1.39977	-6.28634
1.38896	-6.3854
1.37871	-6.48321
1.36816	-6.58179
1.3575	-6.6804
1.34256	-6.77598
1.32986	-6.88949
1.32236	-6.99579
1.31905	-7.07358
1.31268	-7.15486
1.30476	-7.24494
1.29429	-7.34012
1.279	-7.43756
1.26875	-7.5302
1.26289	-7.62073
1.25264	-7.71467
1.23508	-7.81577
1.21801	-7.91484
1.20307	-8.02047
1.18952	-8.1234
1.18022	-8.23044
1.18141	-8.33141
1.18083	-8.43321
1.18886	-8.55005
1.19501	-8.65423
1.19877	-8.75644
1.20207	-8.85715
1.21182	-8.96022
1.21939	-9.05822
1.22919	-9.15063
1.24554	-9.24211
1.26278	-9.3371
1.28018	-9.43401
1.29674	-9.53119
1.31337	-9.63003
1.33124	-9.73178
1.34112	-9.82784
1.36144	-9.92814
1.37637	-10.0118
1.38129	-10.0988
1.38911	-10.196
1.39855	-10.2928
1.40943	-10.38
1.42005	-10.473
1.4375	-10.5821
1.45346	-10.6865
1.47266	-10.7876
1.49189	-10.8864
1.51165	-10.9862
1.52264	-11.0905
1.54265	-11.196
1.56182	-11.2982
1.57509	-11.4005
1.58964	-11.5032
1.60745	-11.6105
1.62406	-11.7123
1.64853	-11.8099
1.67452	-11.9078
1.70925	-12.01
1.74848	-12.1062
1.78029	-12.2077
1.81801	-12.3131
1.86246	-12.4139
1.89548	-12.5139
1.92897	-12.6134
1.96291	-12.7059
2.00102	-12.7973
2.04726	-12.8957
2.08391	-13.0035
2.11364	-13.1051
2.1367	-13.2007
2.14754	-13.3011
2.13954	-13.4067
2.12436	-13.5146
2.11112	-13.6266
2.09943	-13.7323
2.09048	-13.8299
2.07623	-13.9243
2.06054	-14.0258
2.0522	-14.122
2.04512	-14.2206
2.03667	-14.3214
2.03105	-14.4255
2.02321	-14.5259
2.01823	-14.61
2.01793	-14.71
2.01725	-14.8062
2.01291	-14.9034
2.00864	-15.0016
2.00738	-15.1109
2.00176	-15.2118
1.99842	-15.3097
2.00148	-15.4105
2.00589	-15.5128
2.01145	-15.6164
2.02274	-15.7201
2.03542	-15.8263
2.05009	-15.9272
2.07823	-16.0229
2.11185	-16.1193
2.15635	-16.2129
2.20761	-16.3046
2.26597	-16.3993
2.31753	-16.4909
2.36735	-16.5788
2.41373	-16.6638
2.46906	-16.7518
2.52112	-16.8365
2.57325	-16.9303
2.62494	-17.0221
2.66976	-17.1106
2.71295	-17.2001
2.75536	-17.2881
2.81139	-17.3758
2.8629	-17.4683
2.90651	-17.5622
2.95623	-17.6572
3.00526	-17.7572
3.0409	-17.8384
3.07611	-17.9259
3.11978	-18.0146
3.15793	-18.1155
3.19877	-18.2252
3.2366	-18.3267
3.27184	-18.4195
3.29987	-18.5104
3.33317	-18.609
3.36365	-18.6962
3.40659	-18.784
3.4549	-18.8809
3.50133	-18.974
3.54358	-19.0679
3.58652	-19.1556
3.62797	-19.245
3.6608	-19.3423
3.69608	-19.4222
3.73124	-19.5026
3.76787	-19.5834
3.79511	-19.6671
3.82767	-19.7651
3.86605	-19.8661
3.91005	-19.9479
3.95552	-20.0263
4.00211	-20.1076
4.04773	-20.1899
4.09252	-20.2717
4.14626	-20.36
4.20033	-20.4465
4.24088	-20.5377
4.28911	-20.6327
4.32788	-20.7273
4.37597	-20.8208
4.42622	-20.917
4.47196	-21.0083
4.51674	-21.0977
4.56029	-21.1821
4.59683	-21.2785
4.62784	-21.3686
4.67	-21.4577
4.72157	-21.5477
4.77385	-21.6356
4.81493	-21.7202
4.84482	-21.8169
4.87547	-21.9058
4.91216	-22.0037
4.94036	-22.1022
4.97562	-22.2113
5.00026	-22.3112
5.02647	-22.406
5.0507	-22.5022
5.08141	-22.6029
5.09821	-22.697
5.11875	-22.8016
5.12421	-22.9158
5.12519	-23.0247
5.12391	-23.134
5.12807	-23.2418
5.12998	-23.3454
5.1374	-23.4433
5.14062	-23.5386
5.14864	-23.6346
5.14825	-23.7287
5.14118	-23.821
5.14483	-23.9295
5.1483	-24.0344
5.14886	-24.1362
5.15018	-24.241
5.15134	-24.3438
5.1605	-24.4468
5.1797	-24.55
5.20118	-24.6515
5.22198	-24.7484
5.24832	-24.8304
5.27679	-24.9189
5.30378	-25.0049
5.3207	-25.0824
5.33632	-25.1681
5.35161	-25.258
5.37229	-25.3598
5.39902	-25.4667
5.427	-25.5794
5.4544	-25.6851
5.48103	-25.7894
5.48964	-25.9032
5.4992	-26.0011
5.51026	-26.1011
5.51804	-26.205
5.52681	-26.3065
5.53856	-26.3952
5.54709	-26.4888
5.55657	-26.5884
5.56557	-26.6856
5.57146	-26.7883
5.57512	-26.8941
5.58306	-26.9949
5.59112	-27.0954
5.59646	-27.1952
5.59942	-27.2997
5.60084	-27.3999
5.60826	-27.5102
5.61691	-27.6157
5.62467	-27.7182
5.62935	-27.811
5.63389	-27.9046
5.62847	-27.9965
5.62719	-28.0853
5.62672	-28.1849
5.62579	-28.2857
5.62568	-28.3815
5.63104	-28.482
5.62507	-28.5842
5.61664	-28.6902
5.61216	-28.7888
5.60739	-28.889
5.59486	-28.9778
5.58303	-29.0731
5.56781	-29.1574
5.54497	-29.2498
5.52447	-29.3434
5.49743	-29.4411
5.47134	-29.5366
5.44547	-29.6443
5.41941	-29.7541
5.38828	-29.8701
5.34467	-29.9881
5.31291	29.9229
5.27992	29.8318
5.25167	29.7464
5.22297	29.6625
5.18728	29.5732
5.15041	29.4819
5.10721	29.3905
5.0638	29.3008
5.01926	29.2135
4.97416	29.1248
4.93101	29.03
4.88125	28.9209
4.8355	28.821
4.78643	28.7206
4.74329	28.6294
4.70033	28.5387
4.64778	28.4274
4.6007	28.3317
4.55519	28.239
4.51076	28.1479
4.45353	28.0595
4.39811	27.979
4.34234	27.8867
4.28901	27.8058
4.22874	27.7193
4.17688	27.6363
4.12817	27.5471
4.08627	27.4661
4.05146	27.3735
4.00748	27.2847
3.97333	27.1938
3.93714	27.1081
3.89454	27.0144
3.84669	26.9232
3.79886	26.8336
3.75736	26.7404
3.72454	26.6542
3.69467	26.5507
3.66222	26.4499
3.63572	26.3535
3.60531	26.2562
3.57461	26.1485
3.55183	26.0444
3.55225	25.9391
3.54998	25.8355
3.53562	25.7417
3.52127	25.645
3.51519	25.5473
3.50333	25.4445
3.49466	25.3451
3.48645	25.231
3.46874	25.1313
3.44753	25.0273
3.42515	24.927
3.39104	24.8392
3.35337	24.7471
3.32089	24.6659
3.28515	24.5793
3.24852	24.4892
3.21136	24.398
3.17865	24.2995
3.15268	24.1996
3.12356	24.1012
3.09449	24.0135
3.06018	23.9263
3.02958	23.8333
2.9979	23.7409
2.97923	23.6421
2.96842	23.5428
2.95763	23.4435
2.94706	23.3454
2.93384	23.247
2.9238	23.1472
2.92653	23.0333
2.92969	22.9343
2.93442	22.8352
2.9388	22.7357
2.95033	22.6398
2.96716	22.5416
2.98748	22.4375
3.00472	22.3377
3.01982	22.2381
3.03415	22.136
3.04845	22.0347
3.05937	21.9303
3.06939	21.83
3.08011	21.7302
3.09243	21.6293
3.10731	21.525
3.12205	21.4234
3.14016	21.3244
3.1701	21.2324
3.20245	21.1372
3.24185	21.0403
3.28278	20.9635
3.33701	20.8759
3.3879	20.7985
3.44529	20.719
3.51645	20.6413
3.57908	20.5579
3.63707	20.4775
3.69822	20.3987
3.75434	20.3041
3.80782	20.2005
3.83155	20.0935
3.82685	19.9813
3.79723	19.8801
3.75553	19.782
3.69646	19.6977
3.64164	19.6064
3.59061	19.5306
3.54026	19.457
3.47674	19.3849
3.42031	19.3095
3.36269	19.2378
3.29193	19.1591
3.23007	19.0949
3.17159	19.0387
3.09684	18.9806
3.01326	18.909
2.91502	18.8425
2.82924	18.7749
2.74257	18.7127
2.67102	18.6427
2.59477	18.5575
2.52691	18.4946
2.4623	18.4202
2.40329	18.3465
2.34697	18.2666
2.29962	18.1947
2.2471	18.1167
2.18849	18.0384
2.12957	17.959
2.07444	17.8811
2.01777	17.8009
1.96056	17.7231
1.90058	17.655
1.8451	17.5784
1.79171	17.4893
1.73785	17.4014
1.68516	17.3144
1.62246	17.219
1.5727	17.1157
1.53086	17.0117
1.47497	16.9032
1.42138	16.8089
1.37558	16.7165
1.33491	16.6239
1.30345	16.5261
1.27576	16.4285
1.24786	16.3307
1.21963	16.2347
1.19225	16.1444
1.16574	16.0514
1.13694	15.9565
1.11194	15.8573
1.08882	15.756
1.06041	15.6425
1.03618	15.5442
1.02017	15.4411
1.00141	15.3438
0.98936	15.235
0.980665	15.1228
0.965651	15.0174
0.946176	14.9128
0.919792	14.8134
0.894352	14.7151
0.870858	14.6252
0.845539	14.5538
0.828701	14.4675
0.814147	14.3612
0.802273	14.2589
0.78734	14.1634
0.778067	14.0609
0.76858	13.971
0.767165	13.8743
0.769741	13.7738
0.779749	13.6706
0.793586	13.5751
0.80645	13.4809
0.820029	13.3911
0.857027	13.3008
0.892311	13.2069
0.927395	13.1114
0.94969	13.0195
0.977052	12.9252
1.0181	12.8233
1.06289	12.7305
1.1029	12.6366
1.14116	12.5431
1.18173	12.4491
1.22908	12.3594
1.27566	12.2675
1.31491	12.1657
1.3565	12.0645
1.38952	11.9593
1.42503	11.859
1.46216	11.7545
1.49976	11.653
1.53032	11.5571
1.57031	11.4594
1.59834	11.3672
1.6365	11.2592
1.67137	11.1556
1.70127	11.0821
1.73149	10.9983
1.75758	10.9138
1.77006	10.8299
1.80393	10.7307
1.82936	10.6288
1.85123	10.5274
1.87317	10.428
1.8932	10.3303
1.91341	10.2433
1.93787	10.1526
1.96065	10.0584
1.98258	9.95612
1.99869	9.85953
2.02335	9.7609
2.05756	9.66151
2.07992	9.5634
2.09895	9.46469
2.11606	9.37119
2.12985	9.27391
2.13211	9.16694
2.13938	9.06363
2.14211	8.96777
2.15888	8.87654
2.17261	8.78286
2.18841	8.67954
2.19602	8.5718
2.19757	8.48482
2.20285	8.37766
2.21119	8.27631
2.21632	8.18115
2.20767	8.09798
2.20595	8.00581
2.20985	7.90738
2.2199	7.80726
2.23296	7.71596
2.2622	7.61131
2.26909	7.51025
2.27103	7.40396
2.26972	7.29395
2.25297	7.19512
2.24149	7.09664
2.23233	7.01065
2.22237	6.91819
2.21027	6.82256
2.1891	6.72585
2.18337	6.63483
2.16936	6.53897
2.16028	6.44545
2.15012	6.34033
2.13724	6.23081
2.11769	6.12992
2.10586	6.03247
2.09864	5.93304
2.08969	5.83016
2.0733	5.73091
2.05084	5.63242
2.03037	5.53659
2.01985	5.43465
2.00723	5.32611
1.99296	5.22432
1.98043	5.12631
1.96608	5.02774
1.95184	4.93238
1.92976	4.85098
1.9111	4.75779
1.87832	4.66295
1.85463	4.56514
1.83137	4.45563
1.80938	4.35158
1.78894	4.24532
1.78347	4.13956
1.77754	4.04152
1.77042	3.94412
1.77067	3.8429
1.76737	3.73643
1.75326	3.64095
1.74324	3.55187
1.72018	3.45821
1.68985	3.35122
1.66609	3.24874
1.64417	3.14183
1.61708	3.03397
1.59552	2.94257
1.58163	2.85341
1.57763	2.74214
1.56674	2.64508
1.55159	2.54825
1.54002	2.44683
1.52366	2.3466
1.49069	2.25369
1.46183	2.16196
1.43571	2.05098
1.40089	1.95173
1.36568	1.85299
1.33371	1.75937
1.31181	1.67059
1.28301	1.56948
1.24302	1.477
1.20258	1.3836
1.15645	1.30241
1.11023	1.21681
1.06758	1.12484
1.00769	1.02896
0.964612	0.942373
0.915898	0.85243
0.859739	0.770137
0.802579	0.69243
0.742075	0.612683
0.686004	0.529781
0.631436	0.452847
0.589011	0.367362
0.542328	0.288598
0.508021	0.20582
0.478238	0.127704
0.456493	0.0429025
0.450253	-0.0409267
0.455469	-0.146679
0.47661	-0.231772
0.502444	-0.335171
0.541979	-0.431407
0.591115	-0.525238
0.640937	-0.609041
0.690422	-0.685299
0.731284	-0.744063
0.780931	-0.811665
0.838623	-0.881088
0.89968	-0.954084
0.959393	-1.03231
1.01441	-1.10973
1.07268	-1.18707
1.12707	-1.26186
1.18221	-1.34012
1.25278	-1.41878
1.31253	-1.50756
1.36583	-1.59521
1.41203	-1.68815
1.4545	-1.78401
1.48334	-1.88852
1.51343	-1.98839
1.5442	-2.08775
1.56087	-2.18165
1.57975	-2.2825
1.60618	-2.37129
1.62251	-2.4773
1.65427	-2.56081
1.6743	-2.64727
1.68565	-2.74152
1.68975	-2.84079
1.68754	-2.93567
1.67556	-3.02309
1.66059	-3.10763
1.65786	-3.20109
1.66668	-3.29504
1.66561	-3.39154
1.66763	-3.49011
1.66742	-3.5883
1.66399	-3.68734
1.65865	-3.78886
1.64847	-3.90229
1.62829	-4.00141
1.61699	-4.10506
1.61408	-4.20435
1.6272	-4.29526
1.64134	-4.39259
1.65522	-4.50128
1.65324	-4.62117
1.63672	-4.72045
1.62954	-4.81725
1.62439	-4.91687
1.62235	-5.01156
1.60676	-5.1223
1.6009	-5.22858
1.60135	-5.33256
1.59666	-5.42987
1.59999	-5.52492
1.5997	-5.6286
1.59884	-5.73343
1.61207	-5.82983
1.6184	-5.92786
1.62711	-6.03602
1.61935	-6.13161
1.60329	-6.23272
1.58809	-6.33897
1.56548	-6.43498
1.54435	-6.53002
1.51599	-6.62481
1.49061	-6.72113
1.46829	-6.81826
1.44721	-6.91626
1.42144	-7.01546
1.40646	-7.11
1.39171	-7.20751
1.37142	-7.30377
1.34878	-7.39841
1.31701	-7.4949
1.29096	-7.59701
1.25073	-7.67991
1.22029	-7.78025
1.19742	-7.88091
1.17715	-7.98235
1.17285	-8.08776
1.16014	-8.18898
1.15405	-8.2868
1.14183	-8.39473
1.12341	-8.4878
1.09693	-8.58112
1.08135	-8.68
1.07646	-8.77469
1.07294	-8.87212
1.07513	-8.9833
1.08227	-9.10615
1.09166	-9.22826
1.08779	-9.32077
1.08854	-9.41763
1.09866	-9.52396
1.10712	-9.62358
1.1129	-9.72644
1.13351	-9.84052
1.14788	-9.94664
1.15989	-10.0401
1.16324	-10.1305
1.17257	-10.2262
1.18609	-10.3201
1.19991	-10.4185
1.20439	-10.524
1.22296	-10.6272
1.25101	-10.7355
1.27569	-10.8362
1.29945	-10.9353
1.32313	-11.0333
1.35113	-11.128
1.37747	-11.2233
1.40002	-11.3122
1.42524	-11.4052
1.4544	-11.5002
1.4932	-11.5996
1.52973	-11.6966
1.56324	-11.7929
1.59744	-11.8886
1.62955	-11.9883
1.65178	-12.0693
1.68232	-12.1582
1.72668	-12.255
1.76294	-12.3503
1.78868	-12.4472
1.81917	-12.542
1.84051	-12.6427
1.87137	-12.7504
1.8929	-12.8429
1.91776	-12.9457
1.94845	-13.0477
1.99549	-13.1502
2.02966	-13.2517
2.05931	-13.3504
2.08295	-13.4426
2.10169	-13.5362
2.11962	-13.6321
2.13574	-13.7253
2.14966	-13.8157
2.16229	-13.9102
2.1687	-14.0108
2.17625	-14.1103
2.19443	-14.2237
2.21177	-14.325
2.22375	-14.4257
2.2306	-14.5206
2.24582	-14.608
2.26126	-14.7039
2.26792	-14.8025
2.27095	-14.9041
2.27167	-15.0006
2.27146	-15.1134
2.26871	-15.2171
2.26585	-15.3189
2.26085	-15.4195
2.25985	-15.5214
2.26581	-15.6169
2.27849	-15.7339
2.29444	-15.8447
2.28973	-15.9465
2.29495	-16.0401
2.30218	-16.1372
2.3135	-16.2378
2.32727	-16.3499
2.33927	-16.4582
2.35715	-16.5605
2.37956	-16.6669
2.40376	-16.7643
2.43806	-16.871
2.47669	-16.9743
2.51609	-17.078
2.54636	-17.1808
2.57585	-17.2756
2.61251	-17.3651
2.65141	-17.457
2.69734	-17.545
2.73917	-17.6377
2.77901	-17.7181
2.81685	-17.8059
2.85514	-17.9003
2.89803	-17.9955
2.93889	-18.0958
2.97766	-18.197
3.01518	-18.2862
3.04951	-18.3738
3.08817	-18.4627
3.13097	-18.5489
3.1716	-18.6393
3.22801	-18.737
3.27441	-18.8304
3.31711	-18.9178
3.36285	-19.0125
3.40175	-19.0939
3.43551	-19.1831
3.46315	-19.2716
3.49038	-19.3527
3.52758	-19.438
3.57222	-19.5239
3.62146	-19.6081
3.66937	-19.6946
3.71722	-19.7865
3.76711	-19.875
3.80274	-19.9651
3.84976	-20.0506
3.9013	-20.1353
3.94918	-20.2215
4.00224	-20.2982
4.04687	-20.384
4.09672	-20.469
4.15313	-20.5475
4.20033	-20.6346
4.25552	-20.7209
4.3353	-20.8001
4.42478	-20.8836
4.50262	-20.9571
4.5783	-21.0349
4.64071	-21.1196
4.69192	-21.2078
4.74086	-21.2916
4.78991	-21.387
4.84084	-21.5028
4.90805	-21.612
4.96103	-21.719
5.00669	-21.8297
5.04961	-21.9297
5.09401	-22.0245
5.13641	-22.1149
5.18148	-22.2036
5.21738	-22.302
5.24467	-22.4069
5.27196	-22.5086
5.28177	-22.6157
5.28648	-22.7271
5.28959	-22.8369
5.29856	-22.9437
5.31469	-23.0465
5.33656	-23.1569
5.34333	-23.2601
5.33197	-23.361
5.32697	-23.4621
5.34733	-23.5608
5.36454	-23.6599
5.38778	-23.7585
5.40409	-23.8613
5.4169	-23.9617
5.42151	-24.0564
5.42403	-24.1482
5.43258	-24.2502
5.44351	-24.3682
5.44851	-24.4792
5.44739	-24.5772
5.44571	-24.6958
5.44797	-24.8104
5.45152	-24.9017
5.44384	-25.0026
5.42906	-25.1015
5.42367	-25.2023
5.41593	-25.2919
5.41706	-25.3903
5.43009	-25.4921
5.43962	-25.5919
5.44576	-25.6896
5.44408	-25.785
5.44344	-25.8675
5.44291	-25.9584
5.43874	-26.0547
5.42161	-26.1703
5.4119	-26.2781
5.40905	-26.3749
5.40877	-26.49
5.40644	-26.5963
5.40786	-26.7069
5.40339	-26.8217
5.40359	-26.9294
5.39844	-27.0314
5.396	-27.1322
5.39713	-27.2314
5.39487	-27.3427
5.39643	-27.4509
5.39304	-27.5582
5.38505	-27.6672
5.38247	-27.7758
5.38662	-27.8784
5.39446	-27.9795
5.41139	-28.0718
5.42055	-28.1633
5.41919	-28.2594
5.41873	-28.3487
5.42436	-28.4408
5.42656	-28.534
5.43488	-28.6275
5.44464	-28.7196
5.44664	-28.8125
5.45542	-28.9057
5.45806	-29.0074
5.46904	-29.109
5.48489	-29.2294
5.50324	-29.3286
5.51806	-29.4294
5.52892	-29.5375
5.551	-29.6335
5.57866	-29.7327
5.60738	-29.8302
5.64119	-29.9269
5.67536	29.9772
5.69949	29.8783
5.70867	29.7669
5.7106	29.6559
5.7317	29.5581
5.756	29.4775
5.79354	29.3727
5.82816	29.2718
5.85738	29.1773
5.89284	29.0744
5.93158	28.9757
5.95685	28.8709
5.99327	28.7704
6.02335	28.6719
6.05923	28.5801
6.09317	28.4628
6.12432	28.3717
6.1636	28.2691
6.20758	28.1732
6.24992	28.0783
6.27995	27.976
6.30834	27.8604
6.33962	27.7509
6.38538	27.6466
6.42349	27.5569
6.45787	27.4669
6.4916	27.3748
6.52118	27.2836
6.55298	27.1833
6.6066	27.0975
6.66311	27.0098
6.7061	26.9227
6.73827	26.8376
6.77071	26.7403
6.79414	26.6337
6.81807	26.5321
6.83702	26.4432
6.85687	26.3519
6.88127	26.2616
6.9036	26.1742
6.9287	26.0835
6.96431	25.9859
6.99549	25.8885
7.03234	25.8083
7.05882	25.7147
7.08033	25.624
7.09289	25.5286
7.11597	25.4262
7.14022	25.3233
7.15839	25.2102
7.17973	25.1068
7.20046	25.0081
7.21466	24.9099
7.23469	24.8177
7.25693	24.7234
7.27592	24.6186
7.30135	24.5186
7.32495	24.4188
7.35311	24.3305
7.37667	24.2368
7.38852	24.1508
7.40158	24.0583
7.41707	23.955
7.42291	23.8575
7.43444	23.7558
7.44092	23.6542
7.44635	23.5541
7.45583	23.456
7.46155	23.3597
7.46775	23.2432
7.47732	23.1279
7.48773	23.0172
7.50415	22.92
7.52302	22.8236
7.55645	22.7332
7.57067	22.6303
7.58876	22.5318
7.59291	22.4256
7.61158	22.3097
7.6276	22.1953
7.63115	22.086
7.63715	21.9763
7.63822	21.8661
7.61	21.7584
7.56683	21.6603
7.50906	21.575
7.43976	21.4963
7.37647	21.4336
7.29275	21.3643
7.19877	21.3118
7.11492	21.2723
7.02835	21.2287
6.94293	21.1826
6.85979	21.1299
6.77984	21.088
6.69011	21.0526
6.59651	21.0166
6.50396	20.9885
6.41153	20.9609
6.32281	20.9439
6.22409	20.9135
6.12055	20.8913
6.01963	20.87
5.91899	20.8432
5.82898	20.8304
5.734	20.8108
5.63438	20.7976
5.53122	20.7719
5.43277	20.7352
5.33998	20.6948
5.24433	20.6588
5.14414	20.624
5.05706	20.5868
4.96082	20.5615
4.86783	20.5217
4.77564	20.473
4.68723	20.4254
4.5956	20.3748
4.50456	20.3242
4.41313	20.2736
4.32762	20.2207
4.23435	20.1813
4.14582	20.132
4.06447	20.0708
3.98611	20.0116
3.91772	19.9491
3.84234	19.8751
3.77442	19.7993
3.71393	19.7204
3.66474	19.649
3.59313	19.5811
3.53158	19.5178
3.46647	19.4527
3.39834	19.3832
3.32282	19.3116
3.24833	19.2356
3.17602	19.1584
3.10584	19.0801
3.03369	19.0006
2.97206	18.9196
2.90793	18.8448
2.83732	18.7638
2.76937	18.6843
2.70306	18.6104
2.63696	18.5352
2.57408	18.4604
2.50651	18.3891
2.43569	18.309
2.36721	18.2322
2.31568	18.1517
2.25253	18.095
2.20136	18.0202
2.14971	17.9584
2.09203	17.8866
2.02683	17.8207
1.96919	17.7517
1.90822	17.6816
1.84918	17.5931
1.79365	17.5023
1.73751	17.4135
1.68526	17.3184
1.63833	17.2229
1.58906	17.1315
1.54601	17.0456
1.50566	16.9504
1.46162	16.8597
1.42575	16.7687
1.39269	16.6807
1.36327	16.5899
1.32664	16.4991
1.29527	16.4058
1.27126	16.3142
1.24192	16.2108
1.20975	16.1126
1.19104	16.014
1.18028	15.9061
1.13905	15.8055
1.10878	15.7046
1.0737	15.6042
1.04681	15.5053
1.03068	15.4026
1.00736	15.307
0.976452	15.2025
0.952809	15.1021
0.931218	15.0025
0.916514	14.8989
0.897348	14.8041
0.88434	14.7161
0.869453	14.6229
0.855534	14.5247
0.844935	14.4219
0.850149	14.3183
0.837839	14.2298
0.848587	14.1368
0.859435	14.0416
0.856588	13.9349
0.873047	13.8314
0.886115	13.7417
0.888737	13.6446
0.893575	13.5443
0.903691	13.4471
0.91095	13.3399
0.939047	13.237
0.966386	13.1412
0.991127	13.0592
1.02645	12.9725
1.05927	12.8801
1.0857	12.788
1.11577	12.6933
1.15076	12.6119
1.17733	12.5304
1.21444	12.44
1.24717	12.3355
1.29067	12.2403
1.33785	12.1502
1.37498	12.0559
1.40757	11.9622
1.44911	11.8633
1.48456	11.7666
1.51971	11.6744
1.55645	11.5743
1.58639	11.4757
1.61755	11.3797
1.64249	11.2743
1.66961	11.1862
1.69696	11.0921
1.72692	10.9964
1.75318	10.9008
1.77947	10.8107
1.79532	10.7115
1.82186	10.6125
1.84766	10.5165
1.8569	10.4207
1.88233	10.3244
1.90714	10.2289
1.93209	10.1328
1.95516	10.0361
1.98053	9.93679
2.00205	9.83781
2.01635	9.7405
2.03978	9.65039
2.06032	9.5608
2.07337	9.46774
2.08583	9.3649
2.10645	9.25549
2.11917	9.14714
2.13991	9.03424
2.15383	8.93325
2.16323	8.8248
2.17572	8.72589
2.18655	8.6262
2.19561	8.53238
2.21253	8.42125
2.21941	8.31407
2.22252	8.21018
2.21609	8.10458
2.21906	7.99791
2.21486	7.89381
2.21293	7.7826
2.21242	7.66953
2.21067	7.56069
2.21066	7.45836
2.2105	7.3549
2.21045	7.2522
2.2043	7.15296
2.20204	7.04907
2.19483	6.9557
2.18625	6.86058
2.18059	6.7579
2.16216	6.65052
2.14952	6.54816
2.13779	6.45025
2.12068	6.34411
2.11177	6.24063
2.09381	6.14269
2.08127	6.05057
2.06957	5.94585
2.03036	5.84359
1.9949	5.74513
1.95563	5.6443
1.92025	5.5391
1.88008	5.43826
1.85421	5.34914
1.82692	5.25611
1.80476	5.15946
1.80465	5.05726
1.80862	4.95987
1.81018	4.8619
1.81478	4.75645
1.81257	4.64479
1.81033	4.54068
1.80731	4.43933
1.79888	4.34054
1.79785	4.25485
1.79368	4.15724
1.77704	4.06361
1.76909	3.96848
1.76323	3.87057
1.75269	3.77033
1.73514	3.67525
1.72184	3.57751
1.71123	3.48734
1.68185	3.40062
1.67387	3.31102
1.66317	3.21711
1.64678	3.12026
1.64238	3.027
1.61472	2.91505
1.59314	2.80669
1.56595	2.70404
1.54158	2.59075
1.52511	2.47534
1.49193	2.36946
1.46158	2.2646
1.42512	2.1631
1.39916	2.06138
1.37003	1.96259
1.33661	1.85185
1.3052	1.75099
1.27285	1.65421
1.24083	1.55576
1.19832	1.4615
1.15553	1.36932
1.10649	1.26749
1.06114	1.17709
1.00346	1.09177
0.961864	1.00764
0.911411	0.934709
0.871507	0.85258
0.833801	0.765447
0.787756	0.667251
0.744213	0.579785
0.71749	0.472668
0.691858	0.36421
0.674402	0.259928
0.658642	0.156618
0.647023	0.0523669
0.647985	-0.048766
0.655402	-0.150483
0.677289	-0.262409
0.68914	-0.380224
0.722957	-0.482362
0.763838	-0.580009
0.808516	-0.673402
0.845967	-0.763537
0.891592	-0.85197
0.940026	-0.939531
1.00259	-1.02007
1.05151	-1.10975
1.09619	-1.20477
1.14511	-1.29291
1.18634	-1.37455
1.23332	-1.45961
1.26719	-1.55009
1.32628	-1.64831
1.36698	-1.74879
1.40405	-1.84612
1.4387	-1.94282
1.47481	-2.04153
1.5034	-2.14513
1.52973	-2.2466
1.55765	-2.34731
1.58339	-2.44412
1.59221	-2.5341
1.6051	-2.62894
1.62064	-2.72328
1.61328	-2.82645
1.62327	-2.92862
1.63413	-3.0412
1.63625	-3.16079
1.65695	-3.27658
1.653	-3.38556
1.64925	-3.50053
1.64232	-3.61752
1.64002	-3.72715
1.64188	-3.81603
1.65274	-3.90152
1.64232	-3.99324
1.63637	-4.10002
1.63509	-4.19893
1.63264	-4.29804
1.62954	-4.39557
1.62687	-4.49434
1.62918	-4.59119
1.62438	-4.68975
1.62188	-4.7698
1.62089	-4.8609
1.61759	-4.96103
1.60987	-5.06268
1.6175	-5.16491
1.62523	-5.25888
1.61165	-5.34567
1.62747	-5.45169
1.61829	-5.54425
1.59432	-5.63692
1.59179	-5.73419
1.59343	-5.83691
1.58645	-5.93963
1.56615	-6.04154
1.56072	-6.15262
1.55241	-6.2557
1.51944	-6.36942
1.50777	-6.46853
1.48686	-6.56396
1.47477	-6.67108
1.45654	-6.77199
1.43834	-6.86775
1.43517	-6.96574
1.41093	-7.06722
1.37688	-7.16557
1.35351	-7.26002
1.33731	-7.36465
1.31466	-7.46415
1.30688	-7.58182
1.28454	-7.68948
1.26369	-7.79061
1.24782	-7.88957
1.22109	-7.99066
1.20016	-8.09012
1.18217	-8.18784
1.16843	-8.28577
1.15745	-8.38779
1.13427	-8.49393
1.12657	-8.59797
1.12283	-8.70671
1.11208	-8.81265
1.11901	-8.91894
1.11621	-9.02018
1.11444	-9.11797
1.10668	-9.21074
1.10976	-9.30803
1.11886	-9.40503
1.12082	-9.50255
1.12775	-9.59892
1.13473	-9.70186
1.13997	-9.801
1.14245	-9.90007
1.1552	-9.9967
1.17764	-10.0841
1.18378	-10.1761
1.19964	-10.2731
1.20483	-10.3763
1.22233	-10.4823
1.23323	-10.5862
1.25827	-10.6809
1.27522	-10.7771
1.29902	-10.8759
1.33043	-10.9737
1.3541	-11.0719
1.37474	-11.1613
1.4043	-11.2499
1.44023	-11.3439
1.46453	-11.4428
1.50541	-11.5403
1.53586	-11.6393
1.55311	-11.7432
1.57832	-11.846
1.60792	-11.9447
1.63015	-12.0454
1.66462	-12.1422
1.70493	-12.2346
1.73656	-12.3292
1.76808	-12.4231
1.7936	-12.507
1.81725	-12.6045
1.85513	-12.6967
1.88363	-12.7998
1.90902	-12.9056
1.942	-13.0105
1.96066	-13.1129
1.98778	-13.209
2.0219	-13.2898
2.03486	-13.3762
2.05325	-13.4664
2.07364	-13.5529
2.09314	-13.6483
2.10866	-13.7436
2.12453	-13.84
2.14857	-13.9337
2.1481	-14.0387
2.17462	-14.131
2.18142	-14.2446
2.18875	-14.352
2.19878	-14.4559
2.20265	-14.5563
2.21499	-14.6572
2.2272	-14.7598
2.22798	-14.8675
2.23257	-14.9765
2.24449	-15.0707
2.24855	-15.1694
2.25169	-15.2758
2.26872	-15.3763
2.28843	-15.4839
2.29351	-15.6069
2.2975	-15.7188
2.30361	-15.8324
2.30395	-15.9461
2.3228	-16.0519
2.33432	-16.1525
2.35953	-16.2444
2.37335	-16.3412
2.38987	-16.4414
2.40966	-16.5411
2.44828	-16.6323
2.47282	-16.7397
2.49235	-16.8466
2.51934	-16.948
2.54803	-17.0404
2.57989	-17.1327
2.60788	-17.2293
2.63873	-17.3258
2.66489	-17.432
2.6992	-17.5386
2.74877	-17.6404
2.78846	-17.7382
2.82555	-17.838
2.86702	-17.9306
2.90452	-18.029
2.95766	-18.1058
2.99095	-18.1995
3.02418	-18.2889
3.06354	-18.3685
3.10042	-18.4492
3.13873	-18.5355
3.19349	-18.611
3.23304	-18.7017
3.28488	-18.7854
3.3232	-18.879
3.35756	-18.9625
3.39356	-19.0503
3.41883	-19.1391
3.46176	-19.2297
3.51072	-19.3236
3.55077	-19.4218
3.60912	-19.5179
3.65996	-19.6203
3.70204	-19.7216
3.74696	-19.8172
3.7968	-19.9154
3.84353	-20.0117
3.89343	-20.0989
3.94397	-20.1702
4.00188	-20.2452
4.05418	-20.3306
4.10323	-20.4164
4.16531	-20.5023
4.20411	-20.5832
4.26419	-20.6635
4.30162	-20.7394
4.35531	-20.8186
4.41925	-20.9022
4.48351	-20.978
4.53018	-21.056
4.58407	-21.1301
4.64964	-21.2072
4.71489	-21.2945
4.76508	-21.3951
4.80666	-21.5
4.86096	-21.5845
4.9031	-21.6766
4.94125	-21.774
4.98624	-21.8596
5.02763	-21.9451
5.06025	-22.0363
5.0886	-22.1266
5.11744	-22.2262
5.14795	-22.3232
5.16073	-22.4099
5.18705	-22.5091
5.2124	-22.6072
5.23182	-22.6954
5.24927	-22.7896
5.26227	-22.8967
5.28661	-22.9974
5.3116	-23.0955
5.32639	-23.1934
5.33846	-23.2954
5.34846	-23.3895
5.34692	-23.4728
5.36781	-23.5703
5.37015	-23.6654
5.38164	-23.7646
5.37696	-23.8617
5.38865	-23.9625
5.39156	-24.0629
5.38068	-24.1697
5.38915	-24.2746
5.39909	-24.3732
5.40487	-24.4798
5.42701	-24.5869
5.42816	-24.6959
5.43762	-24.8065
5.44033	-24.9162
5.45872	-25.013
5.46045	-25.1208
5.46355	-25.2274
5.46426	-25.3346
5.44785	-25.4298
5.44547	-25.5282
5.44927	-25.6255
5.44523	-25.7247
5.44063	-25.8169
5.44886	-25.9202
5.43497	-26.0404
5.41067	-26.1511
5.40463	-26.2605
5.40395	-26.3655
5.40315	-26.4682
5.40076	-26.5729
5.39902	-26.6791
5.39442	-26.7864
5.40173	-26.896
5.40475	-27.0095
5.40404	-27.1103
5.39533	-27.213
5.39283	-27.3116
5.38954	-27.4151
5.39342	-27.5185
5.39864	-27.6188
5.409	-27.7117
5.40842	-27.812
5.41169	-27.9173
5.41643	-28.0255
5.42542	-28.1308
5.43101	-28.2462
5.44382	-28.3553
5.44636	-28.4681
5.46317	-28.5723
5.4704	-28.6719
5.47871	-28.7723
5.47535	-28.8866
5.47618	-28.9834
5.48781	-29.0747
5.50605	-29.1705
5.51617	-29.2658
5.52404	-29.3632
5.51377	-29.453
5.51174	-29.5415
5.50361	-29.6326
5.4949	-29.7276
5.48683	-29.8226
5.46292	-29.9351
5.43965	29.9629
5.45611	29.8532
5.4938	29.755
5.53857	29.6679
5.58275	29.5822
5.62548	29.4966
5.67383	29.4232
5.72124	29.3458
5.75871	29.2555
5.7952	29.1628
5.83391	29.0712
5.85722	28.988
5.90036	28.8938
5.93236	28.8022
5.97717	28.7223
6.01516	28.6155
6.05302	28.5187
6.09221	28.4316
6.12336	28.3343
6.1558	28.2367
6.19472	28.1384
6.21935	28.0384
6.25729	27.9431
6.29364	27.8533
6.32875	27.764
6.37041	27.6716
6.40831	27.5776
6.45954	27.4854
6.49748	27.3846
6.52996	27.2859
6.56008	27.1929
6.59325	27.0986
6.61659	27.0078
6.63663	26.9266
6.66456	26.8411
6.69871	26.7589
6.72993	26.6693
6.75832	26.5795
6.78723	26.4837
6.81548	26.3817
6.83792	26.2791
6.87033	26.1771
6.88881	26.0835
6.92281	25.9823
6.94963	25.876
6.97032	25.7747
6.99456	25.6839
7.02461	25.5932
7.05095	25.4989
7.08538	25.3918
7.11985	25.2909
7.15548	25.1802
7.18233	25.075
7.20169	24.9865
7.22457	24.9042
7.24886	24.8005
7.25791	24.7002
7.27625	24.6034
7.29194	24.5056
7.30731	24.4119
7.32953	24.3168
7.35066	24.2214
7.36946	24.1241
7.38956	24.041
7.4019	23.9503
7.42222	23.8611
7.42403	23.775
7.44395	23.6839
7.45632	23.5878
7.4681	23.5087
7.4772	23.4162
7.48001	23.3261
7.49944	23.2265
7.51074	23.1294
7.53395	23.0272
7.54616	22.921
7.55715	22.819
7.56483	22.7245
7.56729	22.627
7.55056	22.5276
7.54298	22.4235
7.53431	22.3179
7.52153	22.2156
7.48522	22.111
7.45977	22.0077
7.42594	21.9119
7.38352	21.8089
7.32996	21.7172
7.27002	21.6327
7.20353	21.5517
7.12366	21.4743
7.04733	21.3984
6.96581	21.3263
6.88555	21.2722
6.80075	21.2229
6.71289	21.1767
6.6234	21.1306
6.53746	21.0838
6.44231	21.0499
6.35066	21.0137
6.25851	20.979
6.15912	20.9526
6.06184	20.9142
5.95739	20.8647
5.8583	20.8207
5.75755	20.7842
5.65906	20.7538
5.5553	20.723
5.45519	20.6918
5.3582	20.657
5.25979	20.6273
5.16889	20.5946
5.07187	20.5622
4.97642	20.5163
4.88435	20.4602
4.79237	20.411
4.69916	20.3638
4.61706	20.3163
4.53773	20.2747
4.45555	20.2334
4.36213	20.181
4.27626	20.1364
4.19457	20.0812
4.09538	20.0278
4.00459	19.9598
3.93652	19.8923
3.86715	19.8279
3.78794	19.7634
3.71025	19.6847
3.62919	19.6067
3.55755	19.5349
3.48965	19.4615
3.4137	19.3886
3.34445	19.3211
3.27527	19.2515
3.21209	19.1827
3.14665	19.1139
3.07863	19.0243
3.0099	18.9476
2.94524	18.8664
2.87821	18.7858
2.80813	18.7139
2.73722	18.6438
2.67417	18.5678
2.61514	18.492
2.53657	18.4311
2.47583	18.3608
2.40664	18.286
2.34246	18.2037
2.27738	18.1264
2.21502	18.0497
2.15429	17.9725
2.09404	17.8888
2.04824	17.7953
1.98889	17.7095
1.91823	17.6254
1.86351	17.5393
1.80701	17.4602
1.75603	17.3848
1.7201	17.302
1.67539	17.2088
1.62805	17.1189
1.60092	17.0386
1.55474	16.9556
1.5145	16.8876
1.47231	16.7989
1.43628	16.7093
1.41115	16.6111
1.37859	16.522
1.34389	16.4331
1.30034	16.3436
1.2683	16.2584
1.24407	16.1661
1.21603	16.0724
1.19679	15.9778
1.16882	15.8834
1.14003	15.7859
1.11478	15.6914
1.07802	15.6021
1.05806	15.508
1.03551	15.413
1.01665	15.3099
0.99813	15.2046
0.971629	15.096
0.959028	14.994
0.947722	14.8931
0.936711	14.7945
0.916614	14.6907
0.906957	14.5861
0.902605	14.4777
0.896943	14.3742
0.882797	14.276
0.87683	14.1734
0.873419	14.0743
0.875394	13.9797
0.87884	13.8883
0.882803	13.7942
0.899497	13.7004
0.908414	13.6091
0.922176	13.5137
0.93938	13.4168
0.952216	13.3175
0.969125	13.2183
0.99237	13.1216
1.02146	13.0399
1.04748	12.9427
1.06843	12.8505
1.08749	12.7638
1.11898	12.6742
1.14148	12.5812
1.17722	12.4896
1.2147	12.4039
1.2524	12.3103
1.28594	12.2171
1.31863	12.1116
1.35811	12.0154
1.38893	11.9172
1.42163	11.824
1.45439	11.7273
1.48524	11.6434
1.52084	11.5551
1.55594	11.445
1.58635	11.3379
1.61963	11.2351
1.65479	11.1451
1.68488	11.0431
1.71006	10.9491
1.73604	10.8551
1.76416	10.7595
1.79128	10.6622
1.81958	10.5657
1.8485	10.4594
1.86545	10.3656
1.87899	10.2785
1.88883	10.1788
1.93826	10.0733
1.96521	9.96686
1.98515	9.86051
2.00312	9.76641
2.01378	9.6779
2.03626	9.59284
2.06196	9.50022
2.07668	9.39723
2.09269	9.3041
2.1031	9.20323
2.12662	9.08294
2.13766	8.97421
2.14876	8.86734
2.1571	8.76412
2.16906	8.65738
2.16638	8.54923
2.1662	8.44789
2.17805	8.341
2.18826	8.23761
2.18666	8.13738
2.18487	8.03684
2.18967	7.93624
2.19661	7.85124
2.18639	7.77287
2.18999	7.68186
2.19338	7.59161
2.19068	7.49463
2.18585	7.40139
2.18672	7.28791
2.18694	7.17674
2.1805	7.06874
2.17568	6.96226
2.18089	6.85791
2.16879	6.75502
2.14437	6.67425
2.14178	6.58296
2.12362	6.47575
2.10334	6.37252
2.0862	6.27241
2.0556	6.16993
2.05026	6.05993
2.0322	5.94929
2.00338	5.84715
1.97412	5.7505
1.94492	5.65007
1.91844	5.55177
1.895	5.45354
1.86331	5.36207
1.85374	5.25725
1.83483	5.16282
1.82145	5.06071
1.81353	4.97532
1.80201	4.88063
1.78636	4.77108
1.78207	4.66591
1.78441	4.56906
1.77948	4.47571
1.77654	4.38492
1.76782	4.29105
1.77356	4.18
1.76418	4.08431
1.75809	3.98196
1.74987	3.88323
1.73302	3.78201
1.71746	3.68763
1.70688	3.58376
1.69374	3.48225
1.67642	3.38211
1.68395	3.29147
1.6596	3.19839
1.64399	3.10281
1.62374	3.0104
1.61786	2.91577
1.59859	2.82222
1.57355	2.72725
1.55466	2.62489
1.52768	2.52616
1.50876	2.43133
1.48181	2.32635
1.44718	2.22443
1.41618	2.12512
1.36369	2.03598
1.34362	1.93657
1.31235	1.83937
1.27516	1.73963
1.23838	1.64304
1.19554	1.55508
1.16355	1.46975
1.1274	1.38701
1.08928	1.31097
1.0409	1.22443
0.999611	1.13089
0.966004	1.03556
0.925141	0.932177
0.886241	0.835438
0.849524	0.73951
0.822075	0.626009
0.794318	0.520998
0.770859	0.41998
0.762891	0.318329
0.750369	0.218562
0.742344	0.119414
0.752339	0.00957302
0.754741	-0.0946255
0.75361	-0.194036
0.758776	-0.294858
0.78322	-0.395479
0.810996	-0.492683
0.838067	-0.592969
0.876451	-0.693436
0.926719	-0.795118
0.967042	-0.893585
1.00713	-0.98892
1.04869	-1.07372
1.08629	-1.17288
1.13866	-1.27949
1.19055	-1.38002
1.23084	-1.47796
1.27846	-1.57481
1.32209	-1.66867
1.35968	-1.76261
1.39054	-1.88207
1.42731	-1.98436
1.45446	-2.08321
1.47845	-2.18774
1.50217	-2.28836
1.5195	-2.37994
1.53421	-2.46325
1.55209	-2.56209
1.55676	-2.66979
1.56199	-2.76291
1.58116	-2.87197
1.59651	-2.98152
1.61427	-3.08652
1.61829	-3.18028
1.618	-3.28137
1.62045	-3.37861
1.6236	-3.47457
1.63308	-3.57787
1.63079	-3.6817
1.62911	-3.78108
1.62891	-3.88093
1.62876	-3.9808
1.62645	-4.08229
1.62565	-4.18309
1.6261	-4.29027
1.62468	-4.39654
1.62417	-4.50196
1.61919	-4.6067
1.61914	-4.70574
1.61368	-4.80509
1.62707	-4.89043
1.62358	-5.00041
1.61621	-5.10553
1.61028	-5.21493
1.60614	-5.30951
1.61663	-5.41504
1.61737	-5.5217
1.60343	-5.63086
1.60465	-5.74455
1.59531	-5.85031
1.58069	-5.93758
1.56901	-6.03108
1.55714	-6.12629
1.54979	-6.22599
1.53372	-6.32464
1.51569	-6.42952
1.49764	-6.53084
1.48266	-6.63985
1.46972	-6.73497
1.44799	-6.8308
1.43243	-6.91791
1.41461	-7.01119
1.40558	-7.10827
1.38735	-7.20921
1.36503	-7.317
1.33827	-7.42192
1.31769	-7.52175
1.29884	-7.6131
1.28606	-7.71156
1.28119	-7.80709
1.26467	-7.90222
1.24017	-7.99974
1.23819	-8.09524
1.22168	-8.18887
1.20558	-8.27829
1.20877	-8.38526
1.19962	-8.48236
1.18458	-8.58296
1.16091	-8.67688
1.15442	-8.76897
1.14903	-8.87012
1.14664	-8.97386
1.14986	-9.06596
1.12917	-9.17075
1.14399	-9.2737
1.14597	-9.37901
1.15194	-9.48075
1.16015	-9.5904
1.15859	-9.68129
1.16627	-9.77411
1.17302	-9.84711
1.17619	-9.93537
1.18553	-10.0287
1.20238	-10.1313
1.21624	-10.2337
1.23491	-10.3307
1.25809	-10.4247
1.27312	-10.5244
1.28846	-10.6223
1.30745	-10.7193
1.32771	-10.8177
1.34822	-10.9166
1.37045	-11.012
1.38971	-11.1089
1.41468	-11.2147
1.45358	-11.3215
1.47936	-11.4227
1.50486	-11.5224
1.54221	-11.6175
1.57795	-11.7161
1.61678	-11.8198
1.63992	-11.9331
1.6626	-12.0366
1.69468	-12.139
1.72843	-12.227
1.75199	-12.3188
1.78589	-12.4193
1.81603	-12.5146
1.85097	-12.6026
1.87181	-12.6909
1.88942	-12.7843
1.91253	-12.878
1.92729	-12.9754
1.94855	-13.0743
1.97409	-13.1702
1.99284	-13.2678
2.01618	-13.3634
2.02755	-13.4464
2.04835	-13.5377
2.07078	-13.6362
2.08478	-13.7363
2.09216	-13.8386
2.10787	-13.9399
2.13948	-14.0362
2.1549	-14.1383
2.1663	-14.2358
2.17934	-14.3307
2.19452	-14.4282
2.20855	-14.5159
2.21959	-14.6118
2.22512	-14.7103
2.23267	-14.8098
2.23839	-14.9096
2.24232	-14.9968
2.25296	-15.089
2.26327	-15.1856
2.2623	-15.279
2.26444	-15.3779
2.26933	-15.4776
2.27883	-15.5772
2.28705	-15.6744
2.29904	-15.7727
2.30524	-15.8791
2.31524	-15.9716
2.33366	-16.0714
2.34765	-16.1749
2.35991	-16.2833
2.38452	-16.3993
2.40976	-16.5061
2.44181	-16.6064
2.46811	-16.707
2.49509	-16.8067
2.52732	-16.8988
2.55191	-16.9899
2.57025	-17.0812
2.59239	-17.1722
2.62842	-17.2513
2.65165	-17.3419
2.68252	-17.4251
2.71392	-17.5079
2.74615	-17.6087
2.78502	-17.7041
2.81837	-17.7961
2.85669	-17.8923
2.89727	-17.987
2.94925	-18.0872
2.99331	-18.1842
3.0152	-18.2782
3.05217	-18.3685
3.09371	-18.4613
3.13342	-18.5497
3.16544	-18.635
3.20719	-18.7247
3.25305	-18.8143
3.29481	-18.9047
3.34055	-18.9926
3.38481	-19.0815
3.44221	-19.1717
3.48298	-19.2681
3.53106	-19.366
3.57818	-19.4586
3.61917	-19.5516
3.66517	-19.642
3.70421	-19.7359
3.74373	-19.8359
3.79676	-19.9242
3.85293	-20.012
3.9104	-20.1045
3.98012	-20.171
4.03397	-20.2617
4.083	-20.3536
4.13417	-20.449
4.17428	-20.5379
4.23099	-20.6288
4.28234	-20.7186
4.34003	-20.8029
4.39513	-20.8838
4.44798	-20.965
4.50132	-21.0519
4.56534	-21.1314
4.61735	-21.2156
4.66649	-21.2901
4.71581	-21.3765
4.76375	-21.4713
4.80647	-21.573
4.86144	-21.6807
4.90158	-21.7748
4.93647	-21.8645
4.97261	-21.9538
5.00619	-22.0477
5.04099	-22.1364
5.06648	-22.2257
5.09667	-22.3178
5.12493	-22.4124
5.15306	-22.5075
5.18137	-22.5987
5.1937	-22.683
5.21583	-22.7659
5.23612	-22.8585
5.24984	-22.9585
5.26337	-23.0548
5.27919	-23.1508
5.29388	-23.2558
5.31358	-23.3455
5.32123	-23.4352
5.33495	-23.5317
5.34749	-23.6302
5.35661	-23.7261
5.37036	-23.8209
5.37611	-23.9217
5.38624	-24.0237
5.38783	-24.1293
5.38876	-24.2297
5.40879	-24.3253
5.41585	-24.4257
5.42328	-24.5266
5.43356	-24.6267
5.4431	-24.7257
5.44506	-24.8201
5.44484	-24.9178
5.44476	-25.0137
5.44359	-25.0986
5.43004	-25.1817
5.41763	-25.2675
5.40872	-25.3589
5.41336	-25.4528
5.41144	-25.5475
5.41503	-25.6441
5.40181	-25.7487
5.40154	-25.8389
5.40444	-25.9294
5.39656	-26.0244
5.3992	-26.1225
5.39675	-26.2227
5.3999	-26.3201
5.39579	-26.4117
5.41472	-26.5141
5.41553	-26.617
5.40239	-26.7141
5.40598	-26.8152
5.40843	-26.9159
5.40786	-27.0138
5.4013	-27.108
5.40754	-27.1993
5.41567	-27.2974
5.4243	-27.3912
5.42395	-27.488
5.43603	-27.5835
5.4357	-27.6937
5.43312	-27.8007
5.42653	-27.9163
5.42958	-28.0281
5.44195	-28.1368
5.44329	-28.2351
5.45728	-28.3348
5.47235	-28.4401
5.47733	-28.5433
5.48456	-28.6428
5.49105	-28.7336
5.49223	-28.8296
5.49647	-28.9278
5.50392	-29.0229
5.51324	-29.1289
5.51586	-29.2301
5.52456	-29.3271
5.53001	-29.4348
5.53863	-29.5315
5.54562	-29.6266
5.55676	-29.7226
5.56416	-29.8191
5.56312	-29.9081
5.55855	29.9964
5.58651	29.8958
5.60091	29.7855
5.63513	29.6837
5.66139	29.582
5.69401	29.4831
5.7308	29.3876
5.76291	29.2989
5.79793	29.2067
5.83217	29.1199
5.866	29.027
5.90307	28.9335
5.94392	28.8317
5.98391	28.7336
6.03499	28.6309
6.07079	28.5301
6.11556	28.4303
6.14989	28.3375
6.179	28.2448
6.20786	28.1502
6.24144	28.0565
6.26771	27.955
6.29733	27.8612
6.32655	27.7612
6.35938	27.6673
6.39342	27.5788
6.4289	27.4879
6.46401	27.3956
6.48857	27.3031
6.52329	27.2111
6.5598	27.1185
6.59309	27.0236
6.62589	26.9366
6.65864	26.8436
6.6909	26.7475
6.72148	26.6565
6.73978	26.5605
6.76527	26.4652
6.80185	26.372
6.83211	26.2792
6.86646	26.1856
6.89352	26.0809
6.92385	25.9834
6.95786	25.8939
6.978	25.7908
7.00127	25.694
7.03165	25.5992
7.06612	25.5
7.08174	25.3938
7.09491	25.3008
7.12145	25.2075
7.14247	25.1103
7.16369	25.0088
7.20171	24.9053
7.22424	24.8099
7.23427	24.7137
7.24867	24.6142
7.27272	24.516
7.29694	24.4184
7.31669	24.328
7.34169	24.2312
7.36857	24.1353
7.38631	24.0375
7.39865	23.9357
7.41849	23.8274
7.42873	23.7175
7.44728	23.6129
7.45855	23.5091
7.47081	23.4071
7.49457	23.3045
7.50171	23.201
7.50441	23.0986
7.51067	22.9992
7.51403	22.9005
7.5174	22.8003
7.52196	22.7085
7.51323	22.6098
7.49925	22.5124
7.48735	22.4094
7.46384	22.3162
7.43754	22.2169
7.41478	22.1271
7.38148	22.0357
7.34287	21.9474
7.2975	21.8605
7.24513	21.7758
7.17868	21.6877
7.1055	21.5972
7.03674	21.5175
6.96172	21.4418
6.8816	21.3835
6.79778	21.3182
6.70736	21.2546
6.60954	21.2005
6.51739	21.1484
6.42657	21.1
6.3496	21.0524
6.25626	21.0095
6.16417	20.9676
6.06988	20.9342
5.97695	20.8801
5.87952	20.8403
5.78709	20.8108
5.69552	20.7829
5.59273	20.7533
5.4999	20.7155
5.40715	20.6783
5.31383	20.6349
5.21545	20.5919
5.11546	20.5457
5.01934	20.5033
4.943	20.4595
4.87115	20.4156
4.78683	20.3846
4.70109	20.3512
4.61906	20.3049
4.53594	20.2682
4.44694	20.2122
4.35812	20.1516
4.27489	20.09
4.18949	20.0335
4.09858	19.9545
4.012	19.8875
3.93225	19.8177
3.84952	19.7568
3.771	19.6923
3.70222	19.6283
3.63369	19.5596
3.56577	19.4963
3.49627	19.4183
3.41725	19.3359
3.34127	19.2579
3.26967	19.1854
3.18468	19.1181
3.11655	19.0336
3.04358	18.9566
2.97412	18.8816
2.8939	18.8155
2.8242	18.7396
2.75441	18.6693
2.6875	18.5921
2.60962	18.5234
2.53613	18.4625
2.46479	18.3741
2.38986	18.28
2.32199	18.191
2.26108	18.1043
2.199	18.0244
2.14306	17.9406
2.07613	17.8577
2.02312	17.7678
1.9666	17.6732
1.9187	17.584
1.87004	17.4882
1.81287	17.405
1.75791	17.3138
1.69183	17.2212
1.65126	17.1395
1.60411	17.0567
1.57205	16.9738
1.53264	16.8869
1.48332	16.8037
1.43994	16.7022
1.39658	16.5979
1.35427	16.4954
1.32229	16.3862
1.29871	16.2886
1.26666	16.1875
1.24077	16.103
1.22521	16.0206
1.213	15.925
1.1841	15.8341
1.15363	15.739
1.13794	15.6357
1.11193	15.5447
1.08743	15.4565
1.06826	15.3708
1.04304	15.2753
1.0275	15.1802
1.00219	15.0898
0.984345	14.9855
0.965892	14.887
0.952046	14.7915
0.93539	14.6949
0.925728	14.599
0.9174	14.5105
0.9092	14.4106
0.903168	14.309
0.907535	14.2043
0.917434	14.1102
0.919687	14.0143
0.921998	13.9133
0.914476	13.8221
0.922485	13.7267
0.935637	13.6314
0.958927	13.5447
0.969726	13.4473
0.988709	13.3491
1.00625	13.2444
1.03033	13.1454
1.05285	13.0469
1.08051	12.9473
1.10443	12.8487
1.12692	12.7475
1.15375	12.6583
1.18474	12.5662
1.21594	12.4733
1.24693	12.3774
1.27555	12.2816
1.32015	12.1891
1.35914	12.0944
1.38096	12.0081
1.40723	11.9088
1.42826	11.8029
1.45645	11.7015
1.49199	11.617
1.52378	11.5266
1.55205	11.4342
1.57281	11.3333
1.60358	11.2375
1.6395	11.144
1.67436	11.053
1.70299	10.958
1.72049	10.8691
1.74396	10.774
1.77399	10.6783
1.79836	10.5952
1.82475	10.5041
1.85278	10.4112
1.87626	10.3146
1.89825	10.2185
1.9201	10.121
1.9468	10.0211
1.97065	9.92288
1.98786	9.8269
2.00109	9.72585
2.01828	9.62762
2.04185	9.53709
2.04879	9.43218
2.05536	9.33644
2.07173	9.23546
2.10093	9.14039
2.1148	9.04195
2.12274	8.93308
2.13259	8.82049
2.14106	8.71417
2.15193	8.60863
2.15361	8.50546
2.15608	8.41429
2.16657	8.32548
2.18372	8.22509
2.19559	8.12394
2.19577	8.02377
2.19702	7.92334
2.18656	7.83923
2.19186	7.72494
2.19195	7.61575
2.19758	7.49189
2.19365	7.38091
2.18584	7.28187
2.17731	7.17963
2.16834	7.074
2.14289	6.96697
2.13625	6.85229
2.12587	6.74193
2.10343	6.64665
2.1066	6.53409
2.09576	6.42644
2.07098	6.31929
2.05817	6.20849
2.03108	6.12046
2.00787	6.02023
1.97551	5.90804
1.95508	5.80825
1.9372	5.71001
1.91719	5.61373
1.90228	5.52693
1.89487	5.44173
1.87537	5.35255
1.85387	5.24639
1.8344	5.15815
1.83202	5.07139
1.823	4.97806
1.81719	4.88208
1.81588	4.79997
1.81436	4.72728
1.80915	4.64131
1.80236	4.54919
1.797	4.4395
1.78769	4.32646
1.77671	4.21997
1.76212	4.11614
1.74556	4.0221
1.73769	3.91663
1.73361	3.81659
1.71739	3.70766
1.70285	3.60494
1.68963	3.49199
1.68395	3.39443
1.67791	3.30528
1.66056	3.21194
1.64024	3.11605
1.62076	3.02156
1.59883	2.92666
1.56952	2.84005
1.54691	2.74539
1.53492	2.65811
1.51443	2.56577
1.48272	2.46679
1.45692	2.36062
1.4259	2.26766
1.37936	2.17259
1.34787	2.07334
1.31949	1.97435
1.28906	1.87721
1.25436	1.78685
1.20282	1.70153
1.17049	1.59433
1.13091	1.49513
1.09267	1.38907
1.05827	1.28162
1.02227	1.17085
0.99009	1.07217
0.954471	0.978701
0.919577	0.880806
0.898506	0.778628
0.87373	0.668208
0.851248	0.564647
0.834226	0.463041
0.821996	0.362155
0.817273	0.260203
0.793057	0.165138
0.784506	0.0647929
0.784055	-0.0372363
0.794562	-0.138029
0.807316	-0.235148
0.822588	-0.341762
0.841159	-0.432499
0.863095	-0.52078
0.887694	-0.61552
0.913488	-0.711996
0.945896	-0.80702
0.98107	-0.894468
1.01541	-0.985771
1.06109	-1.08405
1.10682	-1.18267
1.13943	-1.2775
1.17479	-1.3744
1.226	-1.46708
1.26808	-1.56375
1.29508	-1.64838
1.32067	-1.74216
1.35132	-1.83207
1.39344	-1.9177
1.42405	-2.01926
1.44749	-2.11988
1.47152	-2.21085
1.48668	-2.30411
1.50421	-2.40457
1.51942	-2.5051
1.53482	-2.60732
1.54355	-2.71434
1.55655	-2.8176
1.56291	-2.90731
1.57482	-3.0003
1.5793	-3.09826
1.58586	-3.19612
1.59859	-3.30252
1.59682	-3.39957
1.60163	-3.49815
1.60074	-3.59878
1.60409	-3.69875
1.61118	-3.79631
1.61375	-3.89525
1.61563	-3.99405
1.6151	-4.08364
1.61022	-4.1719
1.62219	-4.27335
1.62396	-4.37615
1.62358	-4.47759
1.60859	-4.58056
1.60575	-4.68315
1.60831	-4.78081
1.59337	-4.88576
1.59255	-4.99119
1.58848	-5.09142
1.5772	-5.19277
1.58514	-5.29261
1.57731	-5.3931
1.57487	-5.49115
1.57236	-5.59062
1.57189	-5.69682
1.568	-5.80206
1.55861	-5.90372
1.54872	-6.00348
1.53955	-6.10536
1.53338	-6.19671
1.5213	-6.29744
1.49558	-6.39621
1.47945	-6.49256
1.46449	-6.58486
1.44212	-6.68516
1.42562	-6.78049
1.41317	-6.88539
1.39518	-6.98472
1.38363	-7.09063
1.37167	-7.1883
1.3562	-7.30717
1.33888	-7.41752
1.32003	-7.52261
1.29886	-7.62743
1.27489	-7.72893
1.25947	-7.83029
1.25979	-7.93481
1.25236	-8.03723
1.24198	-8.14158
1.22682	-8.2427
1.21208	-8.34211
1.20527	-8.44241
1.18559	-8.54407
1.17172	-8.65975
1.16344	-8.76749
1.14938	-8.87749
1.14729	-8.97388
1.1471	-9.07132
1.16362	-9.17398
1.16217	-9.27987
1.16395	-9.3791
1.16205	-9.47758
1.16645	-9.57802
1.17304	-9.67491
1.17538	-9.79134
1.19005	-9.90822
1.20539	-10.0251
1.21598	-10.1358
1.23003	-10.2395
1.24483	-10.3408
1.26309	-10.4385
1.27485	-10.5277
1.29197	-10.6206
1.30996	-10.7124
1.3269	-10.8052
1.34745	-10.9008
1.37018	-10.9969
1.38817	-11.0847
1.40888	-11.1814
1.4286	-11.2799
1.4552	-11.3797
1.48881	-11.4714
1.51183	-11.5722
1.54295	-11.6725
1.57778	-11.7738
1.61883	-11.8692
1.63863	-11.956
1.6624	-12.0509
1.69679	-12.1564
1.71888	-12.2595
1.75596	-12.3493
1.79425	-12.4422
1.82807	-12.5333
1.85047	-12.6296
1.8739	-12.7274
1.88993	-12.8215
1.91837	-12.9208
1.93908	-13.0235
1.96282	-13.1212
1.97254	-13.2194
1.99219	-13.3174
2.01175	-13.43
2.03261	-13.5267
2.05625	-13.6238
2.07705	-13.7266
2.08038	-13.8143
2.10705	-13.9091
2.12098	-14.01
2.1256	-14.1097
2.1349	-14.2028
2.14744	-14.2992
2.16259	-14.4029
2.17565	-14.5045
2.18783	-14.5996
2.18095	-14.6913
2.19898	-14.7904
2.20658	-14.8914
2.21418	-14.9996
2.22285	-15.1107
2.23522	-15.2154
2.24773	-15.3101
2.25502	-15.4182
2.26547	-15.5296
2.28604	-15.6205
2.29337	-15.724
2.30566	-15.8208
2.31196	-15.9202
2.32793	-16.0176
2.34616	-16.1276
2.37252	-16.2379
2.39222	-16.3427
2.4131	-16.4403
2.4456	-16.5367
2.49144	-16.6256
2.51977	-16.7287
2.53339	-16.819
2.54452	-16.9125
2.57822	-17.0104
2.59948	-17.1023
2.63247	-17.1843
2.65985	-17.2743
2.69563	-17.3717
2.74407	-17.4686
2.77459	-17.5633
2.80271	-17.6573
2.83556	-17.753
2.87251	-17.8496
2.90406	-17.9478
2.94487	-18.0582
2.97704	-18.1698
3.01937	-18.2676
3.0422	-18.3527
3.08051	-18.4401
3.12314	-18.5267
3.16717	-18.6144
3.21766	-18.696
3.25983	-18.794
3.29942	-18.8975
3.34608	-18.9859
3.39577	-19.079
3.44323	-19.1708
3.48479	-19.2695
3.5338	-19.368
3.581	-19.469
3.62522	-19.561
3.67744	-19.6533
3.74758	-19.7346
3.80569	-19.8267
3.86002	-19.9096
3.88495	-20.006
3.92715	-20.0962
3.96922	-20.1893
4.02381	-20.2797
4.07562	-20.3688
4.12951	-20.4554
4.18028	-20.544
4.23693	-20.6318
4.29441	-20.7161
4.34811	-20.8019
4.39784	-20.8841
4.44576	-20.9632
4.49391	-21.0462
4.54579	-21.1341
4.59353	-21.2211
4.64343	-21.302
4.68987	-21.3879
4.73544	-21.4774
4.77636	-21.556
4.81857	-21.6392
4.88018	-21.7246
4.91216	-21.8294
4.95708	-21.9156
4.9836	-22.0042
5.01173	-22.0887
5.03729	-22.1821
5.07011	-22.2787
5.08713	-22.3759
5.10512	-22.4645
5.13408	-22.5595
5.16121	-22.6554
5.20308	-22.7393
5.2278	-22.8328
5.24977	-22.9314
5.27979	-23.0409
5.29749	-23.1419
5.29763	-23.2444
5.30809	-23.3469
5.32191	-23.4426
5.33196	-23.5441
5.33997	-23.6319
5.35136	-23.7126
5.35894	-23.8072
5.37495	-23.8972
5.37532	-23.9879
5.37402	-24.083
5.37837	-24.1823
5.3904	-24.2826
5.39942	-24.3845
5.40403	-24.4827
5.40846	-24.5818
5.41881	-24.6869
5.4365	-24.7957
5.43561	-24.8979
5.43747	-24.9963
5.43156	-25.0974
5.4158	-25.1946
5.42499	-25.2931
5.42703	-25.3858
5.4216	-25.4802
5.42444	-25.5751
5.42006	-25.6671
5.42607	-25.7743
5.42127	-25.8867
5.42263	-25.9963
5.41774	-26.1173
5.41347	-26.2303
5.40813	-26.3399
5.39912	-26.4543
5.39428	-26.5616
5.40343	-26.6626
5.40018	-26.7638
5.40624	-26.8637
5.39598	-26.9597
5.39814	-27.0578
5.40101	-27.1571
5.40037	-27.2605
5.40733	-27.3568
5.41359	-27.4548
5.43207	-27.5462
5.43141	-27.64
5.43273	-27.7286
5.43146	-27.8268
5.42387	-27.931
5.42419	-28.0328
5.4312	-28.1296
5.42942	-28.2267
5.43583	-28.3256
5.44514	-28.4289
5.4475	-28.5322
5.456	-28.6351
5.46457	-28.7359
5.47163	-28.8402
5.48705	-28.937
5.49248	-29.0321
5.50036	-29.1307
5.50605	-29.2293
5.51028	-29.3273
5.51653	-29.4249
5.52574	-29.5205
5.52722	-29.6179
5.54393	-29.7159
5.56271	-29.8146
5.58106	-29.9132
5.59754	29.9869
5.62707	29.8809
5.65136	29.7812
5.67402	29.6971
5.70142	29.6064
5.72605	29.5163
5.75567	29.4267
5.79217	29.3411
5.81123	29.2401
5.83986	29.1441
5.87129	29.0501
5.91864	28.962
5.9704	28.8712
6.00525	28.7706
6.03633	28.664
6.06905	28.5591
6.09896	28.4435
6.1317	28.3488
6.16573	28.2388
6.19871	28.142
6.24005	28.0587
6.27485	27.9694
6.31625	27.8667
6.35071	27.7789
6.37863	27.6855
6.41215	27.5899
6.44546	27.4867
6.47835	27.3792
6.51404	27.2796
6.55475	27.1957
6.57909	27.1013
6.60893	27.0081
6.647	26.9231
6.67644	26.8372
6.70216	26.7429
6.72264	26.649
6.75297	26.5543
6.7811	26.4601
6.79095	26.357
6.81407	26.2529
6.84228	26.1536
6.8648	26.0456
6.88079	25.9503
6.92128	25.8632
6.95446	25.7705
6.98245	25.6743
7.01223	25.5791
7.04144	25.4897
7.06831	25.3971
7.09585	25.2975
7.13137	25.1997
7.16176	25.0992
7.18621	25.0023
7.21401	24.915
7.23598	24.8199
7.25421	24.7249
7.27068	24.6291
7.2929	24.5242
7.31242	24.4251
7.32501	24.3256
7.34388	24.226
7.34482	24.1274
7.369	24.0261
7.37171	23.9201
7.39126	23.8342
7.41014	23.7384
7.4213	23.6337
7.42943	23.5411
7.44669	23.4427
7.45863	23.3404
7.46937	23.2459
7.45846	23.1432
7.45636	23.051
7.46256	22.9468
7.45941	22.8437
7.44646	22.7449
7.44731	22.6364
7.43316	22.5274
7.41777	22.4284
7.39548	22.3254
7.34928	22.2363
7.30956	22.1439
7.26605	22.048
7.21852	21.9548
7.18584	21.885
7.14254	21.8102
7.09229	21.7363
7.03408	21.658
6.97924	21.578
6.91457	21.5038
6.84291	21.435
6.76288	21.3781
6.69628	21.3182
6.60127	21.2719
6.52828	21.2147
6.44739	21.1655
6.37115	21.1114
6.28241	21.0587
6.19183	21.0122
6.09964	20.9676
6.01256	20.914
5.92274	20.8634
5.83649	20.8258
5.74856	20.7831
5.65673	20.7471
5.56354	20.7123
5.47223	20.6775
5.38261	20.6461
5.29163	20.6032
5.19341	20.5802
5.0978	20.5415
5.00473	20.4963
4.91575	20.4508
4.83105	20.413
4.7497	20.3649
4.67043	20.3145
4.58746	20.2633
4.50241	20.206
4.41786	20.1484
4.33393	20.0924
4.24636	20.0463
4.16064	20.0067
4.06132	19.9691
3.97281	19.9045
3.89361	19.8373
3.831	19.7744
3.76499	19.7039
3.69485	19.6383
