#1 AntPos X	#2 AntPos Y	#3 Distance form nest	
0	0	0
0	0	0
0	0	0
0	0	0
0	0	0
0	0	0
0	0	0
0	0	0
0	0	0
0	0	0
0	0	0
0	0	0
0	0	0
0	0	0
0	0	0
0	0	0
0	0	0
0	0	0
0	0	0
0	0	0
0	0	0
0	0	0
0	0	0
0	0	0
0	0	0
0	0	0
0	0	0
0	0	0
0	0	0
0	0	0
0	0	0
0	0	0
0	0	0
0	0	0
0	0	0
0	0	0
0	0	0
0	0	0
0	0	0
0	0	0
0	0	0
0	0	0
0	0	0
0	0	0
0	0	0
0	0	0
0	0	0
0	0	0
0	0	0
0.0468544	-0.031351	0.0563757
0.12259	-0.0756662	0.144061
0.201387	-0.125069	0.237063
0.28295	-0.176061	0.333254
0.353079	-0.238281	0.425961
0.425187	-0.302891	0.522041
0.487153	-0.363458	0.607799
0.55746	-0.425872	0.701519
0.625663	-0.49421	0.797307
0.687613	-0.557845	0.885439
0.749498	-0.62551	0.976223
0.813268	-0.696692	1.07088
0.882222	-0.770275	1.17117
0.948203	-0.843426	1.26904
1.01442	-0.917924	1.36807
1.07928	-0.990614	1.46498
1.15592	-1.07483	1.57842
1.23402	-1.16788	1.69904
1.30691	-1.25661	1.81304
1.37198	-1.34249	1.91953
1.43641	-1.43894	2.03318
1.48963	-1.53423	2.13842
1.53458	-1.62733	2.23677
1.57951	-1.71041	2.32816
1.60027	-1.79238	2.40281
1.62416	-1.88281	2.48654
1.64414	-1.97255	2.56791
1.65773	-2.05789	2.64253
1.67332	-2.15593	2.72911
1.68821	-2.25697	2.8185
1.70349	-2.36024	2.91078
1.71771	-2.46087	3.00107
1.74372	-2.56269	3.09966
1.77759	-2.66002	3.1993
1.79793	-2.76224	3.29583
1.8109	-2.87235	3.39555
1.82128	-2.98198	3.49417
1.82323	-3.08957	3.58743
1.81817	-3.19414	3.67536
1.80828	-3.29261	3.75648
1.80187	-3.38581	3.83542
1.79811	-3.48368	3.92036
1.78888	-3.57145	3.99441
1.77635	-3.66511	4.07289
1.7718	-3.76506	4.16113
1.76728	-3.86502	4.2499
1.77334	-3.97186	4.34976
1.77762	-4.07254	4.44359
1.7627	-4.16629	4.52383
1.74855	-4.26131	4.6061
1.73107	-4.35852	4.6897
1.72307	-4.43755	4.76034
1.71281	-4.52603	4.83928
1.70276	-4.62009	4.92388
1.69703	-4.71552	5.01159
1.69117	-4.81098	5.09957
1.68481	-4.9068	5.188
1.68103	-5.01263	5.287
1.68626	-5.11013	5.38117
1.6974	-5.21137	5.48084
1.70745	-5.31202	5.57969
1.71578	-5.40873	5.67435
1.70873	-5.51032	5.76918
1.70126	-5.61156	5.86378
1.69445	-5.71407	5.96001
1.68851	-5.81602	6.05617
1.69366	-5.91423	6.15195
1.69854	-6.014	6.24926
1.71126	-6.12335	6.35797
1.7062	-6.24084	6.46987
1.7008	-6.3524	6.57614
1.68192	-6.47529	6.69016
1.66318	-6.58655	6.79329
1.64254	-6.70058	6.89896
1.61419	-6.80866	6.99739
1.59494	-6.92327	7.10461
1.56752	-7.02548	7.19823
1.54342	-7.13048	7.29561
1.52047	-7.2314	7.38952
1.49633	-7.32307	7.47438
1.4637	-7.4176	7.56063
1.43091	-7.52024	7.65516
1.39976	-7.62196	7.74942
1.37358	-7.71693	7.83822
1.33953	-7.81722	7.93116
1.31038	-7.92274	8.03038
1.27037	-8.01581	8.11585
1.22403	-8.11636	8.20814
1.17988	-8.20986	8.29421
1.14291	-8.303	8.38129
1.10593	-8.40085	8.47333
1.06535	-8.48319	8.54982
1.04247	-8.57801	8.64112
1.02787	-8.66534	8.72609
1.00412	-8.76325	8.82059
0.989117	-8.86275	8.91777
0.980654	-8.96671	9.02018
0.994072	-9.07582	9.13009
1.007	-9.17982	9.23489
1.00896	-9.2798	9.33449
1.01347	-9.37972	9.43431
1.02016	-9.47888	9.53362
1.02418	-9.57752	9.63213
1.02748	-9.67661	9.731
1.03144	-9.7741	9.82838
1.03765	-9.86264	9.91707
1.06231	-9.95554	10.0121
1.0807	-10.0488	10.1068
1.11499	-10.1294	10.1906
1.15016	-10.2165	10.281
1.19921	-10.3197	10.3891
1.25517	-10.413	10.4884
1.30061	-10.508	10.5882
1.34467	-10.5986	10.6836
1.37511	-10.6947	10.7828
1.39562	-10.7957	10.8855
1.41804	-10.8998	10.9917
1.44525	-10.998	11.0926
1.47263	-11.0966	11.1939
1.4979	-11.1951	11.2949
1.52799	-11.2878	11.3907
1.55973	-11.3833	11.4896
1.59263	-11.4619	11.572
1.64484	-11.5559	11.6724
1.67847	-11.6528	11.773
1.71765	-11.7491	11.8739
1.75343	-11.8339	11.9631
1.79052	-11.9241	12.0578
1.83012	-12.0151	12.1536
1.8742	-12.0959	12.2402
1.91583	-12.1816	12.3313
1.94231	-12.2741	12.4268
1.96861	-12.3694	12.525
2.00576	-12.4745	12.6348
2.04444	-12.5824	12.7474
2.08038	-12.683	12.8525
2.11734	-12.7902	12.9643
2.15231	-12.8926	13.0711
2.17717	-12.9914	13.1726
2.19974	-13.0861	13.2697
2.22284	-13.1821	13.3682
2.25153	-13.2757	13.4653
2.27762	-13.364	13.5567
2.30573	-13.461	13.657
2.32347	-13.5605	13.7581
2.34281	-13.6648	13.8641
2.37014	-13.7582	13.9609
2.37739	-13.8523	14.0549
2.38224	-13.9478	14.1498
2.37283	-14.0374	14.2365
2.36127	-14.1368	14.3327
2.35745	-14.2481	14.4419
2.35486	-14.3531	14.545
2.35591	-14.4507	14.6415
2.35779	-14.5463	14.7362
2.36898	-14.6445	14.8349
2.36695	-14.7438	14.9326
2.3514	-14.8397	15.0249
2.34235	-14.9409	15.1233
2.33348	-15.0425	15.2224
2.32469	-15.143	15.3204
2.32442	-15.2385	15.4148
2.33283	-15.3404	15.5167
2.3487	-15.4538	15.6312
2.35913	-15.5592	15.737
2.36787	-15.6674	15.8453
2.37219	-15.765	15.9425
2.37359	-15.8629	16.0395
2.37526	-15.951	16.1269
2.37964	-16.0447	16.2202
2.38312	-16.1427	16.3176
2.38447	-16.2458	16.4198
2.3775	-16.3388	16.5108
2.38268	-16.45	16.6216
2.39182	-16.5583	16.7302
2.403	-16.6625	16.8349
2.4177	-16.7645	16.938
2.45427	-16.8657	17.0433
2.48886	-16.9678	17.1494
2.52146	-17.0758	17.2609
2.55191	-17.1774	17.366
2.58647	-17.2782	17.4707
2.62338	-17.3593	17.5564
2.67647	-17.4364	17.6406
2.73248	-17.5032	17.7153
2.77323	-17.5723	17.7898
2.81618	-17.6541	17.8773
2.86542	-17.7402	17.9702
2.91736	-17.8275	18.0646
2.96872	-17.9151	18.1594
3.01971	-17.9971	18.2486
3.06991	-18.0807	18.3394
3.11529	-18.1665	18.4317
3.15668	-18.2576	18.5284
3.20041	-18.3469	18.624
3.2436	-18.4331	18.7163
3.27364	-18.5163	18.8034
3.30296	-18.6043	18.8952
3.33303	-18.696	18.9907
3.36754	-18.793	19.0924
3.40243	-18.8899	19.1938
3.43485	-18.9918	19.2999
3.44839	-19.1215	19.43
3.4558	-19.237	19.545
3.46038	-19.3459	19.6529
3.47134	-19.4518	19.7591
3.49968	-19.5574	19.868
3.53205	-19.6634	19.9781
3.56063	-19.7643	20.0825
3.57775	-19.8542	20.174
3.61194	-19.9294	20.2541
3.65312	-20.0068	20.3375
3.70664	-20.0998	20.4387
3.75875	-20.1909	20.5377
3.80711	-20.2851	20.6393
3.85625	-20.3758	20.7375
3.90512	-20.4625	20.8318
3.95329	-20.5457	20.9226
4.00751	-20.6304	21.016
4.06029	-20.7228	21.1168
4.11949	-20.8102	21.214
4.17731	-20.8952	21.3087
4.23585	-20.9825	21.4058
4.2848	-21.0658	21.4971
4.3349	-21.1506	21.5902
4.4009	-21.2343	21.6856
4.4564	-21.315	21.7758
4.53189	-21.3769	21.852
4.60575	-21.4445	21.9335
4.69016	-21.5182	22.0234
4.76406	-21.5886	22.108
4.83704	-21.6584	22.1919
4.89904	-21.728	22.2734
4.96796	-21.8101	22.3687
5.03804	-21.8881	22.4604
5.09949	-21.971	22.555
5.15189	-22.0549	22.6486
5.19987	-22.1447	22.747
5.24502	-22.2168	22.8275
5.28989	-22.3008	22.9196
5.31875	-22.3959	23.0188
5.33802	-22.4901	23.1149
5.36617	-22.599	23.2274
5.38876	-22.7095	23.3401
5.41295	-22.8128	23.4462
5.4237	-22.9109	23.5441
5.43515	-22.999	23.6325
5.4309	-23.0914	23.7214
5.42571	-23.1837	23.8102
5.42851	-23.2791	23.9037
5.4351	-23.3756	23.9991
5.44487	-23.4676	24.091
5.47868	-23.5744	24.2027
5.4892	-23.6819	24.3097
5.50381	-23.7848	24.4132
5.50971	-23.888	24.5152
5.52194	-23.9959	24.623
5.54627	-24.1024	24.7323
5.55975	-24.2077	24.8379
5.57821	-24.3187	24.9503
5.59729	-24.4238	25.0569
5.60714	-24.5242	25.157
5.61231	-24.6306	25.2619
5.61694	-24.7331	25.3629
5.62152	-24.8344	25.4627
5.62513	-24.9371	25.5637
5.62988	-25.0406	25.6657
5.63964	-25.141	25.7657
5.6631	-25.2428	25.8703
5.65452	-25.3277	25.9513
5.64113	-25.4123	26.0309
5.62673	-25.5023	26.1156
5.61165	-25.5842	26.1924
5.59482	-25.6742	26.2767
5.58685	-25.7608	26.3597
5.58145	-25.8458	26.4416
5.57623	-25.9352	26.5279
5.56716	-26.0255	26.6143
5.55437	-26.1178	26.7019
5.52859	-26.2159	26.7925
5.50256	-26.3117	26.881
5.48055	-26.4162	26.9787
5.4617	-26.5192	27.0758
5.44076	-26.6185	27.1689
5.40985	-26.7123	27.2546
5.38663	-26.8163	27.352
5.36783	-26.9173	27.4473
5.34625	-27.0081	27.5321
5.33212	-27.1014	27.621
5.33063	-27.2098	27.727
5.32664	-27.3123	27.8269
5.32368	-27.4127	27.9248
5.31176	-27.4946	28.003
5.30236	-27.5869	28.0918
5.31055	-27.693	28.1976
5.3186	-27.7961	28.3004
5.32667	-27.8973	28.4012
5.33353	-27.9978	28.5012
5.33929	-28.0981	28.6009
5.3487	-28.1954	28.6983
5.35595	-28.2922	28.7947
5.36432	-28.3872	28.8896
5.36898	-28.4748	28.9766
5.37444	-28.5693	29.0704
5.39991	-28.6737	29.1777
5.42544	-28.7711	29.2782
5.45539	-28.8674	29.3784
5.4853	-28.9618	29.4767
5.52509	-29.0539	29.5746
5.55854	-29.1477	29.673
5.58267	-29.2471	29.7752
5.60442	-29.3445	29.8749
5.63022	-29.4393	29.9729
5.65566	-29.5347	30.0713
5.68149	-29.6288	30.1686
5.70508	-29.726	30.2685
5.73037	-29.8253	30.3708
5.7491	-29.9198	30.4672
5.77427	29.9882	30.5391
5.80589	29.8836	30.4424
5.83647	29.7835	30.35
5.86556	29.6864	30.2603
5.89398	29.5905	30.1718
5.92223	29.4999	30.0885
5.94734	29.4049	30.0003
5.97388	29.3119	29.9145
6.00091	29.2326	29.8422
6.03822	29.1508	29.7696
6.06596	29.0545	29.681
6.09706	28.97	29.6047
6.11829	28.8863	29.5271
6.13984	28.7941	29.4414
6.16483	28.7002	29.3548
6.19323	28.5971	29.2601
6.2218	28.4948	29.1662
6.25519	28.4009	29.0816
6.27197	28.3025	28.9891
6.29498	28.2062	28.9001
6.3183	28.1085	28.8099
6.34088	28.0109	28.7196
6.37058	27.9129	28.6306
6.38805	27.8117	28.5359
6.39733	27.7135	28.4423
6.40865	27.6139	28.3478
6.41697	27.5002	28.239
6.42568	27.3918	28.1354
6.44256	27.2836	28.0339
6.45528	27.1647	27.9211
6.464	27.0583	27.8197
6.47906	26.9653	27.7327
6.49356	26.8702	27.6437
6.50815	26.7753	27.5549
6.52059	26.6809	27.4661
6.53944	26.5778	27.3705
6.55911	26.4779	27.2782
6.56806	26.3724	27.178
6.58302	26.2666	27.0789
6.60079	26.1639	26.9837
6.62209	26.0654	26.8935
6.65083	25.9696	26.8077
6.68578	25.8831	26.7326
6.72247	25.7931	26.6547
6.76103	25.7139	26.5879
6.80162	25.6296	26.5168
6.84369	25.543	26.4439
6.88358	25.4552	26.3695
6.91825	25.368	26.2944
6.9587	25.2774	26.2177
7.00175	25.1857	26.1409
7.04642	25.0939	26.0644
7.08229	25.0005	25.9843
7.11495	24.9057	25.9021
7.15142	24.811	25.8211
7.17857	24.7008	25.7227
7.20504	24.5931	25.6268
7.2302	24.4908	25.5358
7.26508	24.39	25.449
7.2908	24.2944	25.3648
7.29126	24.2211	25.2947
7.29093	24.1326	25.2099
7.27595	24.0361	25.1132
7.25972	23.9348	25.0115
7.24371	23.8347	24.9111
7.23914	23.7412	24.8203
7.2333	23.6429	24.7246
7.2264	23.5433	24.6274
7.22172	23.4501	24.5369
7.21601	23.3534	24.4429
7.21397	23.2622	24.3551
7.2035	23.1682	24.2623
7.20814	23.0731	24.1728
7.22659	22.9784	24.088
7.2411	22.8864	24.0046
7.2624	22.7877	23.917
7.28161	22.7036	23.8427
7.30069	22.6221	23.771
7.32037	22.5335	23.6928
7.34288	22.4526	23.6228
7.38099	22.3644	23.551
7.42209	22.2758	23.4797
7.4529	22.1812	23.3998
7.47296	22.0814	23.3116
7.51156	21.9841	23.2319
7.53818	21.8793	23.1415
7.55575	21.7752	23.0488
7.55112	21.6692	22.9472
7.50851	21.5677	22.8374
7.44039	21.4792	22.7314
7.36613	21.399	22.6314
7.28332	21.3381	22.5469
7.20836	21.2747	22.4627
7.11943	21.2234	22.3857
7.03079	21.175	22.3117
6.94171	21.1266	22.2378
6.85354	21.086	22.1718
6.76126	21.0437	22.1032
6.67432	21.0067	22.0415
6.58277	20.973	21.9818
6.48467	20.9415	21.9225
6.3752	20.9266	21.8761
6.27397	20.914	21.8348
6.17285	20.8942	21.787
6.0729	20.8749	21.7403
5.9778	20.8584	21.6981
5.88453	20.8435	21.6582
5.78708	20.8256	21.6147
5.67732	20.8102	21.5707
5.5595	20.7931	21.5235
5.45943	20.7699	21.4754
5.36337	20.7404	21.4227
5.27207	20.7091	21.3696
5.18043	20.6802	21.3192
5.08593	20.6488	21.2659
4.98598	20.6075	21.2021
4.89335	20.5707	21.1447
4.80252	20.5248	21.0792
4.71413	20.4801	21.0156
4.60755	20.4412	20.954
4.50808	20.3897	20.8821
4.41139	20.3302	20.8033
4.31311	20.2721	20.7259
4.20924	20.2275	20.6609
4.11285	20.178	20.5929
4.0279	20.1185	20.5177
3.93917	20.0566	20.4398
3.85745	19.9927	20.3615
3.78736	19.9241	20.2809
3.72075	19.852	20.1976
3.66226	19.7814	20.1176
3.59961	19.6955	20.0217
3.52176	19.6209	19.9345
3.44292	19.5383	19.8393
3.37004	19.4564	19.7461
3.3032	19.3764	19.6559
3.24123	19.2964	19.5667
3.18088	19.2159	19.4774
3.12214	19.1361	19.3891
3.05029	19.0535	19.2961
2.98256	18.9737	19.2067
2.91858	18.8959	19.1199
2.85929	18.8224	19.0383
2.80665	18.7466	18.9555
2.74875	18.6685	18.8698
2.68679	18.5905	18.7836
2.62578	18.5154	18.7006
2.56023	18.4415	18.6183
2.4899	18.3663	18.5343
2.42165	18.2786	18.4383
2.3548	18.1992	18.3509
2.27841	18.1207	18.2634
2.21278	18.0415	18.1767
2.14748	17.966	18.0939
2.08128	17.892	18.0127
2.02143	17.8204	17.9347
1.97504	17.7477	17.8573
1.92136	17.6677	17.7719
1.86546	17.5872	17.6859
1.80274	17.5103	17.6028
1.74557	17.4167	17.5039
1.68506	17.338	17.4197
1.64291	17.2356	17.3137
1.60153	17.1448	17.2195
1.55519	17.0516	17.1224
1.5053	16.9687	17.0353
1.46011	16.8829	16.946
1.41014	16.787	16.8462
1.37437	16.6999	16.7563
1.34968	16.6145	16.6693
1.32635	16.5081	16.5613
1.29796	16.4009	16.4522
1.26762	16.301	16.3502
1.23654	16.2031	16.2503
1.20538	16.1068	16.1518
1.17508	16.0102	16.0533
1.13844	15.9084	15.949
1.11139	15.8151	15.8541
1.08631	15.7259	15.7634
1.06738	15.6524	15.6887
1.0586	15.5765	15.6124
1.0483	15.4915	15.5269
1.02558	15.403	15.4371
1.00415	15.3079	15.3408
0.981585	15.2029	15.2346
0.950735	15.1135	15.1434
0.927161	15.0051	15.0337
0.906036	14.9031	14.9306
0.881139	14.7992	14.8254
0.858785	14.7016	14.7266
0.839219	14.6028	14.6269
0.824449	14.5062	14.5296
0.812615	14.4074	14.4303
0.813991	14.3031	14.3263
0.800657	14.1965	14.219
0.788014	14.0915	14.1135
0.787566	13.9723	13.9945
0.791238	13.8558	13.8784
0.794377	13.7416	13.7646
0.803718	13.6351	13.6588
0.817394	13.5273	13.552
0.833069	13.435	13.4608
0.854531	13.3499	13.3772
0.879041	13.2599	13.289
0.907274	13.171	13.2023
0.931332	13.0802	13.1133
0.956316	12.9902	13.0254
0.988429	12.9052	12.943
1.02214	12.8169	12.8576
1.07014	12.724	12.7689
1.11729	12.643	12.6923
1.16662	12.5578	12.6119
1.21137	12.4592	12.5179
1.24767	12.3539	12.4168
1.2825	12.2542	12.3211
1.31843	12.157	12.2283
1.35642	12.0648	12.1408
1.39447	11.9718	12.0528
1.43042	11.8782	11.964
1.47157	11.7852	11.8767
1.50763	11.6894	11.7862
1.54874	11.5942	11.6972
1.58489	11.4994	11.6081
1.61337	11.3883	11.502
1.64099	11.2813	11.4
1.67119	11.1808	11.305
1.70003	11.0822	11.2118
1.71783	10.9858	11.1193
1.72403	10.8946	11.0302
1.73717	10.8037	10.9425
1.75541	10.7032	10.8462
1.77521	10.6094	10.7569
1.8117	10.5241	10.6789
1.84103	10.4304	10.5917
1.86758	10.3347	10.5021
1.90049	10.2377	10.4126
1.92872	10.1466	10.3282
1.96313	10.0543	10.2442
1.99784	9.95257	10.1511
2.00434	9.84723	10.0491
2.01394	9.73634	9.94245
2.02298	9.61926	9.82968
2.04216	9.51313	9.72986
2.06001	9.41933	9.64196
2.08647	9.3286	9.55909
2.11083	9.23578	9.47393
2.12968	9.14305	9.38781
2.14915	9.05637	9.30789
2.14989	8.96227	9.21652
2.15575	8.86125	9.1197
2.1687	8.75722	9.02176
2.18615	8.64815	8.92018
2.1988	8.53314	8.81188
2.20848	8.42682	8.71141
2.21021	8.31648	8.60516
2.21269	8.21099	8.5039
2.20581	8.10776	8.40247
2.19664	8.0222	8.3175
2.19115	7.93761	8.23449
2.19536	7.8409	8.14244
2.21248	7.74611	8.05588
2.22103	7.64988	7.96578
2.22342	7.55025	7.87082
2.22878	7.44935	7.77562
2.22654	7.32354	7.65453
2.22814	7.21254	7.54886
2.21648	7.10674	7.44436
2.19798	7.008	7.3446
2.17715	6.91531	7.24993
2.161	6.81797	7.15225
2.14801	6.71982	7.05478
2.14302	6.62192	6.96005
2.13264	6.53166	6.871
2.12676	6.44353	6.78544
2.12707	6.36162	6.7078
2.12468	6.27478	6.62473
2.11806	6.18571	6.53829
2.10473	6.09175	6.4451
2.09548	5.9987	6.35417
2.09576	5.90478	6.26567
2.08673	5.80752	6.17104
2.07498	5.70686	6.07238
2.06414	5.60988	5.97758
2.04062	5.51969	5.88482
2.00761	5.4252	5.78475
1.98226	5.34489	5.70063
1.95951	5.25544	5.60886
1.9386	5.16827	5.51989
1.90996	5.07602	5.42346
1.89173	4.96694	5.31499
1.86862	4.87203	5.21809
1.84872	4.76894	5.11474
1.8446	4.67485	5.02561
1.83192	4.57871	4.93159
1.82515	4.47488	4.83277
1.8188	4.37275	4.73592
1.81359	4.2703	4.63946
1.80781	4.16997	4.54498
1.81069	4.07018	4.45477
1.81196	3.96895	4.363
1.80115	3.86092	4.26038
1.78411	3.75936	4.16123
1.77256	3.67054	4.07613
1.76611	3.58071	3.99257
1.77683	3.49834	3.92371
1.77658	3.40317	3.83899
1.75427	3.29687	3.73454
1.73349	3.19352	3.63367
1.70549	3.10361	3.54134
1.67869	3.0208	3.4559
1.65931	2.93661	3.37298
1.6319	2.83731	3.27314
1.60803	2.73344	3.17135
1.58276	2.63419	3.07313
1.55939	2.53911	2.97973
1.53547	2.44363	2.886
1.52072	2.35939	2.80701
1.49944	2.26952	2.72012
1.46581	2.18396	2.63027
1.43522	2.09321	2.53799
1.40539	1.99878	2.4434
1.3763	1.90075	2.34671
1.34645	1.80418	2.25122
1.31625	1.71611	2.16276
1.28709	1.61891	2.0682
1.25405	1.5232	1.97301
1.22489	1.41689	1.87295
1.19492	1.30956	1.77279
1.15496	1.22282	1.68203
1.10898	1.13583	1.58743
1.06805	1.05806	1.50341
1.02064	0.982452	1.41666
0.974492	0.902059	1.32791
0.920077	0.821857	1.23369
0.857234	0.740534	1.1328
0.791993	0.661492	1.0319
0.738391	0.577171	0.937202
0.680695	0.492599	0.840237
0.626924	0.406145	0.746985
0.58036	0.313454	0.659599
0.54477	0.215663	0.585905
0.512745	0.11821	0.526195
0.479236	0.0222934	0.479754
0.46305	-0.0775607	0.469501
0.460595	-0.166084	0.489624
0.466759	-0.26455	0.536517
0.496505	-0.361075	0.613915
0.538409	-0.454831	0.704809
0.586181	-0.550311	0.804022
0.651179	-0.627096	0.904037
0.718977	-0.704675	1.00672
0.786697	-0.786781	1.11262
0.851895	-0.868493	1.21655
0.913446	-0.956075	1.3223
0.976022	-1.04502	1.42992
1.03129	-1.13655	1.5347
1.07913	-1.21392	1.62423
1.13385	-1.28955	1.71714
1.18508	-1.36013	1.80399
1.25993	-1.4445	1.91677
1.32241	-1.52935	2.0218
1.36949	-1.61894	2.12049
1.39858	-1.71349	2.21181
1.42997	-1.79646	2.2961
1.46295	-1.88358	2.38497
1.49615	-1.9757	2.47827
1.52645	-2.08117	2.58095
1.55445	-2.17798	2.6758
1.57647	-2.26935	2.76319
1.59424	-2.36621	2.85317
1.61054	-2.46698	2.94616
1.60763	-2.57121	3.03242
1.61388	-2.67358	3.12293
1.62585	-2.77569	3.21681
1.64682	-2.86732	3.30659
1.65963	-2.96119	3.39456
1.67025	-3.07506	3.49939
1.69041	-3.1704	3.5929
1.69875	-3.26948	3.68446
1.69981	-3.36359	3.7687
1.69496	-3.46132	3.85404
1.69165	-3.55868	3.94029
1.68401	-3.6572	4.02629
1.66581	-3.74943	4.10282
1.65786	-3.84531	4.18747
1.64963	-3.94382	4.27492
1.64406	-4.0463	4.36755
1.62213	-4.14537	4.45145
1.60453	-4.26123	4.55331
1.59464	-4.36671	4.64877
1.5996	-4.46845	4.74613
1.60915	-4.57222	4.84712
1.61454	-4.67434	4.94532
1.6164	-4.78053	5.0464
1.61359	-4.89473	5.15384
1.61452	-5.00722	5.26107
1.61708	-5.11372	5.36331
1.62053	-5.21154	5.45768
1.62246	-5.31708	5.55911
1.62066	-5.42292	5.65992
1.62113	-5.52807	5.76087
1.61968	-5.63089	5.8592
1.62016	-5.73155	5.95614
1.62999	-5.82558	6.04932
1.63336	-5.9279	6.14881
1.63271	-6.02663	6.24387
1.62888	-6.13636	6.34887
1.61626	-6.24087	6.44676
1.61184	-6.34681	6.54829
1.59423	-6.45617	6.65009
1.57387	-6.54746	6.73397
1.54957	-6.64041	6.81881
1.52181	-6.73075	6.90065
1.49531	-6.8241	6.98601
1.46893	-6.919	7.07321
1.44393	-6.99761	7.14503
1.41827	-7.08535	7.2259
1.39334	-7.1742	7.30825
1.37563	-7.2689	7.39793
1.35067	-7.36571	7.48852
1.32672	-7.4631	7.58011
1.30209	-7.5623	7.67358
1.27741	-7.66485	7.77057
1.25263	-7.76874	7.86908
1.2287	-7.87005	7.96539
1.20818	-7.95255	8.04381
1.18588	-8.03788	8.12489
1.16204	-8.1278	8.21045
1.14455	-8.23276	8.31194
1.13245	-8.34094	8.41747
1.12181	-8.44583	8.52
1.09673	-8.55001	8.62006
1.07822	-8.65285	8.71977
1.07199	-8.75026	8.81568
1.07257	-8.85014	8.9149
1.07271	-8.94747	9.01155
1.06802	-9.05383	9.1166
1.06401	-9.16231	9.22388
1.06356	-9.24963	9.31058
1.07241	-9.3608	9.42203
1.08078	-9.4666	9.5281
1.09042	-9.56723	9.62917
1.10011	-9.66695	9.72935
1.12001	-9.76659	9.8306
1.13882	-9.86472	9.93024
1.15149	-9.96238	10.0287
1.16213	-10.0604	10.1273
1.17029	-10.1556	10.2228
1.1709	-10.2597	10.3263
1.17733	-10.3565	10.4232
1.18894	-10.4549	10.5222
1.19699	-10.5538	10.6215
1.21181	-10.6518	10.7205
1.24807	-10.7523	10.8245
1.27858	-10.8521	10.9272
1.29566	-10.9359	11.0124
1.31602	-11.0107	11.0891
1.34603	-11.1113	11.1926
1.37264	-11.2029	11.2867
1.39858	-11.2962	11.3825
1.44363	-11.3857	11.4769
1.48704	-11.4827	11.5786
1.52817	-11.5769	11.6773
1.56523	-11.6777	11.7822
1.59187	-11.7721	11.8792
1.62109	-11.8664	11.9766
1.64891	-11.9623	12.0754
1.67258	-12.0518	12.1673
1.68568	-12.1224	12.2391
1.71321	-12.2055	12.3251
1.74828	-12.2864	12.4102
1.7794	-12.3819	12.5091
1.81043	-12.4763	12.607
1.84451	-12.5675	12.7021
1.86754	-12.6612	12.7982
1.89722	-12.76	12.9003
1.92524	-12.8724	13.0156
1.95272	-12.9821	13.1282
1.98889	-13.0867	13.237
2.02436	-13.1908	13.3452
2.05776	-13.2903	13.4486
2.08389	-13.3893	13.5505
2.10508	-13.4877	13.651
2.13758	-13.5842	13.7514
2.15527	-13.6847	13.8534
2.16717	-13.791	13.9603
2.17549	-13.8936	14.0629
2.17917	-13.9905	14.1592
2.18105	-14.0864	14.2542
2.18699	-14.1829	14.3505
2.20976	-14.283	14.4529
2.22128	-14.3874	14.5579
2.2361	-14.5017	14.6731
2.24697	-14.6057	14.7775
2.2566	-14.7011	14.8733
2.2641	-14.804	14.9761
2.27089	-14.912	15.084
2.2741	-15.0162	15.1874
2.28799	-15.1059	15.2782
2.28578	-15.2078	15.3787
2.28769	-15.3113	15.4813
2.28108	-15.4174	15.5852
2.27163	-15.5165	15.6819
2.27044	-15.611	15.7752
2.27797	-15.7039	15.8683
2.28299	-15.8005	15.9646
2.28093	-15.8912	16.0541
2.28476	-15.9799	16.1424
2.27757	-16.0718	16.2324
2.28416	-16.1736	16.3341
2.29667	-16.2737	16.435
2.31428	-16.3675	16.5303
2.34325	-16.4478	16.6139
2.37179	-16.5207	16.6901
2.38791	-16.6017	16.7726
2.40855	-16.6918	16.8647
2.43197	-16.7854	16.9607
2.46335	-16.8835	17.0622
2.49539	-16.9604	17.143
2.53993	-17.0428	17.231
2.57845	-17.1287	17.3216
2.61166	-17.2207	17.4176
2.64438	-17.3199	17.5206
2.67627	-17.4173	17.6217
2.70654	-17.5092	17.7172
2.72867	-17.6113	17.8214
2.75944	-17.7098	17.9235
2.80132	-17.8075	18.0265
2.84233	-17.9021	18.1263
2.86791	-17.9862	18.2135
2.90483	-18.0762	18.3081
2.92585	-18.1665	18.4006
2.96272	-18.252	18.4909
3.00617	-18.3378	18.5826
3.05177	-18.4227	18.6737
3.09679	-18.5072	18.7645
3.14268	-18.5938	18.8575
3.18876	-18.6814	18.9516
3.24086	-18.7636	19.0415
3.29309	-18.8527	19.1381
3.33946	-18.9323	19.2246
3.38229	-19.0178	19.3162
3.42396	-19.0974	19.4019
3.45892	-19.1803	19.4897
3.49124	-19.2599	19.5738
3.53194	-19.3464	19.6661
3.56768	-19.4345	19.7592
3.60385	-19.5186	19.8485
3.64054	-19.6101	19.9452
3.68665	-19.7109	20.0527
3.72639	-19.8008	20.1484
3.75906	-19.904	20.2559
3.80515	-19.9916	20.3505
3.84408	-20.0807	20.4454
3.88313	-20.1734	20.5437
3.93491	-20.2647	20.6432
3.98651	-20.3542	20.7409
4.03386	-20.4529	20.8469
4.10265	-20.5383	20.944
4.17113	-20.6233	21.0409
4.2319	-20.7026	21.1307
4.29745	-20.7721	21.2119
4.3713	-20.8426	21.296
4.444	-20.9098	21.3769
4.52209	-20.9751	21.457
4.60892	-21.0376	21.5365
4.68573	-21.1106	21.6243
4.74908	-21.1918	21.7174
4.79897	-21.2819	21.8162
4.84068	-21.3724	21.9137
4.88376	-21.4686	22.0171
4.9257	-21.5581	22.1137
4.97384	-21.6449	22.209
5.01447	-21.7338	22.3048
5.0541	-21.8329	22.4102
5.08654	-21.9302	22.5124
5.10601	-22.0279	22.6119
5.13092	-22.1215	22.7088
5.15963	-22.2153	22.8066
5.18095	-22.3136	22.9072
5.20424	-22.415	23.0113
5.23077	-22.5065	23.1064
5.26116	-22.5908	23.1953
5.29244	-22.6793	23.2887
5.31598	-22.7749	23.3871
5.33913	-22.8741	23.489
5.36153	-22.9702	23.5876
5.3793	-23.0685	23.6874
5.39666	-23.1686	23.7889
5.41884	-23.2668	23.8895
5.42065	-23.3743	23.9946
5.42047	-23.4982	24.1153
5.41966	-23.6112	24.2252
5.41812	-23.7062	24.3175
5.41268	-23.8085	24.416
5.41591	-23.911	24.5167
5.42845	-24.0271	24.6327
5.43653	-24.1201	24.7252
5.43915	-24.2138	24.8171
5.4444	-24.3112	24.9134
5.44484	-24.4162	25.0159
5.44631	-24.5191	25.1167
5.44819	-24.6205	25.2161
5.44325	-24.7052	25.2978
5.44715	-24.7959	25.3872
5.4439	-24.8925	25.4809
5.44289	-24.9966	25.5823
5.44272	-25.1016	25.6849
5.44357	-25.2039	25.7851
5.43781	-25.3026	25.8804
5.43587	-25.3989	25.9741
5.44121	-25.5094	26.0833
5.45037	-25.6243	26.1976
5.45627	-25.7356	26.3077
5.45672	-25.8415	26.4114
5.45531	-25.9563	26.5234
5.44888	-26.0631	26.6266
5.43966	-26.1689	26.7283
5.43977	-26.2706	26.8279
5.44197	-26.3793	26.9348
5.43039	-26.4934	27.0442
5.41942	-26.5999	27.1464
5.40621	-26.7019	27.2437
5.39668	-26.8037	27.3416
5.3868	-26.9075	27.4414
5.3838	-27.0099	27.5412
5.38205	-27.1027	27.6319
5.38354	-27.2021	27.7297
5.39236	-27.311	27.8382
5.40206	-27.4105	27.9378
5.4094	-27.5134	28.0401
5.41346	-27.6078	28.1335
5.41731	-27.6976	28.2224
5.42184	-27.7945	28.3184
5.42538	-27.8942	28.4169
5.42719	-27.994	28.5152
5.43145	-28.0967	28.6168
5.42953	-28.197	28.715
5.43837	-28.2954	28.8133
5.43807	-28.4037	28.9196
5.44673	-28.5207	29.0361
5.45961	-28.6294	29.1453
5.46662	-28.7354	29.2508
5.48039	-28.8381	29.3542
5.50049	-28.9553	29.4731
5.51768	-29.0627	29.5818
5.53039	-29.1667	29.6864
5.52322	-29.264	29.7806
5.52885	-29.3557	29.8718
5.53436	-29.454	29.9695
5.53965	-29.5507	30.0655
5.53349	-29.6494	30.1614
5.53197	-29.7502	30.2601
5.54189	-29.8652	30.375
5.5558	-29.9709	30.4815
5.57979	29.9315	30.4471
5.60393	29.8331	30.3548
5.62536	29.7466	30.2738
5.6461	29.66	30.1926
5.67283	29.5688	30.1081
5.70232	29.4779	30.0244
5.7243	29.4015	29.9535
5.75112	29.3194	29.8781
5.77572	29.2363	29.8014
5.80189	29.1421	29.714
5.85267	29.0501	29.6338
5.90268	28.9679	29.5632
5.95858	28.875	29.4834
6.00651	28.7855	29.4055
6.03947	28.6885	29.3173
6.06895	28.6018	29.2386
6.11242	28.5182	29.1659
6.15506	28.4145	29.0735
6.1922	28.3133	28.9825
6.2149	28.2155	28.8919
6.22156	28.1282	28.808
6.23775	28.0359	28.7214
6.26774	27.9475	28.6417
6.30405	27.8582	28.5626
6.34545	27.7613	28.4773
6.3841	27.6692	28.3961
6.42175	27.5738	28.3117
6.45676	27.4776	28.2261
6.48716	27.3686	28.1269
6.51214	27.265	28.032
6.53686	27.1819	27.9568
6.57061	27.0946	27.8799
6.60856	27.0078	27.8046
6.65006	26.9196	27.7288
6.67295	26.8112	27.6292
6.6973	26.7103	27.5371
6.71885	26.6214	27.4562
6.75635	26.5379	27.3845
6.79308	26.4504	27.3087
6.82921	26.359	27.2293
6.85656	26.274	27.154
6.88254	26.1796	27.0692
6.90501	26.0907	26.9889
6.93061	25.9898	26.898
6.95627	25.8887	26.807
6.98587	25.7908	26.7202
7.01408	25.699	26.639
7.03175	25.6012	26.5493
7.05328	25.5035	26.4609
7.0906	25.4139	26.3845
7.12275	25.3193	26.3021
7.14281	25.2229	26.2147
7.16544	25.1316	26.1332
7.18685	25.0418	26.0527
7.21661	24.9486	25.9714
7.2637	24.8567	25.8962
7.29787	24.7643	25.8173
7.32947	24.6771	25.7425
7.35653	24.5813	25.6585
7.38357	24.4684	25.5582
7.39748	24.3636	25.4619
7.42047	24.2633	25.3727
7.43782	24.1624	25.2813
7.4444	24.0606	25.1859
7.45078	23.9608	25.0925
7.44764	23.8668	25.0018
7.44937	23.77	24.91
7.45657	23.6721	24.8187
7.4663	23.5696	24.7239
7.48357	23.4731	24.6372
7.49758	23.3751	24.5481
7.50927	23.2606	24.4427
7.51923	23.1531	24.3435
7.52368	23.0445	24.2416
7.52986	22.941	24.1451
7.54832	22.8327	24.0481
7.56795	22.7394	23.9657
7.59291	22.6507	23.8895
7.60864	22.569	23.817
7.61876	22.4752	23.7314
7.6292	22.3654	23.6308
7.6354	22.2603	23.5334
7.63863	22.1576	23.4374
7.63468	22.0546	23.3387
7.61656	21.9563	23.2398
7.60168	21.8626	23.1464
7.56292	21.7629	23.0395
7.51341	21.6586	22.9248
7.44058	21.5695	22.8168
7.36264	21.4702	22.6975
7.26866	21.3884	22.5897
7.17723	21.3202	22.4959
7.09178	21.2737	22.4246
7.00297	21.2121	22.3382
6.9087	21.1572	22.2566
6.79994	21.1081	22.1763
6.69427	21.0705	22.1083
6.58911	21.0355	22.0433
6.49408	20.9998	21.981
6.4075	20.966	21.9233
6.32068	20.9361	21.8694
6.22299	20.9095	21.8159
6.12755	20.893	21.773
6.02914	20.8819	21.7348
5.93064	20.8591	21.6858
5.83349	20.8335	21.6348
5.74074	20.8027	21.5803
5.64578	20.7673	21.521
5.54575	20.735	21.4638
5.45807	20.7048	21.4121
5.36644	20.6667	21.3521
5.27136	20.6248	21.2878
5.17445	20.5861	21.2264
5.07313	20.5545	21.1713
4.97651	20.5182	21.1131
4.88358	20.4811	21.0553
4.79203	20.4277	20.9822
4.71073	20.3886	20.9257
4.62823	20.3409	20.8608
4.5401	20.3043	20.8057
4.44986	20.272	20.7547
4.35776	20.2273	20.6914
4.26826	20.1742	20.6208
4.17726	20.1116	20.5409
4.09316	20.0518	20.4653
4.00448	19.9977	20.3947
3.92295	19.9219	20.3045
3.8429	19.8469	20.2155
3.76437	19.7748	20.1299
3.68765	19.6987	20.0409
3.61527	19.6238	19.954
3.55287	19.5618	19.8818
3.48596	19.4888	19.7981
3.41835	19.4022	19.701
3.34746	19.3249	19.6127
3.28436	19.2453	19.5236
3.22004	19.1686	19.4372
3.15322	19.0953	19.3539
3.0851	19.0188	19.2674
3.01469	18.9484	19.1867
2.94981	18.8758	19.1049
2.88554	18.8191	19.039
2.82343	18.7576	18.9689
2.75787	18.6852	18.8876
2.69254	18.6053	18.7991
2.62429	18.5299	18.7148
2.55754	18.4545	18.6309
2.50052	18.3817	18.551
2.43338	18.3122	18.4732
2.36988	18.2388	18.3922
2.31711	18.1534	18.3007
2.26086	18.0711	18.2119
2.20345	17.9949	18.1293
2.14633	17.9283	18.0563
2.09023	17.8612	17.9831
2.03929	17.7838	17.9004
1.98004	17.7092	17.8195
1.92062	17.6304	17.7348
1.86144	17.5491	17.6475
1.80507	17.4594	17.5524
1.74069	17.3762	17.4632
1.68703	17.2959	17.378
1.62361	17.2101	17.2865
1.56834	17.1265	17.1982
1.52266	17.0326	17.1005
1.47742	16.9368	17.0012
1.43647	16.8382	16.8993
1.38282	16.7407	16.7978
1.31875	16.637	16.6891
1.27218	16.5391	16.5879
1.24309	16.4359	16.4828
1.2174	16.3436	16.3889
1.19112	16.2402	16.2839
1.16985	16.14	16.1823
1.14595	16.0483	16.0891
1.13373	15.964	16.0042
1.1168	15.873	15.9123
1.10194	15.7808	15.8192
1.08488	15.6867	15.7241
1.06276	15.5892	15.6254
1.04852	15.4876	15.5231
1.02695	15.4035	15.4377
1.00436	15.3106	15.3435
0.980528	15.2211	15.2527
0.956464	15.1332	15.1634
0.93859	15.0379	15.0671
0.928734	14.9412	14.9701
0.915663	14.8377	14.866
0.900821	14.7344	14.7619
0.890743	14.6426	14.6697
0.875339	14.549	14.5753
0.857066	14.4494	14.4748
0.851065	14.3554	14.3806
0.846075	14.2448	14.2699
0.842463	14.1424	14.1675
0.839511	14.0402	14.0653
0.831729	13.9494	13.9742
0.841947	13.8521	13.8776
0.851162	13.7538	13.7801
0.86307	13.6533	13.6806
0.87183	13.5471	13.5751
0.886885	13.4433	13.4725
0.904364	13.3415	13.3722
0.942933	13.242	13.2755
0.96743	13.1464	13.182
0.984565	13.0508	13.0879
1.01548	12.957	12.9967
1.03394	12.8662	12.9077
1.07918	12.7677	12.8132
1.11222	12.6662	12.715
1.13196	12.5666	12.6175
1.16779	12.4691	12.5236
1.19622	12.361	12.4188
1.23682	12.2513	12.3135
1.26541	12.1437	12.2094
1.30214	12.04	12.1102
1.34343	11.9456	12.0209
1.3811	11.8462	11.9264
1.42006	11.7519	11.8374
1.46247	11.6581	11.7495
1.5014	11.5722	11.6692
1.53975	11.4817	11.5844
1.55542	11.3977	11.5034
1.58017	11.3043	11.4142
1.61875	11.2082	11.3245
1.65644	11.1167	11.2394
1.6949	11.0264	11.156
1.72011	10.9347	11.0692
1.75212	10.8372	10.9779
1.78242	10.748	10.8948
1.8086	10.6549	10.8073
1.83211	10.5626	10.7203
1.85866	10.4658	10.6296
1.88906	10.3716	10.5423
1.89754	10.2769	10.4506
1.9154	10.178	10.3566
1.93965	10.0808	10.2657
1.96724	9.98058	10.1726
1.9868	9.89125	10.0888
2.00711	9.79385	9.9974
2.03022	9.68477	9.89528
2.06266	9.57363	9.79331
2.09499	9.46748	9.6965
2.11663	9.36768	9.60383
2.11542	9.26679	9.50518
2.1095	9.17453	9.41393
2.12398	9.08104	9.32612
2.13333	8.99296	9.24253
2.14455	8.89239	9.14733
2.15657	8.79064	9.0513
2.17165	8.67565	8.94333
2.18393	8.56411	8.83819
2.18916	8.45458	8.7334
2.19374	8.35043	8.63378
2.19967	8.24876	8.53701
2.19381	8.15819	8.44801
2.20187	8.06486	8.36003
2.20669	7.96671	8.26668
2.21052	7.87729	8.18157
2.21539	7.78303	8.09219
2.21743	7.68626	7.99972
2.22349	7.57593	7.89548
2.23054	7.46599	7.79207
2.23867	7.35929	7.69226
2.24031	7.25988	7.59769
2.23128	7.15828	7.49797
2.2183	7.0575	7.39791
2.2088	6.95247	7.2949
2.20262	6.85287	7.19815
2.18999	6.76023	7.10611
2.17207	6.66573	7.0107
2.15737	6.56638	6.9117
2.14143	6.46585	6.81124
2.14016	6.36662	6.71671
2.11357	6.27175	6.61831
2.09501	6.17426	6.52001
2.06207	6.0668	6.40767
2.03161	5.95202	6.28919
1.99566	5.84382	6.17519
1.96486	5.74018	6.06715
1.93294	5.6424	5.9643
1.89032	5.54699	5.86024
1.84758	5.44702	5.75183
1.79823	5.34597	5.6403
1.76726	5.2422	5.53208
1.7355	5.14544	5.43024
1.72097	5.03672	5.32262
1.72095	4.93669	5.22805
1.73584	4.84517	5.14673
1.74768	4.7456	5.05718
1.73899	4.65801	4.97204
1.74911	4.56197	4.88579
1.75415	4.45718	4.78994
1.75782	4.35552	4.69686
1.76435	4.26128	4.6121
1.76132	4.15874	4.51635
1.74332	4.07373	4.43108
1.74718	3.99162	4.35726
1.74143	3.89978	4.27093
1.72618	3.80948	4.18233
1.71152	3.71463	4.08996
1.69231	3.62841	4.00366
1.67939	3.53688	3.91534
1.64827	3.44842	3.82209
1.63681	3.35042	3.72886
1.6307	3.23165	3.61977
1.61349	3.12456	3.51656
1.60115	3.0216	3.41961
1.58424	2.92201	3.32385
1.56798	2.82711	3.23281
1.54356	2.71424	3.12245
1.52675	2.60502	3.01945
1.51443	2.48221	2.90773
1.49161	2.376	2.8054
1.46429	2.26962	2.70098
1.42186	2.18127	2.60377
1.39674	2.08127	2.5065
1.36909	1.9829	2.40963
1.3405	1.88612	2.31396
1.31042	1.78845	2.21715
1.27281	1.69977	2.1235
1.2452	1.60772	2.03354
1.21069	1.51835	1.94195
1.17893	1.41875	1.84465
1.12745	1.31361	1.7311
1.08498	1.21455	1.62859
1.031	1.12219	1.5239
0.978215	1.04096	1.42846
0.941643	0.957592	1.34301
0.900791	0.871269	1.25321
0.85463	0.770908	1.15095
0.81238	0.675969	1.05683
0.774585	0.571944	0.962861
0.740171	0.477902	0.881047
0.709986	0.383004	0.806704
0.689107	0.291986	0.748415
0.669972	0.196351	0.698153
0.653014	0.105291	0.661448
0.655542	0.00733641	0.655583
0.653044	-0.103993	0.661273
0.651599	-0.207295	0.683778
0.664825	-0.323524	0.739364
0.704186	-0.431423	0.825835
0.750812	-0.556035	0.934287
0.803964	-0.656652	1.03805
0.849215	-0.756884	1.13756
0.897701	-0.849355	1.23583
0.949635	-0.941596	1.33731
1.00932	-1.04169	1.45047
1.06144	-1.13663	1.55518
1.10682	-1.23215	1.65627
1.1576	-1.32128	1.75665
1.2103	-1.40569	1.85494
1.27024	-1.4915	1.95911
1.31196	-1.58657	2.05875
1.34949	-1.68162	2.15615
1.39129	-1.78531	2.26341
1.42291	-1.88845	2.36452
1.46588	-2.00108	2.48055
1.49897	-2.11431	2.59176
1.52947	-2.21779	2.69404
1.55415	-2.31486	2.78818
1.55991	-2.42856	2.88639
1.58594	-2.53963	2.99415
1.60493	-2.64577	3.09449
1.6236	-2.75897	3.20125
1.64804	-2.87313	3.31223
1.63532	-2.98667	3.40507
1.64476	-3.10338	3.5123
1.64842	-3.21192	3.61023
1.65784	-3.30439	3.69694
1.65856	-3.40152	3.78433
1.66167	-3.50187	3.87611
1.65429	-3.60706	3.96832
1.64659	-3.71439	4.063
1.63869	-3.83632	4.17165
1.64532	-3.94685	4.27606
1.63979	-4.0497	4.36909
1.63234	-4.14786	4.45749
1.63823	-4.25199	4.55667
1.63602	-4.36622	4.66267
1.63796	-4.4773	4.76751
1.62977	-4.58046	4.86177
1.63413	-4.67537	4.95273
1.61844	-4.78262	5.04904
1.61242	-4.89251	5.15136
1.6091	-4.99817	5.2508
1.61104	-5.10661	5.35471
1.61378	-5.20589	5.45028
1.61915	-5.29279	5.53492
1.60535	-5.39185	5.62576
1.59208	-5.47185	5.69876
1.59053	-5.5495	5.77293
1.58917	-5.62845	5.84849
1.5862	-5.72199	5.93778
1.57666	-5.80522	6.01552
1.573	-5.89671	6.10292
1.56846	-5.99236	6.19423
1.55353	-6.089	6.28406
1.54632	-6.19385	6.38396
1.53472	-6.28682	6.47143
1.52355	-6.38466	6.56392
1.50747	-6.48609	6.65897
1.48519	-6.57552	6.74116
1.47557	-6.66255	6.824
1.43212	-6.75106	6.90129
1.41194	-6.86081	7.00459
1.38263	-6.95829	7.09433
1.36857	-7.05485	7.18637
1.34748	-7.14394	7.26991
1.33274	-7.23711	7.3588
1.31594	-7.3293	7.4465
1.30384	-7.44069	7.55407
1.28541	-7.53924	7.64804
1.26544	-7.63275	7.73694
1.24426	-7.73228	7.83175
1.23846	-7.82741	7.92478
1.22243	-7.9268	8.0205
1.19987	-8.03007	8.11922
1.18038	-8.14315	8.22825
1.16721	-8.25166	8.3338
1.1551	-8.3482	8.42773
1.14773	-8.45769	8.53521
1.13635	-8.56435	8.6394
1.12498	-8.66584	8.73855
1.1285	-8.76388	8.83623
1.12161	-8.8623	8.933
1.12418	-8.97391	9.04405
1.11987	-9.07894	9.14775
1.11833	-9.18141	9.24927
1.11325	-9.27251	9.3391
1.13022	-9.37609	9.44396
1.13137	-9.47285	9.54017
1.13487	-9.57123	9.63827
1.13318	-9.68752	9.75357
1.14282	-9.80031	9.86671
1.1581	-9.91326	9.98067
1.16624	-10.0244	10.092
1.17078	-10.127	10.1945
1.18766	-10.2263	10.295
1.2116	-10.3198	10.3907
1.23054	-10.4155	10.488
1.25607	-10.521	10.5957
1.2796	-10.6124	10.6893
1.28321	-10.7155	10.7921
1.30092	-10.819	10.897
1.32204	-10.9214	11.0012
1.34893	-11.026	11.1082
1.36524	-11.1106	11.1942
1.38218	-11.2009	11.2859
1.39683	-11.3076	11.3935
1.42567	-11.4075	11.4962
1.46766	-11.5	11.5933
1.49984	-11.5991	11.6957
1.5286	-11.696	11.7955
1.5565	-11.7982	11.9005
1.59375	-11.8994	12.0057
1.62151	-11.995	12.1041
1.65341	-12.0911	12.2036
1.67749	-12.1788	12.2938
1.70814	-12.2727	12.391
1.7461	-12.3609	12.4836
1.77901	-12.4406	12.5672
1.80337	-12.5344	12.6634
1.83658	-12.6333	12.7661
1.86651	-12.7308	12.8669
1.89931	-12.8291	12.9689
1.92717	-12.9241	13.067
1.95317	-13.0226	13.1683
1.97961	-13.1229	13.2714
2.00188	-13.2165	13.3672
2.02343	-13.3114	13.4643
2.04484	-13.4003	13.5554
2.05628	-13.5066	13.6622
2.08726	-13.6121	13.7712
2.1108	-13.721	13.8824
2.13354	-13.827	13.9906
2.15572	-13.928	14.0938
2.16851	-14.0279	14.1945
2.19394	-14.1356	14.3048
2.18688	-14.2499	14.4167
2.1899	-14.3602	14.5262
2.2128	-14.4665	14.6348
2.21828	-14.5726	14.7404
2.22408	-14.6633	14.8311
2.2314	-14.7482	14.916
2.23509	-14.8406	15.0079
2.24116	-14.9253	15.0927
2.2456	-15.0149	15.1819
2.24885	-15.1099	15.2763
2.253	-15.2074	15.3734
2.26133	-15.3107	15.4768
2.26217	-15.4099	15.575
2.26505	-15.5103	15.6748
2.27725	-15.6118	15.777
2.28906	-15.7161	15.8819
2.29238	-15.7983	15.9638
2.30678	-15.8958	16.0623
2.31432	-15.9946	16.1612
2.33972	-16.0956	16.2647
2.34691	-16.2019	16.371
2.36456	-16.2935	16.4642
2.37205	-16.3904	16.5612
2.39681	-16.4911	16.6643
2.4184	-16.5844	16.7598
2.44436	-16.681	16.8592
2.47502	-16.7685	16.9502
2.498	-16.8569	17.041
2.52415	-16.9495	17.1365
2.54835	-17.0473	17.2367
2.5818	-17.1324	17.3258
2.60092	-17.2261	17.4213
2.6323	-17.3193	17.5182
2.66069	-17.3995	17.6017
2.68981	-17.4872	17.6929
2.7235	-17.5758	17.7856
2.74892	-17.6749	17.8874
2.78914	-17.7726	17.9901
2.83699	-17.8611	18.085
2.87673	-17.9574	18.1864
2.91776	-18.0591	18.2933
2.96527	-18.1572	18.3977
3.00442	-18.2616	18.5071
3.0352	-18.375	18.624
3.0817	-18.4748	18.73
3.12917	-18.5593	18.8213
3.16325	-18.6511	18.9175
3.20847	-18.7373	19.0101
3.25259	-18.8215	19.1005
3.29553	-18.9027	19.1878
3.35032	-18.9914	19.2846
3.39569	-19.0846	19.3844
3.44041	-19.1774	19.4836
3.4921	-19.2809	19.5946
3.54607	-19.3862	19.7079
3.59018	-19.4807	19.8087
3.62679	-19.5847	19.9177
3.68268	-19.6701	20.0119
3.72935	-19.7624	20.1112
3.78085	-19.8441	20.2011
3.81971	-19.9295	20.2922
3.87172	-20.0238	20.3947
3.9244	-20.1114	20.4907
3.96954	-20.2061	20.5923
4.02168	-20.2928	20.6874
4.06652	-20.3806	20.7823
4.13721	-20.4604	20.8745
4.19745	-20.5466	20.971
4.25642	-20.6306	21.0651
4.3111	-20.7143	21.1582
4.35981	-20.7973	21.2494
4.41564	-20.8793	21.3411
4.46558	-20.9628	21.4332
4.5215	-21.0419	21.5222
4.56539	-21.124	21.6117
4.61183	-21.2068	21.7024
4.66726	-21.2892	21.7948
4.71345	-21.372	21.8856
4.76464	-21.4452	21.9681
4.80975	-21.5285	22.0593
4.8581	-21.614	22.1532
4.9006	-21.6974	22.244
4.94933	-21.7928	22.3478
4.97965	-21.8857	22.4451
5.00602	-21.9693	22.5324
5.04302	-22.0621	22.6311
5.07483	-22.1647	22.7382
5.09593	-22.265	22.8407
5.13269	-22.3667	22.9481
5.1599	-22.4502	23.0355
5.18739	-22.5387	23.1279
5.20811	-22.6401	23.2314
5.22436	-22.7333	23.3259
5.24709	-22.8276	23.4229
5.26731	-22.9201	23.5176
5.27761	-23.0068	23.6043
5.29587	-23.0999	23.6992
5.31592	-23.1932	23.7946
5.31745	-23.2943	23.8935
5.3361	-23.3867	23.9877
5.35034	-23.4831	24.0849
5.36557	-23.5752	24.1781
5.36629	-23.6751	24.2757
5.37837	-23.7729	24.3737
5.39359	-23.8739	24.4755
5.40176	-23.9729	24.574
5.41939	-24.0678	24.6704
5.41541	-24.165	24.7644
5.42257	-24.2642	24.8627
5.43479	-24.3545	24.9535
5.43048	-24.453	25.0488
5.43755	-24.5395	25.1347
5.44326	-24.6315	25.2258
5.44713	-24.7149	25.308
5.44732	-24.8088	25.3998
5.44345	-24.91	25.4978
5.44607	-25.0051	25.5913
5.44734	-25.1028	25.6871
5.44277	-25.2002	25.7813
5.44	-25.3025	25.8807
5.43365	-25.4109	25.9853
5.44127	-25.5335	26.1068
5.44991	-25.6324	26.2054
5.44449	-25.7328	26.3024
5.43429	-25.8326	26.398
5.43633	-25.9358	26.4994
5.43198	-26.0431	26.6036
5.42336	-26.1295	26.6864
5.42097	-26.2231	26.7775
5.42068	-26.3209	26.8732
5.4161	-26.4185	26.968
5.4104	-26.5197	27.066
5.40261	-26.6206	27.1633
5.40948	-26.7262	27.2681
5.42133	-26.8379	27.38
5.41893	-26.9438	27.4833
5.42027	-27.0329	27.5709
5.40607	-27.1196	27.6532
5.41002	-27.2132	27.7458
5.40518	-27.3214	27.8509
5.4071	-27.4202	27.9482
5.41104	-27.5237	28.0505
5.41244	-27.6255	28.1508
5.42111	-27.7414	28.2662
5.41874	-27.8434	28.3658
5.41582	-27.9436	28.4636
5.41493	-28.0464	28.5643
5.43152	-28.1433	28.6626
5.44082	-28.2594	28.7784
5.44603	-28.3675	28.8855
5.4573	-28.4753	28.9935
5.45678	-28.5848	29.101
5.46309	-28.6892	29.2047
5.4841	-28.789	29.3067
5.48972	-28.8828	29.3999
5.49404	-28.9813	29.4974
5.50732	-29.0817	29.5985
5.51426	-29.1706	29.6872
5.51966	-29.265	29.781
5.52271	-29.3629	29.8777
5.52927	-29.4564	29.9708
5.53572	-29.5549	30.0689
5.54151	-29.6552	30.1686
5.54734	-29.7569	30.2695
5.55104	-29.8528	30.3645
5.55696	-29.9424	30.4537
5.56427	29.9641	30.4763
5.59602	29.8608	30.3806
5.62517	29.7613	30.2883
5.6554	29.6553	30.1897
5.68769	29.5548	30.0971
5.72151	29.4574	30.0079
5.74682	29.3607	29.9179
5.77994	29.2657	29.831
5.82028	29.1778	29.7527
5.85452	29.0854	29.6688
5.88937	28.9829	29.5752
5.92191	28.8895	29.4902
5.96851	28.7845	29.3968
6.01646	28.6924	29.3164
6.05265	28.6005	29.2339
6.0677	28.5089	29.1475
6.0961	28.4081	29.0548
6.12756	28.3012	28.9569
6.17281	28.1944	28.8622
6.20743	28.0968	28.7743
6.22838	27.9949	28.6794
6.2635	27.8978	28.5923
6.30439	27.8089	28.5146
6.33736	27.7173	28.4325
6.37265	27.6269	28.3524
6.41222	27.5376	28.2743
6.45612	27.4401	28.1894
6.49289	27.3442	28.1045
6.52849	27.2464	28.0177
6.56065	27.1481	27.9296
6.60378	27.0564	27.8507
6.63063	26.9725	27.7755
6.65781	26.8787	27.691
6.69306	26.7878	27.6113
6.73297	26.6893	27.5255
6.77104	26.575	27.4241
6.79401	26.4604	27.3187
6.8242	26.3566	27.2257
6.86819	26.2632	27.1464
6.89539	26.1638	27.0572
6.93246	26.0645	26.9707
6.95493	25.962	26.8775
6.98578	25.864	26.7908
7.00666	25.765	26.7008
7.02955	25.6668	26.612
7.05132	25.5684	26.5229
7.07631	25.4578	26.423
7.10137	25.3538	26.3295
7.13183	25.2528	26.2406
7.1707	25.1389	26.1416
7.20275	25.0294	26.0451
7.21939	24.9259	25.9503
7.24421	24.8286	25.8638
7.26618	24.742	25.7869
7.2813	24.6301	25.6838
7.30226	24.5276	25.5915
7.32505	24.4299	25.5044
7.35238	24.3216	25.4086
7.36865	24.2139	25.3102
7.38308	24.1187	25.2235
7.39395	24.0221	25.1343
7.40787	23.9327	25.0529
7.42299	23.8346	24.9638
7.43538	23.7263	24.8641
7.44564	23.6156	24.7615
7.45582	23.5228	24.6761
7.46994	23.4275	24.5895
7.47952	23.3264	24.4962
7.49453	23.2281	24.4072
7.53976	23.12	24.3184
7.55398	23.0092	24.2175
7.55423	22.8953	24.1093
7.55993	22.788	24.0093
7.57154	22.6797	23.9101
7.58863	22.5731	23.8146
7.58503	22.4671	23.713
7.58361	22.3661	23.6168
7.55061	22.2653	23.5108
7.52617	22.1655	23.4084
7.49945	22.0663	23.3058
7.46364	21.9604	23.1941
7.42103	21.8705	23.0953
7.37015	21.7917	23.0043
7.31809	21.7096	22.9098
7.26785	21.6218	22.8106
7.19967	21.5342	22.7059
7.12581	21.4573	22.6096
7.04639	21.3906	22.5213
6.96433	21.3397	22.4473
6.87637	21.2749	22.3586
6.79309	21.2193	22.2802
6.70493	21.1711	22.2075
6.60934	21.121	22.131
6.5166	21.081	22.0653
6.41539	21.0174	21.9747
6.3064	20.9847	21.9118
6.20581	20.9503	21.8501
6.11781	20.9201	21.7962
6.0343	20.8865	21.7407
5.94889	20.8503	21.6824
5.85352	20.8196	21.6268
5.75106	20.7835	21.5645
5.65176	20.7656	21.521
5.55993	20.7441	21.4763
5.45104	20.721	21.426
5.36215	20.6941	21.3776
5.26427	20.6614	21.3215
5.17341	20.6163	21.2555
5.08282	20.5741	21.1926
4.99352	20.5335	21.132
4.90029	20.492	21.0697
4.79556	20.453	21.0077
4.69499	20.3988	20.9322
4.60214	20.3419	20.856
4.51268	20.2798	20.7758
4.42648	20.2242	20.7029
4.35737	20.159	20.6246
4.27231	20.0989	20.548
4.18729	20.0567	20.4891
4.10588	20.0012	20.4183
4.02367	19.9341	20.3362
3.9384	19.8597	20.2465
3.85745	19.7908	20.1632
3.7856	19.7258	20.0857
3.71037	19.6627	20.0097
3.63754	19.5947	19.9295
3.57094	19.5147	19.8388
3.49443	19.4396	19.7511
3.41959	19.368	19.6676
3.34814	19.2874	19.5759
3.27699	19.2125	19.4899
3.20454	19.1349	19.4014
3.13625	19.0605	19.3168
3.06343	18.9878	19.2334
2.9881	18.9192	19.1537
2.92007	18.8436	19.0685
2.83902	18.7789	18.9923
2.76658	18.697	18.9005
2.70596	18.6067	18.8025
2.64058	18.529	18.7162
2.56708	18.4555	18.6331
2.50097	18.3771	18.5465
2.4346	18.2937	18.455
2.38664	18.218	18.3736
2.33263	18.1345	18.2839
2.26753	18.0625	18.2043
2.20527	17.9771	18.1118
2.14144	17.8967	18.0243
2.082	17.8213	17.9425
2.02116	17.7426	17.8573
1.96359	17.6565	17.7653
1.90912	17.5665	17.6699
1.8464	17.4783	17.5756
1.79011	17.3906	17.4825
1.73409	17.3064	17.3931
1.67997	17.2192	17.301
1.63059	17.1226	17.2001
1.5816	17.0299	17.1032
1.53829	16.9461	17.0158
1.5018	16.8478	16.9146
1.45324	16.7624	16.8252
1.41491	16.6699	16.7299
1.37955	16.5734	16.6307
1.35317	16.486	16.5414
1.31998	16.3945	16.4476
1.29512	16.2853	16.3367
1.26474	16.1888	16.2381
1.23515	16.0935	16.1408
1.20366	15.9994	16.0446
1.17425	15.904	15.9473
1.15038	15.8098	15.8516
1.1234	15.7182	15.7583
1.09408	15.6318	15.6701
1.07237	15.5543	15.5912
1.06035	15.4687	15.505
1.0455	15.3794	15.4149
1.02189	15.2903	15.3244
1.00084	15.1965	15.2295
0.980073	15.0986	15.1304
0.957538	14.9991	15.0296
0.948758	14.9029	14.9331
0.92954	14.8133	14.8425
0.916112	14.7252	14.7537
0.904088	14.6384	14.6663
0.896032	14.5438	14.5714
0.886151	14.4564	14.4835
0.875126	14.3555	14.3821
0.871307	14.232	14.2587
0.877029	14.1184	14.1456
0.881003	14.0073	14.035
0.883266	13.8991	13.9271
0.890209	13.7988	13.8275
0.904532	13.6985	13.7284
0.910226	13.6033	13.6337
0.935693	13.4996	13.532
0.955006	13.3955	13.4295
0.973923	13.2941	13.3297
0.993393	13.1928	13.2302
1.01749	13.0931	13.1325
1.04447	12.9942	13.0361
1.07421	12.8977	12.9424
1.09884	12.7884	12.8356
1.13618	12.6951	12.7458
1.17001	12.5991	12.6533
1.19396	12.5098	12.5667
1.21943	12.4264	12.4861
1.25224	12.3302	12.3936
1.28505	12.2396	12.3069
1.30872	12.1551	12.2254
1.34349	12.06	12.1346
1.37957	11.9646	12.0439
1.41302	11.8738	11.9576
1.45	11.7885	11.8773
1.48157	11.6898	11.7833
1.5137	11.5918	11.6903
1.53776	11.4759	11.5784
1.56928	11.3784	11.4861
1.6058	11.2945	11.4081
1.62576	11.2043	11.3216
1.66098	11.1194	11.2427
1.68972	11.0286	11.1573
1.71586	10.934	11.0679
1.74457	10.842	10.9815
1.77795	10.754	10.9
1.80164	10.6454	10.7968
1.83646	10.5271	10.6861
1.86236	10.4155	10.5807
1.88836	10.3056	10.4771
1.92628	10.1899	10.3704
1.95897	10.0767	10.2654
1.98008	9.97215	10.1668
1.99002	9.88166	10.08
2.00584	9.78791	9.99133
2.02028	9.70282	9.91092
2.03317	9.62285	9.83529
2.0475	9.534	9.75137
2.06351	9.44748	9.67021
2.06676	9.3515	9.57717
2.07671	9.24526	9.47563
2.08773	9.13967	9.37508
2.10386	9.03896	9.28057
2.11615	8.93667	9.1838
2.11706	8.84738	9.09714
2.1196	8.76321	9.01591
2.11799	8.68618	8.94067
2.12795	8.59388	8.85342
2.1369	8.49291	8.75762
2.15824	8.39	8.66314
2.17095	8.28813	8.56774
2.17746	8.19082	8.47531
2.18275	8.09106	8.38031
2.18908	7.99257	8.28693
2.19027	7.89208	8.19037
2.20616	7.79453	8.10073
2.20924	7.6907	8.00172
2.21997	7.59191	7.90983
2.2185	7.49083	7.81245
2.21148	7.38872	7.71257
2.20129	7.28782	7.61301
2.19096	7.19067	7.51705
2.18642	7.08629	7.41592
2.18658	6.98173	7.31612
2.17132	6.88033	7.21482
2.15577	6.78228	7.11664
2.16378	6.68164	7.02326
2.15427	6.587	6.93033
2.13784	6.49258	6.83549
2.12433	6.39179	6.73556
2.10302	6.30726	6.64863
2.08193	6.21576	6.55516
2.06598	6.11844	6.45783
2.0429	6.02537	6.36228
2.01624	5.93117	6.26451
1.99481	5.84478	6.17582
1.96588	5.73975	6.06708
1.93527	5.63087	5.95416
1.90672	5.527	5.84665
1.88845	5.42968	5.74871
1.87151	5.31206	5.6321
1.85792	5.21431	5.53542
1.84293	5.11252	5.43454
1.81407	5.00856	5.32696
1.80232	4.90522	5.22585
1.79494	4.81503	5.13871
1.78474	4.71935	5.04555
1.78186	4.62032	4.95201
1.78192	4.51803	4.85673
1.77606	4.4171	4.7608
1.76639	4.32084	4.66795
1.75638	4.227	4.57738
1.75104	4.12958	4.48549
1.7385	4.02092	4.38066
1.72988	3.92038	4.28508
1.72246	3.81914	4.18959
1.71372	3.71979	4.09556
1.69866	3.61833	3.99722
1.69425	3.50495	3.89296
1.68141	3.4002	3.79321
1.66787	3.29805	3.6958
1.64652	3.19492	3.59424
1.63523	3.09077	3.49669
1.62057	2.99955	3.40934
1.60857	2.90009	3.31633
1.58719	2.7974	3.21631
1.56126	2.69997	3.11887
1.54121	2.59706	3.01994
1.51505	2.49491	2.9189
1.48142	2.40007	2.82045
1.45349	2.30288	2.72321
1.4217	2.20894	2.62691
1.40608	2.13062	2.55277
1.3743	2.04673	2.46532
1.34402	1.95398	2.37159
1.31165	1.85719	2.27367
1.27394	1.76789	2.17907
1.24035	1.67449	2.08384
1.19788	1.57799	1.98115
1.16543	1.49661	1.89686
1.13121	1.41429	1.81103
1.08027	1.33052	1.71385
1.04323	1.23756	1.6186
1.01467	1.14173	1.52745
0.995551	1.05132	1.4479
0.953569	0.962506	1.35488
0.920138	0.874121	1.26915
0.885698	0.783047	1.18221
0.855982	0.692349	1.10093
0.830326	0.598563	1.02358
0.803788	0.502979	0.948189
0.783303	0.403082	0.880931
0.765693	0.302147	0.823152
0.75069	0.194335	0.775437
0.739816	0.0933826	0.745686
0.723666	-0.0214985	0.723986
0.720794	-0.133216	0.733001
0.718564	-0.241381	0.758023
0.739874	-0.346541	0.817009
0.769126	-0.446357	0.889264
0.79777	-0.554381	0.97148
0.835902	-0.654434	1.06161
0.87831	-0.749551	1.15467
0.91369	-0.839872	1.24105
0.961652	-0.930388	1.33806
1.00835	-1.02316	1.43654
1.05737	-1.12002	1.54028
1.10031	-1.22677	1.64792
1.15032	-1.30829	1.74209
1.19404	-1.39861	1.83898
1.23884	-1.49568	1.94211
1.26611	-1.58278	2.02688
1.29331	-1.66891	2.11137
1.33861	-1.7592	2.21058
1.37079	-1.85345	2.30529
1.41164	-1.96166	2.41678
1.44725	-2.08077	2.53459
1.47448	-2.18519	2.63612
1.4994	-2.28453	2.73263
1.51952	-2.38101	2.82456
1.52967	-2.48119	2.91482
1.55234	-2.58357	3.01406
1.56883	-2.68168	3.10687
1.58778	-2.77005	3.19284
1.5883	-2.86291	3.27398
1.60426	-2.95477	3.36219
1.60784	-3.05568	3.45288
1.61304	-3.15313	3.54177
1.61499	-3.25911	3.63731
1.61785	-3.35933	3.72861
1.62578	-3.46205	3.82478
1.63108	-3.56511	3.92051
1.62718	-3.65806	4.00364
1.62275	-3.75722	4.09268
1.62335	-3.85595	4.18373
1.63674	-3.97184	4.29586
1.63941	-4.08521	4.40188
1.63862	-4.19013	4.49914
1.63896	-4.29103	4.59338
1.6388	-4.38748	4.68355
1.62975	-4.48332	4.77035
1.63783	-4.57712	4.86133
1.64388	-4.67737	4.95783
1.63625	-4.78039	5.05267
1.62936	-4.88718	5.15163
1.62302	-4.98795	5.24537
1.62181	-5.08728	5.33954
1.62806	-5.19737	5.44639
1.62778	-5.30516	5.54927
1.61922	-5.40893	5.64609
1.61716	-5.5077	5.7402
1.60682	-5.60809	5.83374
1.61604	-5.69758	5.92233
1.60566	-5.79345	6.01184
1.59252	-5.88092	6.09273
1.57736	-5.95805	6.16332
1.56536	-6.04687	6.2462
1.54826	-6.13595	6.32827
1.53392	-6.23028	6.41633
1.52757	-6.33625	6.51779
1.5115	-6.43796	6.61301
1.48717	-6.53578	6.70284
1.46331	-6.63458	6.79404
1.44949	-6.72673	6.88113
1.42656	-6.82531	6.9728
1.40968	-6.92574	7.06775
1.39896	-7.03206	7.16987
1.3825	-7.13511	7.26781
1.36538	-7.23821	7.36586
1.34303	-7.332	7.45399
1.32841	-7.4325	7.55028
1.30341	-7.53649	7.64837
1.28424	-7.63846	7.74567
1.26872	-7.73776	7.84109
1.24728	-7.84397	7.94251
1.22548	-7.96461	8.05834
1.20961	-8.08922	8.17916
1.1972	-8.19929	8.28624
1.18207	-8.3022	8.38593
1.17245	-8.40368	8.48508
1.16595	-8.50638	8.58592
1.16189	-8.61021	8.68826
1.14796	-8.69816	8.77359
1.13886	-8.79192	8.86537
1.13706	-8.88767	8.96011
1.13258	-8.9761	9.04727
1.13525	-9.06493	9.13574
1.13109	-9.16634	9.23586
1.12452	-9.2625	9.33051
1.13016	-9.36223	9.4302
1.13904	-9.46845	9.53672
1.14582	-9.57631	9.64462
1.15603	-9.68333	9.75209
1.1624	-9.7845	9.8533
1.17106	-9.87844	9.94761
1.19238	-9.97428	10.0453
1.21061	-10.0772	10.1497
1.21918	-10.179	10.2517
1.22939	-10.2795	10.3527
1.24278	-10.3785	10.4526
1.26185	-10.4718	10.5475
1.28205	-10.5663	10.6438
1.30827	-10.6638	10.7438
1.32796	-10.772	10.8536
1.36024	-10.8704	10.9552
1.37737	-10.9679	11.054
1.38853	-11.0536	11.1405
1.41748	-11.1448	11.2345
1.41556	-11.2483	11.337
1.43967	-11.3595	11.4503
1.4853	-11.4579	11.5538
1.52697	-11.5545	11.6549
1.56247	-11.6551	11.7594
1.59046	-11.7532	11.8603
1.61167	-11.8568	11.9659
1.64069	-11.9577	12.0697
1.68391	-12.0577	12.1747
1.71341	-12.1335	12.2538
1.73594	-12.2216	12.3443
1.74766	-12.3135	12.4369
1.77929	-12.4211	12.5479
1.79797	-12.5268	12.6552
1.82036	-12.6302	12.7607
1.84825	-12.7285	12.862
1.88463	-12.815	12.9529
1.91102	-12.903	13.0437
1.94236	-12.9961	13.1405
1.97003	-13.0975	13.2448
1.99374	-13.1985	13.3482
2.01284	-13.2898	13.4414
2.02513	-13.3828	13.5352
2.04545	-13.476	13.6304
2.06438	-13.5716	13.7277
2.08208	-13.669	13.8267
2.09805	-13.7666	13.9256
2.11482	-13.8568	14.0173
2.12894	-13.9447	14.1063
2.14708	-14.0376	14.2009
2.15938	-14.1357	14.2997
2.17739	-14.2313	14.3969
2.17392	-14.3295	14.4934
2.17726	-14.4221	14.5855
2.17806	-14.5127	14.6752
2.19334	-14.6069	14.7707
2.20013	-14.7053	14.8689
2.21607	-14.8006	14.9655
2.22264	-14.9044	15.0692
2.22451	-15.0121	15.1761
2.22957	-15.1225	15.286
2.24429	-15.2215	15.386
2.25285	-15.3203	15.4851
2.26158	-15.4135	15.5785
2.27126	-15.5085	15.6739
2.27996	-15.6035	15.7692
2.26703	-15.699	15.8618
2.27265	-15.795	15.9577
2.28589	-15.8821	16.0458
2.30002	-15.9774	16.1421
2.32324	-16.0733	16.2403
2.34142	-16.1563	16.3251
2.35371	-16.2488	16.4184
2.38568	-16.3312	16.5045
2.38981	-16.4255	16.5984
2.41238	-16.5231	16.6983
2.4379	-16.6204	16.7982
2.46637	-16.7242	16.9051
2.49353	-16.8249	17.0087
2.51602	-16.9235	17.1095
2.55331	-17.0195	17.2099
2.58377	-17.1318	17.3256
2.61337	-17.238	17.4349
2.64999	-17.3459	17.5471
2.68668	-17.4459	17.6515
2.73006	-17.5397	17.7509
2.76577	-17.6314	17.847
2.79924	-17.7335	17.9531
2.84415	-17.8335	18.0589
2.8778	-17.9255	18.1551
2.91294	-18.0151	18.2491
2.94181	-18.1075	18.3449
2.98186	-18.1965	18.4392
3.02263	-18.289	18.5371
3.06425	-18.3815	18.6352
3.10684	-18.4727	18.7322
3.14614	-18.5674	18.8321
3.18925	-18.6591	18.9297
3.23388	-18.7492	19.0261
3.27452	-18.8375	19.12
3.30968	-18.9201	19.2074
3.35002	-19.006	19.299
3.37601	-19.1063	19.4023
3.42678	-19.1913	19.4949
3.4771	-19.2783	19.5893
3.52461	-19.3691	19.6872
3.55814	-19.4602	19.7828
3.60454	-19.5488	19.8783
3.65307	-19.6316	19.9686
3.69665	-19.7214	20.0649
3.74337	-19.804	20.1547
3.79502	-19.8883	20.2472
3.8467	-19.9794	20.3463
3.89863	-20.0678	20.443
3.96033	-20.1537	20.5391
4.01525	-20.2336	20.6281
4.06625	-20.3147	20.7177
4.12086	-20.3961	20.8083
4.16293	-20.4787	20.8976
4.1948	-20.5682	20.9916
4.24072	-20.659	21.0898
4.29692	-20.7435	21.1839
4.35126	-20.826	21.2757
4.41718	-20.913	21.3744
4.48156	-20.9919	21.4649
4.54526	-21.0781	21.5626
4.59495	-21.1815	21.6742
4.65242	-21.2857	21.7883
4.6897	-21.3885	21.8966
4.73838	-21.4858	22.0021
4.77783	-21.5834	22.1059
4.81449	-21.6603	22.1889
4.84962	-21.7428	22.2771
4.88393	-21.8301	22.3698
4.91696	-21.9233	22.4679
4.95824	-22.0125	22.564
5.00184	-22.1066	22.6654
5.04373	-22.1968	22.7626
5.07596	-22.2857	22.8565
5.10595	-22.3888	22.9637
5.1361	-22.4914	23.0704
5.16522	-22.595	23.1778
5.19742	-22.6984	23.2859
5.22938	-22.8227	23.4141
5.25118	-22.9366	23.53
5.26215	-23.0373	23.6306
5.28054	-23.121	23.7163
5.28968	-23.2043	23.7996
5.30381	-23.2892	23.8855
5.31099	-23.3761	23.9719
5.31657	-23.4611	24.056
5.32993	-23.5536	24.1491
5.34385	-23.6472	24.2435
5.35729	-23.7435	24.3404
5.3672	-23.842	24.4386
5.37264	-23.9348	24.5304
5.3839	-24.0338	24.6295
5.39483	-24.1251	24.7209
5.40466	-24.2334	24.8288
5.41013	-24.3279	24.9222
5.4162	-24.445	25.0378
5.42202	-24.5498	25.1414
5.42734	-24.6514	25.2418
5.43023	-24.7521	25.3407
5.4292	-24.8519	25.438
5.43997	-24.9464	25.5327
5.44555	-25.044	25.6292
5.4464	-25.1435	25.7266
5.44514	-25.244	25.8246
5.43361	-25.3432	25.9191
5.43444	-25.4428	26.0167
5.42962	-25.5418	26.1125
5.43274	-25.6425	26.2117
5.43396	-25.7432	26.3104
5.43146	-25.8325	26.3973
5.42411	-25.9223	26.4838
5.42321	-26.0179	26.5771
5.42336	-26.1073	26.6647
5.42675	-26.1959	26.7521
5.40361	-26.2894	26.839
5.39555	-26.3873	26.9333
5.39713	-26.4778	27.0222
5.40001	-26.5721	27.1152
5.40281	-26.6688	27.2105
5.39751	-26.7705	27.3092
5.39826	-26.8708	27.4077
5.3902	-26.9555	27.4892
5.39291	-27.0527	27.585
5.39396	-27.1451	27.6758
5.39796	-27.2422	27.7719
5.39299	-27.3359	27.8628
5.39481	-27.4362	27.9616
5.4007	-27.5324	28.0571
5.41765	-27.6395	28.1655
5.43152	-27.7474	28.274
5.44095	-27.8594	28.3857
5.44759	-27.9644	28.49
5.4568	-28.0621	28.5877
5.46087	-28.1613	28.6859
5.46216	-28.2557	28.7788
5.47347	-28.3553	28.8788
5.47714	-28.4555	28.9778
5.48042	-28.5582	29.0793
5.47334	-28.6612	29.1791
5.48255	-28.7689	29.2867
5.49082	-28.8761	29.3935
5.49998	-28.9742	29.4915
5.50832	-29.0667	29.584
5.51239	-29.1627	29.6791
5.51033	-29.2577	29.772
5.51213	-29.3548	29.8679
5.51628	-29.4538	29.9659
5.52153	-29.5532	30.0646
5.53035	-29.6472	30.1586
5.541	-29.7464	30.2581
5.56226	-29.8586	30.3723
5.58131	-29.9599	30.4753
5.59428	29.9312	30.4495
5.62041	29.8374	30.3621
5.65828	29.7461	30.2794
5.69035	29.6649	30.2058
5.71483	29.5646	30.1119
5.73534	29.4751	30.028
5.76272	29.3794	29.9392
5.78399	29.2768	29.8427
5.82032	29.1755	29.7504
5.86866	29.0864	29.6726
5.90084	28.9939	29.5883
5.93382	28.8984	29.5013
5.95862	28.8047	29.4146
5.99128	28.7029	29.3215
6.01839	28.5942	29.2207
6.05091	28.4916	29.1271
6.08776	28.3847	29.0302
6.13617	28.2834	28.9414
6.1738	28.1831	28.8514
6.21078	28.0894	28.7678
6.2519	27.9953	28.6849
6.28685	27.9056	28.605
6.30867	27.8134	28.5199
6.34659	27.7265	28.4436
6.37353	27.627	28.3527
6.40772	27.5347	28.2704
6.4447	27.4342	28.181
6.48235	27.3343	28.0924
6.51599	27.2476	28.0159
6.55831	27.164	27.9445
6.58316	27.0719	27.8608
6.61192	26.9832	27.7815
6.64083	26.8865	27.6945
6.66554	26.7863	27.6031
6.69651	26.6988	27.5258
6.73239	26.5989	27.4377
6.76055	26.4916	27.3406
6.78339	26.4072	27.2646
6.80603	26.3194	27.1852
6.83505	26.229	27.105
6.87048	26.1266	27.0149
6.91339	26.0258	26.9284
6.95442	25.9413	26.8573
6.98726	25.8528	26.7804
7.00426	25.7513	26.6869
7.01629	25.656	26.5981
7.04632	25.5642	26.5175
7.07101	25.4738	26.437
7.11022	25.3895	26.3663
7.13257	25.2949	26.2813
7.15318	25.1996	26.1952
7.16905	25.0962	26.1001
7.19866	24.9935	26.0095
7.22968	24.8929	25.9215
7.2502	24.7917	25.8301
7.26697	24.6812	25.7288
7.27754	24.5737	25.6286
7.29607	24.4657	25.5305
7.31722	24.3632	25.4383
7.32666	24.2418	25.3248
7.35575	24.1322	25.2284
7.37506	24.017	25.1239
7.39094	23.9065	25.0229
7.39827	23.8039	24.9271
7.4194	23.7076	24.8415
7.43096	23.5943	24.7369
7.44372	23.4841	24.6355
7.46372	23.3747	24.5374
7.47622	23.2667	24.4384
7.49151	23.1589	24.3405
7.49493	23.0535	24.2413
7.49887	22.9516	24.1455
7.50425	22.8489	24.0497
7.50663	22.7517	23.9581
7.49631	22.6518	23.86
7.49022	22.5418	23.7537
7.47785	22.4442	23.6571
7.46207	22.3392	23.5525
7.43849	22.2429	23.4537
7.41081	22.1465	23.3535
7.37727	22.0558	23.2569
7.3391	21.9656	23.1592
7.28482	21.8745	23.0557
7.22939	21.7816	22.95
7.17797	21.6837	22.8408
7.11483	21.5976	22.7393
7.04456	21.516	22.6399
6.96741	21.4438	22.5473
6.88562	21.3664	22.4485
6.79982	21.2864	22.3461
6.70668	21.2243	22.2587
6.61956	21.1738	22.1844
6.53023	21.1228	22.1092
6.43995	21.0818	22.0435
6.35107	21.0487	21.986
6.26244	21.0238	21.9367
6.1675	20.9802	21.8679
6.06961	20.9353	21.7974
5.97404	20.8964	21.7335
5.87935	20.8561	21.6689
5.78517	20.8193	21.6081
5.67939	20.7913	21.553
5.57021	20.7692	21.5032
5.46976	20.7254	21.435
5.37178	20.6843	21.3704
5.27559	20.6362	21.2999
5.18131	20.5926	21.2345
5.09936	20.5358	21.1595
5.0156	20.5012	21.1058
4.93066	20.4615	21.0472
4.81764	20.4179	20.9785
4.72496	20.372	20.9127
4.64446	20.3323	20.856
4.56094	20.2825	20.789
4.47527	20.2277	20.7169
4.39024	20.1735	20.6457
4.30929	20.1141	20.5706
4.2305	20.0411	20.4827
4.1441	19.9774	20.4027
4.05403	19.9052	20.3138
3.97632	19.8324	20.227
3.88209	19.7669	20.1445
3.79584	19.6998	20.0622
3.71451	19.6509	19.9989
3.6363	19.5941	19.9287
3.56447	19.5189	19.8417
3.49114	19.4411	19.7521
3.41838	19.3679	19.6673
3.35257	19.2987	19.5877
3.29148	19.2176	19.4974
3.2233	19.1532	19.4225
3.15732	19.0801	19.3395
3.09225	19.0095	19.2594
3.02228	18.938	19.1777
2.95107	18.8633	19.0928
2.88163	18.7877	19.0075
2.81449	18.7133	18.9237
2.74361	18.6402	18.841
2.67402	18.5627	18.7544
2.61425	18.4821	18.6661
2.55066	18.4085	18.5843
2.48623	18.3313	18.4991
2.42373	18.2534	18.4136
2.35676	18.1764	18.3285
2.29365	18.0973	18.2421
2.23362	18.0196	18.1575
2.15614	17.9241	18.0534
2.09472	17.8371	17.9597
2.04292	17.7483	17.8655
1.98643	17.6644	17.7758
1.92766	17.5759	17.6813
1.87282	17.4908	17.5908
1.82696	17.423	17.5185
1.7822	17.3383	17.4296
1.73311	17.2593	17.3461
1.69072	17.1801	17.2631
1.64103	17.0974	17.176
1.59747	17.0106	17.0854
1.55337	16.9194	16.9905
1.51399	16.8304	16.8983
1.47312	16.7386	16.8033
1.43669	16.6466	16.7085
1.39924	16.5547	16.6137
1.36514	16.4611	16.5176
1.33009	16.372	16.4259
1.29708	16.2772	16.3288
1.26874	16.1774	16.227
1.23907	16.0839	16.1315
1.21804	15.9875	16.0338
1.18355	15.9009	15.9449
1.15081	15.8184	15.8602
1.11362	15.7245	15.7639
1.0952	15.6342	15.6725
1.07917	15.5304	15.5678
1.05887	15.4257	15.462
1.03562	15.3169	15.3518
1.01469	15.2125	15.2463
1.00302	15.1214	15.1546
0.991577	15.0194	15.0521
0.969521	14.9222	14.9537
0.960838	14.8185	14.8496
0.946457	14.7195	14.7499
0.940095	14.6166	14.6468
0.931172	14.5174	14.5472
0.920292	14.4175	14.4468
0.912211	14.3178	14.3469
0.907307	14.2148	14.2437
0.909605	14.1095	14.1388
0.914449	14.0111	14.0409
0.912962	13.9102	13.9401
0.916284	13.8134	13.8438
0.927011	13.7163	13.7475
0.930631	13.6095	13.6413
0.940404	13.508	13.5407
0.964282	13.4051	13.4398
0.980818	13.289	13.3252
0.995891	13.1875	13.225
1.02002	13.0877	13.1273
1.04847	12.9818	13.024
1.07532	12.8827	12.9275
1.11682	12.7928	12.8415
1.15739	12.7029	12.7555
1.18197	12.6055	12.6607
1.21104	12.5084	12.5668
1.23935	12.4116	12.4734
1.26711	12.3208	12.3857
1.29319	12.2257	12.2939
1.32517	12.1317	12.2038
1.3513	12.0313	12.1069
1.38668	11.9322	12.0125
1.42287	11.8373	11.9225
1.46218	11.7428	11.8335
1.49345	11.646	11.7414
1.52794	11.5517	11.6523
1.56049	11.4573	11.5631
1.5895	11.363	11.4737
1.61621	11.267	11.3823
1.6485	11.1742	11.2952
1.66159	11.0755	11.1995
1.69058	10.9889	11.1182
1.71818	10.8934	11.0281
1.74263	10.7981	10.9378
1.77025	10.6915	10.8371
1.79934	10.5824	10.7343
1.83034	10.4808	10.6394
1.85693	10.3791	10.5439
1.89412	10.2748	10.448
1.91936	10.1716	10.3511
1.93508	10.0683	10.2526
1.95866	9.967	10.1576
1.98262	9.86811	10.0653
1.99955	9.76912	9.97165
2.0162	9.67018	9.87813
2.03262	9.58414	9.79731
2.04946	9.48165	9.70062
2.07638	9.3708	9.59808
2.08744	9.26063	9.49298
2.09088	9.16119	9.39676
2.09595	9.05849	9.29781
2.10719	8.96036	9.20479
2.11622	8.85953	9.10876
2.12426	8.75593	9.00993
2.13242	8.65869	8.91741
2.141	8.56025	8.82393
2.1508	8.46147	8.73055
2.15191	8.3518	8.62457
2.16014	8.24987	8.52799
2.16506	8.14802	8.43076
2.16983	8.04722	8.33463
2.1814	7.96238	8.25579
2.18578	7.87251	8.17032
2.20171	7.78046	8.08598
2.19802	7.68532	7.99346
2.1999	7.58371	7.89634
2.2054	7.49261	7.81044
2.19986	7.39641	7.71662
2.19064	7.29182	7.61377
2.18632	7.19074	7.51577
2.18532	7.09068	7.41979
2.17539	6.99325	7.32379
2.16124	6.89979	7.23035
2.14091	6.79371	7.12306
2.12827	6.69264	7.02288
2.10985	6.60001	6.92904
2.0903	6.50424	6.83187
2.08515	6.39053	6.72211
2.06588	6.28336	6.61426
2.04768	6.16903	6.49999
2.02588	6.0616	6.39118
1.99807	5.95435	6.28065
1.97132	5.85226	6.17536
1.94918	5.74938	6.0708
1.93925	5.64894	5.97254
1.93181	5.54751	5.87425
1.91371	5.44779	5.77414
1.89704	5.34838	5.67485
1.87433	5.23999	5.56513
1.85923	5.13662	5.46275
1.8403	5.0283	5.35448
1.83057	4.93445	5.26306
1.82042	4.83706	5.16828
1.80978	4.75588	5.08859
1.80462	4.65964	4.99689
1.7966	4.57328	4.91351
1.78899	4.48166	4.82553
1.78137	4.38318	4.73134
1.78066	4.28835	4.64335
1.77148	4.17693	4.53706
1.76186	4.07036	4.43532
1.74771	3.96893	4.33669
1.73662	3.8685	4.24041
1.72246	3.76853	4.14352
1.72159	3.64665	4.03261
1.70884	3.5364	3.92763
1.69035	3.42542	3.81979
1.68328	3.33515	3.73586
1.6636	3.23964	3.64182
1.63673	3.15315	3.55263
1.6162	3.05619	3.45723
1.58533	2.95863	3.3566
1.56539	2.86333	3.2633
1.56072	2.77136	3.18061
1.53865	2.67163	3.08302
1.50056	2.57896	2.98374
1.47664	2.47983	2.88618
1.45521	2.37486	2.78524
1.42901	2.26861	2.68117
1.40104	2.17514	2.58731
1.37908	2.08521	2.49999
1.34987	1.9932	2.40728
1.32728	1.87896	2.30047
1.30219	1.76258	2.19144
1.26275	1.65868	2.08464
1.21239	1.56561	1.98016
1.16946	1.47362	1.88128
1.14626	1.36495	1.78241
1.1058	1.26315	1.67879
1.06937	1.16804	1.58363
1.02901	1.07452	1.48777
0.990135	0.984446	1.39625
0.95602	0.892665	1.30799
0.933552	0.792162	1.22435
0.90587	0.694251	1.14131
0.875428	0.594624	1.05828
0.842739	0.494154	0.976933
0.822248	0.396676	0.912931
0.811546	0.275355	0.856987
0.801419	0.166441	0.81852
0.792575	0.0621962	0.795012
0.794973	-0.0367941	0.795824
0.790188	-0.119787	0.799216
0.802451	-0.21489	0.830725
0.816495	-0.308696	0.872902
0.835203	-0.407772	0.929431
0.856153	-0.512305	0.997725
0.883458	-0.616537	1.07732
0.911492	-0.720538	1.16189
0.945181	-0.822442	1.25291
0.98117	-0.911724	1.33938
1.01796	-1.0029	1.429
1.05816	-1.08331	1.51435
1.09067	-1.17446	1.60278
1.10573	-1.25743	1.67445
1.13715	-1.34179	1.75884
1.18048	-1.42563	1.85093
1.21848	-1.51173	1.94165
1.25503	-1.59997	2.03347
1.28606	-1.70378	2.13467
1.32668	-1.80146	2.23726
1.35471	-1.89632	2.33051
1.38375	-1.98723	2.42154
1.41514	-2.08499	2.51988
1.43613	-2.18268	2.61277
1.46532	-2.26103	2.69433
1.48583	-2.3523	2.78226
1.5097	-2.45761	2.88427
1.53447	-2.55978	2.98448
1.55253	-2.65496	3.07558
1.56918	-2.74969	3.16593
1.57458	-2.84085	3.24804
1.58564	-2.93993	3.34028
1.60185	-3.03779	3.43425
1.62019	-3.12888	3.52348
1.62455	-3.21524	3.60235
1.62604	-3.3204	3.69717
1.62411	-3.42271	3.78849
1.63214	-3.53038	3.8894
1.6323	-3.62796	3.97825
1.6198	-3.73674	4.07271
1.60181	-3.82677	4.14848
1.59523	-3.91772	4.23004
1.60369	-4.00763	4.31659
1.6124	-4.11349	4.41821
1.6151	-4.2164	4.51515
1.6217	-4.3234	4.61755
1.62052	-4.42582	4.71317
1.61831	-4.5236	4.80436
1.62323	-4.6171	4.89412
1.62416	-4.71896	4.99064
1.62785	-4.81536	5.08307
1.63038	-4.92087	5.18392
1.6256	-5.02561	5.28198
1.61817	-5.11719	5.36694
1.61174	-5.2126	5.45609
1.59917	-5.31625	5.55157
1.59809	-5.41479	5.64569
1.5928	-5.51402	5.73947
1.58565	-5.61319	5.83285
1.56302	-5.71207	5.92206
1.54885	-5.80881	6.01176
1.53681	-5.90894	6.10552
1.52908	-6.0093	6.20078
1.51444	-6.11851	6.30315
1.50537	-6.22662	6.40601
1.49959	-6.32957	6.50479
1.4837	-6.42576	6.59483
1.47353	-6.52304	6.6874
1.4571	-6.62332	6.78171
1.44683	-6.72564	6.8795
1.42833	-6.83163	6.97934
1.41438	-6.9204	7.06346
1.39927	-7.01797	7.1561
1.38233	-7.11583	7.24885
1.35991	-7.20258	7.32984
1.34858	-7.29402	7.41764
1.33386	-7.40811	7.52723
1.31057	-7.5149	7.62832
1.29264	-7.61802	7.72691
1.28391	-7.71546	7.82155
1.27086	-7.8146	7.91726
1.2599	-7.91231	8.01199
1.24117	-8.00961	8.10521
1.22913	-8.09773	8.19048
1.21027	-8.1941	8.283
1.20508	-8.30023	8.38725
1.19727	-8.40558	8.49042
1.18731	-8.50843	8.59087
1.17987	-8.61399	8.69442
1.1627	-8.71413	8.79136
1.15146	-8.81383	8.88873
1.15723	-8.91817	8.99294
1.15532	-9.02315	9.09681
1.1554	-9.12322	9.19609
1.14663	-9.21635	9.2874
1.14619	-9.30716	9.37747
1.14912	-9.40147	9.47144
1.16255	-9.50118	9.57204
1.17386	-9.60669	9.67815
1.18143	-9.70991	9.78152
1.18725	-9.81842	9.88994
1.19193	-9.92298	9.99431
1.19943	-10.0138	10.0854
1.20818	-10.0967	10.1688
1.21603	-10.1855	10.2579
1.22768	-10.2844	10.3574
1.24376	-10.3815	10.4557
1.26068	-10.4806	10.5561
1.27162	-10.5846	10.6607
1.28999	-10.6856	10.7632
1.3056	-10.7821	10.8609
1.32789	-10.8788	10.9595
1.34903	-10.984	11.0665
1.36643	-11.074	11.158
1.39107	-11.1683	11.2546
1.41656	-11.2658	11.3545
1.43176	-11.3705	11.4603
1.46979	-11.4632	11.5571
1.51019	-11.5648	11.663
1.55532	-11.666	11.7692
1.58807	-11.7698	11.8764
1.61662	-11.8702	11.9798
1.64036	-11.966	12.0779
1.67308	-12.0529	12.1685
1.70338	-12.1539	12.2727
1.72572	-12.2588	12.3796
1.75075	-12.3589	12.4823
1.78983	-12.4586	12.5865
1.82141	-12.5474	12.6789
1.85272	-12.6272	12.7624
1.87593	-12.7171	12.8547
1.89268	-12.8101	12.9491
1.91164	-12.9054	13.0462
1.93067	-13.0188	13.1611
1.94638	-13.1196	13.2632
1.97201	-13.2235	13.3697
2.00049	-13.3204	13.4698
2.02005	-13.4153	13.5665
2.03235	-13.5042	13.6562
2.04949	-13.5911	13.7447
2.07327	-13.6925	13.8485
2.09056	-13.7959	13.9534
2.11452	-13.906	14.0659
2.12713	-13.9992	14.1599
2.13895	-14.0918	14.2532
2.14977	-14.1949	14.3568
2.16175	-14.2956	14.4581
2.17443	-14.3968	14.5601
2.19195	-14.4824	14.6474
2.2041	-14.5718	14.7376
2.21127	-14.6642	14.83
2.21197	-14.7691	14.9338
2.22052	-14.8681	15.033
2.24949	-14.9839	15.1518
2.25914	-15.0917	15.2598
2.27119	-15.1974	15.3661
2.29007	-15.2883	15.4589
2.2914	-15.3887	15.5584
2.2932	-15.4849	15.6538
2.30522	-15.5877	15.7573
2.3152	-15.6887	15.8586
2.32552	-15.7879	15.9583
2.33528	-15.8872	16.0579
2.34573	-15.9952	16.1663
2.35682	-16.0924	16.2641
2.37284	-16.1967	16.3695
2.39158	-16.2942	16.4688
2.40533	-16.3925	16.568
2.41903	-16.4901	16.6666
2.43877	-16.5796	16.758
2.46313	-16.6719	16.8528
2.49243	-16.7684	16.9526
2.51568	-16.8587	17.0454
2.54227	-16.9512	17.1408
2.55974	-17.048	17.2391
2.59	-17.1473	17.3418
2.61936	-17.2514	17.4491
2.64835	-17.3376	17.5387
2.68147	-17.4254	17.6305
2.73385	-17.5223	17.7343
2.78023	-17.6089	17.8271
2.80143	-17.7043	17.9246
2.82225	-17.804	18.0263
2.85899	-17.9015	18.1284
2.89226	-17.999	18.2299
2.93827	-18.0906	18.3276
2.97081	-18.1846	18.4257
3.00974	-18.2757	18.5218
3.05266	-18.3731	18.625
3.09656	-18.4618	18.7197
3.13939	-18.5519	18.8157
3.17886	-18.6478	18.9168
3.22	-18.7474	19.0219
3.28029	-18.8347	19.1182
3.34038	-18.927	19.2195
3.39428	-19.0213	19.3217
3.43905	-19.1384	19.4449
3.4827	-19.243	19.5556
3.53336	-19.3476	19.6676
3.57867	-19.4414	19.768
3.61961	-19.5429	19.8753
3.66631	-19.6364	19.9758
3.71978	-19.7283	20.0759
3.78096	-19.8168	20.1743
3.83313	-19.9101	20.2757
3.87761	-20.0012	20.3736
3.93263	-20.0985	20.4797
3.98774	-20.1904	20.5804
4.04115	-20.2731	20.672
4.09249	-20.3584	20.7657
4.14012	-20.4489	20.8638
4.1869	-20.5282	20.9508
4.23663	-20.6104	21.0413
4.28644	-20.6952	21.1344
4.33529	-20.7676	21.2153
4.37757	-20.8515	21.3061
4.43275	-20.9277	21.392
4.48498	-21.0184	21.4916
4.54034	-21.1136	21.5963
4.59099	-21.2102	21.7013
4.64031	-21.3009	21.8005
4.68995	-21.3871	21.8953
4.73747	-21.4613	21.9779
4.77678	-21.5511	22.0741
4.83588	-21.6388	22.1726
4.8789	-21.7418	22.2825
4.92764	-21.8393	22.3884
4.96743	-21.957	22.5119
5.00328	-22.063	22.6232
5.04181	-22.1648	22.731
5.06912	-22.2628	22.8326
5.1079	-22.3604	22.9363
5.14151	-22.4666	23.0474
5.16813	-22.5693	23.1535
5.19157	-22.6699	23.2568
5.21358	-22.7742	23.3634
5.23458	-22.873	23.4644
5.24726	-22.9697	23.5615
5.26754	-23.0627	23.6566
5.28291	-23.1602	23.7551
5.29815	-23.2501	23.8462
5.30601	-23.3497	23.945
5.31422	-23.4415	24.0363
5.32669	-23.5313	24.1267
5.34408	-23.6276	24.2244
5.35719	-23.7193	24.3168
5.37592	-23.8172	24.4164
5.3864	-23.9178	24.5168
5.39606	-24.0041	24.6031
5.40876	-24.1021	24.7016
5.40864	-24.2036	24.8006
5.4129	-24.3142	24.9094
5.41781	-24.4217	25.0154
5.42102	-24.5269	25.1188
5.43247	-24.6201	25.2123
5.43705	-24.7205	25.3114
5.44247	-24.8289	25.4184
5.43882	-24.9328	25.5192
5.43873	-25.0352	25.6191
5.42861	-25.1345	25.714
5.4263	-25.2393	25.8161
5.43295	-25.3446	25.9204
5.43242	-25.446	26.0194
5.43264	-25.5451	26.1164
5.43428	-25.6536	26.2229
5.44247	-25.7623	26.331
5.44058	-25.8671	26.433
5.43706	-25.9678	26.5309
5.43113	-26.0665	26.6263
5.4345	-26.1675	26.7259
5.43158	-26.2678	26.8235
5.42891	-26.3547	26.9081
5.43121	-26.4476	26.9995
5.42721	-26.5407	27.0899
5.42979	-26.6374	27.1851
5.41843	-26.7154	27.2594
5.41553	-26.8047	27.3463
5.41092	-26.8965	27.4354
5.41516	-26.9808	27.5188
5.41981	-27.0736	27.6107
5.41902	-27.1643	27.6996
5.42654	-27.2633	27.7981
5.43193	-27.3506	27.8848
5.43103	-27.4441	27.9763
5.43317	-27.541	28.0718
5.42736	-27.6558	28.1833
5.42575	-27.7675	28.2926
5.42858	-27.8745	28.3982
5.4332	-27.9732	28.496
5.43853	-28.0742	28.5962
5.44171	-28.1723	28.6931
5.43836	-28.266	28.7844
5.44342	-28.3549	28.8726
5.44741	-28.4487	28.9655
5.46844	-28.5406	29.0597
5.47042	-28.6493	29.1669
5.47123	-28.7568	29.2727
5.47491	-28.8584	29.3732
5.48152	-28.9582	29.4725
5.48876	-29.0604	29.5742
5.48593	-29.1638	29.6753
5.4902	-29.2661	29.7767
5.5087	-29.3651	29.8773
5.52333	-29.464	29.9772
5.53652	-29.5769	30.0907
5.54871	-29.684	30.1981
5.56384	-29.7899	30.3051
5.58007	-29.8852	30.4017
5.59724	-29.9747	30.4928
5.6143	29.9303	30.4523
5.64306	29.8314	30.3605
5.67986	29.7345	30.2721
5.71047	29.6387	30.1838
5.73899	29.5521	30.1042
5.77024	29.4611	30.0209
5.80374	29.3656	29.9336
5.8201	29.2681	29.8412
5.85523	29.1778	29.7595
5.87905	29.088	29.6762
5.90478	29.0002	29.5952
5.92191	28.9081	29.5085
5.94937	28.8176	29.4253
5.98339	28.7254	29.3419
6.01957	28.6342	29.2601
6.03851	28.5495	29.1811
6.07572	28.463	29.1042
6.10944	28.374	29.0243
6.13682	28.2798	28.938
6.1745	28.179	28.8476
6.20622	28.0803	28.758
6.2467	27.9851	28.6738
6.28719	27.8885	28.5884
6.31745	27.791	28.5
6.35904	27.6936	28.4143
6.39777	27.5959	28.3278
6.42931	27.4953	28.237
6.47655	27.4178	28.1723
6.51631	27.3278	28.094
6.54264	27.2358	28.0106
6.57038	27.1425	27.9264
6.59792	27.0529	27.8459
6.6266	26.9608	27.7632
6.6567	26.8685	27.6809
6.69287	26.7798	27.6035
6.72292	26.6948	27.5283
6.75416	26.608	27.4519
6.7788	26.5187	27.3714
6.80067	26.4241	27.2852
6.81778	26.3267	27.1951
6.84515	26.2309	27.1094
6.86788	26.1344	27.0217
6.90057	26.0381	26.937
6.9315	25.9378	26.848
6.95975	25.8387	26.7596
6.98264	25.7432	26.6733
7.01757	25.648	26.5907
7.0433	25.5513	26.5042
7.06435	25.4641	26.4258
7.08338	25.3708	26.3411
7.1064	25.2747	26.2547
