#1 AntPos X	#2 AntPos Y	#3 Distance form nest	
0	0	0
0	0	0
0	0	0
0	0	0
0	0	0
0	0	0
0	0	0
0	0	0
0	0	0
0	0	0
0	0	0
0	0	0
0	0	0
0	0	0
0	0	0
0	0	0
0	0	0
0	0	0
0	0	0
0	0	0
0	0	0
0	0	0
0	0	0
0	0	0
0	0	0
0	0	0
0	0	0
0	0	0
0	0	0
0	0	0
0	0	0
0	0	0
0	0	0
0	0	0
0	0	0
0	0	0
0	0	0
0	0	0
0	0	0
0	0	0
0	0	0
0	0	0
0	0	0
0	0	0
0	0	0
0	0	0
0	0	0
0	0	0
0	0	0
0	0	0
0	0	0
0	0	0
0	0	0
0	0	0
0	0	0
0	0	0
0	0	0
0	0	0
0	0	0
0	0	0
0	0	0
0	0	0
0	0	0
0	0	0
0	0	0
0	0	0
0	0	0
0	0	0
0	0	0
0	0	0
0	0	0
0	0	0
0	0	0
0	0	0
0	0	0
0	0	0
0	0	0
0	0	0
0	0	0
0	0	0
0	0	0
0	0	0
0	0	0
0	0	0
0	0	0
0	0	0
0	0	0
0	0	0
0	0	0
0	0	0
0	0	0
0	0	0
0	0	0
0	0	0
0	0	0
0	0	0
0	0	0
0	0	0
0.0527932	0.00241502	0.0528484
0.134014	-0.0274157	0.136789
0.21608	-0.076235	0.229134
0.283118	-0.135267	0.313773
0.351845	-0.181919	0.396093
0.415561	-0.25125	0.485611
0.478118	-0.330087	0.580994
0.54341	-0.409857	0.680645
0.603368	-0.491328	0.778111
0.677709	-0.576908	0.890007
0.746077	-0.649094	0.988916
0.818095	-0.720684	1.09026
0.880232	-0.803348	1.19171
0.936243	-0.885086	1.28838
0.990974	-0.968639	1.38575
1.04572	-1.05248	1.48366
1.11069	-1.12793	1.58299
1.17658	-1.20201	1.68201
1.24732	-1.28358	1.7898
1.30875	-1.35751	1.88565
1.36861	-1.44266	1.98856
1.41844	-1.53195	2.08778
1.47625	-1.62729	2.19713
1.52416	-1.72404	2.30117
1.57111	-1.81265	2.39876
1.60226	-1.91329	2.49558
1.63148	-2.01275	2.59093
1.65917	-2.11328	2.68678
1.68066	-2.21641	2.78156
1.69519	-2.31361	2.86818
1.69576	-2.42386	2.95816
1.68957	-2.53727	3.04834
1.68521	-2.64059	3.13252
1.68144	-2.71908	3.19698
1.67663	-2.80873	3.27109
1.6743	-2.90098	3.34947
1.66599	-2.99645	3.42844
1.6542	-3.09881	3.51269
1.64061	-3.19975	3.59583
1.60449	-3.29433	3.66429
1.58925	-3.39429	3.74793
1.56545	-3.49212	3.82695
1.55065	-3.59089	3.9114
1.53261	-3.68479	3.99081
1.51448	-3.76911	4.062
1.50923	-3.84893	4.13425
1.50404	-3.94678	4.22364
1.4967	-4.03302	4.30179
1.49452	-4.11591	4.37885
1.48289	-4.20105	4.45508
1.46278	-4.29402	4.53633
1.45256	-4.37636	4.61112
1.44128	-4.47488	4.70126
1.45198	-4.57141	4.79646
1.46297	-4.66954	4.89335
1.47721	-4.76576	4.98945
1.49122	-4.86319	5.08668
1.50391	-4.96158	5.1845
1.51906	-5.06154	5.28458
1.53281	-5.16062	5.38344
1.55449	-5.25669	5.48172
1.57401	-5.35316	5.57977
1.59891	-5.42531	5.65601
1.61477	-5.5091	5.74088
1.62644	-5.59902	5.83047
1.63836	-5.69263	5.9237
1.64858	-5.78749	6.01771
1.66182	-5.88799	6.11801
1.6717	-5.9861	6.21514
1.67731	-6.08596	6.31286
1.67144	-6.18586	6.4077
1.65157	-6.28742	6.50072
1.62639	-6.394	6.5976
1.61172	-6.49113	6.68823
1.59503	-6.58877	6.77909
1.57386	-6.68288	6.86571
1.55698	-6.77092	6.94763
1.53579	-6.86449	7.0342
1.50533	-6.94763	7.10884
1.47021	-7.03591	7.18787
1.44057	-7.12897	7.27307
1.41335	-7.23959	7.37626
1.39029	-7.34122	7.47171
1.36115	-7.44111	7.56458
1.34481	-7.54013	7.65912
1.33279	-7.63405	7.74951
1.3124	-7.72972	7.84035
1.29034	-7.82452	7.9302
1.27349	-7.91658	8.01836
1.25143	-8.00367	8.10092
1.23516	-8.0833	8.17713
1.21013	-8.18004	8.26907
1.18552	-8.27661	8.36108
1.16074	-8.37342	8.45349
1.12279	-8.46495	8.53909
1.09081	-8.55931	8.62854
1.06065	-8.65963	8.72434
1.04218	-8.77122	8.83292
1.02966	-8.86421	8.92381
1.03003	-8.96152	9.02052
1.02935	-9.06562	9.12387
1.02584	-9.16966	9.22687
1.0116	-9.25937	9.31447
1.00839	-9.35587	9.41006
1.0073	-9.45341	9.50692
1.01744	-9.54542	9.59949
1.02943	-9.64103	9.69583
1.05229	-9.73713	9.79382
1.06249	-9.83372	9.89096
1.07541	-9.93298	9.99102
1.09593	-10.0243	10.084
1.11091	-10.1259	10.1866
1.12674	-10.224	10.2859
1.1358	-10.3143	10.3766
1.14958	-10.4169	10.4801
1.16841	-10.5124	10.5772
1.19287	-10.6181	10.6849
1.21644	-10.7322	10.8009
1.23374	-10.8253	10.8954
1.24666	-10.9153	10.9862
1.26824	-11.0037	11.0765
1.28199	-11.0915	11.1654
1.29819	-11.1835	11.2586
1.31797	-11.28	11.3568
1.36044	-11.3814	11.4625
1.40029	-11.4793	11.5644
1.44765	-11.5649	11.6551
1.49881	-11.6501	11.7462
1.54862	-11.7352	11.837
1.59686	-11.8229	11.9302
1.63582	-11.9152	12.027
1.67698	-12.0079	12.1244
1.72033	-12.0942	12.216
1.76583	-12.1829	12.3102
1.81118	-12.2769	12.4098
1.85541	-12.37	12.5084
1.89843	-12.4636	12.6073
1.93443	-12.561	12.7091
1.97093	-12.6513	12.8039
2.0062	-12.742	12.899
2.04044	-12.8553	13.0163
2.07263	-12.9457	13.1106
2.08659	-13.049	13.2148
2.09353	-13.1449	13.3106
2.10109	-13.2398	13.4055
2.10326	-13.3399	13.5046
2.10175	-13.4408	13.6042
2.09972	-13.5412	13.7031
2.10317	-13.6477	13.8088
2.10695	-13.7609	13.9213
2.10686	-13.8714	14.0305
2.11681	-13.9748	14.1342
2.12189	-14.078	14.237
2.12513	-14.1767	14.3351
2.13547	-14.2808	14.4396
2.14146	-14.3787	14.5373
2.16066	-14.4724	14.6328
2.18015	-14.5692	14.7314
2.19292	-14.6653	14.8284
2.21155	-14.7782	14.9428
2.23732	-14.8795	15.0468
2.24967	-14.9683	15.1364
2.26806	-15.0859	15.2555
2.26849	-15.1899	15.3584
2.25666	-15.281	15.4468
2.24275	-15.3741	15.5369
2.23747	-15.4575	15.6186
2.23769	-15.5493	15.7095
2.244	-15.6598	15.8197
2.24664	-15.778	15.9371
2.26237	-15.8856	16.0459
2.27918	-15.9919	16.1535
2.29517	-16.0987	16.2615
2.31237	-16.2	16.3642
2.32534	-16.2944	16.4594
2.33622	-16.3908	16.5564
2.33894	-16.4795	16.6447
2.3493	-16.5696	16.7353
2.36066	-16.6612	16.8276
2.37541	-16.7595	16.927
2.39391	-16.86	17.0291
2.40954	-16.9568	17.1271
2.44768	-17.0389	17.2138
2.49335	-17.1309	17.3114
2.53786	-17.2222	17.4082
2.58203	-17.3147	17.5062
2.62289	-17.4052	17.6018
2.65581	-17.4871	17.6876
2.6904	-17.5735	17.7783
2.72653	-17.6614	17.8706
2.75864	-17.7529	17.966
2.79092	-17.8436	18.0606
2.82476	-17.943	18.164
2.8662	-18.0406	18.2669
2.91079	-18.13	18.3622
2.96118	-18.2101	18.4493
3.00943	-18.2903	18.5362
3.05344	-18.3927	18.6444
3.09917	-18.4898	18.7478
3.14664	-18.5809	18.8454
3.19785	-18.6707	18.9425
3.2481	-18.7591	19.0382
3.29791	-18.8468	19.1332
3.36232	-18.9347	19.2309
3.41785	-19.0223	19.3269
3.47504	-19.1104	19.4237
3.52734	-19.1945	19.516
3.56341	-19.2832	19.6097
3.58902	-19.3606	19.6905
3.627	-19.4525	19.7877
3.66903	-19.5595	19.9007
3.70811	-19.6584	20.0051
3.74577	-19.7551	20.1071
3.7962	-19.8449	20.2048
3.84443	-19.9424	20.3096
3.88705	-20.0464	20.4198
3.93642	-20.1548	20.5357
3.98319	-20.2586	20.6465
4.02661	-20.3543	20.7487
4.07542	-20.4372	20.8396
4.1205	-20.5129	20.9227
4.17397	-20.603	21.0216
4.22661	-20.6912	21.1185
4.2724	-20.7634	21.1984
4.31684	-20.8393	21.2817
4.36019	-20.916	21.3656
4.40611	-20.982	21.4396
4.4606	-21.0558	21.523
4.51891	-21.1321	21.6099
4.57405	-21.1906	21.6787
4.63642	-21.2675	21.767
4.72436	-21.356	21.8723
4.80629	-21.4385	21.9706
4.88127	-21.5178	22.0646
4.94287	-21.6054	22.1636
4.99174	-21.6942	22.2611
5.03827	-21.7808	22.3559
5.08359	-21.8665	22.4497
5.13449	-21.9427	22.5354
5.17665	-22.0292	22.6292
5.21714	-22.1184	22.7254
5.25611	-22.2073	22.8208
5.28985	-22.303	22.9218
5.32359	-22.4051	23.0289
5.34683	-22.5061	23.1326
5.38045	-22.5987	23.2304
5.39964	-22.6915	23.3251
5.41225	-22.7892	23.4231
5.41994	-22.8831	23.5162
5.43639	-22.9705	23.605
5.44298	-23.0729	23.7062
5.4514	-23.1666	23.7993
5.46089	-23.2691	23.9013
5.46437	-23.3707	24.001
5.46061	-23.465	24.092
5.45663	-23.5478	24.1718
5.44962	-23.6424	24.2623
5.4422	-23.7394	24.3552
5.42632	-23.8512	24.4607
5.40966	-23.9548	24.558
5.39452	-24.0574	24.6548
5.39679	-24.1626	24.758
5.40375	-24.2571	24.8517
5.40466	-24.3509	24.9434
5.41359	-24.4459	25.0382
5.42162	-24.5413	25.1331
5.42915	-24.6573	25.2479
5.43666	-24.7641	25.3538
5.4425	-24.8654	25.454
5.44726	-24.9608	25.5483
5.45227	-25.0578	25.6441
5.4453	-25.1624	25.7449
5.44451	-25.2661	25.846
5.44496	-25.3659	25.9437
5.44814	-25.4776	26.0536
5.45157	-25.5834	26.1578
5.45323	-25.6828	26.2553
5.47108	-25.7879	26.3619
5.49061	-25.89	26.4658
5.50481	-25.9846	26.5613
5.50754	-26.0931	26.668
5.50927	-26.1971	26.7702
5.50984	-26.3076	26.8784
5.5051	-26.4119	26.9795
5.49244	-26.5164	27.0792
5.47942	-26.6226	27.1806
5.46708	-26.7118	27.2656
5.4528	-26.8062	27.3552
5.43685	-26.9018	27.4457
5.42189	-26.9996	27.5386
5.40542	-27.1078	27.6415
5.39471	-27.2237	27.7531
5.38495	-27.3317	27.8572
5.38283	-27.44	27.963
5.37698	-27.5595	28.0791
5.36964	-27.6678	28.1841
5.36254	-27.7768	28.2897
5.37036	-27.8801	28.3926
5.37996	-27.9783	28.4908
5.38953	-28.0779	28.5905
5.38862	-28.1785	28.6891
5.37949	-28.2805	28.7876
5.35577	-28.3958	28.8965
5.34238	-28.5042	29.0006
5.33755	-28.6106	29.1043
5.33839	-28.7212	29.2131
5.33808	-28.8175	29.3077
5.33879	-28.916	29.4047
5.34615	-28.9952	29.4839
5.34308	-29.0774	29.5642
5.34701	-29.1788	29.6647
5.34988	-29.2801	29.7648
5.35401	-29.3795	29.8634
5.36571	-29.4734	29.9578
5.37585	-29.5702	30.0548
5.39908	-29.6555	30.143
5.42256	-29.7469	30.2371
5.43683	-29.8392	30.3305
5.45454	-29.9375	30.4304
5.47192	29.9562	30.4519
5.48323	29.8513	30.3507
5.50659	29.7542	30.2595
5.54875	29.6584	30.1729
5.58764	29.5721	30.0954
5.61919	29.4814	30.0122
5.63983	29.3824	29.9188
5.6739	29.2931	29.8376
5.7003	29.1993	29.7505
5.73232	29.1095	29.6685
5.77163	29.008	29.5766
5.80831	28.9048	29.4826
5.84539	28.8095	29.3965
5.88505	28.7169	29.3137
5.92158	28.6258	29.2318
5.95939	28.5317	29.1474
5.99874	28.4376	29.0634
6.03258	28.3493	28.984
6.06936	28.2508	28.8954
6.10517	28.1542	28.8086
6.13949	28.0589	28.7228
6.17558	27.9727	28.6463
6.21198	27.8856	28.5692
6.26113	27.7951	28.4916
6.31123	27.7016	28.4114
6.36706	27.6118	28.3364
6.42752	27.5278	28.2682
6.48792	27.4462	28.2026
6.54333	27.3612	28.1328
6.59428	27.2734	28.0593
6.64047	27.1849	27.9841
6.68917	27.094	27.9075
6.72241	26.9917	27.8163
6.7548	26.8795	27.7153
6.78414	26.7738	27.6199
6.80714	26.6599	27.5152
6.82679	26.5516	27.4152
6.83723	26.4578	27.327
6.86311	26.3573	27.2361
6.88998	26.2574	27.1463
6.91642	26.1592	27.0581
6.9359	26.0617	26.9688
6.95447	25.9593	26.8747
6.97465	25.859	26.7831
6.99548	25.7594	26.6924
7.00464	25.6717	26.6102
7.0214	25.5763	26.5226
7.02638	25.491	26.4417
7.04293	25.3994	26.3578
7.05515	25.305	26.2701
7.0708	25.2133	26.186
7.09432	25.1211	26.1037
7.12437	25.0264	26.0207
7.15298	24.9285	25.9344
7.18548	24.8319	25.8506
7.20649	24.7337	25.7622
7.22832	24.6404	25.6787
7.25236	24.5487	25.5976
7.27948	24.4521	25.5127
7.31159	24.3677	25.441
7.34403	24.2808	25.3671
7.38041	24.1907	25.2915
7.42052	24.0955	25.2122
7.43968	24.002	25.1286
7.45917	23.9065	25.0431
7.47934	23.8055	24.9528
7.50477	23.6971	24.8571
7.53321	23.6009	24.774
7.54671	23.4972	24.6794
7.55055	23.3981	24.5862
7.54082	23.3001	24.49
7.53208	23.2011	24.3931
7.52953	23.1102	24.3058
7.53067	23.005	24.2063
7.52165	22.9058	24.1092
7.52072	22.808	24.0159
7.52442	22.7144	23.9283
7.52356	22.616	23.8345
7.5347	22.5155	23.7427
7.53546	22.4155	23.6482
7.54506	22.3119	23.5532
7.56951	22.2121	23.4664
7.59735	22.1148	23.3834
7.60641	22.0104	23.2876
7.61359	21.9122	23.1972
7.60394	21.8069	23.0946
7.57156	21.7055	22.9882
7.51716	21.6143	22.8842
7.44988	21.5407	22.7926
7.37638	21.4588	22.6912
7.29989	21.3844	22.596
7.23057	21.3272	22.5195
7.1505	21.2729	22.4425
7.07631	21.2266	22.3751
6.99659	21.1755	22.3015
6.91017	21.127	22.2284
6.81791	21.0888	22.1635
6.72077	21.0543	22.1009
6.61973	21.0109	22.029
6.5223	20.974	21.9647
6.41534	20.9381	21.8989
6.31994	20.9006	21.8352
6.22182	20.869	21.7767
6.12168	20.8511	21.7311
6.02173	20.8344	21.6872
5.91787	20.803	21.6284
5.82529	20.7835	21.5844
5.72872	20.7667	21.5424
5.63556	20.7548	21.5063
5.55193	20.7246	21.4554
5.45417	20.6903	21.3971
5.36574	20.6663	21.3516
5.27339	20.6406	21.3036
5.17268	20.6018	21.2412
5.08288	20.5593	21.1783
4.99488	20.5165	21.1157
4.91336	20.468	21.0495
4.82861	20.4201	20.9832
4.74197	20.3729	20.9175
4.6539	20.3243	20.8503
4.56289	20.2793	20.7863
4.47982	20.2422	20.732
4.3864	20.2105	20.681
4.28731	20.1786	20.6291
4.19834	20.1512	20.5839
4.10246	20.1132	20.5273
4.01369	20.0624	20.46
3.93124	19.9901	20.373
3.85483	19.9181	20.2877
3.79289	19.8513	20.2104
3.73215	19.781	20.13
3.66228	19.7253	20.0624
3.59392	19.6583	19.9842
3.52898	19.585	19.9004
3.46563	19.508	19.8134
3.40253	19.4306	19.7263
3.33921	19.3541	19.6401
3.27771	19.2811	19.5577
3.21662	19.2067	19.4742
3.15044	19.1356	19.3933
3.10043	19.0618	19.3123
3.04219	18.9874	19.2295
2.98	18.9102	19.1436
2.91046	18.8453	19.0687
2.85002	18.7669	18.982
2.79116	18.6992	18.9063
2.72617	18.6317	18.8301
2.65981	18.5579	18.7475
2.59581	18.4774	18.6588
2.5297	18.4032	18.5763
2.46482	18.3389	18.5038
2.40244	18.275	18.4322
2.33807	18.2056	18.3551
2.26988	18.1191	18.2607
2.2025	18.0448	18.1787
2.1315	17.9654	18.0914
2.06195	17.8846	18.0031
1.9982	17.8102	17.922
1.93751	17.7324	17.838
1.89487	17.6646	17.7659
1.845	17.5841	17.6806
1.79804	17.502	17.5941
1.74983	17.4197	17.5074
1.69969	17.3355	17.4186
1.64123	17.2507	17.3286
1.57892	17.1558	17.2283
1.52223	17.0635	17.1313
1.47406	16.9736	17.0375
1.43028	16.8737	16.9342
1.38713	16.7808	16.838
1.34675	16.6849	16.7392
1.30869	16.5849	16.6365
1.27352	16.4855	16.5346
1.24045	16.3783	16.4252
1.2115	16.2765	16.3215
1.18843	16.1788	16.2224
1.16562	16.0813	16.1235
1.1404	15.9853	16.026
1.11562	15.8865	15.9256
1.08762	15.7932	15.8306
1.07483	15.6829	15.7196
1.06109	15.5719	15.608
1.04072	15.4639	15.4989
1.00991	15.3728	15.4059
0.980704	15.2749	15.3063
0.946361	15.1757	15.2051
0.918534	15.0757	15.1036
0.877946	14.9803	15.006
0.855395	14.8822	14.9068
0.837918	14.7862	14.8099
0.816825	14.6934	14.7161
0.803722	14.5906	14.6127
0.793655	14.49	14.5117
0.785843	14.3882	14.4096
0.780496	14.2878	14.3091
0.776149	14.187	14.2082
0.775857	14.0864	14.1078
0.777298	13.9862	14.0077
0.780475	13.8957	13.9176
0.783773	13.8031	13.8254
0.781325	13.6993	13.7216
0.793892	13.6	13.6232
0.814547	13.4953	13.5199
0.830133	13.3949	13.4206
0.854236	13.2953	13.3227
0.884772	13.1993	13.2289
0.925201	13.097	13.1297
0.954332	13.006	13.041
0.980949	12.9009	12.9382
1.02	12.7987	12.8392
1.04984	12.7002	12.7436
1.09212	12.6105	12.6577
1.1371	12.5066	12.5582
1.18885	12.4057	12.4626
1.22808	12.3084	12.3695
1.26926	12.2162	12.282
1.30919	12.1317	12.2021
1.36205	12.0423	12.1191
1.40634	11.9499	12.0324
1.44744	11.8496	11.9377
1.48856	11.7519	11.8458
1.52117	11.659	11.7578
1.55262	11.5672	11.6709
1.59463	11.4605	11.5709
1.62922	11.3689	11.4851
1.65199	11.2827	11.403
1.68546	11.1835	11.3098
1.70824	11.0742	11.2051
1.73545	10.9689	11.1053
1.7634	10.8702	11.0123
1.80302	10.7736	10.9234
1.83542	10.6766	10.8332
1.86469	10.5796	10.7427
1.89372	10.4743	10.6441
1.90747	10.3614	10.5355
1.92307	10.2549	10.4337
1.94208	10.1686	10.3524
1.96004	10.0776	10.2664
1.97495	9.98584	10.1793
1.99371	9.88897	10.0879
2.01243	9.78958	9.99428
2.03521	9.68303	9.8946
2.0585	9.58126	9.7999
2.07761	9.48264	9.70757
2.08774	9.3825	9.61197
2.10887	9.26528	9.50225
2.13062	9.16072	9.40523
2.1517	9.05504	9.30718
2.16955	8.96756	9.22627
2.17756	8.88414	9.14712
2.1865	8.79401	9.06175
2.21207	8.71	8.98651
2.2302	8.60986	8.89402
2.24273	8.51659	8.80694
2.25404	8.42468	8.72101
2.26224	8.32314	8.62511
2.25834	8.21499	8.51976
2.2466	8.10666	8.4122
2.24055	8.00203	8.30978
2.24334	7.89419	8.20675
2.24325	7.79197	8.10845
2.24293	7.69103	8.01141
2.24194	7.59009	7.91427
2.23385	7.4926	7.81852
2.23751	7.3933	7.72447
2.23194	7.29605	7.6298
2.2291	7.19921	7.53642
2.2158	7.10532	7.4428
2.20402	7.00755	7.34598
2.19914	6.90893	7.25049
2.19516	6.81798	7.16265
2.18697	6.73715	7.08322
2.18106	6.64416	6.99298
2.17537	6.54675	6.89871
2.16903	6.45571	6.81035
2.16238	6.35821	6.71586
2.15093	6.26299	6.62205
2.13194	6.16311	6.52144
2.10613	6.06118	6.41668
2.08831	5.96664	6.32153
2.07442	5.8722	6.22784
2.05317	5.77677	6.13079
2.00757	5.67153	6.01636
1.98202	5.5668	5.90912
1.96753	5.47281	5.81574
1.95626	5.37944	5.7241
1.94346	5.27867	5.62507
1.92183	5.18428	5.52903
1.91304	5.08172	5.42989
1.89718	4.97693	5.32627
1.89076	4.86588	5.22032
1.88019	4.75009	5.10867
1.86994	4.64044	5.00304
1.85679	4.53656	4.90184
1.84949	4.43511	4.80529
1.85364	4.34872	4.7273
1.84362	4.26109	4.64283
1.82919	4.16685	4.55067
1.81511	4.06037	4.44761
1.79911	3.95836	4.34803
1.79356	3.86387	4.25986
1.7683	3.75613	4.15155
1.73738	3.65235	4.04452
1.69465	3.56193	3.94451
1.67173	3.4675	3.84945
1.66762	3.3691	3.75922
1.66069	3.2699	3.66744
1.65145	3.16796	3.57257
1.63426	3.06904	3.47704
1.61321	2.97341	3.38284
1.5836	2.88497	3.29102
1.55842	2.79296	3.19832
1.547	2.6983	3.11031
1.52601	2.61209	3.02518
1.50528	2.52133	2.93649
1.47915	2.43083	2.84549
1.45192	2.32635	2.74226
1.42753	2.22341	2.64223
1.407	2.13114	2.5537
1.38506	2.03637	2.46276
1.36681	1.93644	2.37023
1.34393	1.83771	2.27669
1.32396	1.7414	2.18755
1.29828	1.64363	2.09452
1.27364	1.54121	1.99937
1.25005	1.44691	1.91211
1.22201	1.34835	1.81971
1.17469	1.25397	1.71824
1.12752	1.15634	1.61506
1.08044	1.06539	1.51737
1.02479	0.976629	1.41563
0.958936	0.891555	1.30936
0.897134	0.80875	1.20786
0.837291	0.726261	1.10838
0.771249	0.648087	1.00739
0.699394	0.575249	0.905573
0.646014	0.485677	0.808218
0.588753	0.394401	0.708648
0.556726	0.280041	0.623191
0.522511	0.175688	0.551257
0.498526	0.0676816	0.503099
0.490978	-0.0386997	0.492501
0.494874	-0.142041	0.514855
0.504767	-0.245775	0.561422
0.534956	-0.33533	0.631367
0.578888	-0.424416	0.717802
0.616471	-0.515595	0.803663
0.66223	-0.599988	0.893607
0.704249	-0.679769	0.978802
0.727966	-0.754898	1.04872
0.763729	-0.850523	1.1431
0.813879	-0.94178	1.24473
0.872018	-1.02867	1.34854
0.935707	-1.1096	1.45146
1.01401	-1.18482	1.55949
1.09044	-1.25861	1.66528
1.16032	-1.3367	1.77006
1.22396	-1.41956	1.87436
1.28112	-1.51391	1.98323
1.33927	-1.6045	2.08999
1.39293	-1.69356	2.1928
1.44447	-1.78513	2.29634
1.47748	-1.8798	2.39094
1.50292	-1.98166	2.48711
1.52966	-2.08084	2.58259
1.56163	-2.17453	2.67717
1.59151	-2.2909	2.78947
1.63041	-2.38249	2.88695
1.65565	-2.47982	2.98172
1.67257	-2.58135	3.07585
1.6865	-2.69143	3.17617
1.68861	-2.77304	3.24671
1.69413	-2.86641	3.32963
1.69636	-2.96449	3.41553
1.69685	-3.06272	3.50136
1.68789	-3.16057	3.58304
1.6765	-3.26165	3.66729
1.66496	-3.36295	3.75254
1.65729	-3.46213	3.83835
1.65699	-3.554	3.9213
1.64877	-3.64853	4.00378
1.64038	-3.74558	4.08904
1.64136	-3.83624	4.17263
1.62973	-3.9314	4.25581
1.62041	-4.03017	4.34373
1.62782	-4.12899	4.43828
1.62447	-4.21832	4.5203
1.61841	-4.32087	4.61402
1.60058	-4.41435	4.69557
1.60163	-4.52048	4.79582
1.59696	-4.63299	4.90049
1.5821	-4.74752	5.0042
1.57835	-4.8542	5.10435
1.58838	-4.95645	5.20474
1.58767	-5.0334	5.27786
1.58979	-5.12023	5.36136
1.59588	-5.2117	5.45056
1.60103	-5.29834	5.53495
1.6116	-5.38866	5.62449
1.62222	-5.47876	5.71388
1.62904	-5.57411	5.80728
1.62835	-5.67168	5.9008
1.62185	-5.77586	5.99924
1.62888	-5.87782	6.09934
1.62446	-5.97352	6.19046
1.61464	-6.0767	6.28755
1.59997	-6.17676	6.38062
1.58423	-6.27969	6.47644
1.56937	-6.39161	6.58146
1.54063	-6.49442	6.67466
1.51683	-6.59349	6.76572
1.49411	-6.69651	6.86117
1.47281	-6.80281	6.96042
1.45728	-6.90524	7.05734
1.44501	-6.99687	7.14453
1.42923	-7.08013	7.22295
1.41436	-7.16247	7.30078
1.37824	-7.25694	7.38665
1.34328	-7.34789	7.46967
1.31227	-7.44439	7.55917
1.27011	-7.55067	7.65675
1.24365	-7.64371	7.74422
1.21846	-7.7394	7.83473
1.20227	-7.83204	7.92378
1.20014	-7.93065	8.02095
1.18937	-8.02913	8.11674
1.18668	-8.12436	8.21057
1.17784	-8.22057	8.30452
1.16319	-8.31803	8.39896
1.14164	-8.41624	8.49332
1.12357	-8.53066	8.60433
1.10777	-8.63401	8.70478
1.08789	-8.72337	8.79094
1.08223	-8.81434	8.88053
1.07382	-8.91112	8.97558
1.08497	-9.0041	9.06923
1.10334	-9.09482	9.1615
1.11283	-9.19117	9.2583
1.12917	-9.28993	9.3583
1.13845	-9.3903	9.45906
1.15706	-9.48314	9.55347
1.16953	-9.59128	9.66232
1.17558	-9.69563	9.76664
1.17437	-9.80841	9.87846
1.17534	-9.91206	9.9815
1.18408	-10.0158	10.0855
1.19506	-10.1172	10.1875
1.20922	-10.2199	10.2912
1.22674	-10.3284	10.401
1.23585	-10.4335	10.5065
1.24712	-10.5364	10.6099
1.24223	-10.6336	10.7059
1.24946	-10.7308	10.8033
1.25948	-10.8136	10.8867
1.26629	-10.8991	10.9724
1.28007	-10.9869	11.0612
1.30563	-11.0807	11.1574
1.33397	-11.1717	11.251
1.35777	-11.2772	11.3586
1.39351	-11.3693	11.4544
1.41773	-11.4696	11.5569
1.44798	-11.5832	11.6734
1.47856	-11.6852	11.7783
1.50984	-11.7783	11.8747
1.5395	-11.8705	11.97
1.58391	-11.9636	12.068
1.62199	-12.0567	12.1653
1.66095	-12.155	12.268
1.68684	-12.2395	12.3552
1.72174	-12.3236	12.4433
1.75537	-12.4259	12.5493
1.79399	-12.5313	12.6591
1.83254	-12.631	12.7633
1.86571	-12.7252	12.8612
1.89855	-12.8205	12.9603
1.93845	-12.9202	13.0648
1.96224	-13.0271	13.1741
1.98842	-13.1265	13.2763
2.01014	-13.2252	13.3771
2.03862	-13.3225	13.4776
2.061	-13.4203	13.5777
2.09305	-13.5198	13.6808
2.12518	-13.6179	13.7827
2.14185	-13.7329	13.8989
2.15503	-13.8413	14.008
2.16541	-13.9455	14.1126
2.18464	-14.0445	14.2134
2.19478	-14.1339	14.3033
2.20185	-14.2231	14.3925
2.19999	-14.3274	14.4954
2.20036	-14.4377	14.6045
2.20407	-14.5389	14.705
2.21498	-14.6379	14.8045
2.2226	-14.7317	14.8985
2.22577	-14.8301	14.9961
2.22079	-14.9181	15.0825
2.22162	-15.011	15.1745
2.22488	-15.1042	15.2672
2.23473	-15.1931	15.3566
2.24844	-15.284	15.4485
2.25571	-15.3786	15.5431
2.26067	-15.4764	15.6407
2.27287	-15.5858	15.7507
2.27206	-15.6888	15.8525
2.29091	-15.7907	15.956
2.29958	-15.8898	16.0554
2.3074	-15.9953	16.1609
2.30793	-16.0971	16.2617
2.31468	-16.1919	16.3565
2.32412	-16.2994	16.4643
2.33807	-16.4023	16.5681
2.35642	-16.498	16.6654
2.37853	-16.6024	16.7719
2.40265	-16.704	16.8759
2.42982	-16.8013	16.9761
2.4614	-16.9009	17.0792
2.49427	-16.9932	17.1752
2.5352	-17.0812	17.2683
2.56937	-17.1756	17.3668
2.60291	-17.2716	17.4666
2.63832	-17.3685	17.5678
2.68082	-17.4667	17.6713
2.72097	-17.5646	17.7741
2.75056	-17.6654	17.8783
2.79425	-17.7537	17.9722
2.83611	-17.8459	18.0698
2.88178	-17.9377	18.1677
2.92063	-18.0269	18.2619
2.95386	-18.12	18.3592
2.99239	-18.2195	18.4636
3.03514	-18.3125	18.5623
3.07927	-18.4098	18.6656
3.1177	-18.5135	18.7742
3.15606	-18.6003	18.8662
3.19723	-18.6883	18.9598
3.23841	-18.7747	19.052
3.27634	-18.8615	19.1439
3.31974	-18.9512	19.2397
3.36115	-19.0395	19.3339
3.40461	-19.1289	19.4295
3.45523	-19.2191	19.5272
3.49699	-19.2965	19.6108
3.53594	-19.3894	19.7091
3.57279	-19.4661	19.7912
3.6211	-19.5569	19.8893
3.65995	-19.6551	19.993
3.70742	-19.752	20.097
3.74249	-19.8455	20.1953
3.7851	-19.9362	20.2923
3.83068	-20.0283	20.3914
3.87655	-20.1035	20.4738
3.91849	-20.1842	20.561
3.9712	-20.2644	20.6499
4.03389	-20.3571	20.7529
4.08325	-20.4528	20.8564
4.13846	-20.5402	20.9529
4.19681	-20.634	21.0564
4.26068	-20.7177	21.1513
4.32474	-20.7907	21.2357
4.38955	-20.8585	21.3154
4.46526	-20.9398	21.4106
4.53855	-21.0228	21.5071
4.59563	-21.0956	21.5904
4.65892	-21.1688	21.6754
4.70708	-21.2489	21.764
4.7617	-21.3286	21.8537
4.81585	-21.4153	21.9501
4.84951	-21.4989	22.039
4.89421	-21.5731	22.1213
4.93413	-21.6604	22.2152
4.97091	-21.7528	22.3136
5.01023	-21.8366	22.404
5.04653	-21.9259	22.4992
5.07923	-22.0153	22.5936
5.12192	-22.1246	22.7097
5.16897	-22.2225	22.8158
5.19792	-22.3132	22.9106
5.22221	-22.4132	23.0135
5.24785	-22.5085	23.1122
5.26111	-22.598	23.2023
5.27683	-22.6922	23.2976
5.2932	-22.7883	23.3949
5.29588	-22.8928	23.4974
5.30359	-22.988	23.5918
5.31996	-23.082	23.6872
5.3341	-23.178	23.7839
5.34842	-23.2704	23.8771
5.36249	-23.3673	23.9747
5.37221	-23.4663	24.0734
5.37159	-23.5558	24.1605
5.37639	-23.6416	24.2453
5.38731	-23.7221	24.3261
5.4029	-23.8109	24.4162
5.41215	-23.8971	24.5023
5.41983	-23.9938	24.5983
5.42799	-24.0936	24.6975
5.44463	-24.1952	24.8003
5.4566	-24.2989	24.904
5.46238	-24.4028	25.0067
5.46679	-24.5039	25.1064
5.47044	-24.6037	25.2046
5.47107	-24.7034	25.302
5.48671	-24.8014	25.401
5.49272	-24.9018	25.5004
5.49271	-25.0032	25.5995
5.48336	-25.0944	25.6865
5.47547	-25.197	25.785
5.46971	-25.2985	25.8831
5.46448	-25.41	25.991
5.45265	-25.5104	26.0866
5.44482	-25.6105	26.1829
5.4353	-25.7142	26.2824
5.43031	-25.815	26.38
5.40956	-25.9098	26.4685
5.39051	-26.0116	26.5643
5.38979	-26.1128	26.6632
5.38857	-26.2135	26.7617
5.38579	-26.3137	26.8593
5.39418	-26.4212	26.9662
5.39652	-26.5205	27.064
5.39681	-26.6204	27.1619
5.3987	-26.7212	27.2611
5.401	-26.8214	27.3598
5.39883	-26.9239	27.4599
5.39046	-27.0226	27.555
5.37967	-27.1264	27.6547
5.37564	-27.2324	27.7579
5.37538	-27.3331	27.8567
5.38334	-27.4275	27.9508
5.384	-27.5328	28.0543
5.36886	-27.6386	28.1552
5.36617	-27.7507	28.2648
5.37189	-27.8574	28.3706
5.37484	-27.9713	28.4831
5.38539	-28.0775	28.5893
5.3983	-28.1776	28.6901
5.4103	-28.2765	28.7894
5.40604	-28.375	28.8854
5.40983	-28.4772	28.9865
5.43225	-28.5837	29.0953
5.44981	-28.6785	29.1917
5.46472	-28.7817	29.2959
5.49183	-28.8807	29.3982
5.50525	-28.972	29.4904
5.51452	-29.0703	29.5887
5.51824	-29.1675	29.6849
5.52123	-29.2625	29.7788
5.52851	-29.3671	29.8829
5.53355	-29.4658	29.9809
5.53854	-29.5664	30.0807
5.53955	-29.6739	30.1865
5.54407	-29.7864	30.298
5.54172	-29.8958	30.4051
5.52369	-29.9897	30.4941
5.50452	29.9057	30.4081
5.50969	29.798	30.3031
5.53203	29.6948	30.2057
5.55479	29.5994	30.1161
5.58464	29.503	30.0269
5.61735	29.398	29.9298
5.63756	29.3014	29.8388
5.67083	29.2097	29.7551
5.70524	29.1276	29.6811
5.72299	29.0418	29.6004
5.75768	28.953	29.52
5.80538	28.8658	29.4437
5.85639	28.782	29.3718
5.90968	28.7028	29.3049
5.96288	28.6308	29.2451
6.02444	28.5456	29.1744
6.07772	28.4628	29.1045
6.12492	28.375	29.0285
6.17208	28.2838	28.9494
6.21157	28.1994	28.8754
6.24685	28.1124	28.7981
6.28228	28.0267	28.7222
6.31436	27.9283	28.6332
6.34617	27.8308	28.5451
6.37294	27.7365	28.4592
6.4025	27.6494	28.381
6.4352	27.562	28.3032
6.46769	27.4698	28.2209
6.50042	27.3705	28.1319
6.53123	27.2744	28.0455
6.56855	27.1893	27.9715
6.6016	27.097	27.8896
6.64006	27.003	27.8074
6.66532	26.9116	27.7247
6.69047	26.8255	27.6472
6.71771	26.7284	27.5597
6.7345	26.6343	27.4725
6.75942	26.5432	27.3903
6.78854	26.4573	27.3143
6.81594	26.3608	27.2277
6.84129	26.2612	27.1377
6.86827	26.1629	27.0494
6.8953	26.0639	26.9606
6.92481	25.9673	26.8748
6.95189	25.8697	26.7875
6.98119	25.7641	26.6932
7.01405	25.6642	26.6054
7.04929	25.5741	26.5279
7.08156	25.4812	26.4469
7.11039	25.3723	26.3498
7.14741	25.2754	26.2665
7.18646	25.1819	26.1873
7.20779	25.0823	26.0974
7.22226	24.9852	26.0081
7.24717	24.8735	25.9078
7.26805	24.7862	25.8298
7.28637	24.6938	25.7464
7.31149	24.58	25.6444
7.33396	24.4742	25.5494
7.34888	24.378	25.4616
7.35641	24.2778	25.3678
7.37205	24.18	25.2788
7.39881	24.0875	25.1982
7.42118	23.9913	25.1129
7.44001	23.8905	25.0222
7.45416	23.7809	24.9218
7.46473	23.6773	24.8261
7.4768	23.5732	24.7305
7.48633	23.4723	24.6373
7.50034	23.3796	24.5532
7.53396	23.2643	24.4538
7.55016	23.1522	24.3522
7.56164	23.0458	24.2546
7.57639	22.9513	24.1695
7.58297	22.8669	24.0914
7.58512	22.7734	24.0034
7.58733	22.6841	23.9194
7.58717	22.5903	23.8304
7.58145	22.5006	23.7435
7.59079	22.4103	23.661
7.60123	22.3249	23.5834
7.60205	22.2267	23.4908
7.60039	22.1199	23.3892
7.59532	22.0128	23.2863
7.57625	21.915	23.1877
7.55305	21.8157	23.0862
7.50838	21.7167	22.978
7.45006	21.6163	22.8641
7.38438	21.5296	22.7607
7.29917	21.447	22.6551
7.21297	21.3699	22.5543
7.12689	21.3152	22.4751
7.04727	21.2754	22.4122
6.96584	21.2247	22.3385
6.88326	21.1865	22.2766
6.8002	21.1459	22.2124
6.70708	21.0994	22.1397
6.60218	21.0592	22.0699
6.49688	21.0299	22.0106
6.39964	21.0005	21.954
6.30515	20.9636	21.8913
6.2086	20.9348	21.836
6.1267	20.9033	21.7827
6.0385	20.8581	21.7146
5.94427	20.8252	21.657
5.84559	20.8103	21.6157
5.75301	20.7891	21.5705
5.65244	20.7663	21.5218
5.55981	20.7426	21.4748
5.46612	20.7148	21.4238
5.37376	20.678	21.3649
5.2808	20.6354	21.3004
5.18022	20.6055	21.2467
5.08253	20.5686	21.1872
4.98767	20.5297	21.1268
4.89534	20.4888	21.0655
4.80266	20.446	21.0025
4.71139	20.4022	20.9391
4.61935	20.3585	20.876
4.53643	20.3086	20.8091
4.44689	20.2564	20.7388
4.35616	20.2069	20.6711
4.27126	20.1593	20.6068
4.19011	20.1285	20.56
4.11722	20.0912	20.5087
4.0539	20.0495	20.4552
3.98968	19.9902	20.3844
3.924	19.9247	20.3074
3.85342	19.8594	20.2298
3.76787	19.7846	20.1402
3.69495	19.7187	20.0619
3.63366	19.6498	19.9829
3.57169	19.5866	19.9096
3.50106	19.5187	19.8302
3.43842	19.446	19.7476
3.37944	19.3814	19.6738
3.31817	19.3161	19.599
3.24988	19.2485	19.5209
3.1842	19.1761	19.4387
3.11883	19.1017	19.3547
3.05385	19.0171	19.2607
2.9748	18.9345	19.1668
2.90974	18.8719	19.0949
2.84375	18.8023	19.0161
2.7837	18.7279	18.9336
2.7192	18.6562	18.8533
2.64065	18.5855	18.7722
2.57351	18.5055	18.6836
2.50784	18.4268	18.5967
2.44605	18.3574	18.5196
2.38427	18.282	18.4368
2.3205	18.1887	18.3361
2.25627	18.1036	18.2437
2.193	18.0216	18.1545
2.13762	17.927	18.054
2.07468	17.8559	17.976
2.00772	17.7794	17.8924
1.93797	17.7151	17.8208
1.87622	17.6305	17.73
1.82402	17.5448	17.6393
1.77947	17.4532	17.5437
1.72848	17.3608	17.4466
1.67977	17.2708	17.3523
1.63264	17.1885	17.2659
1.58121	17.0943	17.1673
1.53248	17.004	17.073
1.49468	16.912	16.978
1.45649	16.8197	16.8826
1.41306	16.7293	16.7888
1.38381	16.6375	16.695
1.35219	16.5439	16.599
1.31785	16.4494	16.5021
1.29249	16.3586	16.4096
1.26577	16.2507	16.2999
1.24122	16.1498	16.1974
1.20133	16.0446	16.0895
1.1744	15.9414	15.9846
1.1458	15.8429	15.8843
1.11706	15.7401	15.7797
1.09035	15.6401	15.6781
1.07481	15.5555	15.5926
1.05339	15.4654	15.5013
1.02535	15.3701	15.4043
0.99969	15.274	15.3067
0.984997	15.1724	15.2043
0.961548	15.0715	15.1021
0.937314	14.9838	15.013
0.918192	14.8917	14.92
0.900765	14.7985	14.8259
0.883298	14.703	14.7295
0.866619	14.6036	14.6293
0.850629	14.4893	14.5143
0.842738	14.377	14.4017
0.840033	14.2713	14.296
0.836438	14.1724	14.1971
0.842992	14.0587	14.084
0.846296	13.9452	13.9709
0.853328	13.838	13.8643
0.848197	13.7229	13.7491
0.85335	13.6154	13.6421
0.866813	13.5126	13.5404
0.875592	13.4125	13.441
0.896877	13.3131	13.3433
0.921258	13.2139	13.246
0.944789	13.1097	13.1437
0.976617	13.0081	13.0447
0.99678	12.9036	12.942
1.02931	12.81	12.8513
1.06379	12.7157	12.7602
1.10651	12.6211	12.6695
1.1519	12.533	12.5858
1.19618	12.4421	12.4995
1.23498	12.3564	12.4179
1.27482	12.2585	12.3246
1.30825	12.1609	12.2311
1.34108	12.067	12.1413
1.3929	11.9825	12.0631
1.4377	11.8898	11.9764
1.48661	11.793	11.8863
1.5232	11.6923	11.7911
1.55489	11.5928	11.6966
1.58098	11.491	11.5992
1.6049	11.4001	11.5125
1.63206	11.3072	11.4243
1.65735	11.2118	11.3336
1.68196	11.1163	11.2428
1.71711	11.0193	11.1523
1.74604	10.9233	11.062
1.77118	10.8249	10.9688
1.79287	10.7285	10.8773
1.82108	10.632	10.7868
1.84819	10.5234	10.6845
1.8738	10.421	10.5881
1.89445	10.3328	10.5051
1.91681	10.2468	10.4245
1.94238	10.1552	10.3393
1.95864	10.0538	10.2428
1.98222	9.9585	10.1539
2.00707	9.8611	10.0633
2.0272	9.76401	9.97223
2.04162	9.66294	9.87626
2.056	9.54761	9.76648
2.07764	9.43791	9.66389
2.09514	9.33418	9.56643
2.10999	9.23106	9.46914
2.11975	9.12812	9.37101
2.12914	9.02677	9.27447
2.13032	8.93313	9.18363
2.14051	8.83806	9.09358
2.15355	8.7411	9.00248
2.15805	8.62494	8.89083
2.15409	8.52449	8.79244
2.16333	8.42229	8.69569
2.17399	8.31409	8.59362
2.17059	8.2053	8.48754
2.17809	8.11088	8.39824
2.17393	8.01669	8.30622
2.18021	7.92039	8.21498
2.17911	7.82121	8.11911
2.18068	7.73978	8.04111
2.19621	7.65986	7.96849
2.20652	7.56273	7.87805
2.20263	7.45928	7.77769
2.20755	7.36113	7.68502
2.20663	7.26222	7.59007
2.20112	7.16437	7.49487
2.19556	7.06436	7.39768
2.18757	6.96579	7.30121
2.17867	6.86695	7.20428
2.15612	6.76811	7.10326
2.13184	6.66598	6.99857
2.11489	6.56998	6.90199
2.09808	6.46983	6.80152
2.09063	6.36866	6.70303
2.08195	6.2537	6.59115
2.07015	6.15686	6.49557
2.06565	6.05942	6.40183
2.04602	5.96092	6.30228
2.01629	5.86596	6.20281
1.9833	5.77982	6.11063
1.95222	5.68708	6.01282
1.92355	5.59927	5.92046
1.89842	5.50643	5.8245
1.87997	5.4053	5.7229
1.86133	5.31487	5.63138
1.83492	5.21311	5.52661
1.79755	5.09866	5.40625
1.77995	4.99351	5.30126
1.77525	4.88651	5.19899
1.77518	4.78525	5.10391
1.78053	4.69164	5.01814
1.78096	4.59867	4.93149
1.78076	4.49996	4.8395
1.77947	4.40001	4.74621
1.76736	4.30203	4.65091
1.766	4.20503	4.56081
1.75904	4.10262	4.46383
1.74594	4.00756	4.37137
1.74313	3.90986	4.28083
1.73705	3.80684	4.18442
1.74134	3.70819	4.0967
1.72984	3.60866	4.00185
1.70726	3.5136	3.90642
1.69567	3.41275	3.81079
1.68381	3.28154	3.68832
1.65629	3.15532	3.56361
1.6466	3.03698	3.45464
1.62276	2.93944	3.35763
1.60348	2.84806	3.26842
1.58771	2.75586	3.18051
1.55513	2.66692	3.08721
1.53253	2.57149	2.99353
1.5081	2.48615	2.90781
1.48331	2.40169	2.82283
1.46538	2.29759	2.72511
1.44626	2.2101	2.64125
1.42015	2.12007	2.55176
1.39263	2.02528	2.45788
1.36411	1.93265	2.36557
1.32137	1.83286	2.25951
1.29379	1.73138	2.16138
1.25217	1.65635	2.0764
1.22093	1.56961	1.98855
1.18958	1.49878	1.91349
1.14675	1.4123	1.81924
1.10652	1.32227	1.72417
1.06587	1.22917	1.62694
1.02568	1.13667	1.53103
0.967781	1.0622	1.43697
0.932292	0.975058	1.34904
0.892004	0.884996	1.25654
0.8539	0.805183	1.17365
0.825607	0.721278	1.0963
0.788453	0.631358	1.01008
0.749623	0.543912	0.926161
0.727952	0.437956	0.849541
0.701826	0.336795	0.778454
0.676849	0.232238	0.715583
0.67435	0.120273	0.684991
0.672086	0.0217999	0.672439
0.67002	-0.0734139	0.67403
0.670236	-0.161856	0.689502
0.679808	-0.264294	0.729377
0.698821	-0.348107	0.780723
0.729483	-0.437086	0.850406
0.747602	-0.533874	0.918657
0.784235	-0.624355	1.00242
0.815235	-0.712791	1.0829
0.851701	-0.794115	1.16448
0.896074	-0.881945	1.25729
0.944467	-0.964416	1.34986
0.975744	-1.04875	1.43247
1.03043	-1.1254	1.52588
1.08094	-1.21349	1.62511
1.13923	-1.31097	1.73681
1.18623	-1.39488	1.83107
1.22382	-1.48175	1.9218
1.2666	-1.56096	2.01019
1.30175	-1.64391	2.0969
1.3364	-1.73666	2.19134
1.37643	-1.8343	2.2933
1.41717	-1.92113	2.38728
1.43455	-2.02077	2.47819
1.47312	-2.10565	2.56979
1.50211	-2.1994	2.6634
1.53001	-2.30151	2.76367
1.55	-2.40731	2.86316
1.56867	-2.51119	2.96088
1.58931	-2.60497	3.05152
1.60203	-2.70541	3.14416
1.61039	-2.80579	3.23509
1.62117	-2.90057	3.32288
1.62638	-3.00812	3.41964
1.62853	-3.11504	3.51505
1.63276	-3.22886	3.61821
1.64062	-3.32494	3.70767
1.64114	-3.42311	3.79619
1.63003	-3.52301	3.88183
1.62872	-3.63306	3.98144
1.63161	-3.73308	4.07407
1.62745	-3.83206	4.16333
1.62667	-3.93142	4.25466
1.62291	-4.03043	4.34491
1.61645	-4.12104	4.42673
1.63453	-4.2199	4.5254
1.63481	-4.32115	4.62006
1.62266	-4.42824	4.71618
1.61915	-4.53406	4.8145
1.62109	-4.63556	4.91084
1.61916	-4.7365	5.00561
1.61511	-4.83627	5.09883
1.61088	-4.93394	5.19025
1.61219	-5.02883	5.28093
1.6157	-5.12748	5.37602
1.61103	-5.2269	5.46954
1.60926	-5.32447	5.56235
1.61177	-5.41911	5.65372
1.60771	-5.51456	5.74413
1.59409	-5.60903	5.83115
1.59022	-5.70919	5.92652
1.59182	-5.81315	6.02716
1.58605	-5.91814	6.12698
1.58403	-6.01879	6.22375
1.56871	-6.10905	6.30724
1.55667	-6.20315	6.39549
1.54288	-6.29658	6.48285
1.52158	-6.38333	6.56217
1.50776	-6.47745	6.65062
1.48962	-6.57247	6.73917
1.46747	-6.67586	6.83524
1.45338	-6.76714	6.92145
1.42577	-6.86677	7.01323
1.4078	-6.974	7.11467
1.38733	-7.07177	7.20657
1.37127	-7.16484	7.29489
1.35332	-7.26358	7.38857
1.33896	-7.37611	7.49665
1.31753	-7.48425	7.59934
1.29371	-7.58184	7.69142
1.28609	-7.68747	7.7943
1.26432	-7.78974	7.89167
1.2417	-7.87486	7.97215
1.2338	-7.96656	8.06153
1.21629	-8.05859	8.14987
1.19916	-8.1543	8.242
1.18992	-8.25093	8.33629
1.17922	-8.3556	8.4384
1.17766	-8.46102	8.54258
1.1704	-8.5555	8.63519
1.1575	-8.65452	8.73159
1.15016	-8.75215	8.8274
1.14052	-8.8506	8.92379
1.12814	-8.93727	9.00819
1.11592	-9.03277	9.10144
1.11436	-9.12384	9.19164
1.11343	-9.2186	9.2856
1.10683	-9.31692	9.38243
1.10958	-9.42339	9.48849
1.11663	-9.52632	9.59154
1.12601	-9.62645	9.69208
1.13495	-9.7264	9.79239
1.15078	-9.8327	9.89981
1.15946	-9.93105	9.9985
1.16367	-10.0314	10.0987
1.17628	-10.1388	10.2068
1.19517	-10.2523	10.3217
1.21028	-10.357	10.4274
1.23118	-10.455	10.5272
1.24829	-10.5533	10.6268
1.27173	-10.6521	10.7277
1.29298	-10.7534	10.8309
1.31732	-10.8364	10.9162
1.33603	-10.9278	11.0092
1.34697	-11.0377	11.1195
1.37068	-11.1413	11.2253
1.39206	-11.2359	11.3218
1.42271	-11.3326	11.4215
1.43362	-11.4235	11.5131
1.45748	-11.5131	11.605
1.49195	-11.6196	11.715
1.52828	-11.7192	11.8184
1.56542	-11.803	11.9064
1.59042	-11.9038	12.0096
1.62648	-11.9974	12.1071
1.65843	-12.0933	12.2064
1.69067	-12.1842	12.3009
1.72171	-12.2774	12.3976
1.75406	-12.3714	12.4951
1.79434	-12.4486	12.5772
1.80842	-12.5343	12.6641
1.82973	-12.6342	12.766
1.86361	-12.7296	12.8653
1.89483	-12.8288	12.968
1.93868	-12.9368	13.0812
1.95665	-13.0386	13.1846
1.98791	-13.1336	13.2832
2.02343	-13.2227	13.3766
2.04736	-13.3201	13.4766
2.05389	-13.4214	13.5776
2.07284	-13.5203	13.6783
2.08756	-13.609	13.7682
2.09811	-13.7094	13.869
2.11217	-13.8079	13.9685
2.12367	-13.9038	14.065
2.13713	-13.9971	14.1593
2.15613	-14.1013	14.2652
2.16663	-14.2048	14.3691
2.17831	-14.3062	14.471
2.16359	-14.4228	14.5842
2.17377	-14.5364	14.698
2.19857	-14.6258	14.7901
2.2167	-14.7254	14.8913
2.22262	-14.8158	14.9816
2.22863	-14.9096	15.0753
2.23778	-15.0042	15.1701
2.24793	-15.1075	15.2738
2.25335	-15.2091	15.3751
2.2587	-15.3044	15.4701
2.26573	-15.4049	15.5706
2.27182	-15.5119	15.6773
2.27913	-15.62	15.7854
2.28789	-15.7232	15.8888
2.31279	-15.8264	15.9945
2.31757	-15.9243	16.092
2.32287	-16.0189	16.1865
2.33066	-16.1177	16.2854
2.34254	-16.2205	16.3888
2.34511	-16.3215	16.4891
2.36242	-16.4135	16.5826
2.38083	-16.5201	16.6908
2.40352	-16.622	16.7949
2.43274	-16.7278	16.9038
2.46637	-16.8278	17.0076
2.49689	-16.9235	17.1067
2.52749	-17.0182	17.2049
2.57019	-17.1199	17.3117
2.61295	-17.2165	17.4136
2.64752	-17.3082	17.5095
2.6771	-17.4076	17.6122
2.71024	-17.5044	17.713
2.74419	-17.6041	17.8167
2.77115	-17.7024	17.918
2.81469	-17.7971	18.0183
2.86591	-17.9032	18.1311
2.90522	-18.0161	18.2489
2.94331	-18.1226	18.3601
2.98283	-18.2328	18.4751
3.02804	-18.3303	18.5787
3.07002	-18.4161	18.6703
3.11539	-18.4949	18.7555
3.14352	-18.5735	18.8376
3.1818	-18.6485	18.918
3.21729	-18.7289	19.0032
3.25814	-18.8138	19.0938
3.30777	-18.9001	19.1873
3.33823	-18.9763	19.2677
3.37604	-19.0604	19.3571
3.41773	-19.1427	19.4454
3.46066	-19.2291	19.538
3.50061	-19.3127	19.6274
3.54082	-19.4042	19.7246
3.57785	-19.5008	19.8263
3.62228	-19.5981	19.9301
3.67365	-19.6927	20.0324
3.7262	-19.7932	20.1409
3.77578	-19.8895	20.2447
3.82616	-19.9806	20.3436
3.87648	-20.0663	20.4373
3.92775	-20.1517	20.5309
3.97785	-20.2372	20.6245
4.03062	-20.3222	20.718
4.08564	-20.4052	20.8102
4.14136	-20.4875	20.9019
4.19806	-20.5696	20.9936
4.26597	-20.6433	21.0795
4.31325	-20.7294	21.1734
4.36435	-20.8199	21.2724
4.42461	-20.9136	21.3765
4.48886	-20.9941	21.4686
4.54178	-21.0869	21.5704
4.60462	-21.174	21.6689
4.67309	-21.2611	21.7686
4.7316	-21.3727	21.8902
4.78523	-21.4914	22.0177
4.83389	-21.5984	22.1327
4.88758	-21.6783	22.2225
4.92551	-21.7652	22.3156
4.96828	-21.843	22.4009
5.00361	-21.9334	22.4968
5.03967	-22.019	22.5884
5.06543	-22.1038	22.6768
5.09884	-22.1889	22.7672
5.12393	-22.2804	22.862
5.15139	-22.3734	22.9588
5.18002	-22.4768	23.066
5.20494	-22.5783	23.1705
5.24163	-22.6725	23.2705
5.26544	-22.7671	23.3681
5.28222	-22.867	23.4691
5.29917	-22.9758	23.5789
5.31351	-23.0794	23.6832
5.32676	-23.1812	23.7853
5.33254	-23.2915	23.8941
5.34712	-23.4072	24.0102
5.35974	-23.5096	24.1128
5.36425	-23.6144	24.216
5.36895	-23.7163	24.3164
5.36458	-23.8048	24.4018
5.363	-23.9074	24.5016
5.38423	-24.0144	24.6106
5.39257	-24.1164	24.712
5.40141	-24.2139	24.8091
5.40998	-24.3091	24.9038
5.41087	-24.4177	25.01
5.41417	-24.5238	25.1143
5.42035	-24.629	25.2184
5.42697	-24.7336	25.322
5.42047	-24.8266	25.4114
5.42373	-24.92	25.5034
5.42869	-25.0115	25.5939
5.43391	-25.0988	25.6802
5.43136	-25.1905	25.7694
5.42881	-25.2844	25.8607
5.43602	-25.3771	25.9528
5.45563	-25.4765	26.0541
5.46023	-25.5746	26.151
5.45282	-25.6701	26.2429
5.45242	-25.7744	26.3448
5.43556	-25.8843	26.4489
5.43007	-25.9919	26.5531
5.42514	-26.1002	26.6581
5.43179	-26.2125	26.7694
5.42989	-26.3167	26.871
5.42135	-26.4207	26.9712
5.41971	-26.5224	27.0705
5.41734	-26.6255	27.1711
5.4164	-26.7261	27.2694
5.39379	-26.8153	27.3524
5.38867	-26.9303	27.4641
5.3937	-27.0351	27.5679
5.39059	-27.1405	27.6707
5.38876	-27.2438	27.7716
5.39299	-27.3457	27.8724
5.39643	-27.4442	27.9697
5.39816	-27.5408	28.0649
5.40716	-27.6444	28.1683
5.3993	-27.7551	28.2754
5.40815	-27.851	28.3712
5.41652	-27.9526	28.4726
5.42719	-28.0546	28.5747
5.43127	-28.1565	28.6756
5.43956	-28.2608	28.7795
5.44555	-28.3675	28.8854
5.45516	-28.4683	28.9863
5.45689	-28.5661	29.0826
5.4617	-28.6773	29.1928
5.47092	-28.7858	29.3011
5.48102	-28.8853	29.4007
5.48774	-28.9865	29.5014
5.4834	-29.069	29.5816
5.49184	-29.1621	29.6748
5.49493	-29.2621	29.7736
5.50305	-29.3612	29.8725
5.51428	-29.4585	29.9701
5.52407	-29.5637	30.0753
5.53374	-29.6684	30.1801
5.53673	-29.7774	30.2878
5.52927	-29.8724	30.3798
5.5267	-29.9702	30.4755
5.53535	29.9285	30.4361
5.57254	29.8328	30.3488
5.60908	29.7374	30.2617
5.64287	29.642	30.1744
5.67694	29.546	30.0864
5.72723	29.4406	29.9925
5.76504	29.3388	29.8998
5.80446	29.2427	29.8133
5.83374	29.1391	29.7173
5.87869	29.0436	29.6325
5.90564	28.9376	29.5341
5.94124	28.8388	29.4444
5.96907	28.7471	29.3603
6.00647	28.6667	29.2892
6.04231	28.5749	29.2067
6.07487	28.4772	29.1179
6.12474	28.3893	29.0425
6.15939	28.2997	28.9622
6.19542	28.207	28.8794
6.21775	28.1175	28.7968
6.26373	28.0244	28.7159
6.29552	27.9114	28.6126
6.33796	27.8144	28.5274
6.37067	27.7159	28.4387
6.39637	27.6178	28.3489
6.43554	27.5194	28.2619
6.46743	27.4235	28.1758
6.48976	27.3191	28.0794
6.52407	27.2197	27.9906
6.56511	27.1242	27.9074
6.60728	27.0319	27.8277
6.63711	26.9255	27.7315
6.67632	26.8337	27.6517
6.69538	26.7492	27.5744
6.72222	26.6603	27.4947
6.75103	26.5679	27.4122
6.78082	26.4717	27.3263
6.80572	26.3827	27.2464
6.83293	26.2918	27.1652
6.86214	26.1995	27.0832
6.88849	26.1052	26.9988
6.91181	26.0098	26.9125
6.94367	25.8947	26.8095
6.9719	25.7973	26.7228
7.00524	25.7025	26.64
7.03045	25.6051	26.5527
7.05956	25.5048	26.4638
7.08584	25.4061	26.3757
7.10129	25.3025	26.2801
7.12775	25.2033	26.1918
7.16771	25.1141	26.1169
7.19199	25.0125	26.026
7.21437	24.9122	25.9358
7.2397	24.8074	25.8422
7.26217	24.7058	25.751
7.2816	24.6072	25.6619
7.30424	24.5063	25.5717
7.29541	24.4113	25.4782
7.31078	24.3114	25.3869
7.34955	24.1843	25.2764
7.37309	24.0756	25.1793
7.39695	23.9808	25.0957
7.4115	23.869	24.9932
7.43104	23.7664	24.9011
7.44963	23.6747	24.8191
7.46097	23.5837	24.7357
7.48402	23.5025	24.6653
7.46646	23.4025	24.5647
7.48226	23.2883	24.4607
7.50202	23.1812	24.3649
7.51787	23.0793	24.2729
7.5326	22.9671	24.1708
7.53156	22.8705	24.0787
7.54441	22.7711	23.9883
7.54953	22.6707	23.8946
7.55145	22.579	23.8083
7.53754	22.4815	23.7115
7.52891	22.3792	23.6117
7.51612	22.2785	23.5122
7.50453	22.1793	23.4146
7.48223	22.0806	23.3139
7.45219	21.985	23.2137
7.4159	21.8916	23.1135
7.36919	21.8006	23.0124
7.30829	21.7061	22.9034
7.23555	21.6342	22.8121
7.16892	21.5525	22.7135
7.10519	21.4686	22.6138
7.03712	21.3718	22.5005
6.95282	21.2999	22.406
6.86392	21.2425	22.3239
6.77578	21.1955	22.2522
6.68568	21.1517	22.1831
6.59208	21.1101	22.1154
6.49507	21.0675	22.046
6.40154	21.0258	21.9787
6.29396	20.9846	21.9082
6.18133	20.9498	21.8427
6.07997	20.9123	21.7782
5.97512	20.8701	21.7086
5.86133	20.831	21.6399
5.75719	20.7925	21.5749
5.66231	20.7647	21.5229
5.56284	20.7272	21.4607
5.46495	20.6956	21.405
5.36011	20.6612	21.3452
5.25157	20.6351	21.2929
5.15408	20.5875	21.2228
5.05881	20.5459	21.1595
4.96559	20.5072	21.0998
4.87577	20.4591	21.0321
4.77329	20.4205	20.9709
4.68819	20.3738	20.9063
4.59943	20.329	20.8428
4.51488	20.2838	20.7802
4.4278	20.2324	20.7113
4.34247	20.197	20.6586
4.26214	20.1565	20.6021
4.18393	20.0973	20.5282
4.09187	20.0454	20.4588
4.02313	19.983	20.384
3.95311	19.9201	20.3085
3.89672	19.8568	20.2355
3.82995	19.7917	20.1589
3.76818	19.7218	20.0785
3.70082	19.6536	19.999
3.6296	19.5856	19.9191
3.5558	19.517	19.8382
3.48373	19.4508	19.7603
3.39944	19.3951	19.6908
3.32658	19.3223	19.6066
3.26209	19.2541	19.5284
3.19943	19.1815	19.4465
3.12976	19.1064	19.361
3.06342	19.0299	19.2749
2.99832	18.9405	19.1763
2.91024	18.8528	19.0761
2.82794	18.7751	18.9869
2.75379	18.7028	18.9044
2.68804	18.6244	18.8174
2.62432	18.5404	18.7252
2.5636	18.4572	18.6344
2.49949	18.3773	18.5465
2.4268	18.2891	18.4494
2.35993	18.2046	18.3569
2.29525	18.1327	18.2774
2.23683	18.0465	18.1846
2.18587	17.9738	18.1062
2.13479	17.9012	18.028
2.07722	17.8229	17.9436
2.02978	17.7538	17.8695
1.96578	17.671	17.78
1.91176	17.58	17.6836
1.8577	17.5021	17.6004
1.8044	17.4202	17.5134
1.75353	17.3367	17.4252
1.6933	17.2451	17.3281
1.64279	17.1653	17.2438
1.59887	17.0781	17.1528
1.54575	16.9909	17.0611
1.50347	16.897	16.9638
1.47409	16.8004	16.8649
1.43504	16.7139	16.7754
1.40218	16.6131	16.6722
1.36708	16.5154	16.5719
1.33292	16.4223	16.4763
1.29972	16.3306	16.3823
1.26846	16.2374	16.2869
1.24609	16.1459	16.1939
1.21795	16.053	16.0991
1.1912	15.9617	16.0061
1.17278	15.8698	15.913
1.14708	15.7773	15.819
1.11999	15.688	15.7279
1.08136	15.6081	15.6455
1.05412	15.5141	15.5499
1.03411	15.417	15.4517
1.01352	15.3184	15.3519
0.995905	15.2227	15.2553
0.974427	15.127	15.1584
0.952942	15.0262	15.0564
0.936707	14.9337	14.963
0.923233	14.8369	14.8656
0.904261	14.7221	14.7498
0.89245	14.6142	14.6414
0.879383	14.5093	14.5359
0.873952	14.3998	14.4263
0.869444	14.3096	14.336
0.869327	14.2259	14.2525
0.869691	14.134	14.1607
0.858951	14.0399	14.0661
0.858924	13.9296	13.9561
0.864185	13.8272	13.8542
0.876073	13.7251	13.753
0.885518	13.6187	13.6475
0.907995	13.516	13.5465
0.936746	13.4114	13.4441
0.95924	13.3077	13.3422
0.990014	13.2085	13.2455
1.01465	13.1093	13.1485
1.03729	13.0139	13.0552
1.06316	12.9184	12.9621
1.09491	12.8128	12.8595
1.12567	12.7123	12.7621
1.15702	12.6151	12.6681
1.18897	12.5155	12.5719
1.22289	12.4178	12.4779
1.25416	12.3253	12.3889
1.28575	12.2295	12.2969
1.30007	12.1423	12.2117
1.33263	12.0466	12.1201
1.36813	11.9534	12.0314
1.39146	11.8656	11.947
1.42677	11.7773	11.8634
1.46294	11.6867	11.778
1.51576	11.6113	11.7098
1.54994	11.5194	11.6232
1.58265	11.4257	11.5347
1.6115	11.3316	11.4456
1.6317	11.2358	11.3536
1.66969	11.1429	11.2673
1.70435	11.041	11.1718
1.73723	10.9425	11.0795
1.76703	10.8576	11.0005
1.79081	10.7648	10.9128
1.81776	10.6645	10.8183
1.8396	10.5725	10.7314
1.86125	10.4848	10.6487
1.87895	10.3977	10.5661
1.88882	10.3078	10.4794
1.90915	10.2144	10.3913
1.93	10.1183	10.3007
1.94933	10.0315	10.2191
1.96663	9.92881	10.1217
1.98701	9.82831	10.0272
2.00061	9.72891	9.93248
2.0184	9.62781	9.83711
2.03021	9.52961	9.74347
2.04768	9.43288	9.65258
2.06618	9.3353	9.56122
2.08269	9.23726	9.46913
2.09914	9.13927	9.37724
2.11263	9.03665	9.28031
2.12128	8.92711	9.17568
2.13645	8.82046	9.07551
2.14551	8.7154	8.9756
2.16427	8.60738	8.87531
2.16	8.51881	8.78839
2.16761	8.42512	8.6995
2.1701	8.31894	8.59733
2.18872	8.21783	8.5043
2.20267	8.12314	8.41649
2.21426	8.02712	8.32691
2.21251	7.93402	8.23674
2.20694	7.8452	8.14971
2.20153	7.74631	8.05308
2.20996	7.64232	7.95544
2.20909	7.54652	7.86321
2.20654	7.45401	7.77374
2.21726	7.35966	7.68641
2.21184	7.26358	7.59288
2.21376	7.16316	7.49744
2.20053	7.06661	7.4013
2.19295	6.97112	7.30791
2.1811	6.87401	7.21174
2.17101	6.77022	7.1098
2.15678	6.6721	7.01203
2.14318	6.57048	6.91118
2.1193	6.46619	6.80464
2.09512	6.37172	6.70733
2.07416	6.27328	6.60728
2.05962	6.17098	6.50561
2.03791	6.07103	6.40395
2.01527	5.98579	6.31594
1.99061	5.89432	6.22138
1.96888	5.81468	6.13897
1.94174	5.73166	6.05164
1.92328	5.63454	5.95375
1.90444	5.53876	5.85702
1.88094	5.44539	5.7611
1.86845	5.3645	5.68057
1.85807	5.27208	5.58992
1.8427	5.17139	5.48988
1.8283	5.07219	5.39164
1.80901	4.97458	5.2933
1.79974	4.87404	5.19571
1.78481	4.77578	5.09839
1.77736	4.67696	5.00329
1.77513	4.5798	4.91179
1.77863	4.49207	4.83138
1.77273	4.39498	4.73904
1.7635	4.29361	4.64166
1.7678	4.18842	4.5462
1.76194	4.08563	4.44936
1.74774	3.97868	4.34563
1.73237	3.87211	4.24198
1.72115	3.76739	4.14193
1.70923	3.66581	4.04471
1.69485	3.5631	3.94566
1.67955	3.47265	3.85749
1.66861	3.38217	3.77138
1.64412	3.29246	3.68014
1.62775	3.18198	3.57415
1.61463	3.08686	3.48364
1.6034	2.978	3.38221
1.57321	2.8602	3.26431
1.55001	2.74448	3.15194
1.52953	2.63911	3.05031
1.50113	2.5378	2.94853
1.47683	2.43794	2.85036
1.45069	2.3275	2.74259
1.4184	2.22845	2.64156
1.3934	2.1304	2.54562
1.36481	2.03049	2.44655
1.33234	1.94624	2.35859
1.31119	1.85108	2.26842
1.26612	1.75432	2.1635
1.22856	1.64522	2.05331
1.20024	1.54776	1.95861
1.17218	1.44873	1.86356
1.13518	1.35449	1.76728
1.09234	1.25615	1.66467
1.0299	1.16749	1.55683
1.00074	1.07374	1.46779
0.963977	0.984025	1.37752
0.933285	0.883415	1.28508
0.891051	0.782068	1.18558
0.856249	0.683663	1.0957
0.833554	0.586969	1.01948
0.801659	0.475602	0.932124
0.786623	0.392018	0.878893
0.770243	0.298781	0.826162
0.757173	0.203234	0.783973
0.752652	0.0982923	0.759043
0.756578	0.00572399	0.7566
0.76154	-0.0801094	0.765742
0.768791	-0.169094	0.787167
0.782944	-0.26213	0.82566
0.79879	-0.355378	0.874277
0.819442	-0.449496	0.934629
0.858024	-0.545134	1.01655
0.884772	-0.641995	1.09315
0.90996	-0.726233	1.16423
0.935952	-0.818552	1.2434
0.966198	-0.912664	1.3291
1.0052	-1.00342	1.42031
1.04847	-1.09476	1.51584
1.08745	-1.18444	1.60794
1.12504	-1.27566	1.70089
1.1631	-1.36122	1.79045
1.21188	-1.44	1.88208
1.24701	-1.51917	1.96543
1.27486	-1.60463	2.04941
1.30878	-1.6929	2.13982
1.33936	-1.78278	2.22984
1.37425	-1.88449	2.33235
1.40795	-1.98322	2.43218
1.44292	-2.0831	2.53403
1.4472	-2.188	2.62331
1.46174	-2.29332	2.71956
1.48669	-2.38633	2.81155
1.50632	-2.48151	2.90291
1.52319	-2.58056	2.99656
1.5542	-2.68228	3.10002
1.55898	-2.77858	3.18605
1.57764	-2.87535	3.27972
1.58936	-2.96899	3.36763
1.6027	-3.06806	3.46145
1.59811	-3.16892	3.54909
1.6195	-3.28086	3.6588
1.62708	-3.38811	3.75854
1.6265	-3.49248	3.85265
1.62348	-3.6002	3.94932
1.63108	-3.70422	4.04743
1.63616	-3.79552	4.13316
1.63659	-3.88573	4.21632
1.64999	-3.97928	4.3078
1.65648	-4.07082	4.39494
1.63475	-4.15234	4.46255
1.62919	-4.24625	4.54806
1.62503	-4.34718	4.64098
1.62335	-4.44855	4.73549
1.62489	-4.54179	4.8237
1.63179	-4.63367	4.9126
1.65191	-4.71934	5.0001
1.65449	-4.80864	5.08531
1.64538	-4.88861	5.15808
1.63936	-4.97869	5.24164
1.62848	-5.07645	5.33126
1.63612	-5.17513	5.42761
1.62656	-5.26925	5.51459
1.61822	-5.36438	5.60315
1.61707	-5.45014	5.68497
1.62128	-5.54086	5.77318
1.61406	-5.64276	5.86906
1.60073	-5.73233	5.95163
1.59202	-5.82516	6.03879
1.56992	-5.92515	6.1296
1.55441	-6.04376	6.24045
1.5428	-6.14564	6.33633
1.53273	-6.24809	6.43334
1.52328	-6.3487	6.52889
1.50493	-6.44536	6.61872
1.489	-6.54267	6.70996
1.46704	-6.64714	6.8071
1.43966	-6.74479	6.89672
1.42341	-6.84684	6.99323
1.39849	-6.94452	7.08394
1.38397	-7.03882	7.17359
1.37223	-7.1316	7.26242
1.35452	-7.21839	7.34438
1.34169	-7.30479	7.42699
1.32285	-7.39535	7.51273
1.3072	-7.49265	7.60582
1.28241	-7.58217	7.68986
1.27408	-7.681	7.78595
1.26983	-7.78906	7.89189
1.25838	-7.89828	7.9979
1.23892	-8.00075	8.0961
1.22045	-8.10401	8.19539
1.20535	-8.20507	8.29313
1.19099	-8.31021	8.39512
1.20232	-8.42663	8.51197
1.19232	-8.53517	8.61805
1.18574	-8.6405	8.72148
1.17024	-8.7365	8.81452
1.16781	-8.85791	8.93456
1.16245	-8.96209	9.03716
1.16424	-9.05254	9.1271
1.1547	-9.16064	9.23313
1.15405	-9.2712	9.34275
1.16184	-9.37813	9.44983
1.16356	-9.47976	9.5509
1.16579	-9.58064	9.65131
1.16947	-9.68167	9.75204
1.1731	-9.77728	9.84741
1.18257	-9.86307	9.93371
1.19664	-9.96403	10.0356
1.21033	-10.0607	10.1332
1.21302	-10.1539	10.2261
1.22368	-10.2503	10.3231
1.22157	-10.3316	10.4036
1.23589	-10.4229	10.4959
1.25732	-10.5082	10.5831
1.26637	-10.5995	10.6748
1.28494	-10.6855	10.7624
1.29122	-10.7586	10.8358
1.30043	-10.8282	10.906
1.32295	-10.9138	10.9937
1.33671	-11.0061	11.0869
1.36299	-11.097	11.1804
1.39899	-11.172	11.2593
1.42248	-11.2619	11.3514
1.44388	-11.3549	11.4463
1.47078	-11.4492	11.5433
1.49252	-11.5449	11.641
1.52372	-11.6469	11.7461
1.56603	-11.7429	11.8468
1.60067	-11.8439	11.9515
1.62772	-11.9543	12.0646
1.65583	-12.0578	12.171
1.67788	-12.1527	12.268
1.70854	-12.2684	12.3868
1.74377	-12.3775	12.4997
1.77442	-12.4881	12.6135
1.81388	-12.5713	12.7015
1.84872	-12.6751	12.8092
1.89207	-12.7734	12.9128
1.9205	-12.8865	13.0288
1.94203	-12.9826	13.127
1.96337	-13.0803	13.2268
1.98391	-13.1745	13.3231
2.0111	-13.2624	13.414
2.04432	-13.3535	13.509
2.05463	-13.438	13.5942
2.07794	-13.5271	13.6858
2.09192	-13.624	13.7837
2.10576	-13.7334	13.8939
2.11923	-13.8381	13.9994
2.12424	-13.9337	14.0947
2.13696	-14.0159	14.1778
2.15967	-14.1196	14.2838
2.17287	-14.2242	14.3892
2.17993	-14.3256	14.4905
2.18939	-14.446	14.611
2.19291	-14.5726	14.7367
2.1954	-14.6853	14.8485
2.20324	-14.7907	14.9539
2.21274	-14.8934	15.0569
2.22764	-14.9986	15.1631
2.24125	-15.0952	15.2607
2.24707	-15.1942	15.3594
2.2431	-15.2911	15.4548
2.26201	-15.3867	15.5521
2.27105	-15.4825	15.6482
2.28524	-15.5742	15.741
2.30264	-15.6616	15.83
2.30828	-15.7536	15.9218
2.31814	-15.8492	16.0178
2.31178	-15.9546	16.1212
2.33288	-16.0529	16.2215
2.35063	-16.153	16.3231
2.38034	-16.2549	16.4282
2.40813	-16.348	16.5244
2.42254	-16.4532	16.6306
2.44055	-16.5551	16.7341
2.46785	-16.6644	16.8461
2.50291	-16.7721	16.9578
2.54713	-16.8781	17.0692
2.5998	-16.9988	17.1965
2.63527	-17.1105	17.3122
2.66217	-17.2156	17.4202
2.6721	-17.318	17.523
2.70352	-17.4026	17.6114
2.72527	-17.4943	17.7053
2.75182	-17.5895	17.8035
2.78505	-17.6827	17.9007
2.81226	-17.7825	18.0035
2.84284	-17.8873	18.1118
2.8873	-17.985	18.2152
2.9265	-18.0917	18.3268
2.97093	-18.1878	18.4289
2.98811	-18.2759	18.5186
3.02754	-18.3648	18.6127
3.07081	-18.4502	18.704
3.11558	-18.5372	18.7972
3.1663	-18.6186	18.8859
3.21024	-18.706	18.9795
3.25378	-18.7947	19.0743
3.29579	-18.8924	19.1777
3.33686	-18.9844	19.2754
3.37725	-19.0791	19.3757
3.41147	-19.1648	19.466
3.45459	-19.2438	19.5514
3.49925	-19.3314	19.6456
3.54546	-19.4183	19.7393
3.58501	-19.5168	19.8433
3.63601	-19.6094	19.9437
3.68602	-19.6997	20.0415
3.73185	-19.7891	20.1379
3.78335	-19.8722	20.2292
3.83946	-19.9552	20.3212
3.88296	-20.046	20.4186
3.93431	-20.1351	20.5159
3.98855	-20.2219	20.6115
4.04313	-20.3042	20.7028
4.09872	-20.3986	20.8063
4.15414	-20.4823	20.8993
4.19889	-20.5619	20.9863
4.2528	-20.64	21.0736
4.3039	-20.7256	21.1678
4.35725	-20.8119	21.2631
4.4069	-20.9035	21.363
4.46201	-20.9957	21.4646
4.51353	-21.0869	21.5646
4.56812	-21.1747	21.6619
4.61842	-21.2671	21.7628
4.67371	-21.3624	21.8676
4.7213	-21.4646	21.9777
4.77337	-21.552	22.0743
4.82011	-21.6418	22.1721
4.86411	-21.7347	22.2723
4.90407	-21.8336	22.3775
4.94263	-21.9233	22.4735
4.98299	-22.0192	22.576
5.01736	-22.1115	22.6736
5.05023	-22.2006	22.7678
5.06919	-22.277	22.8465
5.09579	-22.3633	22.9365
5.12627	-22.4542	23.0319
5.16993	-22.549	23.1341
5.19902	-22.6519	23.2409
5.22288	-22.7346	23.3268
5.24202	-22.8157	23.4101
5.26012	-22.9097	23.5058
5.27126	-23.0063	23.6025
5.28837	-23.1068	23.7042
5.30231	-23.2046	23.8027
5.31578	-23.3031	23.9018
5.31531	-23.4011	23.9972
5.3276	-23.5004	24.0967
5.34631	-23.6091	24.2069
5.36811	-23.7066	24.3068
5.37833	-23.8071	24.4071
5.38496	-23.8996	24.4988
5.3824	-23.9973	24.5935
5.38283	-24.103	24.6967
5.3907	-24.2068	24.7998
5.39828	-24.3087	24.9009
5.40597	-24.4132	25.0046
5.4212	-24.5205	25.1127
5.43009	-24.6211	25.2128
5.43478	-24.7218	25.3122
5.44398	-24.8353	25.4249
5.45307	-24.9499	25.5389
5.43501	-25.0576	25.6403
5.42683	-25.1618	25.7404
5.41989	-25.2763	25.8509
5.4096	-25.4012	25.9709
5.41164	-25.5133	26.0809
5.39996	-25.6067	26.1699
5.39699	-25.6994	26.26
5.40821	-25.7903	26.3513
5.41134	-25.8869	26.4464
5.40673	-25.9915	26.5479
5.4124	-26.0872	26.6428
5.40837	-26.1724	26.7254
5.41719	-26.2628	26.8156
5.4065	-26.3561	26.9049
5.41609	-26.4489	26.9978
5.42639	-26.5392	27.0883
5.42626	-26.6335	27.1806
5.41897	-26.7182	27.2622
5.41416	-26.8081	27.3494
5.40677	-26.8921	27.4302
5.39924	-26.9765	27.5115
5.4004	-27.0686	27.602
5.41423	-27.1649	27.6992
5.41254	-27.2632	27.7953
5.41363	-27.362	27.8924
5.40991	-27.4578	27.9857
5.41498	-27.5573	28.0843
5.4133	-27.6559	28.1807
5.41704	-27.7545	28.2782
5.41802	-27.8555	28.3775
5.41133	-27.9526	28.4716
5.41635	-28.0658	28.5837
5.42381	-28.1719	28.6893
5.43628	-28.2825	28.8002
5.43958	-28.3954	28.9118
5.44374	-28.5057	29.0209
5.45457	-28.6104	29.1257
5.4605	-28.7208	29.2353
5.46415	-28.8241	29.3374
5.47318	-28.9248	29.4381
5.48122	-29.0236	29.5366
5.49082	-29.1181	29.6313
5.49742	-29.2187	29.7314
5.50351	-29.3133	29.8254
5.52024	-29.4173	29.9307
5.5171	-29.5144	30.0256
5.51548	-29.6123	30.1215
5.51632	-29.7164	30.224
5.51877	-29.8189	30.3253
5.52973	-29.9394	30.4458
5.54073	29.9505	30.4587
5.58125	29.8445	30.3619
5.62	29.75	30.2762
5.65888	29.6516	30.1868
5.69146	29.5508	30.0939
5.72065	29.453	30.0034
5.75279	29.3583	29.9167
5.78482	29.2648	29.831
5.82014	29.1746	29.7495
5.85935	29.0692	29.6539
5.89715	28.9677	29.5619
5.9328	28.8699	29.4732
5.96808	28.7742	29.3866
6.00308	28.6803	29.3018
6.04613	28.5864	29.2188
6.09349	28.4861	29.1306
6.13795	28.3782	29.0344
6.17579	28.2813	28.9477
6.20933	28.1845	28.8604
6.23783	28.0881	28.7724
6.26571	28.0026	28.695
6.30444	27.9087	28.612
6.33279	27.8232	28.5348
6.36907	27.736	28.4579
6.41127	27.6373	28.3712
6.44478	27.5394	28.2834
6.49802	27.4417	28.2006
6.52948	27.3218	28.0911
6.56103	27.2137	27.9935
6.58594	27.1215	27.9097
6.61125	27.0263	27.8231
6.64912	26.9469	27.7552
6.67176	26.8427	27.6594
6.70001	26.7463	27.5728
6.72642	26.6599	27.4954
6.76144	26.5699	27.4168
6.80278	26.4726	27.3327
6.83255	26.3719	27.2427
6.85423	26.2768	27.1561
6.87316	26.1629	27.0507
6.90148	26.0546	26.9532
6.92708	25.9481	26.8569
6.95485	25.854	26.7731
6.98399	25.7595	26.6895
7.01122	25.6671	26.6075
7.03619	25.5759	26.5261
7.05941	25.4841	26.4438
7.0852	25.3792	26.3496
7.10515	25.2851	26.2644
7.12443	25.1888	26.1769
7.14955	25.0985	26.097
7.17392	25.0049	26.0136
7.20901	24.8985	25.9211
7.23523	24.7833	25.8178
7.25395	24.6844	25.7282
7.27413	24.5866	25.6401
7.29608	24.4991	25.5625
7.31851	24.4086	25.4822
7.32109	24.3066	25.3853
7.3436	24.2058	25.2952
7.35985	24.1082	25.2066
7.37787	24.012	25.1199
7.39365	23.9251	25.0415
7.41012	23.8296	24.9551
7.43407	23.7288	24.8661
7.44209	23.6317	24.7758
7.44854	23.5303	24.681
7.46022	23.4321	24.591
7.47988	23.3381	24.5074
7.49739	23.2385	24.418
7.50131	23.1343	24.32
7.50646	23.0318	24.2242
7.51232	22.9257	24.1251
7.51388	22.8264	24.0313
7.51243	22.7265	23.936
7.4954	22.6343	23.843
7.49525	22.5548	23.7675
7.48662	22.464	23.6787
7.46601	22.3642	23.5775
7.44389	22.2669	23.4782
7.41604	22.1717	23.3791
7.38067	22.0876	23.2881
7.35226	21.992	23.1884
7.31156	21.9038	23.0918
7.26712	21.8306	23.0084
7.21342	21.7486	22.9136
7.15686	21.6623	22.8139
7.06953	21.5785	22.707
6.98851	21.5037	22.6108
6.91167	21.4338	22.5206
6.83118	21.3644	22.4299
6.75592	21.299	22.3448
6.67069	21.239	22.2619
6.5934	21.1708	22.1737
6.50672	21.117	22.0967
6.40807	21.0736	22.0263
6.31303	21.0316	21.9586
6.21848	20.9937	21.8953
6.11338	20.946	21.8199
6.00634	20.9013	21.7472
5.90618	20.8624	21.6823
5.80929	20.826	21.621
5.70583	20.7836	21.5526
5.58604	20.7549	21.4935
5.47619	20.7174	21.429
5.37596	20.677	21.3644
5.27837	20.6285	21.2931
5.18734	20.587	21.2305
5.09092	20.551	21.1722
5.00082	20.5095	21.1104
4.91082	20.4628	21.0439
4.82672	20.4244	20.987
4.74095	20.3784	20.9226
4.66117	20.3289	20.8564
4.57775	20.2796	20.7898
4.49143	20.2258	20.7185
4.40991	20.1692	20.6456
4.32974	20.1087	20.5695
4.23895	20.0478	20.491
4.15224	19.9918	20.4185
4.06726	19.9309	20.3417
3.97988	19.87	20.2647
3.89772	19.8058	20.1856
3.81825	19.745	20.1108
3.74079	19.6856	20.0379
3.66145	19.6336	19.9721
3.58941	19.5632	19.8898
3.52327	19.5023	19.818
3.45326	19.4325	19.737
3.3862	19.3578	19.6517
3.31654	19.2843	19.5674
3.24899	19.2119	19.4847
3.17606	19.1384	19.4002
3.12023	19.0529	19.3067
3.05671	18.9851	19.2296
2.99084	18.9138	19.1488
2.92358	18.8318	19.0573
2.85519	18.7556	18.9717
2.78537	18.6822	18.8887
2.71887	18.6059	18.8035
2.65986	18.5098	18.6999
2.5929	18.4261	18.6076
2.53783	18.3541	18.5287
2.47439	18.2826	18.4493
2.40753	18.209	18.3675
2.3432	18.133	18.2838
2.27001	18.0499	18.1921
2.20483	17.9737	18.1084
2.14434	17.881	18.0091
2.08964	17.7941	17.9164
2.02277	17.7024	17.8176
1.95891	17.6156	17.7242
1.90191	17.5302	17.6331
1.83487	17.4337	17.53
1.77869	17.3405	17.4315
1.72506	17.2498	17.3358
1.69197	17.1592	17.2425
1.63883	17.0747	17.1531
1.58961	16.9838	17.058
1.54575	16.8921	16.9627
1.50409	16.8001	16.8673
1.46508	16.7075	16.7716
1.42853	16.598	16.6594
1.38401	16.5044	16.5623
1.3536	16.4008	16.4566
1.32242	16.2904	16.344
1.29018	16.1858	16.2372
1.24853	16.0725	16.1209
1.22367	15.9759	16.0227
1.17946	15.8809	15.9246
1.1489	15.7831	15.8248
1.12568	15.6887	15.7291
1.10219	15.5934	15.6323
1.07186	15.4979	15.5349
1.04428	15.3978	15.4331
1.03161	15.2995	15.3343
1.01871	15.2026	15.2367
0.99872	15.1014	15.1343
0.976873	14.9998	15.0316
0.964406	14.9083	14.9395
0.958771	14.8118	14.8428
0.941614	14.7155	14.7456
0.931647	14.6215	14.6511
0.922923	14.5247	14.554
0.913696	14.4298	14.4587
0.906845	14.3342	14.3629
0.902552	14.2346	14.2632
0.908389	14.1393	14.1684
0.910755	14.0455	14.075
0.914155	13.9549	13.9848
0.917231	13.8606	13.8909
0.925137	13.7586	13.7897
0.93307	13.655	13.6869
0.948128	13.5533	13.5865
0.96074	13.4541	13.4883
0.97752	13.3536	13.3893
0.998942	13.2566	13.2941
1.03218	13.1448	13.1853
1.05801	13.0396	13.0824
1.08165	12.9384	12.9836
1.1074	12.8389	12.8865
1.12711	12.7481	12.7978
1.15395	12.6539	12.7064
1.17269	12.562	12.6166
1.20515	12.4736	12.5317
1.23003	12.3829	12.4438
1.26632	12.2958	12.3608
1.30347	12.1953	12.2647
1.3321	12.096	12.1691
1.37165	12.009	12.0871
1.40433	11.9149	11.9974
1.44362	11.8167	11.9045
1.47444	11.7181	11.8105
1.50962	11.6151	11.7128
1.54122	11.5159	11.6186
1.56636	11.419	11.5259
1.5956	11.3212	11.4331
1.6247	11.2216	11.3386
1.65323	11.1254	11.2476
1.68378	11.0293	11.157
1.71554	10.9345	11.0682
1.74338	10.8383	10.9776
1.76566	10.7397	10.8839
1.79754	10.6427	10.7934
1.82161	10.5482	10.7044
1.8452	10.4523	10.6139
1.86977	10.3507	10.5182
1.88583	10.2543	10.4263
1.90745	10.1595	10.337
1.92282	10.0542	10.2364
1.94618	9.95065	10.1392
1.97435	9.84826	10.0442
1.99491	9.73186	9.93422
2.01239	9.62392	9.83207
2.03068	9.52038	9.73454
2.03954	9.40777	9.62631
2.04911	9.30933	9.53218
2.06511	9.21134	9.43999
2.08114	9.11291	9.34753
2.07894	9.00645	9.24328
2.10081	8.91499	9.15917
2.11045	8.82699	9.07577
2.11791	8.71785	8.97142
2.14007	8.61943	8.88113
2.14977	8.50917	8.77653
2.17044	8.40329	8.67906
2.18074	8.30517	8.58671
2.18444	8.20967	8.49532
2.19074	8.09507	8.38626
2.19727	8.00218	8.29837
2.20188	7.89277	8.19415
2.21125	7.78159	8.08967
2.21893	7.67603	7.99031
2.22133	7.57564	7.8946
2.21724	7.47859	7.80035
2.21261	7.3803	7.70484
2.21745	7.28298	7.61308
2.21269	7.18427	7.51729
2.20667	7.09658	7.43175
2.194	7.00459	7.34015
2.17896	6.92231	7.25715
2.1636	6.83193	7.16634
2.14771	6.73717	7.07121
2.13263	6.63898	6.97311
2.11935	6.541	6.87578
2.10239	6.43864	6.77319
2.07601	6.34071	6.67191
2.05514	6.24223	6.57184
2.03561	6.14091	6.4695
2.01137	6.0442	6.37008
1.99449	5.95559	6.28069
1.97081	5.8626	6.185
1.93326	5.76573	6.08121
1.9097	5.66257	5.97592
1.88412	5.55558	5.86638
1.87278	5.44984	5.76265
1.85843	5.33611	5.65047
1.84616	5.22932	5.54564
1.82167	5.11405	5.42881
1.80521	5.00939	5.32473
1.80144	4.90756	5.22775
1.80927	4.80148	5.13105
1.81193	4.69789	5.0352
1.79036	4.60934	4.94484
1.77939	4.51595	4.85386
1.76378	4.41741	4.75651
1.75407	4.31694	4.65969
1.74232	4.22792	4.57285
1.73176	4.13374	4.48183
1.73008	4.04278	4.39742
1.72643	3.93568	4.29769
1.72967	3.82652	4.19929
1.72047	3.72283	4.10115
1.71325	3.61183	3.99757
1.695	3.50013	3.88895
1.67616	3.39644	3.78752
1.65754	3.28946	3.68348
1.64251	3.19801	3.59515
1.61894	3.09275	3.49086
1.59651	2.99362	3.39273
1.58327	2.89641	3.3009
1.57404	2.80147	3.21338
1.5399	2.70527	3.11284
1.51234	2.60572	3.0128
1.48751	2.50791	2.91587
1.46747	2.4062	2.81838
1.4484	2.30556	2.72277
1.42088	2.20854	2.62612
1.38657	2.11972	2.53294
1.3584	2.02622	2.43943
1.32676	1.93217	2.34384
1.29109	1.83434	2.24315
1.25494	1.7375	2.14331
1.22415	1.65582	2.0592
1.19474	1.56044	1.96529
1.14247	1.4823	1.87148
1.10984	1.39544	1.78297
1.08242	1.29586	1.68846
1.05086	1.2027	1.59712
1.01889	1.10371	1.50211
0.991279	0.992739	1.40291
0.964992	0.889344	1.3123
0.944226	0.792035	1.23243
0.919131	0.703738	1.1576
0.88974	0.62083	1.08493
0.877254	0.527481	1.02363
0.851217	0.43017	0.953738
0.833414	0.330737	0.896642
0.810152	0.230924	0.84242
0.804799	0.128719	0.815027
0.803664	0.0274632	0.804133
0.806523	-0.0743973	0.809947
0.820277	-0.179665	0.839722
0.841059	-0.273338	0.884361
0.859656	-0.371952	0.936673
0.879008	-0.471502	0.997482
0.894951	-0.574501	1.06348
0.915401	-0.667474	1.13291
0.946686	-0.767017	1.21841
0.978895	-0.869296	1.30916
1.00699	-0.970473	1.39852
1.04158	-1.06991	1.49318
1.07128	-1.16744	1.58448
1.11642	-1.27101	1.6917
1.15792	-1.36213	1.78779
1.19419	-1.45426	1.88174
1.23195	-1.54534	1.97631
1.26246	-1.64843	2.07633
1.29475	-1.72739	2.15876
1.32375	-1.81719	2.24822
1.35859	-1.93215	2.36198
1.39698	-2.04018	2.47263
1.42725	-2.1484	2.57928
1.45869	-2.24049	2.67349
1.48592	-2.34019	2.77208
1.50428	-2.45438	2.87869
1.53598	-2.54576	2.97324
1.55968	-2.63912	3.06554
1.57722	-2.73986	3.1614
1.59286	-2.84316	3.25895
1.59577	-2.9326	3.33866
1.59541	-3.03947	3.43274
1.61084	-3.14342	3.53213
1.61911	-3.24985	3.63085
1.62168	-3.3517	3.7234
1.63595	-3.46375	3.83065
1.63776	-3.54701	3.90686
1.63692	-3.63887	3.9901
1.65168	-3.73732	4.08603
1.65917	-3.83643	4.17984
1.66195	-3.93669	4.27313
1.65741	-4.03896	4.3658
1.64947	-4.14419	4.46039
1.64294	-4.24937	4.55592
1.6397	-4.3424	4.64167
1.63619	-4.44335	4.73503
1.6353	-4.53961	4.82517
1.62972	-4.6417	4.91949
1.62944	-4.74447	5.01648
1.61175	-4.83818	5.09959
1.60592	-4.93749	5.19209
1.58899	-5.03091	5.27588
1.58387	-5.1317	5.37056
1.5821	-5.24238	5.47591
1.58263	-5.34801	5.57727
1.58458	-5.43215	5.65855
1.57386	-5.54101	5.76019
1.57323	-5.64806	5.86307
1.578	-5.74507	5.95785
1.57328	-5.84737	6.05533
1.57229	-5.94609	6.15045
1.55077	-6.04389	6.23967
1.53983	-6.14135	6.33145
1.52405	-6.2454	6.42867
1.50617	-6.34888	6.52509
1.48819	-6.44462	6.61421
1.4779	-6.55293	6.71752
1.47246	-6.64766	6.80878
1.45657	-6.74243	6.89797
1.43163	-6.83838	6.98663
1.42488	-6.94866	7.09325
1.41437	-7.05356	7.19397
1.38411	-7.15003	7.28277
1.36084	-7.24512	7.37181
1.33696	-7.35712	7.47761
1.31586	-7.45916	7.57434
1.30257	-7.57348	7.68468
1.28439	-7.67947	7.78613
1.26324	-7.78047	7.88236
1.25363	-7.8796	7.9787
1.24323	-7.99258	8.0887
1.23004	-8.09869	8.19157
1.21929	-8.19731	8.28749
1.1885	-8.28325	8.36808
1.17382	-8.37261	8.45449
1.17017	-8.4673	8.54778
1.16019	-8.56528	8.6435
1.15739	-8.66875	8.74567
1.15386	-8.77116	8.84673
1.14598	-8.87739	8.95105
1.14258	-8.97566	9.04809
1.14225	-9.07022	9.14187
1.13394	-9.15982	9.22974
1.147	-9.26309	9.33383
1.15651	-9.37423	9.4453
1.17047	-9.49047	9.56237
1.18931	-9.59423	9.66767
1.19342	-9.69504	9.76822
1.19844	-9.79538	9.86842
1.20533	-9.8944	9.96754
1.21871	-9.99711	10.0711
1.22882	-10.0987	10.1732
1.24248	-10.2061	10.2814
1.25539	-10.3091	10.3853
1.27215	-10.4074	10.4849
1.28849	-10.5047	10.5834
1.30572	-10.6075	10.6876
1.31504	-10.7047	10.7852
1.33296	-10.7994	10.8813
1.34615	-10.8884	10.9712
1.36604	-10.9684	11.0532
1.37995	-11.0596	11.1454
1.40263	-11.1532	11.2411
1.42234	-11.249	11.3386
1.4524	-11.3452	11.4378
1.47373	-11.4382	11.5328
1.50353	-11.531	11.6286
1.53319	-11.6188	11.7196
1.56337	-11.7142	11.8181
1.59651	-11.8107	11.9181
1.62189	-11.9029	12.0129
1.64605	-11.9965	12.1089
1.67432	-12.0828	12.1982
1.69971	-12.1754	12.2934
1.71821	-12.2631	12.3829
1.75114	-12.346	12.4696
1.77755	-12.4305	12.5569
1.79987	-12.5193	12.648
1.82871	-12.6148	12.7467
1.85119	-12.7152	12.8492
1.87764	-12.8143	12.9511
1.90345	-12.9034	13.043
1.93285	-12.9977	13.1406
1.95504	-13.0944	13.2395
1.97269	-13.1855	13.3323
1.99578	-13.2802	13.4293
2.00633	-13.3867	13.5362
2.02777	-13.4885	13.64
2.05693	-13.5985	13.7532
2.07884	-13.7065	13.8632
2.0976	-13.819	13.9773
2.11062	-13.9238	14.0829
2.12399	-14.0337	14.1936
2.13922	-14.1432	14.304
2.14834	-14.2486	14.4096
2.16642	-14.3483	14.5109
2.17765	-14.4445	14.6078
2.18563	-14.5589	14.722
2.20041	-14.668	14.8322
2.21078	-14.7728	14.9373
2.22313	-14.878	15.0431
2.23239	-14.9835	15.1489
2.24022	-15.0944	15.2598
2.24755	-15.2014	15.3666
2.26089	-15.3093	15.4753
2.27317	-15.4046	15.5714
2.27722	-15.5094	15.6757
2.28303	-15.6119	15.7779
2.2972	-15.7136	15.8807
2.31264	-15.8168	15.985
2.33022	-15.915	16.0846
2.36009	-16.0147	16.1877
2.38508	-16.1158	16.2913
2.39866	-16.2173	16.3938
2.41373	-16.3212	16.4988
2.41588	-16.425	16.6017
2.44177	-16.5176	16.6971
2.46472	-16.6134	16.7952
2.48765	-16.7114	16.8955
2.52083	-16.8164	17.0043
2.54851	-16.9199	17.1108
2.57015	-17.0214	17.2143
2.59678	-17.1179	17.3137
2.62019	-17.2081	17.4064
2.64867	-17.301	17.5026
2.68023	-17.394	17.5992
2.70949	-17.4831	17.6918
2.74519	-17.5724	17.7856
2.79127	-17.6738	17.8928
2.82838	-17.7744	17.9981
2.86506	-17.8756	18.1037
2.89838	-17.9697	18.202
2.93598	-18.0624	18.2995
2.99072	-18.1683	18.4128
3.03508	-18.2634	18.5138
3.07232	-18.355	18.6104
3.11208	-18.4476	18.7083
3.15206	-18.5398	18.8059
3.19316	-18.631	18.9027
3.23014	-18.7298	19.0063
3.27793	-18.8204	19.1038
3.31937	-18.9107	19.1998
3.36253	-19.0011	19.2963
3.38918	-19.0957	19.3941
3.4366	-19.1902	19.4955
3.48086	-19.2806	19.5923
3.52323	-19.367	19.6849
3.5694	-19.4533	19.778
3.61136	-19.5367	19.8677
3.66365	-19.6203	19.9594
3.71172	-19.7064	20.0529
3.75391	-19.7904	20.1433
3.80731	-19.8788	20.2401
3.86603	-19.9616	20.3326
3.91659	-20.0457	20.4248
3.96603	-20.137	20.5238
4.00638	-20.2246	20.6176
4.06327	-20.3126	20.715
4.11226	-20.3851	20.7958
4.1716	-20.4493	20.8705
4.22195	-20.5296	20.9592
4.26292	-20.6232	21.0592
4.3227	-20.7132	21.1594
4.37964	-20.8013	21.2574
4.43051	-20.8903	21.355
4.47949	-20.9793	21.4522
4.53032	-21.0648	21.5465
4.57174	-21.1442	21.6328
4.61626	-21.2275	21.7236
4.654	-21.3124	21.8147
4.70013	-21.3988	21.9089
4.74161	-21.4921	22.0089
4.78334	-21.5826	22.1063
4.82165	-21.6775	22.2073
4.85845	-21.7751	22.3105
4.89498	-21.8691	22.4103
4.92175	-21.9568	22.5016
4.97097	-22.031	22.5849
5.00904	-22.1156	22.6758
5.04418	-22.2144	22.7799
5.06695	-22.3075	22.8758
5.09356	-22.4107	22.9823
5.12356	-22.5094	23.0852
5.14731	-22.599	23.1777
5.17091	-22.7025	23.2839
5.20005	-22.8124	23.3975
5.22275	-22.9201	23.5076
5.2402	-23.035	23.6236
5.25858	-23.1422	23.7321
5.27313	-23.2492	23.8397
5.29036	-23.3518	23.9436
5.30381	-23.4514	24.0437
5.32897	-23.5527	24.1481
5.34506	-23.6529	24.2494
5.35765	-23.7559	24.3526
5.36007	-23.8557	24.4505
5.37608	-23.9517	24.5477
5.38525	-24.0498	24.6454
5.40246	-24.1587	24.7554
5.4159	-24.2407	24.8383
5.4134	-24.3354	24.9303
5.42773	-24.4252	25.021
5.43406	-24.5393	25.1338
5.44019	-24.6558	25.2488
5.44324	-24.7636	25.3548
5.44356	-24.8694	25.4581
5.43805	-24.9724	25.5576
5.45489	-25.0643	25.651
5.46026	-25.1609	25.7466
5.4578	-25.2578	25.8408
5.46377	-25.3554	25.9374
5.45891	-25.4509	26.0298
5.45855	-25.5511	26.1277
5.45407	-25.6511	26.2246
5.45216	-25.7535	26.3243
5.44771	-25.8543	26.422
5.44615	-25.9529	26.5182
5.42193	-26.0503	26.6085
5.43051	-26.1672	26.7248
5.42211	-26.2817	26.8352
5.41355	-26.3853	26.935
5.42108	-26.4991	27.0479
5.41155	-26.6002	27.1451
5.40525	-26.703	27.2446
5.40507	-26.8064	27.3459
5.40055	-26.9079	27.4445
5.41699	-27.013	27.5507
5.42124	-27.1168	27.6534
5.43022	-27.2175	27.7539
5.44905	-27.3199	27.858
5.44732	-27.4273	27.963
5.44234	-27.5367	28.0693
5.44388	-27.6392	28.1702
5.44037	-27.744	28.2723
5.44306	-27.8441	28.3711
5.45796	-27.9447	28.4727
5.46348	-28.0279	28.5555
5.4662	-28.112	28.6385
5.47749	-28.188	28.7153
5.47841	-28.2772	28.803
5.48109	-28.3755	28.9
5.48048	-28.4826	29.0051
5.48643	-28.5817	29.1035
5.48765	-28.6793	29.1996
5.49246	-28.7779	29.2973
5.51405	-28.8827	29.4043
5.52455	-28.981	29.5029
5.51862	-29.0807	29.5997
5.51958	-29.1745	29.692
5.52964	-29.2627	29.7806
5.53588	-29.3563	29.8737
5.54592	-29.4498	29.9674
5.55169	-29.5485	30.0655
5.55832	-29.6468	30.1633
5.57212	-29.7543	30.2716
