0.656566	0
0.656566	0
0.656566	0
0.656566	0
0.656566	0
0.656566	0
0.656566	0
0.656566	0
0.656566	0
0.656566	0
0.656566	0
0.656566	0
0.656566	0
0.656566	0
0.656566	0
0.656566	0
0.656566	0
0.656566	0
0.656566	0
0.656566	0
0.656566	0
0.656566	0
0.656566	0
0.656566	0
0.656566	0
0.656566	0
0.656566	0
0.656566	0
0.656566	0
0.656566	0
0.656566	0
0.656566	0
0.656566	0
0.656566	0
0.656566	0
0.656566	0
0.656566	0
0.656566	0
0.656566	0
0.656566	0
0.656566	0
0.656566	0
0.656566	0
0.656566	0
0.656566	0
0.656566	0
0.656566	0
0.656566	0
0.656566	0
0.656566	0
0.656566	0
0.656566	0
0.656566	0
0.656566	0
0.656566	0
0.656566	0
0.656566	0
0.656566	0
0.656566	0
0.656566	0
0.656566	0
0.656566	0
0.656566	0
0.656566	0
0.656566	0
0.656566	0
0.656566	0
0.656566	0
0.656566	0
0.656566	0
0.656566	0
0.656566	0
0.656566	0
0.656566	0
0.656566	0
0.656566	0
0.656566	0
0.656566	0
0.656566	0
0.656566	0
0.656566	0
0.656566	0
0.656566	0
0.656566	0
0.656566	0
0.656566	0
0.656566	0
0.656566	0
0.656566	0
0.656566	0
0.656566	0
0.656566	0
0.656566	0
0.656566	0
0.656566	0
0.656566	0
0.656566	0
0.656566	0
0.656566	0
0.656566	0
0.656566	0
0.656566	0
0.656566	0
0.656566	0
0.656566	0
0.656566	0
0.656566	0
0.656566	0
0.656566	0
0.656566	0
0.656566	0
0.656566	0
0.656566	0
0.656566	0
0.656566	0
0.656566	0
0.656566	0
0.656566	0
0.656566	0
0.656566	0
0.656566	0
0.656566	0
0.656566	0
0.656566	0
0.656566	0
0.656566	0
0.656566	0
0.656566	0
0.656566	0
0.656566	0
0.656566	0
0.656566	0
0.656566	0
0.656566	0
0.656566	0
0.656566	0
0.656566	0
0.656566	0
0.656566	0
0.656566	0
0.656566	0
0.656566	0
0.656566	0
0.656566	0
0.656566	0
0.656566	0
0.656566	0
0.656566	0
0.656566	0
0.656566	0
0.656566	0
0.656566	0
0.656566	0
0.656566	0
0.656566	0
0.656566	0
0.656566	0
0.656566	0
0.656566	0
0.656566	0
0.656566	0
0.656566	0
0.656566	0
0.656566	0
0.656566	0
0.656566	0
0.656566	0
0.656566	0
0.656566	0
0.656566	0
0.656566	0
0.656566	0
0.656566	0
0.656566	0
0.656566	0
0.656566	0
0.656566	0
0.656566	0
0.656566	0
0.656566	0
0.656566	0
0.656566	0
0.656566	0
0.656566	0
0.656566	0
0.656566	0
0.656566	0
0.656566	0
0.656566	0
0.656566	0
0.656566	0
0.656566	0
0.656566	0
0.656566	0
0.656566	0
0.656566	0
0.656566	0
0.656566	0
0.656566	0
0.656566	0
0.656566	0
0.656566	0
0.656566	0
0.656566	0
0.656566	0
0.656566	0
0.656566	0
0.656566	0
0.656566	0
0.656566	0
0.656566	0
0.656566	0
0.656566	0
0.656566	0
0.656566	0
0.656566	0
0.656566	0
0.656566	0
0.656566	0
0.656566	0
0.656566	0
0.656566	0
0.656566	0
0.656566	0
0.656566	0
0.656566	0
0.656566	0
0.656566	0
0.656566	0
0.656566	0
0.656566	0
0.656566	0
0.656566	0
0.656566	0
0.656566	0
0.656566	0
0.656566	0
0.656566	0
0.656566	0
0.656566	0
0.656566	0
0.656566	0
0.656566	0
0.656566	0
0.656566	0
0.656566	0
0.656566	0
0.656566	0
0.656566	0
0.656566	0
0.656566	0
0.656566	0
0.656566	0
0.656566	0
0.656566	0
0.656566	0
0.656566	0
0.656566	0
0.656566	0
0.656566	0
0.656566	0
0.656566	0
0.656566	0
0.656566	0
0.656566	0
0.656566	0
0.656566	0
0.656566	0
0.656566	0
0.656566	0
0.656566	0
0.656566	0
0.656566	0
0.656566	0
0.656566	0
0.656566	0
0.656566	0
0.656566	0
0.656566	0
0.656566	0
0.656566	0
0.656566	0
0.656566	0
0.656566	0
0.656566	0
0.656566	0
0.656566	0
0.656566	0
0.656566	0
0.656566	0
0.656566	0
0.656566	0
0.656566	0
0.656566	0
0.656566	0
0.656566	0
0.656566	0
0.656566	0
0.656566	0
0.656566	0
0.656566	0
0.656566	0
0.656566	0
0.656566	0
0.656566	0
0.656566	0
0.656566	0
0.656566	0
0.656566	0
0.656566	0
0.656566	0
0.656566	0
0.656566	0
0.656566	0
0.656566	0
0.656566	0
0.656566	0
0.656566	0
0.656566	0
0.656566	0
0.656566	0
0.656566	0
0.656566	0
0.656566	0
0.656566	0
0.656566	0
0.656566	0
0.656566	0
0.656566	0
0.656566	0
0.656566	0
0.656566	0
0.656566	0
0.656566	0
0.656566	0
0.656566	0
0.656566	0
0.656566	0
0.656566	0
0.656566	0
0.656566	0
0.656566	0
0.656566	0
0.656566	0
0.656566	0
0.656566	0
0.656566	0
0.656566	0
0.656566	0
0.656566	0
0.656566	0
0.656566	0
0.656566	0
0.656566	0
0.656566	0
0.656566	0
0.656566	0
0.656566	0
0.656566	0
0.656566	0
0.656566	0
0.656566	0
0.656566	0
0.656566	0
0.656566	0
0.656566	0
0.656566	0
0.656566	0
0.656566	0
0.656566	0
0.656566	0
0.656566	0
0.656566	0
0.656566	0
0.656566	0
0.656566	0
0.656566	0
0.656566	0
0.656566	0
0.656566	0
0.656566	0
0.656566	0
0.656566	0
0.656566	0
0.656566	0
0.656566	0
0.656566	0
0.656566	0
0.656566	0
0.656566	0
0.656566	0
0.656566	0
0.656566	0
0.656566	0
0.656566	0
0.656566	0
0.656566	0
0.656566	0
0.656566	0
0.656566	0
0.656566	0
0.656566	0
0.656566	0
0.656566	0
0.656566	0
0.656566	0
0.656566	0
0.656566	0
0.656566	0
0.656566	0
0.656566	0
0.656566	0
0.656566	0
0.656566	0
0.656566	0
0.656566	0
0.656566	0
0.656566	0
0.656566	0
0.656566	0
0.656566	0
0.662222	-0.00952579
0.667267	-0.0224451
0.672755	-0.035566
0.677643	-0.0499148
0.686607	-0.0629531
0.690054	-0.0803315
0.701231	-0.0961178
0.706011	-0.11443
0.717527	-0.130356
0.722292	-0.149715
0.731207	-0.16461
0.733478	-0.183233
0.742536	-0.199906
0.745	-0.218932
0.755633	-0.2348
0.759226	-0.2531
0.766008	-0.268425
0.767133	-0.286012
0.777153	-0.303581
0.779645	-0.32405
0.788484	-0.341855
0.790821	-0.361415
0.799784	-0.377563
0.801825	-0.395386
0.809384	-0.411577
0.809906	-0.429991
0.816796	-0.447261
0.817411	-0.466819
0.82587	-0.484228
0.828608	-0.502842
0.8343	-0.51986
0.837296	-0.5345
0.841502	-0.549678
0.845081	-0.564869
0.85034	-0.579229
0.852182	-0.595686
0.85789	-0.611583
0.86173	-0.627103
0.864484	-0.642918
0.868609	-0.65871
0.873656	-0.675988
0.877061	-0.691154
0.881119	-0.706768
0.88805	-0.719964
0.894982	-0.733916
0.901914	-0.74844
0.908494	-0.762674
0.916574	-0.777234
0.926322	-0.790812
0.940095	-0.800829
0.953205	-0.810565
0.966684	-0.819466
0.979115	-0.831023
0.993951	-0.839888
1.00222	-0.856798
1.01679	-0.868496
1.0308	-0.881064
1.04386	-0.892746
1.05693	-0.903288
1.06835	-0.915997
1.08143	-0.927273
1.09488	-0.939227
1.10725	-0.950776
1.119	-0.96192
1.13117	-0.972892
1.14295	-0.986277
1.15522	-0.998625
1.16791	-1.011
1.18059	-1.0232
1.19281	-1.03358
1.20311	-1.0464
1.21469	-1.05783
1.22566	-1.06974
1.23727	-1.08152
1.24756	-1.09423
1.25863	-1.10502
1.26788	-1.11812
1.28028	-1.12973
1.28966	-1.14439
1.30386	-1.15894
1.31408	-1.17346
1.32577	-1.18569
1.33524	-1.20022
1.34787	-1.21099
1.35693	-1.22647
1.37014	-1.23907
1.37773	-1.25575
1.39164	-1.26859
1.39887	-1.28562
1.41443	-1.29847
1.42674	-1.31498
1.43798	-1.32966
1.44711	-1.34362
1.45876	-1.35595
1.46588	-1.37205
1.47936	-1.38455
1.48726	-1.40169
1.50094	-1.4149
1.50724	-1.43237
1.52099	-1.44706
1.52963	-1.4654
1.54369	-1.47826
1.55289	-1.49449
1.56513	-1.50739
1.57236	-1.52397
1.58405	-1.53787
1.59212	-1.55426
1.60334	-1.5654
1.61046	-1.58145
1.62288	-1.59571
1.63057	-1.61253
1.64336	-1.62605
1.65106	-1.64352
1.66585	-1.65648
1.67466	-1.67426
1.68793	-1.6864
1.69773	-1.70505
1.71126	-1.72029
1.72012	-1.73828
1.73327	-1.7525
1.74046	-1.77028
1.7542	-1.78543
1.76081	-1.80239
1.77284	-1.81601
1.77952	-1.83364
1.79326	-1.84665
1.79923	-1.86216
1.81129	-1.87591
1.81899	-1.89255
1.83152	-1.90579
1.83901	-1.9228
1.85229	-1.9352
1.86017	-1.95227
1.87432	-1.96741
1.88237	-1.98376
1.89327	-1.99918
1.90221	-2.01439
1.90988	-2.02748
1.91889	-2.04164
1.92609	-2.05397
1.93368	-2.06781
1.94239	-2.08147
1.95195	-2.0947
1.95966	-2.10818
1.9673	-2.12252
1.976	-2.13679
1.98447	-2.14999
1.99239	-2.1643
2.00026	-2.17882
2.00778	-2.19445
2.01575	-2.20886
2.02377	-2.22067
2.03161	-2.2342
2.0395	-2.248
2.04779	-2.26261
2.05452	-2.27708
2.06172	-2.29154
2.07024	-2.30737
2.0786	-2.32241
2.08625	-2.33565
2.09425	-2.35031
2.10173	-2.36489
2.10939	-2.38008
2.1177	-2.39483
2.1267	-2.41023
2.13449	-2.42381
2.14154	-2.43998
2.15039	-2.45452
2.15835	-2.46868
2.16839	-2.48595
2.17634	-2.50102
2.18312	-2.51225
2.18954	-2.52532
2.19669	-2.53927
2.20365	-2.55445
2.21219	-2.56907
2.21889	-2.58536
2.2279	-2.60005
2.23577	-2.61462
