#1 AntPos X	#2 AntPos Y	#3 Distance form nest	
0	0	0
0	0	0
0.0348041	-0.0402212	0.053189
0.085849	-0.0977295	0.130081
0.143691	-0.163434	0.217619
0.196184	-0.229781	0.302138
0.24656	-0.312032	0.397688
0.304108	-0.394713	0.498277
0.362409	-0.478003	0.599856
0.417825	-0.561499	0.699899
0.458355	-0.640719	0.787789
0.504382	-0.733174	0.889913
0.549214	-0.818346	0.985559
0.596071	-0.90412	1.08293
0.64103	-0.98864	1.17827
0.686703	-1.06985	1.27128
0.732345	-1.15441	1.36711
0.77745	-1.2354	1.45967
0.82893	-1.31503	1.55449
0.883716	-1.39347	1.65006
0.931122	-1.48055	1.749
0.977499	-1.56862	1.84826
1.01614	-1.64354	1.9323
1.05606	-1.72713	2.02441
1.10535	-1.81643	2.12631
1.14756	-1.90614	2.22492
1.18472	-1.99496	2.32023
1.22433	-2.08484	2.41775
1.25956	-2.17339	2.512
1.30108	-2.26897	2.61554
1.33941	-2.37394	2.72573
1.37969	-2.47719	2.83549
1.40849	-2.57238	2.93274
1.43141	-2.66535	3.0254
1.45262	-2.76657	3.12475
1.46863	-2.86149	3.21636
1.4798	-2.94363	3.29465
1.49274	-3.03607	3.38319
1.5063	-3.1314	3.47486
1.5255	-3.22881	3.57105
1.54234	-3.33649	3.67573
1.56211	-3.43729	3.7756
1.58881	-3.53536	3.87596
1.61297	-3.6345	3.97634
1.6359	-3.73349	4.07616
1.65062	-3.82832	4.169
1.66625	-3.92467	4.26374
1.68432	-4.02002	4.35861
1.70299	-4.12937	4.46675
1.71933	-4.23097	4.56696
1.73757	-4.33539	4.67062
1.75672	-4.44802	4.78235
1.77862	-4.5498	4.8851
1.80347	-4.65106	4.98848
1.83555	-4.73493	5.07827
1.86841	-4.82331	5.17255
1.89876	-4.9187	5.27247
1.91998	-5.00312	5.35887
1.93513	-5.08963	5.4451
1.95457	-5.18649	5.54256
1.97398	-5.28326	5.63998
1.99393	-5.38594	5.74318
2.01594	-5.48831	5.84684
2.03356	-5.58976	5.94818
2.05073	-5.68556	6.0441
2.06717	-5.78115	6.13962
2.07555	-5.875	6.23085
2.0814	-5.97095	6.32333
2.08601	-6.07282	6.42111
2.08493	-6.17269	6.51529
2.09058	-6.26304	6.60274
2.08938	-6.35952	6.69395
2.07498	-6.4473	6.77297
2.06058	-6.53812	6.85515
2.06119	-6.63207	6.94499
2.05922	-6.73051	7.03848
2.05363	-6.81668	7.1193
2.04014	-6.91629	7.21091
2.02282	-7.00976	7.29579
2.00549	-7.10813	7.38563
1.98482	-7.21613	7.48412
1.96956	-7.31849	7.57888
1.95219	-7.41704	7.66965
1.93057	-7.52726	7.77089
1.90921	-7.6322	7.86737
1.88621	-7.72321	7.95021
1.86762	-7.83057	8.05021
1.83978	-7.93031	8.14092
1.81683	-8.02949	8.23247
1.81129	-8.13648	8.33565
1.81463	-8.25578	8.45286
1.81865	-8.36585	8.56125
1.83092	-8.49064	8.68581
1.8425	-8.60133	8.79646
1.85827	-8.71778	8.91363
1.86965	-8.82332	9.01923
1.8853	-8.92792	9.12481
1.9042	-9.02629	9.22496
1.92307	-9.12457	9.32502
1.94538	-9.22364	9.42656
1.97909	-9.31697	9.52485
2.01444	-9.41154	9.62471
2.05085	-9.5062	9.7249
2.09594	-9.59241	9.81872
2.13121	-9.69632	9.92778
2.16182	-9.7923	10.0281
2.19013	-9.88988	10.1295
2.22703	-9.99493	10.24
2.26716	-10.1001	10.3514
2.30187	-10.1997	10.4562
2.34036	-10.3057	10.5681
2.37576	-10.4055	10.6732
2.41145	-10.4967	10.7701
2.45438	-10.6033	10.8837
2.49388	-10.7036	10.9903
2.53181	-10.7974	11.0903
2.56795	-10.8901	11.1887
2.61406	-10.9832	11.29
2.65774	-11.0727	11.3872
2.70752	-11.1658	11.4894
2.75627	-11.2544	11.587
2.80846	-11.3509	11.6931
2.85992	-11.4695	11.8207
2.89886	-11.576	11.9334
2.93236	-11.681	12.0434
2.96239	-11.7795	12.1463
2.99544	-11.8797	12.2515
3.02757	-11.9751	12.3519
3.05762	-12.0684	12.4497
3.08536	-12.1447	12.5305
3.11671	-12.2303	12.6211
3.16325	-12.313	12.7128
3.20756	-12.4116	12.8194
3.25295	-12.5082	12.9243
3.29924	-12.6023	13.027
3.34387	-12.6934	13.1265
3.38821	-12.7837	13.2251
3.44061	-12.8657	13.3178
3.49862	-12.943	13.4075
3.55477	-13.0177	13.4943
3.60247	-13.0953	13.5818
3.65372	-13.1542	13.6522
3.71622	-13.2247	13.7369
3.77548	-13.2978	13.8233
3.84132	-13.367	13.908
3.90452	-13.4395	13.9951
3.97147	-13.5266	14.0975
4.03031	-13.6168	14.2007
4.08829	-13.7005	14.2975
4.15011	-13.7899	14.4009
4.21064	-13.8705	14.4956
4.269	-13.9545	14.5929
4.32774	-14.0386	14.6905
4.38656	-14.1229	14.7885
4.43876	-14.212	14.889
4.48478	-14.2909	14.9781
4.53716	-14.3756	15.0746
4.6004	-14.4573	15.1716
4.66754	-14.54	15.2708
4.73841	-14.6334	15.3814
4.81078	-14.7189	15.4851
4.87925	-14.7998	15.5834
4.93911	-14.8738	15.6724
5.00662	-14.9544	15.7703
5.08049	-15.0219	15.8578
5.16336	-15.0868	15.9459
5.24782	-15.1528	16.0358
5.33479	-15.2201	16.1279
5.41548	-15.2889	16.2197
5.49107	-15.3571	16.3093
5.56618	-15.4236	16.3973
5.64338	-15.4833	16.4797
5.71331	-15.5546	16.5707
5.78859	-15.6232	16.6611
5.86374	-15.6901	16.75
5.93224	-15.7373	16.8182
6.00179	-15.7721	16.8754
6.08103	-15.815	16.9438
6.16345	-15.8544	17.0103
6.25269	-15.8905	17.0764
6.34146	-15.9246	17.1408
6.42726	-15.9774	17.2217
6.52085	-16.027	17.3028
6.61224	-16.0752	17.382
6.70194	-16.1311	17.4679
6.78572	-16.1923	17.5567
6.85201	-16.256	17.6411
6.92001	-16.3217	17.7281
6.99541	-16.395	17.8251
7.0712	-16.4619	17.9163
7.15701	-16.5291	18.012
7.23677	-16.5961	18.1053
7.31795	-16.6637	18.1998
7.39485	-16.7295	18.291
7.46366	-16.7923	18.3763
7.53499	-16.8575	18.4649
7.61516	-16.9197	18.5544
7.6952	-16.9821	18.6442
7.77401	-17.0495	18.7382
7.84981	-17.1202	18.834
7.92198	-17.1971	18.934
7.98745	-17.2731	19.0305
8.06118	-17.3385	19.1208
8.12554	-17.4111	19.2138
8.19594	-17.4833	19.3091
8.26142	-17.5578	19.4043
8.3197	-17.629	19.4935
8.37478	-17.7087	19.5891
8.43063	-17.7898	19.6864
8.48828	-17.8623	19.7765
8.55499	-17.9296	19.866
8.62249	-17.9997	19.9584
8.68579	-18.0755	20.0541
8.75712	-18.1506	20.1527
8.82741	-18.2252	20.2504
8.89198	-18.3078	20.353
8.95518	-18.3868	20.4517
9.03322	-18.4765	20.5665
9.09574	-18.5603	20.6692
9.15493	-18.6407	20.7675
9.21727	-18.7268	20.8722
9.28549	-18.8049	20.9725
9.35212	-18.8816	21.0708
9.41729	-18.9563	21.1667
9.48367	-19.0315	21.2635
9.55196	-19.1098	21.3641
9.60298	-19.1736	21.444
9.65872	-19.2435	21.5315
9.70819	-19.319	21.6211
9.76069	-19.3975	21.7148
9.81316	-19.4746	21.8073
9.86512	-19.5562	21.9035
9.91127	-19.6443	22.003
9.95355	-19.7264	22.0953
9.99446	-19.816	22.1938
10.0297	-19.9023	22.2867
10.0518	-19.979	22.3652
10.0727	-20.0643	22.4507
10.0948	-20.1508	22.5379
10.1164	-20.2322	22.6204
10.1404	-20.3225	22.7119
10.1649	-20.417	22.8074
10.1876	-20.5124	22.9029
10.2085	-20.6126	23.002
10.2336	-20.6992	23.0908
10.2599	-20.7971	23.1902
10.2868	-20.9001	23.2945
10.3146	-20.9908	23.3882
10.3467	-21.0799	23.4823
10.3727	-21.1646	23.5697
10.4068	-21.2534	23.6645
10.4401	-21.3392	23.7562
10.4755	-21.4312	23.8544
10.5106	-21.5316	23.9601
10.5505	-21.6277	24.0638
10.5883	-21.7225	24.1657
10.6466	-21.8078	24.2679
10.7192	-21.8838	24.3681
10.791	-21.9639	24.4715
10.8596	-22.0419	24.5719
10.9274	-22.1186	24.6706
10.9946	-22.1931	24.7672
11.0616	-22.2674	24.8635
11.124	-22.3422	24.9583
11.1723	-22.4139	25.044
11.2275	-22.4877	25.1347
11.2854	-22.5647	25.2295
11.3514	-22.6383	25.3249
11.4271	-22.7196	25.4314
11.4961	-22.7954	25.5302
11.5617	-22.866	25.6228
11.6373	-22.9325	25.7163
11.7111	-22.9963	25.8066
11.7888	-23.0639	25.9022
11.8661	-23.1336	25.9994
11.94	-23.2004	26.0925
12.0121	-23.2651	26.1831
12.0883	-23.3378	26.2827
12.1608	-23.3992	26.3706
12.2389	-23.4687	26.4683
12.3152	-23.5363	26.5636
12.3802	-23.6034	26.6531
12.4436	-23.6662	26.7383
12.5182	-23.7286	26.8282
12.5929	-23.7906	26.9179
12.6741	-23.8517	27.01
12.7469	-23.9038	27.0901
12.8239	-23.9593	27.1754
12.9083	-24.0178	27.2668
12.9856	-24.079	27.3574
13.0631	-24.1436	27.451
13.1368	-24.2103	27.5448
13.2131	-24.2747	27.6378
13.2889	-24.3355	27.7274
13.3725	-24.4028	27.8266
13.4546	-24.4669	27.9223
13.5366	-24.5313	28.0183
13.6164	-24.5956	28.1131
13.7095	-24.6629	28.2172
13.7949	-24.7297	28.3171
13.8817	-24.786	28.4086
13.9742	-24.8412	28.502
14.0569	-24.8784	28.5751
14.1442	-24.9151	28.65
14.2353	-24.9555	28.7301
14.318	-25.0007	28.8104
14.3979	-25.0517	28.8944
14.4732	-25.1037	28.977
14.5515	-25.1641	29.0685
14.626	-25.2352	29.1673
14.6996	-25.3054	29.265
14.7741	-25.3755	29.363
14.8481	-25.4527	29.4671
14.9206	-25.5251	29.5661
14.9911	-25.594	29.6612
15.0587	-25.6765	29.7665
15.1195	-25.7624	29.8714
15.183	-25.8621	29.9895
15.2426	-25.955	30.0998
15.3061	-26.049	30.213
15.3577	-26.1222	30.3022
15.4098	-26.2192	30.4123
15.4437	-26.3188	30.5153
15.4884	-26.4141	30.6201
15.5264	-26.4843	30.7
15.5633	-26.5644	30.7877
15.6037	-26.6507	30.8826
15.6452	-26.7393	30.9801
15.6885	-26.8291	31.0794
15.7251	-26.912	31.1694
15.761	-26.9963	31.2604
15.8134	-27.0839	31.3624
15.8661	-27.1726	31.4656
15.9109	-27.2624	31.5658
15.9555	-27.3515	31.6652
16.0039	-27.4447	31.77
16.0529	-27.5386	31.8759
16.0987	-27.6307	31.9785
16.1456	-27.7327	32.0903
16.1954	-27.8308	32.2001
16.2433	-27.9228	32.3036
16.2914	-28.0115	32.4046
16.3403	-28.0998	32.5055
16.3809	-28.1852	32.5997
16.4235	-28.2743	32.6982
16.4664	-28.3642	32.7975
16.5087	-28.455	32.8972
16.5443	-28.5525	32.9993
16.5785	-28.6445	33.0961
16.6112	-28.7342	33.1901
16.644	-28.8243	33.2846
16.6781	-28.9154	33.3805
16.7125	-29.0073	33.4773
16.7353	-29.1042	33.5727
16.7503	-29.1961	33.6598
16.7634	-29.2974	33.7543
16.7866	-29.4056	33.8597
16.7924	-29.5047	33.9487
16.7991	-29.6038	34.0382
16.8157	-29.7052	34.1346
16.836	-29.7981	34.2254
16.8509	-29.8897	34.3125
16.8662	-29.9848	34.4029
0	0	0
0.0327458	-0.0968908	0.102275
0.0774157	-0.185376	0.200891
0.129215	-0.270425	0.29971
0.189285	-0.3546	0.401958
0.244712	-0.439239	0.502807
0.302785	-0.519349	0.601168
0.36392	-0.598617	0.700557
0.42611	-0.67753	0.800386
0.485192	-0.751423	0.894454
0.546031	-0.82412	0.988597
0.613191	-0.899589	1.0887
0.6852	-0.957205	1.17718
0.753701	-1.0243	1.27172
0.813721	-1.0967	1.36561
0.87258	-1.17004	1.45959
0.931614	-1.25148	1.56016
0.984968	-1.34506	1.66714
1.03437	-1.43122	1.76587
1.07446	-1.52731	1.86739
1.11057	-1.61837	1.96278
1.16304	-1.70657	2.0652
1.21397	-1.79425	2.16635
1.27095	-1.88737	2.27541
1.32489	-1.98259	2.38454
1.37408	-2.07477	2.48853
1.42607	-2.16674	2.59392
1.47881	-2.2606	2.70134
1.51602	-2.34742	2.79441
1.55774	-2.44249	2.89695
1.59425	-2.53741	2.99668
1.62618	-2.62998	3.09213
1.66042	-2.71938	3.18623
1.70494	-2.80453	3.2821
1.74148	-2.89705	3.38018
1.78094	-2.99648	3.48577
1.81514	-3.09339	3.58661
1.81499	-3.19398	3.67365
1.8144	-3.29714	3.7634
1.81576	-3.39438	3.84952
1.80942	-3.4828	3.92478
1.80654	-3.58364	4.01323
1.80322	-3.68459	4.10217
1.8195	-3.78635	4.20084
1.84541	-3.8804	4.29686
1.87339	-3.99366	4.41122
1.90121	-4.10118	4.52043
1.91372	-4.19503	4.61092
1.92721	-4.28058	4.69441
1.94102	-4.35738	4.77015
1.95357	-4.42116	4.83354
1.9655	-4.5067	4.91666
1.97222	-4.5921	4.9977
1.97964	-4.68587	5.08688
1.98186	-4.78465	5.17887
1.98161	-4.87658	5.26382
1.98089	-4.97278	5.3528
1.99219	-5.06932	5.44672
1.99679	-5.15406	5.52735
2.00069	-5.24699	5.61549
2.00891	-5.34495	5.71001
2.01577	-5.44387	5.80508
2.02121	-5.54178	5.89887
2.02293	-5.64269	5.99435
2.01923	-5.73912	6.08397
2.01866	-5.83879	6.1779
2.00867	-5.93641	6.26703
2.00512	-6.04584	6.36967
1.99913	-6.15019	6.46694
1.98372	-6.25429	6.56135
1.97625	-6.37514	6.67443
1.96664	-6.48651	6.77809
1.95155	-6.58473	6.86784
1.94153	-6.6889	6.96498
1.92833	-6.79151	7.05996
1.91336	-6.8851	7.14602
1.89244	-6.9751	7.22726
1.87289	-7.07215	7.31594
1.84498	-7.16998	7.40355
1.81994	-7.26385	7.48837
1.79548	-7.36119	7.57699
1.77223	-7.445	7.65302
1.75646	-7.53371	7.73575
1.73262	-7.60545	7.80031
1.71777	-7.69116	7.88065
1.70375	-7.78286	7.96716
1.69345	-7.8758	8.05581
1.67511	-7.97454	8.14857
1.66269	-8.06552	8.23512
1.65726	-8.16032	8.3269
1.65424	-8.25779	8.42185
1.65465	-8.35243	8.51475
1.66096	-8.45203	8.61369
1.67306	-8.54463	8.70689
1.68857	-8.64199	8.80541
1.69792	-8.7464	8.90968
1.7096	-8.84743	9.01109
1.7247	-8.95755	9.12208
1.74546	-9.06029	9.22689
1.76991	-9.15793	9.32739
1.79176	-9.26301	9.43471
1.82037	-9.36152	9.53687
1.84732	-9.45717	9.6359
1.88669	-9.54903	9.73363
1.92956	-9.63497	9.82628
1.96199	-9.72091	9.91693
1.997	-9.81226	10.0134
2.03808	-9.89253	10.1003
2.09225	-9.99158	10.2083
2.14125	-10.0852	10.31
2.1878	-10.1768	10.4093
2.22347	-10.2603	10.4984
2.26405	-10.3503	10.595
2.31454	-10.4345	10.6882
2.36235	-10.5213	10.7833
2.40995	-10.6107	10.881
2.45472	-10.7015	10.9794
2.49633	-10.7932	11.0781
2.53831	-10.8941	11.1859
2.57525	-10.9863	11.2841
2.60698	-11.0819	11.3844
2.63259	-11.1812	11.4869
2.65616	-11.2763	11.5849
2.67882	-11.37	11.6813
2.70327	-11.4651	11.7795
2.72796	-11.5576	11.8751
2.75828	-11.6426	11.9649
2.79284	-11.7302	12.0581
2.83111	-11.8242	12.1584
2.87212	-11.9077	12.2492
2.91442	-11.9949	12.3439
2.96274	-12.0841	12.442
3.01355	-12.1726	12.54
3.0711	-12.2636	12.6423
3.12447	-12.3546	12.7436
3.18616	-12.4433	12.8447
3.22516	-12.5346	12.9429
3.26538	-12.6269	13.0423
3.31724	-12.7088	13.1346
3.37013	-12.795	13.2313
3.419	-12.8802	13.3262
3.46866	-12.9659	13.4218
3.50984	-13.0457	13.5096
3.54908	-13.1285	13.5997
3.58203	-13.2077	13.6848
3.62073	-13.2917	13.776
3.66243	-13.3789	13.8711
3.70831	-13.4656	13.9668
3.76326	-13.5393	14.0526
3.82109	-13.6173	14.1432
3.89691	-13.6808	14.225
3.98338	-13.7497	14.3151
4.06204	-13.8078	14.3929
4.13471	-13.8675	14.4707
4.20441	-13.9296	14.5503
4.27281	-13.995	14.6327
4.34153	-14.0608	14.7158
4.40326	-14.1292	14.7994
4.4605	-14.2098	14.8935
4.51664	-14.2892	14.9861
4.55279	-14.3708	15.0747
4.60579	-14.4616	15.1773
4.65624	-14.551	15.2779
4.70654	-14.6391	15.3771
4.75851	-14.7225	15.4724
4.80286	-14.8013	15.561
4.84929	-14.866	15.6369
4.90552	-14.94	15.7247
4.97698	-15.0092	15.8128
5.04575	-15.0803	15.902
5.11185	-15.1609	15.9995
5.18831	-15.239	16.098
5.25461	-15.3166	16.1929
5.33022	-15.3965	16.293
5.38955	-15.4677	16.3798
5.45214	-15.5347	16.4637
5.51789	-15.5987	16.5459
5.59909	-15.6844	16.6538
5.67113	-15.7698	16.7585
5.74441	-15.8437	16.853
5.82004	-15.9101	16.9412
5.89486	-15.976	17.0289
5.96364	-16.0382	17.111
6.03968	-16.1047	17.2
6.1316	-16.161	17.285
6.22857	-16.2164	17.3715
6.32653	-16.2654	17.4524
6.4217	-16.3115	17.5301
6.52237	-16.3549	17.6075
6.61615	-16.3935	17.6782
6.70566	-16.4331	17.7486
6.80377	-16.4642	17.8146
6.89806	-16.4976	17.8816
6.99282	-16.5282	17.9467
7.08794	-16.5676	18.0201
7.17699	-16.6094	18.0937
7.26195	-16.655	18.1693
7.34777	-16.7016	18.2465
7.43218	-16.7514	18.3262
7.51649	-16.8036	18.4081
7.59848	-16.8601	18.4932
7.68958	-16.8977	18.565
7.77816	-16.9425	18.6427
7.8634	-16.9928	18.724
7.95449	-17.0474	18.8119
8.04649	-17.0879	18.8876
8.11337	-17.1325	18.9565
8.18329	-17.19	19.0385
8.25062	-17.2501	19.1217
8.32249	-17.3134	19.2098
8.38928	-17.379	19.298
8.4535	-17.4371	19.3782
8.51923	-17.5013	19.4646
8.59015	-17.566	19.5539
8.65589	-17.6502	19.6585
8.71741	-17.7333	19.7602
8.77488	-17.8033	19.8483
8.83566	-17.8761	19.9405
8.88891	-17.9459	20.0267
8.94388	-18.0236	20.1207
8.99421	-18.1002	20.2117
9.04389	-18.1831	20.3081
9.09299	-18.2702	20.4079
9.14651	-18.3513	20.5044
9.20229	-18.4328	20.6022
9.25837	-18.5173	20.7028
9.31168	-18.6043	20.8045
9.36875	-18.6983	20.9141
9.42078	-18.7901	21.0195
9.46619	-18.8776	21.1181
9.51104	-18.969	21.2199
9.55352	-19.057	21.3176
9.60099	-19.1518	21.4236
9.64421	-19.2417	21.5234
9.68569	-19.3395	21.6293
9.72734	-19.4377	21.7358
9.76631	-19.5302	21.836
9.81099	-19.6251	21.9408
9.85415	-19.7247	22.0492
9.8983	-19.8117	22.1468
9.94768	-19.9025	22.2501
10.0019	-19.9874	22.3502
10.0565	-20.0722	22.4505
10.1038	-20.1563	22.5469
10.1447	-20.2373	22.6376
10.1748	-20.3192	22.7244
10.1923	-20.4115	22.8147
10.2117	-20.5085	22.9102
10.2229	-20.6297	23.0237
10.2497	-20.7408	23.1352
10.2762	-20.8442	23.2396
10.3041	-20.9374	23.3356
10.3374	-21.0281	23.4316
10.3711	-21.1187	23.5279
10.4047	-21.2087	23.6234
10.4384	-21.3064	23.726
10.474	-21.4109	23.8355
10.5106	-21.4964	23.9284
10.549	-21.584	24.0239
10.5904	-21.6723	24.1214
10.6333	-21.7621	24.221
10.6709	-21.8559	24.3217
10.7114	-21.9426	24.4175
10.7552	-22.0316	24.5166
10.804	-22.12	24.6175
10.8676	-22.2085	24.7249
10.9366	-22.2933	24.8314
10.9935	-22.3885	24.942
11.0619	-22.4836	25.0575
11.1229	-22.5628	25.1555
11.1835	-22.6373	25.2491
11.2474	-22.7112	25.3437
11.3093	-22.7974	25.4484
11.3733	-22.8759	25.5472
11.4297	-22.9508	25.6393
11.4873	-23.0241	25.7307
11.5566	-23.0778	25.8097
11.6254	-23.1401	25.8962
11.6936	-23.208	25.9875
11.7606	-23.2726	26.0754
11.8228	-23.3393	26.163
11.8893	-23.4067	26.2532
11.9614	-23.4815	26.3525
12.0521	-23.5597	26.4635
12.1406	-23.6337	26.5696
12.2189	-23.7035	26.6675
12.2882	-23.7687	26.7573
12.3746	-23.8309	26.8522
12.4678	-23.8866	26.9447
12.5599	-23.9416	27.0361
12.6417	-24.0104	27.1351
12.7214	-24.0768	27.231
12.7941	-24.1428	27.3233
12.8682	-24.1974	27.4063
12.949	-24.2634	27.5026
13.0398	-24.3283	27.6026
13.1252	-24.3913	27.6985
13.2076	-24.4488	27.7882
13.2769	-24.4962	27.8629
13.3532	-24.5477	27.9445
13.4365	-24.5986	28.0291
13.5244	-24.6488	28.1153
13.6045	-24.693	28.1927
13.6992	-24.744	28.2831
13.7901	-24.7932	28.3702
13.8846	-24.8477	28.4638
13.9754	-24.9007	28.5544
14.064	-24.9602	28.6498
14.1427	-25.0179	28.7387
14.2225	-25.0778	28.8301
14.3147	-25.1479	28.9366
14.4034	-25.211	29.0353
14.4676	-25.2685	29.1172
14.5329	-25.3247	29.1984
14.6045	-25.383	29.2846
14.6864	-25.4391	29.3741
14.7486	-25.4922	29.4512
14.8188	-25.5558	29.5414
14.896	-25.6176	29.6337
14.974	-25.6804	29.7271
15.0452	-25.747	29.8205
15.114	-25.8166	29.9154
15.1876	-25.8731	30.0013
15.2575	-25.9348	30.09
15.3229	-26.0099	30.1879
15.3854	-26.0867	30.2857
15.4509	-26.1402	30.3651
15.5392	-26.1951	30.4574
15.6274	-26.2586	30.557
15.7046	-26.3325	30.66
15.7719	-26.4105	30.7614
15.8338	-26.4922	30.8633
15.8889	-26.5779	30.9652
15.9368	-26.6651	31.0646
15.9836	-26.7635	31.1731
16.0311	-26.8475	31.2695
16.0749	-26.9367	31.3686
16.1144	-27.026	31.4655
16.1482	-27.1206	31.5641
16.1781	-27.2178	31.6629
16.2202	-27.3099	31.7636
16.2627	-27.4011	31.8637
16.3015	-27.4968	31.9658
16.338	-27.591	32.0654
16.36	-27.6816	32.1547
16.3828	-27.7757	32.2473
16.4228	-27.8773	32.3551
16.4548	-27.9853	32.4644
16.4892	-28.0813	32.5646
16.5172	-28.1888	32.6715
16.5387	-28.2892	32.769
16.5629	-28.3977	32.8749
16.6003	-28.5187	32.9983
16.6363	-28.6306	33.1131
16.6699	-28.7385	33.2233
16.7016	-28.8349	33.3226
16.7308	-28.9295	33.4191
16.7655	-29.0229	33.5173
16.7958	-29.1114	33.6091
16.8281	-29.2027	33.7044
16.8714	-29.306	33.8155
16.9071	-29.4122	33.9253
16.9485	-29.5198	34.0392
16.9799	-29.6095	34.1327
17.0109	-29.7026	34.2289
17.0456	-29.7946	34.326
17.0758	-29.8923	34.4258
17.1058	-29.9862	34.5222
0	0	0
0.0425248	-0.0931147	0.102366
0.108848	-0.166361	0.198806
0.182312	-0.239253	0.300799
0.252541	-0.318192	0.40623
0.320936	-0.391862	0.506513
0.391294	-0.464631	0.607448
0.450335	-0.54318	0.705582
0.516068	-0.624581	0.810202
0.57923	-0.705743	0.913007
0.632437	-0.789185	1.01133
0.693679	-0.874786	1.11644
0.756596	-0.963584	1.22513
0.800845	-1.05749	1.32651
0.846182	-1.14616	1.42468
0.891354	-1.23537	1.52337
0.940318	-1.31306	1.61503
0.99119	-1.38434	1.7026
1.04081	-1.46013	1.79312
1.09058	-1.53905	1.88628
1.13884	-1.62562	1.98484
1.18628	-1.71534	2.08558
1.2425	-1.80301	2.18967
1.29631	-1.89626	2.297
1.34451	-1.98776	2.39977
1.38169	-2.06867	2.48766
1.41816	-2.15974	2.58373
1.44761	-2.2542	2.67899
1.46911	-2.3483	2.76998
1.49288	-2.44362	2.86356
1.51609	-2.53872	2.95696
1.55309	-2.63109	3.05528
1.59292	-2.72824	3.15922
1.62911	-2.82935	3.26485
1.65554	-2.9315	3.36668
1.66713	-3.037	3.46448
1.68253	-3.14053	3.56284
1.69797	-3.24153	3.65932
1.71303	-3.33777	3.75169
1.72793	-3.43529	3.84538
1.7424	-3.53987	3.94546
1.75302	-3.6502	4.04932
1.76323	-3.76352	4.15609
1.77637	-3.8696	4.25785
1.79841	-3.98508	4.37208
1.81811	-4.09482	4.4803
1.83268	-4.20442	4.58649
1.84872	-4.30064	4.68116
1.85711	-4.39945	4.77536
1.8647	-4.50054	4.87155
1.87505	-4.60098	4.96838
1.88398	-4.69423	5.05817
1.90594	-4.78748	5.15292
1.92025	-4.8849	5.24877
1.93982	-4.98549	5.34958
1.95858	-5.08588	5.44997
1.97337	-5.18939	5.55194
1.98095	-5.29546	5.65385
1.98951	-5.40298	5.75763
1.9908	-5.51108	5.85963
1.99464	-5.61625	5.95994
1.98625	-5.71202	6.04751
1.97968	-5.81178	6.1397
1.97794	-5.90091	6.22358
1.98619	-5.98957	6.3103
1.99187	-6.08927	6.40677
2.00014	-6.19785	6.51259
1.99952	-6.30305	6.6126
2.00945	-6.39715	6.70532
2.01914	-6.4919	6.79865
2.02106	-6.57974	6.88314
2.00975	-6.68527	6.98082
1.99136	-6.7872	7.0733
1.96609	-6.88823	7.16333
1.93842	-6.98729	7.25118
1.91292	-7.08158	7.33539
1.88619	-7.17623	7.41998
1.8572	-7.2686	7.50212
1.81802	-7.36298	7.58411
1.79	-7.46097	7.67269
1.77353	-7.55917	7.76443
1.75885	-7.66025	7.85958
1.75051	-7.76277	7.95769
1.73588	-7.87553	8.06456
1.72654	-7.98174	8.16634
1.71888	-8.0899	8.27049
1.71819	-8.19752	8.37565
1.71839	-8.30101	8.47701
1.72175	-8.40042	8.57505
1.72165	-8.5012	8.67378
1.72142	-8.60177	8.77232
1.72684	-8.70262	8.87229
1.73679	-8.80306	8.97275
1.74767	-8.89849	9.06849
1.76695	-8.99295	9.16489
1.79397	-9.09302	9.2683
1.82735	-9.18702	9.36699
1.86136	-9.28543	9.47016
1.89969	-9.37768	9.56816
1.93755	-9.46752	9.66375
1.97761	-9.57122	9.77339
2.02721	-9.66624	9.87652
2.06824	-9.75882	9.97558
2.11009	-9.84626	10.0698
2.14913	-9.93706	10.1668
2.18539	-10.0291	10.2644
2.2195	-10.1223	10.3628
2.25185	-10.217	10.4622
2.2898	-10.3072	10.5585
2.32043	-10.4122	10.6676
2.34613	-10.511	10.7697
2.37114	-10.6164	10.878
2.39438	-10.7129	10.9772
2.41968	-10.8147	11.0821
2.45417	-10.9128	11.1854
2.48855	-11.0065	11.2843
2.52285	-11.0994	11.3825
2.5635	-11.2	11.4896
2.60093	-11.2924	11.588
2.63724	-11.3729	11.6747
2.67492	-11.4623	11.7703
2.72616	-11.5416	11.8592
2.77598	-11.6228	11.9497
2.82882	-11.7175	12.0541
2.88034	-11.8128	12.1588
2.93526	-11.9138	12.2701
2.97783	-12.0157	12.3792
3.0146	-12.108	12.4777
3.05207	-12.2002	12.5762
3.07939	-12.2905	12.6704
3.1247	-12.3926	12.7804
3.18822	-12.4902	12.8907
3.24278	-12.5778	12.9891
3.29079	-12.6735	13.0938
3.33552	-12.7638	13.1925
3.39397	-12.8561	13.2965
3.45071	-12.9464	13.3984
3.50389	-13.0349	13.4977
3.56861	-13.1208	13.5975
3.63537	-13.2049	13.6962
3.69467	-13.2879	13.7919
3.75247	-13.3706	13.8872
3.80702	-13.4514	13.9797
3.86336	-13.5328	14.0734
3.91403	-13.6107	14.1623
3.96888	-13.6916	14.2552
4.02047	-13.7743	14.349
4.07196	-13.8684	14.4538
4.12351	-13.9549	14.5514
4.18864	-14.026	14.6381
4.25283	-14.098	14.7255
4.31708	-14.1713	14.8143
4.38147	-14.247	14.9055
4.44984	-14.3287	15.0037
4.51431	-14.4082	15.0989
4.57032	-14.4885	15.1922
4.62733	-14.5698	15.2869
4.69467	-14.6535	15.3871
4.74848	-14.7297	15.4762
4.80505	-14.7983	15.5588
4.86545	-14.8711	15.6468
4.92804	-14.9528	15.7439
4.98616	-15.0298	15.8353
5.04827	-15.1067	15.9279
5.12915	-15.1963	16.0386
5.21693	-15.2734	16.1398
5.30166	-15.3551	16.2446
5.38308	-15.4419	16.3533
5.46789	-15.5252	16.4599
5.55131	-15.5941	16.5527
5.63837	-15.6649	16.6488
5.71935	-15.727	16.7347
5.8139	-15.778	16.8151
5.91651	-15.839	16.908
5.99344	-15.884	16.9771
6.07045	-15.9403	17.057
6.14464	-15.9927	17.1325
6.22002	-16.0492	17.2124
6.2995	-16.1068	17.2948
6.37315	-16.1656	17.3765
6.468	-16.2199	17.462
6.55299	-16.2638	17.5343
6.6509	-16.2969	17.6018
6.74562	-16.3331	17.6713
6.83743	-16.3804	17.7502
6.92025	-16.4319	17.8297
7.0063	-16.489	17.9158
7.07619	-16.5607	18.0091
7.14052	-16.6065	18.0765
7.22232	-16.6569	18.1553
7.30469	-16.7096	18.2365
7.38053	-16.7584	18.3117
7.45919	-16.8116	18.3921
7.5414	-16.8688	18.4778
7.62844	-16.9345	18.5734
7.71097	-16.9913	18.6591
7.79682	-17.048	18.7464
7.88122	-17.1118	18.8395
7.94528	-17.1826	18.9306
8.01574	-17.2523	19.0236
8.08067	-17.3264	19.1181
8.16395	-17.3965	19.2169
8.24414	-17.4634	19.3116
8.32198	-17.5307	19.4056
8.39959	-17.5998	19.5015
8.4732	-17.671	19.5974
8.55145	-17.7607	19.7122
8.62246	-17.8431	19.8173
8.69282	-17.916	19.9136
8.76483	-17.989	20.0107
8.82411	-18.0642	20.1042
8.87651	-18.147	20.2016
8.92819	-18.2324	20.301
8.97265	-18.3009	20.3821
9.02295	-18.3632	20.4603
9.0735	-18.43	20.5425
9.13381	-18.5068	20.638
9.19709	-18.5846	20.7359
9.25443	-18.6707	20.8384
9.30271	-18.7601	20.94
9.36013	-18.8536	21.0492
9.41695	-18.9458	21.1571
9.46907	-19.0384	21.2632
9.52939	-19.1281	21.3704
9.58434	-19.2193	21.4765
9.62956	-19.322	21.5886
9.66676	-19.4271	21.6993
9.70399	-19.526	21.8044
9.75431	-19.615	21.9065
9.80402	-19.7021	22.0067
9.84645	-19.7869	22.1014
9.87839	-19.8652	22.1857
9.91531	-19.9495	22.2777
9.95333	-20.0369	22.3728
9.99248	-20.1271	22.4711
10.0284	-20.2147	22.5655
10.0661	-20.3046	22.6628
10.1051	-20.3991	22.7648
10.1429	-20.5007	22.8726
10.1827	-20.5982	22.9777
10.2226	-20.6889	23.0766
10.2628	-20.7799	23.1761
10.3105	-20.8582	23.2673
10.3618	-20.9457	23.3685
10.4158	-21.0332	23.471
10.4609	-21.121	23.5696
10.5101	-21.2086	23.67
10.5506	-21.2966	23.7668
10.598	-21.3789	23.8616
10.636	-21.4691	23.9593
10.674	-21.5582	24.056
10.7203	-21.6509	24.1596
10.7595	-21.7385	24.2555
10.8068	-21.8365	24.3643
10.8501	-21.9303	24.4676
10.8933	-22.0264	24.5729
10.9238	-22.1248	24.6746
10.9657	-22.2152	24.7742
11.0011	-22.3161	24.8804
11.0469	-22.4028	24.9784
11.1002	-22.4872	25.0777
11.1491	-22.5607	25.1652
11.2033	-22.637	25.2576
11.2633	-22.7032	25.3436
11.3286	-22.7723	25.4345
11.3943	-22.8464	25.5302
11.4572	-22.9291	25.6322
11.5286	-23.0229	25.7481
11.5936	-23.1066	25.852
11.6613	-23.1874	25.9546
11.7184	-23.2536	26.0394
11.7791	-23.3247	26.1302
11.8428	-23.3965	26.2231
11.9125	-23.4665	26.317
11.9858	-23.5338	26.4102
12.0643	-23.5984	26.5034
12.1509	-23.6717	26.6082
12.2347	-23.7328	26.7008
12.3177	-23.7921	26.7916
12.412	-23.854	26.8899
12.4977	-23.913	26.9819
12.5824	-23.9727	27.0741
12.6639	-24.0306	27.1632
12.7378	-24.0825	27.2437
12.8128	-24.1426	27.3319
12.8932	-24.197	27.4177
12.9719	-24.2599	27.5103
13.0452	-24.3174	27.5955
13.1135	-24.3772	27.6805
13.1889	-24.4361	27.7682
13.2678	-24.4896	27.8528
13.3498	-24.5428	27.9386
13.4333	-24.5958	28.0251
13.5217	-24.6479	28.1133
13.613	-24.7021	28.2047
13.7025	-24.7549	28.2942
13.7949	-24.8141	28.3909
13.8857	-24.8707	28.4845
13.9759	-24.9167	28.5687
14.0616	-24.9665	28.6541
14.1473	-25.0175	28.7406
14.2295	-25.07	28.8267
14.3123	-25.1248	28.9154
14.3805	-25.1758	28.9934
14.4561	-25.2307	29.0786
14.5426	-25.2919	29.1748
14.6214	-25.3522	29.2664
14.7024	-25.4131	29.3596
14.7899	-25.4782	29.4598
14.8725	-25.5421	29.5566
14.9537	-25.6048	29.6516
15.0276	-25.6756	29.75
15.089	-25.7496	29.845
15.1509	-25.824	29.9404
15.2124	-25.8965	30.034
15.2745	-25.969	30.128
15.3367	-26.0415	30.2221
15.3995	-26.1171	30.3191
15.4597	-26.1921	30.4143
15.517	-26.2754	30.5152
15.5652	-26.3636	30.6156
15.6196	-26.4463	30.7144
15.6744	-26.5398	30.8228
15.7116	-26.6233	30.9137
15.7503	-26.7139	31.0113
15.7951	-26.8027	31.1106
15.8411	-26.8903	31.2095
15.8949	-26.97	31.3054
15.9426	-27.0534	31.4015
15.9811	-27.1284	31.4856
16.0234	-27.2091	31.5766
16.0748	-27.295	31.6768
16.1262	-27.3762	31.7728
16.1692	-27.4574	31.8646
16.2137	-27.5477	31.965
16.2558	-27.6391	32.0651
16.2923	-27.7389	32.1697
16.3229	-27.837	32.2697
16.3565	-27.932	32.3687
16.3776	-28.0234	32.4582
16.4074	-28.1117	32.5495
16.442	-28.2151	32.6562
16.4668	-28.3134	32.7537
16.4972	-28.4096	32.8521
16.5314	-28.5042	32.9511
16.5615	-28.6012	33.0502
16.6051	-28.7138	33.1694
16.6433	-28.804	33.2667
16.6817	-28.9035	33.372
16.7275	-28.9956	33.4747
16.7697	-29.0871	33.575
16.8091	-29.173	33.6691
16.8473	-29.2603	33.7638
16.8861	-29.3537	33.8641
16.9223	-29.4443	33.9607
16.9573	-29.5377	34.0592
16.9753	-29.6364	34.1538
16.9972	-29.7343	34.2496
17.0174	-29.8347	34.3468
17.034	-29.9317	34.4393
0	0	0
0.0504765	-0.0920968	0.105022
0.133691	-0.182395	0.226144
0.215403	-0.268212	0.344
0.285413	-0.330954	0.437025
0.3524	-0.401496	0.534214
0.418818	-0.478741	0.636083
0.479213	-0.559632	0.736772
0.544312	-0.651855	0.84923
0.610402	-0.743892	0.962271
0.675683	-0.827446	1.06828
0.728257	-0.907885	1.16388
0.790405	-0.984781	1.26275
0.844931	-1.06782	1.36167
0.889561	-1.15875	1.46083
0.941844	-1.25728	1.57093
0.99231	-1.35435	1.67897
1.03959	-1.44	1.77605
1.0888	-1.5285	1.87664
1.1329	-1.61783	1.97506
1.17756	-1.70835	2.07487
1.20452	-1.78935	2.157
1.24982	-1.86661	2.24639
1.29235	-1.95506	2.34359
1.33048	-2.04888	2.44296
1.37656	-2.14359	2.54753
1.41538	-2.23837	2.64832
1.44847	-2.33821	2.75051
1.48092	-2.45248	2.86493
1.51462	-2.54592	2.9624
1.54563	-2.64278	3.06157
1.56534	-2.74547	3.16036
1.58166	-2.8513	3.26061
1.5994	-2.94908	3.35487
1.61903	-3.03875	3.44315
1.63576	-3.13541	3.53645
1.66284	-3.22228	3.62603
1.68354	-3.30914	3.71277
1.7024	-3.41068	3.81194
1.71981	-3.50278	3.90221
1.74447	-3.59903	3.99952
1.77423	-3.6909	4.0952
1.80254	-3.78752	4.19457
1.82264	-3.88551	4.29176
1.85706	-3.97218	4.38485
1.87259	-4.06955	4.47971
1.88357	-4.16907	4.57482
1.88714	-4.26707	4.66575
1.89055	-4.3745	4.76554
1.90527	-4.47539	4.86407
1.91327	-4.58112	4.9646
1.92052	-4.68065	5.05933
1.93167	-4.78072	5.15622
1.94097	-4.88063	5.25242
1.94636	-4.97133	5.33877
1.95092	-5.0661	5.42877
1.96073	-5.1661	5.52567
1.96101	-5.27046	5.62347
1.96189	-5.37269	5.71968
1.972	-5.47462	5.81896
1.96963	-5.58736	5.92435
1.96881	-5.6939	6.02467
1.96828	-5.79472	6.11988
1.97032	-5.88714	6.20811
1.9637	-5.99019	6.30385
1.95988	-6.09262	6.40009
1.9605	-6.19199	6.49495
1.95522	-6.29194	6.58873
1.94815	-6.38961	6.68
1.94941	-6.48599	6.77261
1.94409	-6.58349	6.86453
1.93606	-6.67562	6.9507
1.92372	-6.77078	7.03876
1.9177	-6.86548	7.12828
1.90566	-6.96663	7.22256
1.89465	-7.06658	7.31616
1.86807	-7.15856	7.39829
1.85399	-7.25457	7.48772
1.83564	-7.35172	7.57743
1.82087	-7.45015	7.66944
1.79268	-7.53392	7.74427
1.77515	-7.62163	7.82563
1.7684	-7.71669	7.91672
1.75768	-7.80251	7.99803
1.74795	-7.88766	8.07902
1.73957	-7.97955	8.16697
1.7268	-8.08811	8.27039
1.71769	-8.19144	8.3696
1.71731	-8.29428	8.4702
1.7257	-8.40077	8.57619
1.7303	-8.50262	8.6769
1.73315	-8.60761	8.78036
1.73492	-8.71438	8.8854
1.74881	-8.81686	8.98862
1.77027	-8.92009	9.09406
1.78921	-9.02198	9.19768
1.81318	-9.12118	9.29965
1.84108	-9.21742	9.39948
1.89188	-9.31642	9.50657
1.9298	-9.41551	9.61124
1.97005	-9.51119	9.71308
2.00741	-9.60647	9.81397
2.04275	-9.71169	9.9242
2.08789	-9.79916	10.0191
2.12621	-9.89148	10.1174
2.17288	-9.97277	10.2067
2.22055	-10.0484	10.2908
2.25927	-10.1293	10.3782
2.2918	-10.2202	10.474
2.32058	-10.3153	10.5731
2.35343	-10.4007	10.6636
2.3928	-10.4814	10.7511
2.42515	-10.5709	10.8455
2.44937	-10.6771	10.9545
2.48811	-10.7836	11.067
2.52099	-10.8931	11.181
2.55178	-10.9939	11.2862
2.5824	-11.0901	11.3868
2.61761	-11.1823	11.4846
2.64848	-11.2714	11.5784
2.67892	-11.366	11.6774
2.71476	-11.4591	11.7763
2.75205	-11.5552	11.8784
2.78928	-11.6495	11.9788
2.81979	-11.7458	12.0795
2.85157	-11.8366	12.1753
2.89563	-11.9337	12.28
2.9363	-12.0283	12.3815
2.97835	-12.129	12.4893
3.02439	-12.2225	12.5911
3.07146	-12.314	12.6913
3.11127	-12.4007	12.785
3.14918	-12.4838	12.8749
3.19377	-12.5664	12.9659
3.23344	-12.6543	13.0608
3.28227	-12.747	13.1628
3.32813	-12.8296	13.2543
3.37916	-12.9037	13.3389
3.42777	-12.971	13.4163
3.49243	-13.0494	13.5086
3.55152	-13.1252	13.5972
3.60887	-13.2047	13.689
3.66305	-13.2868	13.7825
3.72457	-13.3748	13.8837
3.78243	-13.4553	13.9768
3.83082	-13.5362	14.0678
3.89496	-13.6138	14.16
3.95915	-13.6912	14.2522
4.0237	-13.7711	14.3469
4.07457	-13.8512	14.4381
4.13136	-13.9306	14.5303
4.18412	-14.0108	14.6223
4.23709	-14.0893	14.7126
4.30606	-14.1771	14.8166
4.37007	-14.2393	14.8948
4.4297	-14.316	14.9857
4.49199	-14.3883	15.0732
4.54969	-14.4646	15.1633
4.61143	-14.5453	15.2588
4.66618	-14.6189	15.3456
4.72463	-14.6962	15.437
4.77916	-14.7779	15.5315
4.8542	-14.8682	15.6406
4.91506	-14.9458	15.7332
4.99341	-15.0391	15.8464
5.06801	-15.1217	15.9484
5.13718	-15.1972	16.042
5.20722	-15.2689	16.1324
5.28057	-15.3323	16.2161
5.37464	-15.3884	16.3
5.46096	-15.456	16.3924
5.5407	-15.5213	16.4806
5.631	-15.5933	16.5789
5.70761	-15.664	16.6715
5.78737	-15.7183	16.7499
5.86191	-15.7682	16.8226
5.94023	-15.8342	16.9118
6.00405	-15.8997	16.9956
6.07784	-15.9593	17.0775
6.1608	-16.0242	17.1677
6.25192	-16.0902	17.2621
6.34142	-16.1479	17.3484
6.42876	-16.1993	17.4283
6.51416	-16.2467	17.504
6.60542	-16.3072	17.5942
6.69192	-16.3582	17.6741
6.78213	-16.4005	17.7475
6.85811	-16.4582	17.8299
6.94105	-16.5099	17.9096
7.02311	-16.553	17.9812
7.10703	-16.6002	18.0576
7.20457	-16.6405	18.1331
7.29918	-16.707	18.2319
7.38887	-16.7671	18.323
7.48034	-16.8275	18.4152
7.5671	-16.8875	18.5054
7.64733	-16.9438	18.5897
7.73898	-17.0117	18.6893
7.82478	-17.0713	18.7792
7.91067	-17.1281	18.8666
7.99139	-17.1884	18.9553
8.07334	-17.2578	19.0528
8.14984	-17.3191	19.1408
8.22381	-17.386	19.2329
8.29266	-17.4605	19.3297
8.37143	-17.5274	19.424
8.44201	-17.6042	19.5237
8.51973	-17.6832	19.6286
8.59695	-17.7693	19.7397
8.66872	-17.8524	19.8458
8.74288	-17.929	19.9471
8.81164	-18.0173	20.0566
8.88568	-18.0964	20.1602
8.94586	-18.1806	20.2623
9.00783	-18.2588	20.3599
9.05637	-18.3305	20.4456
9.10612	-18.4173	20.5455
9.15347	-18.5064	20.6464
9.20134	-18.586	20.7389
9.24798	-18.6626	20.8283
9.29487	-18.7439	20.922
9.34162	-18.829	21.019
9.38217	-18.911	21.1105
9.42996	-18.9974	21.2091
9.47817	-19.087	21.3108
9.52484	-19.1713	21.407
9.57177	-19.2578	21.5054
9.61214	-19.3525	21.6081
9.65744	-19.4373	21.7043
9.7071	-19.5271	21.8068
9.75712	-19.6115	21.9046
9.80885	-19.7	22.0069
9.84777	-19.7992	22.113
9.89424	-19.8908	22.2157
9.93753	-19.9816	22.3164
9.96975	-20.0698	22.4096
10.014	-20.1678	22.5171
10.052	-20.2627	22.619
10.084	-20.3541	22.7151
10.1182	-20.4443	22.8111
10.1564	-20.5354	22.9098
10.1862	-20.6298	23.0076
10.2248	-20.7191	23.1047
10.2656	-20.8082	23.2027
10.3106	-20.8942	23.2997
10.3523	-20.9833	23.398
10.3915	-21.0736	23.4963
10.4306	-21.164	23.5947
10.4715	-21.2555	23.6949
10.5125	-21.3338	23.7832
10.5539	-21.4173	23.8765
10.5968	-21.503	23.9723
10.6399	-21.5985	24.077
10.6855	-21.6968	24.1853
10.7289	-21.7902	24.2883
10.7745	-21.8797	24.3887
10.8353	-21.9606	24.4882
10.9008	-22.0546	24.6015
10.9618	-22.143	24.7078
11.0145	-22.2331	24.8119
11.0639	-22.3226	24.9141
11.1211	-22.4173	25.0243
11.1786	-22.5267	25.1478
11.2375	-22.6105	25.2491
11.2958	-22.6948	25.3505
11.3535	-22.7677	25.4416
11.4121	-22.8397	25.5321
11.4727	-22.9151	25.6267
11.5348	-22.9915	25.7227
11.5974	-23.0689	25.82
11.6667	-23.1383	25.9132
11.732	-23.1911	25.9898
11.8011	-23.2546	26.0776
11.87	-23.3234	26.1702
11.9496	-23.4	26.2746
12.0147	-23.4703	26.3668
12.0775	-23.5371	26.4549
12.1465	-23.6046	26.5465
12.2253	-23.6856	26.6546
12.3046	-23.7673	26.7636
12.3781	-23.8312	26.8541
12.4566	-23.8922	26.9445
12.5368	-23.9484	27.0314
12.6176	-24.0026	27.1169
12.6968	-24.072	27.2152
12.7868	-24.1378	27.3154
12.8674	-24.2035	27.4113
12.9489	-24.2634	27.5025
13.0338	-24.3164	27.5893
13.1167	-24.3668	27.6728
13.1908	-24.4207	27.7555
13.2698	-24.4749	27.8408
13.3454	-24.5247	27.9206
13.4256	-24.5637	27.9933
13.5098	-24.6123	28.0763
13.5936	-24.6641	28.162
13.6787	-24.7152	28.2479
13.754	-24.7697	28.3321
13.8331	-24.8252	28.4191
13.9119	-24.8758	28.5017
14.0012	-24.922	28.5857
14.0702	-24.9729	28.6638
14.1457	-25.0269	28.748
14.2269	-25.0761	28.8308
14.3089	-25.1291	28.9174
14.3884	-25.1831	29.0037
14.4648	-25.2421	29.0929
14.543	-25.2949	29.1775
14.619	-25.353	29.2659
14.6873	-25.4147	29.3534
14.7577	-25.477	29.4426
14.8348	-25.5361	29.5325
14.9095	-25.59	29.6166
14.9873	-25.6425	29.7011
15.0578	-25.6882	29.7762
15.1269	-25.7507	29.8651
15.1926	-25.8203	29.9584
15.2676	-25.8924	30.0586
15.3389	-25.972	30.1633
15.4094	-26.0514	30.2676
15.4782	-26.1395	30.3785
15.5252	-26.2333	30.4831
15.5793	-26.3293	30.5932
15.6305	-26.4154	30.6934
15.6889	-26.5026	30.7982
15.7532	-26.5985	30.9134
15.8064	-26.6865	31.0163
15.855	-26.7623	31.1063
15.8967	-26.8537	31.2062
15.9459	-26.945	31.3098
15.986	-27.0367	31.4091
16.0239	-27.1311	31.5097
16.0713	-27.215	31.6061
16.1065	-27.3038	31.7004
16.1416	-27.4017	31.8026
16.1765	-27.4971	31.9025
16.2192	-27.5932	32.007
16.2511	-27.6948	32.1107
16.2796	-27.7902	32.2075
16.3154	-27.887	32.3091
16.3568	-27.9743	32.4054
16.3864	-28.0613	32.4954
16.4213	-28.1594	32.5977
16.459	-28.2544	32.6988
16.5033	-28.3521	32.8055
16.5481	-28.443	32.9066
16.5836	-28.539	33.0075
16.6215	-28.6413	33.1149
16.6596	-28.7394	33.2189
16.6967	-28.836	33.3211
16.732	-28.9234	33.4144
16.7562	-29.008	33.4997
16.781	-29.1069	33.5978
16.8091	-29.2036	33.6957
16.8419	-29.2956	33.7918
16.8738	-29.3967	33.8953
16.9001	-29.4806	33.9812
16.9301	-29.5698	34.0735
16.9647	-29.6622	34.1709
16.9959	-29.7509	34.2634
17.0146	-29.834	34.3448
17.0279	-29.9247	34.4302
0	0	0
0.0370233	-0.0990867	0.105778
0.0967358	-0.181613	0.20577
0.152354	-0.247831	0.290916
0.216834	-0.314237	0.381788
0.287219	-0.384544	0.479968
0.346859	-0.462081	0.57778
0.410448	-0.540093	0.678357
0.463039	-0.620269	0.774041
0.520544	-0.692058	0.865974
0.571654	-0.774097	0.962296
0.618016	-0.844053	1.04612
0.661888	-0.930027	1.14151
0.711818	-1.02009	1.24389
0.755101	-1.10767	1.34056
0.810781	-1.19867	1.44713
0.862482	-1.27063	1.5357
0.920291	-1.34662	1.63105
0.967027	-1.43373	1.72937
1.01412	-1.51704	1.82478
1.06448	-1.60575	1.92654
1.11594	-1.69292	2.02763
1.17085	-1.78315	2.13319
1.20384	-1.87168	2.2254
1.23682	-1.96338	2.32047
1.27567	-2.04264	2.40825
1.31018	-2.11813	2.49059
1.34796	-2.20405	2.58357
1.39444	-2.28666	2.67829
1.44246	-2.3765	2.78001
1.47834	-2.46581	2.87501
1.49211	-2.56286	2.96557
1.51386	-2.67355	3.07241
1.54622	-2.77993	3.18101
1.57541	-2.88011	3.28283
1.60338	-2.97627	3.38069
1.63519	-3.06787	3.47645
1.65904	-3.16164	3.57049
1.6835	-3.25277	3.66261
1.69438	-3.33596	3.7416
1.70979	-3.42902	3.83165
1.72511	-3.52085	3.92076
1.7344	-3.61227	4.00708
1.74425	-3.70478	4.09485
1.76057	-3.80085	4.1888
1.78615	-3.8976	4.28738
1.80231	-4.0071	4.39377
1.81553	-4.1204	4.50265
1.83149	-4.2264	4.60617
1.84671	-4.32702	4.70462
1.86195	-4.42667	4.80232
1.8792	-4.52053	4.89557
1.89358	-4.61803	4.99117
1.90612	-4.71629	5.08691
1.9255	-4.8237	5.19381
1.93403	-4.931	5.29672
1.94181	-5.03428	5.39579
1.95013	-5.13488	5.49273
1.96435	-5.23488	5.5913
1.97303	-5.334	5.68721
1.9767	-5.43404	5.7824
1.98098	-5.53285	5.8768
1.97475	-5.63278	5.96891
1.97126	-5.7329	6.06235
1.96836	-5.83715	6.16009
1.9749	-5.9258	6.24622
1.97448	-6.01656	6.33226
1.96626	-6.11454	6.42291
1.95744	-6.21086	6.51202
1.95233	-6.30964	6.60478
1.94753	-6.40058	6.69031
1.93342	-6.49303	6.77477
1.92186	-6.58771	6.86232
1.90825	-6.68512	6.95214
1.89235	-6.77343	7.0328
1.88332	-6.87318	7.12653
1.855	-6.98088	7.22313
1.83363	-7.08821	7.32154
1.81843	-7.19145	7.41779
1.80318	-7.29064	7.51032
1.78954	-7.39498	7.60843
1.77892	-7.49743	7.70558
1.77146	-7.59748	7.80127
1.75106	-7.6926	7.88938
1.74483	-7.78721	7.9803
1.73142	-7.88638	8.07421
1.72468	-7.99416	8.17809
1.72423	-8.10057	8.28204
1.72541	-8.20362	8.3831
1.73102	-8.31599	8.49425
1.72957	-8.41978	8.59559
1.74468	-8.51836	8.69519
1.76889	-8.59978	8.77981
1.78283	-8.69094	8.87192
1.80406	-8.7808	8.96421
1.82261	-8.87499	9.06021
1.83566	-8.97529	9.16108
1.85477	-9.06761	9.25536
1.88408	-9.15884	9.35062
1.89996	-9.25015	9.44325
1.92956	-9.35216	9.54914
1.9591	-9.4514	9.65231
1.99245	-9.55697	9.76246
2.02147	-9.657	9.86631
2.04271	-9.75196	9.9636
2.07085	-9.84979	10.0651
2.10996	-9.95077	10.172
2.15622	-10.046	10.2748
2.2031	-10.1287	10.3655
2.23486	-10.2052	10.447
2.26011	-10.2929	10.5381
2.29475	-10.3696	10.6205
2.32882	-10.4555	10.7117
2.35878	-10.534	10.7949
2.39601	-10.6143	10.8813
2.44156	-10.6976	10.9727
2.48497	-10.7895	11.0719
2.52058	-10.883	11.1711
2.553	-10.9765	11.2695
2.58225	-11.0666	11.3638
2.61199	-11.1576	11.4593
2.6432	-11.2525	11.5588
2.6759	-11.3542	11.6653
2.70885	-11.4483	11.7644
2.7469	-11.5438	11.8661
2.78437	-11.6368	11.9652
2.8322	-11.7327	12.0697
2.87371	-11.8287	12.1728
2.91217	-11.922	12.2725
2.96036	-12.0011	12.3609
3.00934	-12.086	12.455
3.04224	-12.1721	12.5466
3.07391	-12.2639	12.6433
3.11164	-12.3539	12.7398
3.16209	-12.4289	12.8248
3.22364	-12.5162	12.9246
3.28059	-12.6	13.0201
3.33566	-12.6826	13.114
3.38744	-12.7682	13.2099
3.43691	-12.8478	13.2995
3.48742	-12.9392	13.4009
3.53954	-13.0394	13.5112
3.58807	-13.1322	13.6135
3.64228	-13.2216	13.7141
3.6929	-13.3161	13.8187
3.747	-13.3842	13.8988
3.8064	-13.4644	13.9921
3.87166	-13.5493	14.0916
3.9364	-13.6329	14.1898
3.99831	-13.7209	14.2916
4.05624	-13.8	14.3838
4.11543	-13.8819	14.4791
4.17032	-13.964	14.5734
4.22542	-14.0377	14.6598
4.29178	-14.1068	14.7452
4.35439	-14.1835	14.8369
4.41682	-14.2763	14.9439
4.4813	-14.3611	15.044
4.53476	-14.4537	15.1484
4.59401	-14.5373	15.246
4.64935	-14.6278	15.3489
4.71044	-14.7086	15.4445
4.77442	-14.7854	15.5371
4.82819	-14.8633	15.6279
4.88157	-14.9304	15.7082
4.93944	-15.0148	15.8064
4.99777	-15.0948	15.9007
5.07381	-15.1802	16.0057
5.15794	-15.2468	16.0956
5.24423	-15.3125	16.1856
5.31399	-15.3757	16.2681
5.3899	-15.4429	16.3565
5.46593	-15.5054	16.4407
5.54636	-15.5669	16.5254
5.62403	-15.6314	16.6123
5.71289	-15.6897	16.6974
5.7955	-15.7586	16.7905
5.87227	-15.8162	16.8711
5.95086	-15.8717	16.9507
6.02707	-15.9272	17.0295
6.10614	-15.9663	17.0941
6.18361	-16.0094	17.1621
6.2641	-16.0598	17.2382
6.33811	-16.1095	17.3115
6.42118	-16.1701	17.3984
6.51026	-16.2305	17.4875
6.60243	-16.285	17.5725
6.69068	-16.3368	17.6538
6.78414	-16.3892	17.7378
6.86916	-16.429	17.8072
6.96078	-16.4785	17.8884
7.04319	-16.5421	17.9791
7.12229	-16.5933	18.0572
7.18961	-16.6621	18.1471
7.26826	-16.7222	18.2335
7.35333	-16.7865	18.3265
7.43415	-16.8496	18.4167
7.52132	-16.9036	18.5014
7.59578	-16.9742	18.5962
7.67758	-17.0408	18.6905
7.76472	-17.1023	18.7824
7.84683	-17.1626	18.8713
7.92944	-17.2199	18.9578
8.01424	-17.2755	19.044
8.09561	-17.3402	19.1369
8.15902	-17.4006	19.2185
8.22468	-17.4675	19.3069
8.29524	-17.5332	19.3965
8.36529	-17.5978	19.4849
8.43312	-17.661	19.5711
8.50931	-17.7479	19.6824
8.58331	-17.8304	19.7888
8.66167	-17.9102	19.8947
8.73465	-17.9869	19.9955
8.79762	-18.0522	20.0819
8.8467	-18.1232	20.1672
8.91664	-18.2082	20.2743
8.98018	-18.2923	20.3777
9.05071	-18.3781	20.4858
9.10868	-18.4684	20.5925
9.16992	-18.5547	20.6969
9.22562	-18.642	20.7999
9.27579	-18.7193	20.8914
9.3157	-18.7992	20.9807
9.3574	-18.8807	21.0723
9.40104	-18.9668	21.1689
9.44815	-19.0539	21.2678
9.49398	-19.1401	21.3654
9.54414	-19.2255	21.4641
9.5837	-19.3323	21.5774
9.6366	-19.4174	21.6771
9.68996	-19.5021	21.7767
9.73699	-19.5893	21.8758
9.7967	-19.6786	21.9823
9.84208	-19.7824	22.0955
9.87529	-19.884	22.2012
9.90652	-19.9808	22.3018
9.94465	-20.0741	22.4024
9.99247	-20.1795	22.518
10.05	-20.2745	22.6287
10.1065	-20.3674	22.737
10.1504	-20.466	22.8449
10.1884	-20.5604	22.9463
10.2255	-20.66	23.0521
10.2702	-20.7584	23.1601
10.3112	-20.8527	23.2628
10.3443	-20.9445	23.3597
10.3846	-21.0303	23.4545
10.4138	-21.1243	23.5517
10.4522	-21.2159	23.6509
10.4999	-21.307	23.7537
10.5473	-21.3969	23.8552
10.5829	-21.474	23.9402
10.619	-21.566	24.0386
10.6632	-21.6546	24.1376
10.7141	-21.7426	24.2391
10.766	-21.8294	24.3399
10.8241	-21.9245	24.4509
10.8805	-22.012	24.5543
10.9374	-22.1011	24.6594
10.9859	-22.1839	24.7551
11.0376	-22.2715	24.8565
11.1036	-22.3554	24.9611
11.1618	-22.4409	25.0635
11.2179	-22.5247	25.1635
11.2695	-22.5956	25.2501
11.3229	-22.6728	25.3429
11.377	-22.7515	25.4376
11.4267	-22.8322	25.5319
11.4863	-22.9079	25.6263
11.557	-22.9853	25.7272
11.6265	-23.0631	25.828
11.6924	-23.1391	25.9255
11.7545	-23.2013	26.009
11.817	-23.2561	26.0861
11.8724	-23.3238	26.1716
11.938	-23.3967	26.2663
11.9982	-23.4784	26.3665
12.0593	-23.5629	26.4696
12.1397	-23.6235	26.5602
12.2256	-23.6797	26.6495
12.3236	-23.7364	26.7449
12.4146	-23.797	26.8407
12.4892	-23.8553	26.9268
12.5605	-23.9159	27.0137
12.6274	-23.979	27.1006
12.7179	-24.0286	27.1867
12.7937	-24.0809	27.2684
12.87	-24.1394	27.3559
12.9477	-24.2002	27.4462
13.0286	-24.2575	27.5349
13.1062	-24.3209	27.6275
13.1856	-24.3835	27.7203
13.2642	-24.4427	27.8098
13.3449	-24.4985	27.8974
13.4381	-24.5627	27.9984
13.522	-24.6252	28.0935
13.6081	-24.6835	28.1861
13.6902	-24.7399	28.2752
13.7757	-24.7956	28.3653
13.8662	-24.8586	28.4644
13.946	-24.9153	28.5527
14.0289	-24.9682	28.6395
14.1067	-25.0137	28.7173
14.1847	-25.0677	28.8027
14.2638	-25.1189	28.8863
14.3493	-25.172	28.9747
14.4339	-25.2299	29.0669
14.5441	-25.2986	29.1814
14.6401	-25.3725	29.2933
14.7264	-25.4413	29.396
14.8085	-25.4996	29.4877
14.8854	-25.5562	29.5753
14.9596	-25.6204	29.6681
15.0149	-25.692	29.7578
15.0699	-25.7639	29.8477
15.1307	-25.8372	29.9416
15.1996	-25.9065	30.0363
15.2844	-25.978	30.1408
15.3588	-26.0459	30.2371
15.4268	-26.1246	30.3394
15.4906	-26.202	30.4385
15.5576	-26.2882	30.5468
15.6181	-26.3732	30.6508
15.6783	-26.4732	30.7675
15.738	-26.5718	30.8828
15.7965	-26.6688	30.9961
15.8462	-26.7609	31.1006
15.8968	-26.8463	31.1999
15.9414	-26.9348	31.2988
15.9887	-27.0198	31.396
16.0265	-27.1098	31.4927
16.0644	-27.2011	31.5906
16.1159	-27.2901	31.6934
16.1578	-27.3838	31.7954
16.1912	-27.4727	31.8889
16.2227	-27.5676	31.9867
16.2555	-27.6623	32.0849
16.2901	-27.7438	32.1728
16.3212	-27.8318	32.2644
16.3553	-27.9354	32.371
16.3884	-28.0291	32.4686
16.4251	-28.1149	32.5612
16.4608	-28.2043	32.6564
16.4968	-28.2969	32.7545
16.5301	-28.3919	32.8534
16.5635	-28.4997	32.9633
16.607	-28.6021	33.0738
16.6479	-28.699	33.1781
16.6765	-28.7978	33.2779
16.7111	-28.8958	33.38
16.7454	-28.9925	33.4809
16.7843	-29.0801	33.5763
16.8294	-29.1695	33.6762
16.8651	-29.2551	33.7682
16.8982	-29.3419	33.8599
16.9342	-29.4319	33.9559
16.9632	-29.5227	34.0491
16.9926	-29.6163	34.1449
17.0148	-29.7114	34.2384
17.0366	-29.8072	34.3324
17.0649	-29.9068	34.4329
0	0	0
0.0652823	-0.0832742	0.105813
0.149646	-0.153795	0.214585
0.233779	-0.214332	0.31716
0.32803	-0.271158	0.425594
0.422073	-0.33598	0.53947
0.4947	-0.425346	0.652416
0.543384	-0.510965	0.74589
0.585824	-0.597465	0.836752
0.6268	-0.692798	0.934263
0.671266	-0.789176	1.03605
0.718219	-0.881447	1.13701
0.761231	-0.971401	1.23414
0.787738	-1.06354	1.3235
0.82883	-1.15363	1.4205
0.87161	-1.25437	1.52746
0.913039	-1.33775	1.61963
0.960318	-1.42409	1.71763
1.01273	-1.50108	1.81076
1.0637	-1.57704	1.90224
1.10748	-1.66125	1.99656
1.15995	-1.74563	2.09587
1.20687	-1.8494	2.20835
1.23927	-1.94107	2.30294
1.26272	-2.04913	2.40695
1.28578	-2.16162	2.51512
1.32162	-2.25208	2.61123
1.35827	-2.34243	2.70774
1.3995	-2.43793	2.81107
1.44103	-2.52197	2.90463
1.47577	-2.61108	2.99928
1.51564	-2.7137	3.10827
1.55074	-2.81139	3.21072
1.57947	-2.90938	3.31047
1.59571	-3.01116	3.40784
1.61857	-3.1097	3.50571
1.63558	-3.21066	3.60326
1.65862	-3.30938	3.70176
1.67957	-3.40182	3.79385
1.701	-3.49402	3.88608
1.72694	-3.59069	3.98439
1.74925	-3.68964	4.08329
1.76818	-3.78399	4.17673
1.79071	-3.87104	4.26516
1.81056	-3.96267	4.35671
1.8235	-4.06015	4.45084
1.8386	-4.15611	4.54463
1.85561	-4.25553	4.64251
1.86457	-4.34844	4.73134
1.87495	-4.44381	4.82316
1.88827	-4.53801	4.91519
1.90035	-4.63559	5.00999
1.91157	-4.73402	5.10539
1.93126	-4.84151	5.21248
1.94544	-4.94452	5.31348
1.95926	-5.05975	5.42584
1.96711	-5.16647	5.52829
1.96442	-5.27031	5.62451
1.96439	-5.36996	5.71798
1.96452	-5.4702	5.81226
1.9637	-5.56666	5.90286
1.96139	-5.66245	5.99253
1.95924	-5.76072	6.08477
1.95931	-5.85504	6.17417
1.95865	-5.95624	6.27002
1.96005	-6.05728	6.36651
1.96346	-6.15247	6.45817
1.9538	-6.24977	6.54805
1.94348	-6.33528	6.62668
1.92763	-6.41697	6.70025
1.90683	-6.52071	6.7938
1.89688	-6.60236	6.86945
1.88496	-6.67784	6.93878
1.87378	-6.74652	7.0019
1.86349	-6.83234	7.08191
1.8508	-6.92402	7.16711
1.84877	-7.02133	7.26065
1.84007	-7.11896	7.35292
1.82935	-7.21318	7.44154
1.81704	-7.30799	7.53049
1.80864	-7.41062	7.62814
1.79931	-7.51341	7.72586
1.7842	-7.61066	7.817
1.77419	-7.7095	7.91101
1.77119	-7.81322	8.01146
1.76254	-7.91159	8.10554
1.75679	-8.00344	8.19398
1.74928	-8.10214	8.28882
1.74632	-8.20748	8.39121
1.74828	-8.31039	8.4923
1.75053	-8.42056	8.60059
1.7553	-8.53312	8.71178
1.76342	-8.65067	8.82857
1.77858	-8.75894	8.9377
1.79487	-8.87893	9.05853
1.82334	-8.99126	9.17427
1.85125	-9.09658	9.28305
1.88394	-9.18667	9.37785
1.91349	-9.28389	9.47903
1.93883	-9.37568	9.57405
1.96803	-9.47977	9.6819
1.99896	-9.58037	9.78669
2.03126	-9.68269	9.89346
2.07478	-9.78456	10.0021
2.11815	-9.88344	10.1079
2.1572	-9.99244	10.2226
2.19394	-10.0953	10.3309
2.2148	-10.1838	10.4219
2.24194	-10.2747	10.5164
2.2829	-10.3555	10.6041
2.31727	-10.4588	10.7124
2.37295	-10.5614	10.8247
2.41713	-10.6609	10.9315
2.45299	-10.7583	11.0344
2.48795	-10.8527	11.1342
2.53138	-10.9492	11.238
2.56989	-11.049	11.3439
2.61411	-11.1475	11.4499
2.64879	-11.2459	11.5537
2.69446	-11.3547	11.67
2.73379	-11.4589	11.7805
2.77626	-11.5569	11.8857
2.81131	-11.6599	11.994
2.84909	-11.7574	12.0977
2.8812	-11.8575	12.2025
2.92017	-11.9521	12.3036
2.95813	-12.042	12.4
3.00084	-12.1338	12.4994
3.04539	-12.2212	12.5949
3.09328	-12.3091	12.6918
3.13995	-12.3972	12.7886
3.19447	-12.4789	12.8813
3.24224	-12.552	12.964
3.28894	-12.6327	13.0539
3.3491	-12.7145	13.1482
3.39918	-12.7961	13.2399
3.44013	-12.8867	13.338
3.48333	-12.982	13.4412
3.54032	-13.0685	13.5395
3.59943	-13.158	13.6415
3.66322	-13.2462	13.7434
3.72211	-13.3325	13.8423
3.77925	-13.415	13.9372
3.83582	-13.4982	14.0326
3.9033	-13.5836	14.1333
3.9659	-13.664	14.2279
4.02632	-13.7434	14.321
4.08627	-13.8269	14.4181
4.12617	-13.9085	14.5076
4.18333	-13.9867	14.5989
4.24397	-14.0625	14.689
4.30025	-14.1427	14.7821
4.36027	-14.2219	14.8753
4.42384	-14.3014	14.97
4.48775	-14.3788	15.0629
4.55522	-14.462	15.1625
4.61954	-14.5432	15.2593
4.69341	-14.6239	15.3586
4.77125	-14.7113	15.4657
4.84177	-14.7977	15.5697
4.9152	-14.8804	15.6711
4.97837	-14.96	15.7666
5.04074	-15.0382	15.8605
5.10911	-15.1219	15.9617
5.18562	-15.1977	16.058
5.25985	-15.269	16.1496
5.33385	-15.3389	16.2398
5.39796	-15.4042	16.3226
5.46341	-15.4707	16.407
5.53874	-15.5456	16.5028
5.6172	-15.6129	16.5926
5.70298	-15.6772	16.6822
5.78154	-15.7435	16.7715
5.85838	-15.7995	16.8507
5.93944	-15.8526	16.9287
6.01942	-15.9122	17.0127
6.1001	-15.9887	17.1128
6.1818	-16.052	17.2012
6.27296	-16.1062	17.2846
6.36291	-16.1561	17.3639
6.45217	-16.1934	17.4315
6.5382	-16.2401	17.5069
6.62677	-16.3023	17.5977
6.71402	-16.359	17.6832
6.80762	-16.4164	17.772
6.89319	-16.4713	17.8555
6.97129	-16.5296	17.9396
7.05849	-16.5918	18.0309
7.14879	-16.6487	18.1186
7.23561	-16.6969	18.1973
7.31894	-16.7499	18.2791
7.40329	-16.8067	18.365
7.48927	-16.8668	18.4548
7.57754	-16.9288	18.5473
7.67214	-17.0034	18.6542
7.75812	-17.0656	18.7463
7.84204	-17.131	18.8406
7.93375	-17.1984	18.9402
8.01613	-17.2608	19.0314
8.09455	-17.3244	19.1221
8.17224	-17.3818	19.2071
8.24693	-17.4458	19.2968
8.31883	-17.5141	19.3893
8.38608	-17.583	19.4805
8.45301	-17.6553	19.5745
8.5145	-17.7377	19.6755
8.59197	-17.8032	19.7681
8.66891	-17.8694	19.8612
8.73459	-17.9437	19.9567
8.79251	-18.0221	20.0525
8.85604	-18.1102	20.1596
8.91459	-18.1977	20.2639
8.96933	-18.2889	20.3699
9.02031	-18.3866	20.4801
9.06366	-18.4933	20.595
9.12618	-18.5871	20.7067
9.19723	-18.682	20.8232
9.25988	-18.7721	20.9318
9.3143	-18.8633	21.0376
9.36883	-18.9501	21.1395
9.4049	-19.0368	21.2333
9.44963	-19.112	21.3205
9.49736	-19.1917	21.4131
9.54663	-19.2747	21.5094
9.5938	-19.3654	21.6115
9.6444	-19.4624	21.7209
9.69158	-19.5679	21.8364
9.74474	-19.6607	21.9432
9.79273	-19.7481	22.0428
9.83862	-19.8376	22.1433
9.88789	-19.9253	22.2438
9.93313	-20.0038	22.3343
9.97484	-20.0847	22.4253
10.017	-20.1695	22.52
10.0579	-20.2579	22.6173
10.0971	-20.347	22.7146
10.1453	-20.4392	22.8186
10.19	-20.5298	22.9196
10.2402	-20.6172	23.0202
10.2821	-20.7063	23.1186
10.3257	-20.8031	23.2248
10.3611	-20.8989	23.3262
10.3969	-20.9973	23.4303
10.4487	-21.095	23.5409
10.496	-21.1939	23.6506
10.528	-21.3011	23.7608
10.5593	-21.3884	23.853
10.5979	-21.4795	23.9517
10.649	-21.576	24.0609
10.6935	-21.6721	24.1667
10.7429	-21.7656	24.2724
10.7875	-21.855	24.3724
10.8339	-21.9275	24.4579
10.8782	-22.0096	24.5511
10.9235	-22.0823	24.6364
10.9624	-22.1672	24.7297
10.9991	-22.2539	24.8237
11.0502	-22.3395	24.923
11.1064	-22.4225	25.0224
11.1728	-22.5017	25.1229
11.2306	-22.5931	25.2304
11.2852	-22.6661	25.3201
11.3339	-22.7343	25.4029
11.3863	-22.8088	25.4929
11.4441	-22.8829	25.5851
11.5069	-22.9525	25.6754
11.5661	-23.0187	25.7611
11.6285	-23.0849	25.8483
11.6927	-23.1568	25.9414
11.7557	-23.2358	26.0403
11.82	-23.2991	26.1259
11.9025	-23.3641	26.2212
11.9822	-23.4231	26.31
12.0573	-23.4881	26.4021
12.1292	-23.5492	26.4892
12.2037	-23.6061	26.574
12.2732	-23.6717	26.6642
12.3457	-23.7371	26.7557
12.4215	-23.8174	26.8619
12.4979	-23.8872	26.9592
12.5835	-23.9466	27.0515
12.6712	-24.0035	27.1428
12.754	-24.0559	27.2277
12.8323	-24.1154	27.3171
12.9178	-24.1632	27.3995
13.0017	-24.217	27.4865
13.0826	-24.2795	27.5799
13.1628	-24.3419	27.6729
13.2445	-24.4054	27.7676
13.3269	-24.4664	27.8606
13.4069	-24.5168	27.9431
13.4867	-24.5733	28.0311
13.5546	-24.6351	28.1178
13.6355	-24.69	28.205
13.7247	-24.7491	28.2999
13.8084	-24.8083	28.3923
13.8881	-24.8747	28.4891
13.9779	-24.9305	28.5817
14.0605	-24.9864	28.6708
14.1486	-25.0507	28.7701
14.2451	-25.1169	28.8753
14.3205	-25.1628	28.9524
14.3986	-25.2162	29.0375
14.4807	-25.2757	29.1299
14.5571	-25.3343	29.2188
14.6319	-25.3883	29.3029
14.7165	-25.4391	29.3891
14.793	-25.503	29.4828
14.8741	-25.5664	29.5784
14.939	-25.6233	29.6602
15.001	-25.6924	29.7511
15.0618	-25.7628	29.8426
15.1324	-25.837	29.9423
15.1965	-25.914	30.0411
15.2614	-25.9901	30.1396
15.3251	-26.0674	30.2386
15.4013	-26.143	30.3423
15.4703	-26.2232	30.4465
15.5286	-26.3039	30.5456
15.5848	-26.3875	30.6462
15.6382	-26.4546	30.7311
15.6914	-26.5337	30.8263
15.741	-26.6299	30.9343
15.7915	-26.7211	31.0385
15.8336	-26.8151	31.1408
15.8859	-26.9084	31.2478
15.9419	-27.003	31.3577
15.9893	-27.0998	31.4652
16.0407	-27.1867	31.5662
16.0722	-27.2929	31.6736
16.1046	-27.3974	31.7801
16.1436	-27.5015	31.8896
16.1828	-27.5957	31.9907
16.2117	-27.6909	32.0875
16.2544	-27.7824	32.188
16.2975	-27.8742	32.289
16.3366	-27.9646	32.3868
16.3784	-28.0454	32.4776
16.4097	-28.1438	32.5784
16.4425	-28.2401	32.6781
16.4734	-28.335	32.7757
16.5234	-28.4299	32.8829
16.5589	-28.5356	32.9921
16.6057	-28.6419	33.1075
16.6409	-28.718	33.191
16.6769	-28.8033	33.2829
16.7046	-28.8903	33.372
16.7413	-28.9739	33.4628
16.7789	-29.063	33.5587
16.8132	-29.1549	33.6555
16.8461	-29.2479	33.7525
16.8772	-29.3423	33.8499
16.9055	-29.433	33.9426
16.9414	-29.5432	34.056
16.9795	-29.6398	34.1588
17.0163	-29.7349	34.2595
17.0545	-29.8309	34.3619
17.0897	-29.9224	34.4588
0	0	0
0.0579378	-0.0869576	0.104491
0.133037	-0.146004	0.197525
0.221976	-0.200098	0.298852
0.310984	-0.258541	0.404419
0.403192	-0.33462	0.52396
0.475542	-0.422473	0.6361
0.531794	-0.515506	0.740643
0.59352	-0.59252	0.838657
0.646215	-0.684574	0.941401
0.694904	-0.772338	1.03894
0.736327	-0.864526	1.1356
0.772896	-0.966245	1.23733
0.814045	-1.05267	1.33071
0.863819	-1.1492	1.43765
0.905772	-1.24355	1.53845
0.960707	-1.33759	1.64685
1.01051	-1.43215	1.75277
1.04858	-1.53181	1.85633
1.09363	-1.62219	1.95641
1.13738	-1.71424	2.05724
1.18186	-1.78799	2.14329
1.22214	-1.87238	2.23594
1.25353	-1.95395	2.32148
1.28158	-2.04665	2.41479
1.30795	-2.14522	2.51251
1.34089	-2.2333	2.60492
1.37687	-2.32265	2.70008
1.42114	-2.41646	2.80337
1.45115	-2.51686	2.90524
1.48536	-2.61759	3.00966
1.51015	-2.70964	3.10204
1.53225	-2.80257	3.19408
1.55683	-2.89818	3.28985
1.59183	-2.99941	3.39564
1.61194	-3.10887	3.50192
1.64044	-3.20743	3.60259
1.66843	-3.30602	3.70316
1.6944	-3.40483	3.80314
1.71536	-3.50224	3.89976
1.72903	-3.59628	3.99034
1.74825	-3.68513	4.0788
1.773	-3.77409	4.16981
1.79445	-3.87426	4.26965
1.80168	-3.96967	4.3594
1.81222	-4.07104	4.45618
1.82745	-4.18782	4.56918
1.84171	-4.29805	4.67602
1.85828	-4.40552	4.7814
1.86985	-4.51114	4.88331
1.88512	-4.6063	4.97711
1.89585	-4.71246	5.07952
1.90808	-4.81271	5.17716
1.91841	-4.91235	5.27366
1.93358	-5.01234	5.37236
1.94106	-5.11471	5.47064
1.9509	-5.21384	5.56688
1.9474	-5.32476	5.66969
1.94922	-5.43063	5.76985
1.95157	-5.53743	5.87127
1.95177	-5.64021	5.96836
1.94746	-5.75486	6.07544
1.94641	-5.86856	6.18292
1.94435	-5.97942	6.2876
1.94754	-6.08162	6.38584
1.95253	-6.1814	6.48244
1.94631	-6.28279	6.57736
1.9337	-6.37595	6.66273
1.92956	-6.47509	6.75647
1.92066	-6.57602	6.85076
1.90912	-6.67727	6.94483
1.89304	-6.77862	7.03799
1.88506	-6.87699	7.13067
1.87726	-6.96336	7.21197
1.86535	-7.04814	7.29081
1.8533	-7.14191	7.37846
1.83433	-7.24225	7.47094
1.82651	-7.35586	7.57923
1.81843	-7.47912	7.69701
1.81494	-7.59193	7.80586
1.79797	-7.70487	7.91187
1.79469	-7.80184	8.0056
1.79297	-7.90072	8.10161
1.7888	-8.0069	8.20428
1.79256	-8.10265	8.29857
1.7874	-8.20213	8.39462
1.78473	-8.30212	8.49179
1.78639	-8.39717	8.58508
1.79244	-8.49664	8.68365
1.82129	-8.59918	8.78993
1.85039	-8.70589	8.90036
1.86768	-8.81016	9.00595
1.8902	-8.91935	9.11744
1.90539	-9.02312	9.2221
1.91638	-9.13551	9.33434
1.93684	-9.23846	9.43931
1.96634	-9.34874	9.55329
1.99112	-9.45061	9.65809
2.01625	-9.54427	9.75491
2.05008	-9.62851	9.84434
2.08119	-9.71793	9.93829
2.1117	-9.80368	10.0285
2.12862	-9.89397	10.1204
2.15838	-9.981	10.2117
2.18131	-10.0882	10.3213
2.20683	-10.1963	10.4324
2.22779	-10.3009	10.5391
2.26204	-10.401	10.6442
2.2903	-10.4887	10.7358
2.32166	-10.5728	10.8247
2.36049	-10.6613	10.9195
2.40729	-10.7515	11.0177
2.4562	-10.8375	11.1123
2.50057	-10.9276	11.21
2.55213	-11.0136	11.3054
2.59103	-11.1018	11.4002
2.62513	-11.1928	11.4966
2.67567	-11.2844	11.5972
2.70655	-11.3749	11.6925
2.74484	-11.4786	11.8022
2.78008	-11.5805	11.9095
2.83433	-11.6661	12.0055
2.87901	-11.7577	12.105
2.91826	-11.8488	12.2029
2.95405	-11.9412	12.3011
2.99343	-12.0338	12.4006
3.03313	-12.1259	12.4995
3.07807	-12.2183	12.6001
3.11886	-12.3196	12.7083
3.16254	-12.4102	12.8069
3.20424	-12.4929	12.8973
3.24934	-12.5774	12.9903
3.30099	-12.6722	13.0951
3.35907	-12.7532	13.1882
3.41347	-12.8381	13.2842
3.46674	-12.926	13.3828
3.5249	-13.0212	13.4899
3.58908	-13.1041	13.5867
3.64595	-13.1934	13.6879
3.70268	-13.2796	13.7861
3.75388	-13.3673	13.8844
3.8284	-13.46	13.9939
3.89011	-13.565	14.1118
3.95209	-13.6572	14.2176
4.01518	-13.7407	14.3154
4.0758	-13.8244	14.4127
4.13799	-13.9054	14.508
4.19677	-13.9836	14.5998
4.25864	-14.0687	14.6991
4.30848	-14.1501	14.7915
4.36956	-14.2278	14.8837
4.42915	-14.3102	14.98
4.50117	-14.3858	15.0736
4.58118	-14.4569	15.1654
4.64771	-14.5361	15.2611
4.72076	-14.6234	15.3665
4.78624	-14.7057	15.465
4.8504	-14.785	15.5603
4.9146	-14.8689	15.66
4.98735	-14.9518	15.7617
5.0575	-15.0425	15.87
5.1281	-15.1227	15.9685
5.20476	-15.1981	16.0646
5.28252	-15.2681	16.1561
5.34126	-15.3411	16.2443
5.40928	-15.4026	16.3248
5.48104	-15.4653	16.4078
5.56117	-15.5286	16.4944
5.63555	-15.5914	16.5786
5.69217	-15.6479	16.651
5.75749	-15.709	16.7308
5.82856	-15.7682	16.811
5.90252	-15.8233	16.8884
6.00219	-15.8749	16.9717
6.08826	-15.9217	17.046
6.18443	-15.9746	17.13
6.27218	-16.0323	17.2156
6.36377	-16.0933	17.3059
6.45399	-16.1562	17.3976
6.5405	-16.2152	17.4846
6.61896	-16.2751	17.5695
6.69207	-16.3445	17.6614
6.78066	-16.4095	17.7552
6.85726	-16.4784	17.8482
6.94122	-16.5333	17.9312
7.02939	-16.582	18.0104
7.12382	-16.6364	18.0975
7.2163	-16.6861	18.1796
7.30505	-16.7408	18.2652
7.38912	-16.8011	18.3542
7.46858	-16.8564	18.4368
7.55084	-16.9194	18.5279
7.63264	-16.9794	18.616
7.70335	-17.0474	18.7071
7.77553	-17.101	18.7857
7.85176	-17.152	18.8637
7.9233	-17.2102	18.9465
7.98198	-17.2738	19.0288
8.04578	-17.3451	19.1203
8.11613	-17.4124	19.211
8.19004	-17.4776	19.3014
8.26171	-17.5429	19.3909
8.33673	-17.6046	19.4788
8.40894	-17.6715	19.5702
8.47448	-17.7476	19.6671
8.54556	-17.8244	19.767
8.61581	-17.8922	19.8586
8.69985	-17.9722	19.9672
8.78382	-18.0566	20.0798
8.85429	-18.14	20.1856
8.93003	-18.2252	20.2954
8.9881	-18.3206	20.4066
9.04259	-18.4073	20.5084
9.09615	-18.4938	20.6097
9.15276	-18.5763	20.7087
9.20847	-18.6607	20.8091
9.25808	-18.7392	20.9014
9.30296	-18.8251	20.9984
9.34763	-18.903	21.088
9.39826	-18.9932	21.1912
9.44519	-19.0789	21.2889
9.48883	-19.1631	21.3837
9.53511	-19.2489	21.4811
9.57779	-19.3402	21.5819
9.64732	-19.427	21.6905
9.70336	-19.5181	21.7971
9.75991	-19.6049	21.9
9.80702	-19.6954	22.002
9.85571	-19.7865	22.1052
9.89861	-19.8824	22.2102
9.94889	-19.9752	22.3156
9.98985	-20.0786	22.4265
10.04	-20.1723	22.5327
10.0866	-20.2691	22.6401
10.136	-20.3664	22.7492
10.1765	-20.4578	22.8491
10.2123	-20.5508	22.9484
10.2455	-20.6434	23.0461
10.2877	-20.7333	23.1453
10.3294	-20.823	23.2442
10.3744	-20.9165	23.348
10.4164	-21.0084	23.449
10.4588	-21.0999	23.5498
10.478	-21.1947	23.6433
10.5128	-21.2918	23.7458
10.5511	-21.3862	23.8473
10.5944	-21.4815	23.9519
10.6412	-21.575	24.0565
10.6912	-21.671	24.1648
10.7415	-21.7626	24.2691
10.7878	-21.845	24.3635
10.8354	-21.9287	24.4596
10.8828	-22.0231	24.5653
10.9337	-22.1129	24.6684
10.986	-22.1993	24.7689
11.0392	-22.2717	24.8575
11.0779	-22.3497	24.9445
11.1345	-22.4195	25.0322
11.2003	-22.5096	25.1422
11.2621	-22.5955	25.2467
11.3244	-22.6814	25.3512
11.3996	-22.7793	25.4725
11.4721	-22.8764	25.5918
11.5377	-22.96	25.696
11.6075	-23.0331	25.7926
11.6815	-23.1095	25.8942
11.751	-23.1887	25.9962
11.8173	-23.2758	26.1038
11.8934	-23.3463	26.2012
11.9593	-23.4114	26.2891
12.0306	-23.4778	26.3807
12.1122	-23.5439	26.4768
12.179	-23.6161	26.5716
12.2524	-23.6832	26.6649
12.3282	-23.7474	26.7567
12.4066	-23.8095	26.848
12.4921	-23.8679	26.9394
12.575	-23.9285	27.0316
12.6679	-23.9952	27.1339
12.7485	-24.0521	27.2218
12.8272	-24.1136	27.313
12.8991	-24.1657	27.3928
12.9772	-24.2229	27.4801
13.0568	-24.2825	27.5703
13.1369	-24.3392	27.6582
13.2314	-24.4027	27.759
13.3316	-24.4724	27.868
13.4222	-24.5364	27.9677
13.5066	-24.5967	28.0611
13.596	-24.6625	28.1619
13.6762	-24.7242	28.2547
13.7497	-24.7871	28.3452
13.8307	-24.8507	28.4402
13.8924	-24.9139	28.5255
13.9617	-24.9833	28.6198
14.0586	-25.0317	28.7094
14.1386	-25.0868	28.7967
14.2134	-25.1327	28.8734
14.3048	-25.1904	28.9687
14.3874	-25.2564	29.0668
14.4744	-25.309	29.1557
14.5595	-25.3682	29.2493
14.6482	-25.4244	29.3423
14.7293	-25.4856	29.4358
14.802	-25.5431	29.522
14.8728	-25.6038	29.61
14.9484	-25.6643	29.7003
15.018	-25.7254	29.7882
15.0859	-25.7975	29.8847
15.1455	-25.8706	29.9779
15.2169	-25.9374	30.0716
15.2868	-26.0159	30.1746
15.348	-26.098	30.2765
15.4053	-26.1781	30.3746
15.4677	-26.2592	30.4761
15.525	-26.3472	30.581
15.5968	-26.429	30.688
15.6657	-26.5072	30.7904
15.7218	-26.5974	30.8965
15.7716	-26.6843	30.9967
15.819	-26.7729	31.0971
15.8751	-26.8792	31.2171
15.9285	-26.9796	31.3307
15.9835	-27.0652	31.4324
16.0337	-27.1588	31.5386
16.0765	-27.2529	31.6414
16.1226	-27.3432	31.7425
16.1645	-27.4369	31.8445
16.1992	-27.525	31.9381
16.2329	-27.6066	32.0254
16.2527	-27.6865	32.1044
16.2676	-27.7643	32.1791
16.292	-27.865	32.2783
16.3172	-27.9664	32.3786
16.357	-28.0674	32.4859
16.3989	-28.1631	32.5896
16.4406	-28.2668	32.7002
16.4807	-28.3639	32.8043
16.524	-28.4586	32.9079
16.5583	-28.5537	33.0075
16.5975	-28.6433	33.1046
16.6415	-28.715	33.1887
16.6708	-28.793	33.2709
16.7052	-28.8802	33.3636
16.7468	-28.9769	33.4681
16.7834	-29.073	33.5697
16.8261	-29.1791	33.6829
16.8644	-29.2766	33.7865
16.8987	-29.3648	33.8801
16.9422	-29.4543	33.9793
16.9806	-29.5512	34.0824
17.0183	-29.647	34.1843
17.0529	-29.7438	34.2855
17.0803	-29.843	34.3852
17.0983	-29.9343	34.4734
0	0	0
0.0500379	-0.104734	0.116073
0.119208	-0.195842	0.22927
0.191011	-0.277628	0.33699
0.265249	-0.358295	0.445794
0.339938	-0.434154	0.551405
0.410491	-0.510928	0.655401
0.478353	-0.589557	0.759209
0.542507	-0.67033	0.862355
0.605311	-0.749234	0.963199
0.655205	-0.825831	1.05418
0.703133	-0.895137	1.13827
0.737367	-0.977508	1.22443
0.762348	-1.0426	1.29158
0.801632	-1.11828	1.37592
0.843423	-1.19994	1.4667
0.890826	-1.28279	1.56177
0.940588	-1.37128	1.66286
0.993678	-1.46076	1.76669
1.03444	-1.54437	1.8588
1.08177	-1.63353	1.95925
1.12972	-1.72644	2.06321
1.16893	-1.82077	2.1637
1.21058	-1.91164	2.26271
1.2474	-2.00502	2.36138
1.28505	-2.09709	2.4595
1.32152	-2.18903	2.55701
1.35803	-2.27947	2.65334
1.39857	-2.39347	2.77213
1.43454	-2.49838	2.88094
1.47063	-2.60192	2.98877
1.50324	-2.70615	3.09564
1.53379	-2.82226	3.21211
1.55552	-2.92454	3.31249
1.56871	-3.02813	3.41035
1.59812	-3.13006	3.51443
1.62322	-3.23321	3.6178
1.65168	-3.33423	3.7209
1.68523	-3.43146	3.82294
1.70567	-3.52185	3.91315
1.72777	-3.61656	4.00808
1.75766	-3.71468	4.10953
1.77841	-3.81574	4.20982
1.79208	-3.92018	4.31038
1.80969	-4.0174	4.40618
1.82159	-4.11839	4.50325
1.83197	-4.22221	4.60252
1.84626	-4.32943	4.70666
1.85182	-4.41292	4.78571
1.8609	-4.4987	4.86839
1.8692	-4.58873	4.95483
1.88332	-4.67845	5.04329
1.89543	-4.773	5.13558
1.90497	-4.8773	5.23612
1.90789	-4.97671	5.32989
1.91985	-5.07055	5.42184
1.922	-5.15757	5.50406
1.92685	-5.25005	5.59247
1.93152	-5.34643	5.68464
1.93412	-5.4493	5.78236
1.93457	-5.5602	5.88713
1.93646	-5.66801	5.98967
1.94213	-5.77487	6.09269
1.95301	-5.88368	6.19935
1.97301	-5.98668	6.30342
1.97689	-6.08748	6.40043
1.96105	-6.20517	6.50768
1.95168	-6.31139	6.60627
1.93757	-6.40721	6.69376
1.92703	-6.51356	6.79264
1.89595	-6.61929	6.88547
1.88488	-6.7233	6.98252
1.87645	-6.82679	7.07998
1.85543	-6.93164	7.17567
1.8407	-7.02785	7.26491
1.83157	-7.10989	7.34201
1.82262	-7.19656	7.42378
1.81713	-7.27212	7.49571
1.82754	-7.35811	7.58167
1.82999	-7.45529	7.6766
1.82434	-7.5543	7.77147
1.83212	-7.65434	7.87055
1.84377	-7.75342	7.96963
1.84176	-7.8557	8.06871
1.84388	-7.95232	8.16329
1.84687	-8.05024	8.25938
1.84734	-8.1437	8.3506
1.84524	-8.24002	8.4441
1.84199	-8.33624	8.53732
1.84531	-8.43451	8.63401
1.84796	-8.53694	8.73467
1.85146	-8.63912	8.83529
1.85873	-8.74175	8.93717
1.86969	-8.84265	9.03815
1.88257	-8.94226	9.13827
1.90213	-9.05192	9.24962
1.92301	-9.15526	9.35503
1.93842	-9.25417	9.455
1.96125	-9.35684	9.56018
1.9881	-9.45645	9.66318
2.01727	-9.5544	9.76503
2.04934	-9.6501	9.8653
2.07807	-9.74427	9.96339
2.11893	-9.84189	10.0674
2.16441	-9.92641	10.1596
2.18814	-10.0219	10.258
2.21492	-10.1226	10.3621
2.25496	-10.2264	10.472
2.29203	-10.3252	10.5765
2.33959	-10.4129	10.6725
2.37769	-10.5059	10.7716
2.40255	-10.5992	10.868
2.43095	-10.6914	10.9643
2.46168	-10.7796	11.0571
2.48834	-10.8883	11.169
2.52045	-10.9989	11.284
2.55573	-11.0949	11.3854
2.59585	-11.1869	11.4841
2.6384	-11.275	11.5796
2.68079	-11.3757	11.6873
2.72176	-11.4656	11.7842
2.75954	-11.5566	11.8815
2.80106	-11.6494	11.9815
2.84314	-11.742	12.0813
2.87641	-11.8332	12.1778
2.91871	-11.9245	12.2765
2.96078	-12.0113	12.3709
3.00154	-12.101	12.4677
3.04001	-12.1944	12.5676
3.08092	-12.3034	12.6833
3.12661	-12.3769	12.7657
3.1857	-12.4598	12.8606
3.24334	-12.5499	12.9623
3.28799	-12.6463	13.0667
3.33485	-12.7373	13.1666
3.38793	-12.8265	13.2664
3.43616	-12.9088	13.3583
3.48774	-12.9924	13.4524
3.54673	-13.0753	13.5478
3.60672	-13.1655	13.6506
3.66518	-13.2516	13.7492
3.71932	-13.3303	13.8395
3.76757	-13.4099	13.9291
3.82222	-13.4883	14.0194
3.88098	-13.5707	14.1147
3.93736	-13.6497	14.2063
3.9941	-13.7262	14.2955
4.0535	-13.8031	14.386
4.11747	-13.8829	14.4807
4.18302	-13.9634	14.5765
4.24275	-14.0396	14.6667
4.30696	-14.1085	14.7513
4.38013	-14.1816	14.8426
4.42671	-14.2669	14.9379
4.48169	-14.3494	15.033
4.54091	-14.4301	15.1277
4.59715	-14.5211	15.2314
4.65448	-14.6073	15.3309
4.71874	-14.6866	15.426
4.77918	-14.7686	15.5226
4.84373	-14.8458	15.616
4.91379	-14.9184	15.7068
4.98254	-14.9844	15.791
5.05297	-15.0486	15.8743
5.11227	-15.1082	15.9497
5.17623	-15.175	16.0335
5.24804	-15.2381	16.1165
5.32056	-15.3038	16.2023
5.38544	-15.3687	16.2849
5.45507	-15.4334	16.3691
5.53157	-15.4975	16.4551
5.59234	-15.5714	16.5452
5.66438	-15.6404	16.6345
5.74043	-15.7051	16.7214
5.82889	-15.7678	16.8107
5.92739	-15.8259	16.8995
6.02266	-15.8864	16.9897
6.1121	-15.9479	17.079
6.20472	-16.0201	17.1797
6.31543	-16.0773	17.2732
6.41042	-16.1318	17.3588
6.4969	-16.192	17.4468
6.58545	-16.246	17.53
6.67139	-16.3056	17.6176
6.73994	-16.368	17.7013
6.81902	-16.4389	17.7971
6.90571	-16.5039	17.8905
6.98013	-16.5749	17.9847
7.06298	-16.6337	18.0711
7.1519	-16.6803	18.1489
7.23895	-16.7303	18.2292
7.33011	-16.7819	18.3129
7.42094	-16.8356	18.3986
7.51352	-16.8874	18.4834
7.60041	-16.9467	18.573
7.68492	-17.001	18.6572
7.76485	-17.0645	18.7481
7.84261	-17.1286	18.8386
7.91495	-17.2033	18.9367
7.98851	-17.2716	19.0296
8.05628	-17.3423	19.1222
8.12941	-17.4089	19.2134
8.19842	-17.4767	19.3042
8.26575	-17.5417	19.3916
8.33388	-17.6084	19.481
8.40374	-17.6703	19.5668
8.46291	-17.7359	19.6515
8.5263	-17.8041	19.7404
8.59932	-17.8671	19.8288
8.66611	-17.9409	19.9243
8.73075	-18.0177	20.0216
8.80751	-18.09	20.1202
8.86299	-18.1727	20.2188
8.91754	-18.2715	20.3315
8.96902	-18.3621	20.4355
9.0144	-18.4498	20.5342
9.06908	-18.5441	20.643
9.13436	-18.632	20.7506
9.19768	-18.7163	20.8542
9.25987	-18.8083	20.9642
9.32053	-18.8916	21.0658
9.36463	-18.9865	21.1704
9.41049	-19.0852	21.2792
9.45837	-19.1788	21.3843
9.50626	-19.2776	21.4941
9.5582	-19.3737	21.6032
9.61067	-19.4723	21.7148
9.67354	-19.5602	21.8215
9.73141	-19.6482	21.9261
9.77996	-19.737	22.0272
9.83083	-19.8329	22.1357
9.88396	-19.9184	22.2359
9.94355	-20.0017	22.337
9.99736	-20.0886	22.4388
10.0405	-20.189	22.5479
10.079	-20.2855	22.6514
10.1143	-20.3841	22.7554
10.1543	-20.4691	22.8494
10.1916	-20.5462	22.935
10.2247	-20.6282	23.0232
10.263	-20.7188	23.1214
10.3126	-20.8131	23.2279
10.3561	-20.9068	23.3312
10.3989	-20.9999	23.4336
10.4418	-21.0953	23.5381
10.4772	-21.1968	23.6447
10.5118	-21.2962	23.7492
10.5559	-21.3908	23.8536
10.6017	-21.4661	23.9414
10.648	-21.5513	24.0383
10.6964	-21.6364	24.136
10.7449	-21.718	24.2306
10.7946	-21.8003	24.3264
10.8417	-21.8867	24.4248
10.8917	-21.9748	24.5259
10.9386	-22.0664	24.6288
10.9865	-22.1525	24.7272
11.0372	-22.2391	24.8274
11.0873	-22.3287	24.9299
11.1394	-22.4039	25.0204
11.1936	-22.4849	25.1171
11.2519	-22.5657	25.2154
11.3106	-22.6463	25.3138
11.3724	-22.7255	25.4122
11.4376	-22.8008	25.5087
11.495	-22.8858	25.6105
11.564	-22.962	25.7095
11.6338	-23.0417	25.8121
11.7019	-23.1247	25.9169
11.7738	-23.2024	26.0187
11.8428	-23.2745	26.1143
11.9142	-23.3472	26.2114
11.9836	-23.4192	26.3071
12.0552	-23.4892	26.4021
12.1337	-23.5558	26.4972
12.2117	-23.6221	26.5919
12.2804	-23.6836	26.6781
12.3431	-23.7402	26.7573
12.4047	-23.7973	26.8363
12.4834	-23.8452	26.9152
12.5582	-23.8959	26.9949
12.6351	-23.9515	27.0798
12.7102	-24.0068	27.1639
12.7754	-24.0763	27.2558
12.8339	-24.1257	27.3269
12.9027	-24.1744	27.4022
12.9781	-24.2369	27.4929
13.0605	-24.2936	27.5818
13.1404	-24.3398	27.6604
13.2194	-24.4026	27.7532
13.2911	-24.4645	27.8418
13.3716	-24.5219	27.9307
13.4379	-24.5821	28.0153
13.5239	-24.6347	28.1027
13.6016	-24.6886	28.1874
13.6789	-24.7322	28.2629
13.766	-24.7832	28.3498
13.8375	-24.8454	28.4389
13.9167	-24.9039	28.5285
13.9854	-24.9533	28.6053
14.0483	-25.01	28.6854
14.1268	-25.0582	28.7659
14.2008	-25.1095	28.847
14.2727	-25.166	28.9316
14.3405	-25.2225	29.0143
14.4235	-25.2927	29.1163
14.5065	-25.3558	29.2122
14.5973	-25.4122	29.3063
14.6834	-25.4766	29.4051
14.7622	-25.5455	29.5042
14.8458	-25.6234	29.6135
14.9293	-25.6885	29.7117
15.0174	-25.7551	29.8136
15.0913	-25.8384	29.9228
15.1688	-25.9262	30.0376
15.2252	-26.011	30.1393
15.2955	-26.0951	30.2474
15.3686	-26.173	30.3516
15.4407	-26.2556	30.4593
15.5009	-26.3422	30.5645
15.5516	-26.4287	30.6648
15.6078	-26.512	30.765
15.6675	-26.5886	30.8614
15.722	-26.6681	30.9575
15.7691	-26.7485	31.0508
15.8154	-26.8368	31.1503
15.8636	-26.9244	31.2503
15.912	-27.012	31.3503
15.9616	-27.0954	31.4473
16.009	-27.1825	31.5464
16.039	-27.2728	31.6395
16.0803	-27.3633	31.7384
16.1271	-27.452	31.8386
16.1712	-27.5255	31.9243
16.2075	-27.6155	32.0203
16.2314	-27.7134	32.1168
16.275	-27.8062	32.2189
16.3114	-27.8969	32.3156
16.3462	-28.0013	32.4233
16.3876	-28.1031	32.5321
16.4113	-28.2009	32.6286
16.4449	-28.2914	32.7237
16.4788	-28.3722	32.8106
16.5228	-28.456	32.9051
16.5636	-28.5441	33.0018
16.5976	-28.6435	33.1049
16.6357	-28.735	33.2032
16.6763	-28.8265	33.3027
16.722	-28.9118	33.3994
16.7613	-29.0057	33.5003
16.7831	-29.1026	33.5951
16.8146	-29.2115	33.7052
16.8485	-29.31	33.8075
16.9004	-29.4014	33.9126
16.9527	-29.4769	34.0041
17.0069	-29.5578	34.1012
17.0543	-29.6449	34.2004
17.1014	-29.7398	34.3062
17.152	-29.8341	34.4132
17.2012	-29.9226	34.5144
0	0	0
0.050343	-0.0752963	0.0905757
0.129133	-0.141451	0.19153
0.209004	-0.198683	0.288371
0.299274	-0.241941	0.384838
0.396281	-0.278146	0.484152
0.49615	-0.328964	0.5953
0.597585	-0.383992	0.710322
0.667031	-0.461216	0.810957
0.716121	-0.553995	0.905395
0.751423	-0.65518	0.996944
0.781169	-0.752204	1.08445
0.800423	-0.865217	1.17868
0.839528	-0.962304	1.27704
0.872972	-1.06153	1.37438
0.903895	-1.1582	1.46917
0.935672	-1.2522	1.56317
0.969928	-1.347	1.65987
1.00381	-1.43539	1.75156
1.02948	-1.5146	1.83135
1.05406	-1.59072	1.90825
1.0797	-1.67147	1.98987
1.11779	-1.75487	2.08063
1.16278	-1.83339	2.17103
1.20411	-1.91402	2.26127
1.25228	-2.00694	2.36559
1.29301	-2.11317	2.47737
1.33437	-2.20712	2.57914
1.3596	-2.29476	2.66729
1.38428	-2.38855	2.76069
1.40384	-2.48061	2.8503
1.42764	-2.57634	2.94545
1.44866	-2.66699	3.03504
1.47811	-2.76079	3.13157
1.50817	-2.85456	3.22848
1.51937	-2.94762	3.31617
1.55199	-3.02026	3.39568
1.58322	-3.10428	3.4847
1.60774	-3.1983	3.57966
1.64399	-3.30399	3.6904
1.66023	-3.40703	3.79001
1.67863	-3.50453	3.88581
1.71019	-3.60003	3.98559
1.73493	-3.70524	4.0913
1.76204	-3.79588	4.18491
1.77826	-3.89639	4.28299
1.79686	-3.99882	4.38398
1.8176	-4.09965	4.48451
1.8291	-4.19424	4.57572
1.84171	-4.29308	4.67145
1.85401	-4.39931	4.77402
1.86508	-4.50512	4.87593
1.85933	-4.60199	4.96341
1.86739	-4.69667	5.05429
1.88	-4.78093	5.13728
1.88036	-4.87557	5.22561
1.88432	-4.97279	5.31783
1.88759	-5.08088	5.42018
1.88664	-5.17852	5.51148
1.89205	-5.28204	5.61068
1.89935	-5.38777	5.71276
1.90715	-5.49164	5.81338
1.92422	-5.58569	5.90784
1.92627	-5.68814	6.00546
1.92291	-5.78324	6.09454
1.9209	-5.88104	6.1868
1.92143	-5.98202	6.28303
1.92938	-6.08925	6.38761
1.92904	-6.19751	6.49079
1.93088	-6.31271	6.60141
1.92731	-6.41738	6.70055
1.91903	-6.51878	6.79538
1.90437	-6.61457	6.88326
1.88912	-6.70975	6.97062
1.86738	-6.80221	7.05387
1.85399	-6.89629	7.14115
1.84224	-6.99549	7.234
1.83106	-7.09678	7.32919
1.81703	-7.20615	7.4317
1.80697	-7.30395	7.52415
1.80276	-7.39997	7.61639
1.80474	-7.50256	7.71657
1.80481	-7.60354	7.8148
1.80379	-7.70401	7.91236
1.80618	-7.80348	8.00978
1.80856	-7.90828	8.11244
1.8171	-8.01093	8.21443
1.81821	-8.11288	8.31413
1.81894	-8.21622	8.41515
1.82408	-8.31671	8.51439
1.82897	-8.41568	8.61213
1.83482	-8.52927	8.72439
1.84729	-8.64704	8.84216
1.85129	-8.74963	8.94334
1.87214	-8.84553	9.04148
1.89193	-8.94255	9.14049
1.90892	-9.044	9.24326
1.92197	-9.1405	9.34038
1.94896	-9.23809	9.44144
1.97502	-9.33433	9.54099
1.99963	-9.43189	9.64153
2.02839	-9.54058	9.75382
2.0496	-9.63023	9.84592
2.07322	-9.72377	9.94233
2.10049	-9.81701	10.0392
2.13399	-9.91495	10.142
2.16302	-10.0178	10.2487
2.18867	-10.1141	10.3482
2.22518	-10.2089	10.4486
2.26192	-10.3019	10.5472
2.30754	-10.4005	10.6534
2.35217	-10.5055	10.7656
