0.656566	0
0.656566	0
0.656566	0
0.656566	0
0.656566	0
0.656566	0
0.656566	0
0.656566	0
0.656566	0
0.656566	0
0.656566	0
0.656566	0
0.656566	0
0.656566	0
0.656566	0
0.656566	0
0.656566	0
0.656566	0
0.656566	0
0.656566	0
0.656566	0
0.656566	0
0.656566	0
0.656566	0
0.656566	0
0.656566	0
0.656566	0
0.656566	0
0.656566	0
0.656566	0
0.656566	0
0.656566	0
0.656566	0
0.656566	0
0.656566	0
0.656566	0
0.656566	0
0.656566	0
0.656566	0
0.656566	0
0.656566	0
0.656566	0
0.656566	0
0.656566	0
0.656566	0
0.656566	0
0.656566	0
0.656566	0
0.656566	0
0.656566	0
0.656566	0
0.656566	0
0.656566	0
0.656566	0
0.656566	0
0.656566	0
0.656566	0
0.656566	0
0.656566	0
0.656566	0
0.656566	0
0.656566	0
0.656566	0
0.656566	0
0.656566	0
0.656566	0
0.656566	0
0.656566	0
0.656566	0
0.656566	0
0.656566	0
0.656566	0
0.656566	0
0.656566	0
0.656566	0
0.656566	0
0.656566	0
0.656566	0
0.656566	0
0.656566	0
0.656566	0
0.656566	0
0.656566	0
0.656566	0
0.656566	0
0.656566	0
0.656566	0
0.656566	0
0.656566	0
0.656566	0
0.656566	0
0.656566	0
0.656566	0
0.656566	0
0.656566	0
0.656566	0
0.656566	0
0.656566	0
0.656566	0
0.656566	0
0.656566	0
0.656566	0
0.656566	0
0.656566	0
0.656566	0
0.656566	0
0.656566	0
0.656566	0
0.656566	0
0.656566	0
0.656566	0
0.656566	0
0.656566	0
0.656566	0
0.656566	0
0.656566	0
0.656566	0
0.656566	0
0.656566	0
0.656566	0
0.656566	0
0.656566	0
0.656566	0
0.656566	0
0.656566	0
0.656566	0
0.656566	0
0.656566	0
0.656566	0
0.656566	0
0.656566	0
0.656566	0
0.656566	0
0.656566	0
0.656566	0
0.656566	0
0.656566	0
0.656566	0
0.656566	0
0.656566	0
0.656566	0
0.656566	0
0.656566	0
0.656566	0
0.656566	0
0.656566	0
0.656566	0
0.656566	0
0.656566	0
0.656566	0
0.656566	0
0.656566	0
0.656566	0
0.656566	0
0.656566	0
0.656566	0
0.656566	0
0.656566	0
0.656566	0
0.656566	0
0.656566	0
0.656566	0
0.656566	0
0.656566	0
0.656566	0
0.656566	0
0.656566	0
0.656566	0
0.656566	0
0.656566	0
0.656566	0
0.656566	0
0.656566	0
0.656566	0
0.656566	0
0.656566	0
0.656566	0
0.656566	0
0.656566	0
0.656566	0
0.656566	0
0.656566	0
0.656566	0
0.656566	0
0.656566	0
0.656566	0
0.656566	0
0.656566	0
0.656566	0
0.656566	0
0.656566	0
0.656566	0
0.656566	0
0.656566	0
0.656566	0
0.656566	0
0.656566	0
0.656566	0
0.656566	0
0.656566	0
0.656566	0
0.656566	0
0.656566	0
0.656566	0
0.656566	0
0.656566	0
0.656566	0
0.656566	0
0.656566	0
0.656566	0
0.656566	0
0.656566	0
0.656566	0
0.656566	0
0.656566	0
0.656566	0
0.656566	0
0.656566	0
0.656566	0
0.656566	0
0.656566	0
0.656566	0
0.656566	0
0.656566	0
0.656566	0
0.656566	0
0.656566	0
0.656566	0
0.656566	0
0.656566	0
0.656566	0
0.656566	0
0.656566	0
0.656566	0
0.656566	0
0.656566	0
0.656566	0
0.656566	0
0.656566	0
0.656566	0
0.656566	0
0.656566	0
0.656566	0
0.656566	0
0.656566	0
0.656566	0
0.656566	0
0.656566	0
0.656566	0
0.656566	0
0.656566	0
0.671315	0.00427807
0.684691	0.0154952
0.696591	0.0271467
0.711564	0.035373
0.722787	0.0496814
0.739405	0.0586553
0.754768	0.0720009
0.770132	0.0838739
0.78515	0.0943821
0.800685	0.104151
0.816653	0.110441
0.835454	0.111908
0.852082	0.120273
0.870978	0.121588
0.888108	0.129798
0.907186	0.129814
0.924901	0.137476
0.94396	0.137917
0.961246	0.145855
0.979506	0.144034
0.997547	0.15037
1.01675	0.149015
1.03517	0.155905
1.05493	0.155167
1.07252	0.160858
1.09128	0.159496
1.10996	0.167053
1.12967	0.16669
1.14805	0.174595
1.16474	0.172396
1.18214	0.178653
1.19895	0.176385
1.21648	0.182209
1.23544	0.180841
1.25281	0.188243
1.27166	0.189831
1.28915	0.1989
1.30857	0.201215
1.32629	0.208561
1.34536	0.208187
1.36339	0.21646
1.38219	0.215895
1.39992	0.223118
1.41893	0.222432
1.43567	0.228819
1.45569	0.228056
1.47382	0.235817
1.49267	0.23529
1.51092	0.242739
1.53149	0.241931
1.54916	0.24851
1.56795	0.247122
1.58896	0.251746
1.60742	0.255174
1.62628	0.26238
1.64677	0.261187
1.66543	0.269107
1.68569	0.269099
1.70393	0.277136
1.72473	0.277857
1.74241	0.286123
1.76225	0.286019
1.78065	0.29286
1.79988	0.29083
1.81837	0.297787
1.83741	0.2982
1.85677	0.303359
1.87684	0.302915
1.89549	0.307713
1.91475	0.304792
1.9328	0.30804
1.95085	0.303291
1.96871	0.306681
1.98695	0.302958
2.00539	0.306653
2.02449	0.303193
2.04354	0.306989
2.06372	0.306014
2.08298	0.313105
2.10299	0.311886
2.12161	0.317761
2.14034	0.315116
2.15849	0.319475
2.17582	0.319465
2.19384	0.324669
2.20917	0.323961
2.22513	0.33286
2.24322	0.33443
2.25902	0.337923
2.27492	0.340922
2.28958	0.343508
2.30529	0.347598
2.3223	0.350507
2.33911	0.354887
2.35369	0.358746
2.36981	0.362759
2.38617	0.366129
2.40232	0.370881
2.41835	0.375811
2.43549	0.379944
2.45182	0.3836
2.47003	0.387852
2.48672	0.393078
2.50367	0.399087
2.51886	0.404341
2.53286	0.408493
2.5462	0.415981
2.56329	0.417099
2.57901	0.427753
2.59905	0.431092
2.61569	0.441622
2.63459	0.445254
2.65067	0.456453
2.67004	0.460333
2.68619	0.471725
2.70634	0.476261
2.72253	0.488146
2.7415	0.493106
2.75513	0.505536
2.77238	0.510538
2.78574	0.522086
2.80285	0.527105
2.81799	0.540695
2.83685	0.547659
2.85157	0.562439
2.86795	0.570528
2.8788	0.583768
2.89564	0.591917
2.90817	0.606366
2.92592	0.614592
2.93765	0.626754
2.95531	0.634866
2.96954	0.647145
2.98706	0.654032
3.00009	0.667937
3.01769	0.675635
3.03126	0.689221
3.04819	0.698326
3.06142	0.71172
3.07907	0.718294
3.09263	0.731983
3.10968	0.74036
3.12269	0.753329
3.14067	0.763169
3.15445	0.775365
3.16922	0.785743
3.18185	0.796287
3.19413	0.807569
3.20823	0.816072
3.22165	0.825644
3.23582	0.837678
3.25064	0.845968
3.26528	0.853888
3.27919	0.859705
3.29436	0.862956
3.31113	0.861284
3.32614	0.858951
3.34122	0.858507
3.3578	0.857263
3.3737	0.855042
3.39162	0.854023
3.40809	0.854662
3.42409	0.855458
3.44102	0.857987
3.4576	0.860403
3.47593	0.861637
3.49325	0.862819
3.51009	0.864457
3.52732	0.865733
3.54526	0.866486
3.56294	0.867941
3.57985	0.87039
3.59657	0.873129
3.61306	0.87597
3.62878	0.878136
3.64527	0.878029
3.66169	0.884647
3.67837	0.887408
3.69518	0.890827
3.71273	0.893149
3.73024	0.899816
3.74673	0.908431
3.76531	0.912229
3.78329	0.913993
3.79972	0.922271
3.81824	0.926594
3.83639	0.93161
3.85352	0.936524
3.86828	0.94275
3.88438	0.944308
3.90013	0.953203
3.91951	0.955157
3.93665	0.963395
3.95517	0.964535
3.97155	0.973646
3.98969	0.975135
4.0063	0.983931
4.02611	0.986477
4.04314	0.995343
4.062	0.99712
4.07834	1.00535
4.09552	1.00685
4.11132	1.01505
4.13312	1.01628
4.15118	1.02508
4.17156	1.0269
4.18844	1.03523
4.20649	1.03874
4.22113	1.04797
4.23947	1.05037
4.25629	1.05973
4.27533	1.06211
4.29316	1.07345
4.31254	1.07564
4.32945	1.08547
4.34774	1.08791
4.36401	1.09799
4.38556	1.10133
4.40398	1.11236
4.42416	1.11484
4.44099	1.1258
4.45925	1.13145
4.4734	1.14482
4.49156	1.15191
4.50646	1.16315
4.52525	1.16843
4.54128	1.18081
4.55927	1.18678
4.57343	1.19991
4.59086	1.20744
4.60466	1.22068
4.62319	1.22847
4.63723	1.24206
4.65433	1.24973
4.66856	1.26339
4.68622	1.27061
4.69978	1.28432
4.71695	1.29223
4.72977	1.30637
4.74718	1.31419
4.76034	1.32842
4.77927	1.33476
4.7935	1.34782
4.8118	1.35394
4.8265	1.36805
4.84518	1.37515
4.85915	1.38846
4.87502	1.39686
4.88676	1.41139
4.9039	1.42012
4.91712	1.43425
4.93514	1.44184
4.94917	1.45477
4.96699	1.46006
4.98138	1.4709
4.99864	1.47571
5.01288	1.48675
5.03131	1.49198
5.04686	1.50277
5.06541	1.50814
5.08117	1.51791
5.0987	1.52546
5.11599	1.53288
5.13208	1.53982
5.14682	1.54659
5.16432	1.55477
5.17956	1.56071
5.19472	1.5677
5.20948	1.57436
5.22515	1.5813
5.24248	1.59073
5.26088	1.59958
5.27785	1.60711
5.29427	1.61089
5.31049	1.61874
5.32676	1.62472
5.34447	1.63088
5.3617	1.63845
5.37784	1.6455
5.39303	1.65196
5.40863	1.66034
5.42282	1.67039
5.43984	1.67532
5.45676	1.68038
5.4733	1.68549
5.48851	1.69018
5.50388	1.69483
5.51775	1.69936
5.53217	1.70489
5.54714	1.71035
5.56312	1.71571
5.57746	1.72016
5.59276	1.72387
5.60928	1.7289
5.62528	1.73379
5.64105	1.73852
5.6564	1.74191
5.67114	1.74472
5.68573	1.74677
5.69925	1.74934
5.71257	1.75098
5.72748	1.75245
5.74453	1.75197
5.76143	1.75133
5.77771	1.75031
5.79359	1.74967
5.80944	1.7492
5.826	1.74838
5.84227	1.74829
5.85861	1.74761
5.87628	1.74705
5.89355	1.74696
5.91106	1.74663
5.92708	1.74639
5.94292	1.74632
5.95903	1.74656
5.97627	1.74519
5.99295	1.74357
6.00916	1.74245
6.02652	1.73894
6.04346	1.7349
6.05878	1.73158
6.07427	1.72877
6.09183	1.72716
6.10819	1.72616
6.12424	1.72551
6.14066	1.72499
6.1573	1.72203
6.17282	1.7215
6.18999	1.71838
6.20652	1.71378
6.22271	1.7107
6.23753	1.70715
6.25232	1.70594
6.26783	1.70417
6.2836	1.7017
6.29957	1.6995
6.31781	1.69703
6.33548	1.69386
6.35366	1.6925
6.37064	1.68793
6.38661	1.68227
6.40288	1.6771
6.41886	1.67222
6.43482	1.66758
6.45065	1.66298
6.4671	1.65691
6.48374	1.65197
6.49951	1.64641
