-0.0237094	0.0273756
-0.0237094	0.0273756
-0.0237094	0.0273756
-0.0237094	0.0273756
-0.0237094	0.0273756
-0.0237094	0.0273756
-0.0237094	0.0273756
-0.0237094	0.0273756
-0.0237094	0.0273756
-0.0237094	0.0273756
-0.0237094	0.0273756
-0.0237094	0.0273756
-0.0237094	0.0273756
-0.0237094	0.0273756
-0.0237094	0.0273756
-0.0237094	0.0273756
-0.0237094	0.0273756
-0.0237094	0.0273756
-0.0237094	0.0273756
-0.0237094	0.0273756
-0.0237094	0.0273756
-0.0237094	0.0273756
-0.0237094	0.0273756
-0.0237094	0.0273756
-0.0237094	0.0273756
-0.0237094	0.0273756
-0.0237094	0.0273756
-0.0237094	0.0273756
-0.0237094	0.0273756
-0.0237094	0.0273756
-0.0237094	0.0273756
-0.0237094	0.0273756
-0.0237094	0.0273756
-0.0237094	0.0273756
-0.0237094	0.0273756
-0.0237094	0.0273756
-0.0237094	0.0273756
-0.0237094	0.0273756
-0.0237094	0.0273756
-0.0237094	0.0273756
-0.0237094	0.0273756
-0.0237094	0.0273756
-0.0237094	0.0273756
-0.0237094	0.0273756
-0.0237094	0.0273756
-0.0237094	0.0273756
-0.0237094	0.0273756
-0.0237094	0.0273756
-0.0237094	0.0273756
-0.0237094	0.0273756
-0.0237094	0.0273756
-0.0237094	0.0273756
-0.0237094	0.0273756
-0.0237094	0.0273756
-0.0237094	0.0273756
-0.0237094	0.0273756
-0.0237094	0.0273756
-0.0237094	0.0273756
-0.0237094	0.0273756
-0.0237094	0.0273756
-0.0237094	0.0273756
-0.0237094	0.0273756
-0.0237094	0.0273756
-0.0237094	0.0273756
-0.0237094	0.0273756
-0.0237094	0.0273756
-0.0237094	0.0273756
-0.0237094	0.0273756
-0.0237094	0.0273756
-0.0237094	0.0273756
-0.0237094	0.0273756
-0.0237094	0.0273756
-0.0237094	0.0273756
-0.0237094	0.0273756
-0.0237094	0.0273756
-0.0237094	0.0273756
-0.0237094	0.0273756
-0.0237094	0.0273756
-0.0237094	0.0273756
-0.0237094	0.0273756
-0.0237094	0.0273756
-0.0237094	0.0273756
-0.0237094	0.0273756
-0.0237094	0.0273756
-0.0237094	0.0273756
-0.0237094	0.0273756
-0.0237094	0.0273756
-0.0237094	0.0273756
-0.0237094	0.0273756
-0.0237094	0.0273756
-0.0237094	0.0273756
-0.0237094	0.0273756
-0.0237094	0.0273756
-0.0237094	0.0273756
-0.0237094	0.0273756
-0.0237094	0.0273756
-0.0237094	0.0273756
-0.0237094	0.0273756
-0.0237094	0.0273756
-0.0237094	0.0273756
-0.0237094	0.0273756
-0.0237094	0.0273756
-0.0237094	0.0273756
-0.0237094	0.0273756
-0.0237094	0.0273756
-0.0237094	0.0273756
-0.0237094	0.0273756
-0.0237094	0.0273756
-0.0237094	0.0273756
-0.0237094	0.0273756
-0.0237094	0.0273756
-0.0237094	0.0273756
-0.0237094	0.0273756
-0.0237094	0.0273756
-0.0237094	0.0273756
-0.0237094	0.0273756
-0.0237094	0.0273756
-0.0237094	0.0273756
-0.0237094	0.0273756
-0.0237094	0.0273756
-0.0237094	0.0273756
-0.0237094	0.0273756
-0.0237094	0.0273756
-0.0237094	0.0273756
-0.0237094	0.0273756
-0.0237094	0.0273756
-0.0237094	0.0273756
-0.0237094	0.0273756
-0.0237094	0.0273756
-0.0237094	0.0273756
-0.0237094	0.0273756
-0.0237094	0.0273756
-0.0237094	0.0273756
-0.0237094	0.0273756
-0.0237094	0.0273756
-0.0237094	0.0273756
-0.0237094	0.0273756
-0.0237094	0.0273756
-0.0237094	0.0273756
-0.0237094	0.0273756
-0.0237094	0.0273756
-0.0237094	0.0273756
-0.0237094	0.0273756
-0.0237094	0.0273756
-0.0237094	0.0273756
-0.0237094	0.0273756
-0.0237094	0.0273756
-0.0237094	0.0273756
-0.0237094	0.0273756
-0.0237094	0.0273756
-0.0237094	0.0273756
-0.0237094	0.0273756
-0.0237094	0.0273756
-0.0237094	0.0273756
-0.0237094	0.0273756
-0.0237094	0.0273756
0.00975265	0.270308
0.164206	0.292508
0.321688	0.237855
0.267963	0.291421
0.366343	0.154606
0.278944	0.314993
0.359878	0.155509
0.273121	0.272145
0.301889	0.196547
0.31248	0.161076
0.339055	0.0680473
0.325457	0.0747159
0.333857	0.0855992
0.311318	0.0414911
0.306715	0.0201407
0.300051	0.0730587
0.308694	0.0939086
0.354896	0.00934486
0.324251	0.130173
0.382282	-0.00728478
0.357903	0.113952
0.38649	-0.0368256
0.340415	0.134137
0.36882	-0.00331357
0.369691	0.114393
0.408998	-0.0147842
0.356618	0.135913
0.370742	-0.00541998
0.416585	0.120948
0.404674	0.00945178
0.365736	0.127067
0.38279	-0.0470176
0.401342	0.121897
0.41535	-0.00808192
0.373105	0.137142
0.395669	-0.000333951
0.347945	0.121685
0.385459	-0.0204123
0.356894	0.133182
0.386982	-0.0146986
0.348078	0.137719
0.387861	-0.000927878
0.345569	0.115137
0.344887	0.0474211
0.375091	0.0729084
0.337363	0.0683495
0.358877	0.0532716
0.349897	0.0365877
0.340068	0.0851205
0.334987	0.0838513
0.330267	0.0473907
0.322926	0.0748407
0.346134	0.0745605
0.316165	0.042285
0.341711	0.0713168
0.334923	0.06446
0.328082	0.0687871
0.318076	0.082814
0.353846	0.00464933
0.331816	0.165477
0.375049	-0.000977151
0.359923	0.135988
0.380928	-0.0412597
0.387199	0.10986
0.451064	-0.0491645
0.413376	0.140869
0.381768	-0.0324541
0.362563	0.107583
0.384739	-0.0381776
0.409736	0.0956468
0.40333	-0.0344263
0.381051	0.0119522
0.355702	0.0162577
0.343264	0.0159044
0.337018	0.0196807
0.332817	-0.00863433
0.31481	0.0183851
0.328349	-0.0035121
0.331014	-0.00747051
0.332063	0.00858855
0.334571	0.0258483
0.355057	-0.00443155
0.327234	0.0434762
0.311796	0.0475492
0.311044	0.040874
0.281598	0.0361358
0.285441	0.0142545
0.285421	-0.000135303
0.293725	0.0568076
0.33246	0.0488114
0.3354	0.0468412
0.326678	0.0566101
0.296566	0.0581011
0.288985	0.0721563
0.300583	0.0759616
0.309996	0.10751
0.309706	0.106902
0.290452	0.098711
0.28349	0.0988047
0.272921	0.075486
0.288471	0.0892985
0.300809	0.0864186
0.31789	0.0913247
0.326401	0.091253
0.253728	0.0848888
0.278199	0.0971017
0.288568	0.0998909
0.310542	0.146273
0.303794	0.137048
0.290954	0.113867
0.313902	0.118779
0.295923	0.117172
0.29011	0.0843829
0.302275	0.0876473
0.306243	0.089213
0.307829	0.0940197
0.283157	0.136863
0.289542	0.168216
0.292158	0.159122
0.279854	0.171843
0.295396	0.137663
0.27546	0.0894191
0.240801	0.233472
0.330946	0.102038
0.275274	0.250171
0.372264	0.118747
0.293142	0.274971
0.375456	0.0930762
0.256735	0.240566
0.365642	0.105811
0.294264	0.255253
0.372292	0.0888945
0.308729	0.236599
0.386242	0.0637258
0.321547	0.208332
0.206965	0.30694
0.330445	0.211259
0.30521	0.286186
0.353853	0.149695
0.290775	0.306075
0.383144	0.163828
0.279906	0.292189
0.334068	0.151156
0.291856	0.26547
0.36528	0.156764
0.245763	0.288196
0.351215	0.164939
0.256853	0.273163
0.368048	0.133551
0.281116	0.270139
0.368849	0.152314
0.291988	0.287342
0.373153	0.159173
0.279967	0.269052
0.347328	0.153243
0.282781	0.24189
0.310771	0.196839
0.286952	0.201417
0.24841	0.194438
0.246498	0.180759
0.265521	0.164851
0.283757	0.11795
0.334568	0.0201084
0.348313	-0.0249333
0.34454	-0.0311149
0.287463	-0.0651974
0.305404	-0.0667571
0.322174	-0.0927126
0.351512	0.022452
0.332789	0.0249343
0.317374	0.0425976
0.352778	0.01811
0.359486	0.0132858
0.289052	-0.0151708
0.305654	-0.0134532
0.312435	-0.0146609
0.311021	-0.00781916
0.316196	-0.00357315
0.323509	-0.0133896
0.328243	-0.00629424
0.324745	0.0163319
0.325237	0.0164156
0.325534	0.0170244
0.313745	0.0467747
0.312526	0.062364
0.292173	0.0526354
0.307897	0.0552078
0.323743	0.0959215
0.29812	0.116262
0.288042	0.121992
0.292659	0.127582
0.303425	0.149007
0.329804	0.180127
0.298526	0.168241
0.327603	0.155936
0.303413	0.156163
0.297245	0.143485
0.282796	0.128653
0.292799	0.139968
0.29807	0.125328
0.299093	0.118326
0.313131	0.0801608
0.321093	0.0824113
0.31078	0.0808669
0.310724	0.108539
0.291247	0.113466
0.300246	0.113435
0.321324	0.112451
0.314166	0.111991
0.316439	0.122929
0.322409	0.115608
0.311419	0.106227
0.30572	0.104169
0.310879	0.0580639
0.317608	0.0676999
0.32918	0.0605582
0.312466	0.0716974
0.311456	0.0383038
0.332946	0.0386794
0.337841	0.0621768
0.328088	0.0678804
0.311682	0.0723875
0.313699	0.0731068
0.334258	0.0614398
0.335429	0.0603014
0.327143	0.0541666
0.326765	0.0623267
0.307092	0.0465916
0.273556	0.136858
0.295622	0.147904
0.306684	0.168519
0.2931	0.166957
0.281211	0.152175
0.284652	0.169198
0.294706	0.166993
0.303909	0.159614
0.31511	0.170435
0.303787	0.209568
0.321494	0.178398
0.30486	0.163317
0.277897	0.202901
0.269487	0.235522
0.319697	0.157042
0.321926	0.143857
0.284045	0.169051
0.283466	0.169333
0.285416	0.157829
0.266624	0.16512
0.251403	0.178091
0.269448	0.158895
0.261889	0.170548
0.253935	0.148009
0.271478	0.152969
0.297992	0.175895
0.30919	0.168394
0.30202	0.176139
0.31362	0.162225
0.317423	0.167227
0.294155	0.175736
0.286887	0.172743
0.292468	0.169922
0.27662	0.141519
0.256893	0.203234
0.270046	0.182776
0.27308	0.178309
0.242118	0.198934
0.293673	0.127822
0.256493	0.217439
0.317769	0.140799
0.297672	0.174797
0.284324	0.166308
0.294609	0.153162
0.295742	0.148742
0.275688	0.173014
0.274646	0.181669
0.268371	0.185209
0.269882	0.184514
0.273534	0.177278
0.229104	0.176219
0.276705	0.170528
0.281178	0.177766
0.258786	0.192078
0.298564	0.126838
0.323111	0.0950336
0.330505	0.104772
0.313573	0.0772444
0.300189	0.0955356
0.296395	0.10263
0.283945	0.09967
0.29085	0.113315
0.300116	0.0890667
0.31054	0.10009
0.32344	0.130403
0.326077	0.113859
0.317375	0.11095
0.30509	0.10872
0.34677	0.112146
0.331267	0.0989548
0.309976	0.0600506
0.297167	0.0714174
0.308027	0.102341
0.302849	0.100354
0.306948	0.102252
0.275432	0.121629
0.286862	0.127867
0.282119	0.150467
0.283717	0.143864
0.282139	0.151124
0.285801	0.153531
0.261608	0.167077
0.332835	0.128653
0.318649	0.11678
0.323604	0.10058
0.320289	0.0972083
0.350155	0.085816
0.31448	0.045027
0.318719	0.0478214
0.312823	0.0558918
0.339433	0.0462096
0.304141	0.0388191
0.234609	0.0620169
0.234238	0.0623584
0.30532	0.0915081
0.336556	0.079384
0.311635	0.0682932
0.32619	0.107992
0.350567	-0.0365211
0.364068	-0.026959
0.3294	-0.0236721
0.319257	-0.0268384
0.31047	-0.0541066
0.307244	-0.0511866
0.286766	-0.0837138
0.326434	-0.0312266
0.321911	-0.0320905
0.323219	-0.00936902
0.354977	-0.0237479
0.312801	-0.0346493
0.323999	-0.00899879
0.267243	-0.0157388
0.31473	-0.0224767
0.327613	-0.0321858
0.319429	-0.0329125
0.333134	-0.0087669
0.318431	0.000955689
0.313597	-0.0141536
0.357609	-0.0267125
0.352627	-0.0193473
0.273947	0.0182446
0.33755	-0.0413082
0.349646	-0.0224877
0.340337	-0.021822
0.368019	0.0197434
0.352862	-0.0950686
0.30525	-0.102828
0.305491	-0.106658
0.250932	-0.0637692
0.296599	-0.0722175
0.285188	-0.0773728
0.289743	-0.0806749
0.313529	-0.105904
0.309165	-0.103714
0.289553	-0.114766
0.315651	-0.0705203
0.316719	-0.0721037
0.299695	-0.115285
0.316497	-0.133952
0.307324	-0.130933
0.327454	-0.144561
0.313422	-0.127023
0.311996	-0.122317
0.257544	-0.125466
0.255822	-0.106538
0.296035	-0.110557
0.285225	-0.118373
0.252034	-0.0933991
0.248794	-0.124915
0.261074	-0.138117
0.280033	-0.120364
0.292447	-0.114283
0.298816	-0.115535
0.340665	-0.104494
0.354956	-0.0971914
0.338262	-0.102734
0.352909	-0.0862054
0.334607	-0.0838356
0.326291	-0.0762731
0.324401	-0.0735707
0.31633	-0.107502
0.288931	-0.141288
0.292044	-0.145383
0.28658	-0.128382
0.293371	-0.131235
0.288924	-0.0881034
0.285685	-0.0915059
0.28854	-0.112257
0.310428	-0.140251
0.354782	-0.121506
0.356925	-0.133325
0.325949	-0.120726
0.316982	-0.117381
0.290665	-0.135526
0.295423	-0.14381
0.305677	-0.154862
0.300203	-0.152206
0.287091	-0.157285
0.296531	-0.182177
0.237816	-0.147335
0.200939	-0.196353
0.262347	-0.14906
0.279685	-0.147124
0.291884	-0.149353
0.266095	-0.149021
0.287593	-0.134187
0.279183	-0.137258
0.313573	-0.17001
0.302736	-0.165499
0.291674	-0.158676
0.29343	-0.1556
0.293726	-0.176151
0.28401	-0.181856
0.259133	-0.196313
0.297729	-0.147447
0.292662	-0.156589
0.278678	-0.158705
0.263373	-0.16141
0.245375	-0.142313
0.270524	-0.13853
0.290993	-0.147811
0.310593	-0.157833
0.313013	-0.161265
0.301203	-0.16891
0.354629	-0.0979176
0.319573	-0.101793
0.340519	-0.107619
0.28891	-0.126324
0.298429	-0.121091
0.311634	-0.118632
0.301431	-0.108381
0.308016	-0.112036
0.311701	-0.0894191
0.293492	-0.0983178
0.286052	-0.0672859
0.316681	-0.0446607
