0.0171492	0.0986383
0.0171492	0.0986383
0.0171492	0.0986383
0.0171492	0.0986383
0.0171492	0.0986383
0.0171492	0.0986383
0.0171492	0.0986383
0.0171492	0.0986383
0.0171492	0.0986383
0.0171492	0.0986383
0.0171492	0.0986383
0.0171492	0.0986383
0.0171492	0.0986383
0.0171492	0.0986383
0.0171492	0.0986383
0.0171492	0.0986383
0.0171492	0.0986383
0.0171492	0.0986383
0.0171492	0.0986383
0.0171492	0.0986383
0.0171492	0.0986383
0.0171492	0.0986383
0.0171492	0.0986383
0.0171492	0.0986383
0.0171492	0.0986383
0.0171492	0.0986383
0.0171492	0.0986383
0.0171492	0.0986383
0.0171492	0.0986383
0.0171492	0.0986383
0.0171492	0.0986383
0.0171492	0.0986383
0.0171492	0.0986383
0.0171492	0.0986383
0.0171492	0.0986383
0.0171492	0.0986383
0.0171492	0.0986383
0.0171492	0.0986383
0.0171492	0.0986383
0.0171492	0.0986383
0.0171492	0.0986383
0.0171492	0.0986383
0.0171492	0.0986383
0.0171492	0.0986383
0.0171492	0.0986383
0.0171492	0.0986383
0.0171492	0.0986383
0.0171492	0.0986383
0.0171492	0.0986383
0.0171492	0.0986383
0.0171492	0.0986383
0.0171492	0.0986383
0.0171492	0.0986383
0.0171492	0.0986383
0.0171492	0.0986383
0.0171492	0.0986383
0.0171492	0.0986383
0.0171492	0.0986383
0.0171492	0.0986383
0.0171492	0.0986383
0.0171492	0.0986383
0.0171492	0.0986383
0.0171492	0.0986383
0.0171492	0.0986383
0.0171492	0.0986383
0.0171492	0.0986383
0.0171492	0.0986383
0.0171492	0.0986383
0.0171492	0.0986383
0.0171492	0.0986383
0.0171492	0.0986383
0.0171492	0.0986383
0.0171492	0.0986383
0.0171492	0.0986383
0.0171492	0.0986383
0.0171492	0.0986383
0.0171492	0.0986383
0.0171492	0.0986383
0.0171492	0.0986383
0.0171492	0.0986383
0.0171492	0.0986383
0.0171492	0.0986383
0.0171492	0.0986383
0.0171492	0.0986383
0.0171492	0.0986383
0.0171492	0.0986383
0.0171492	0.0986383
0.0171492	0.0986383
0.0171492	0.0986383
0.0171492	0.0986383
0.0171492	0.0986383
0.0171492	0.0986383
0.0171492	0.0986383
0.0171492	0.0986383
0.0171492	0.0986383
0.0171492	0.0986383
0.0171492	0.0986383
0.0171492	0.0986383
0.0171492	0.0986383
0.0171492	0.0986383
0.0171492	0.0986383
0.0171492	0.0986383
0.0171492	0.0986383
0.0171492	0.0986383
0.0171492	0.0986383
0.0171492	0.0986383
0.0171492	0.0986383
0.0171492	0.0986383
0.0171492	0.0986383
0.0171492	0.0986383
0.0171492	0.0986383
0.0171492	0.0986383
0.0171492	0.0986383
0.0171492	0.0986383
0.0171492	0.0986383
0.0171492	0.0986383
0.0171492	0.0986383
0.0171492	0.0986383
0.0171492	0.0986383
0.0171492	0.0986383
0.0171492	0.0986383
0.0171492	0.0986383
0.0171492	0.0986383
0.0171492	0.0986383
0.0171492	0.0986383
0.0171492	0.0986383
0.0171492	0.0986383
0.0171492	0.0986383
0.0171492	0.0986383
0.0171492	0.0986383
0.0171492	0.0986383
0.0171492	0.0986383
0.0171492	0.0986383
0.0171492	0.0986383
0.0171492	0.0986383
0.0171492	0.0986383
0.0171492	0.0986383
0.0171492	0.0986383
0.0171492	0.0986383
0.0171492	0.0986383
0.0171492	0.0986383
0.0171492	0.0986383
0.0171492	0.0986383
0.0171492	0.0986383
0.0171492	0.0986383
0.0171492	0.0986383
0.0171492	0.0986383
0.0171492	0.0986383
0.0171492	0.0986383
0.0171492	0.0986383
0.0171492	0.0986383
0.0171492	0.0986383
0.0171492	0.0986383
0.0171492	0.0986383
0.0171492	0.0986383
0.0171492	0.0986383
0.0171492	0.0986383
0.0171492	0.0986383
0.0171492	0.0986383
0.0171492	0.0986383
0.0171492	0.0986383
0.0171492	0.0986383
0.0171492	0.0986383
0.0171492	0.0986383
0.0171492	0.0986383
0.0171492	0.0986383
0.0171492	0.0986383
0.0171492	0.0986383
0.0171492	0.0986383
0.0171492	0.0986383
0.0171492	0.0986383
0.0171492	0.0986383
0.0171492	0.0986383
0.0171492	0.0986383
0.0171492	0.0986383
0.0171492	0.0986383
0.0171492	0.0986383
0.0171492	0.0986383
0.0171492	0.0986383
0.0171492	0.0986383
0.0171492	0.0986383
0.0171492	0.0986383
0.0171492	0.0986383
0.0171492	0.0986383
0.0171492	0.0986383
0.0171492	0.0986383
0.0171492	0.0986383
0.0171492	0.0986383
0.0171492	0.0986383
0.0171492	0.0986383
0.0171492	0.0986383
0.0171492	0.0986383
0.0171492	0.0986383
0.0171492	0.0986383
0.0171492	0.0986383
0.0171492	0.0986383
0.0171492	0.0986383
0.0171492	0.0986383
0.0171492	0.0986383
0.0171492	0.0986383
0.0171492	0.0986383
0.0171492	0.0986383
0.0171492	0.0986383
0.0171492	0.0986383
0.0171492	0.0986383
0.0171492	0.0986383
0.0171492	0.0986383
0.0171492	0.0986383
0.0171492	0.0986383
0.0171492	0.0986383
0.0171492	0.0986383
0.0171492	0.0986383
0.0171492	0.0986383
0.0171492	0.0986383
0.0171492	0.0986383
0.0171492	0.0986383
0.0403331	0.215919
0.0537843	0.286283
0.0541563	0.305469
0.0583625	0.311743
0.0607064	0.322338
0.0524178	0.311295
0.0616449	0.320469
0.0632444	0.313309
0.0535021	0.313061
0.0572174	0.325008
0.0552303	0.326161
0.0753733	0.348106
0.0722743	0.33327
0.0800187	0.334306
0.0979883	0.339201
0.0972683	0.315934
0.126569	0.317541
0.125843	0.271898
0.12743	0.282176
0.12466	0.282019
0.159654	0.292589
0.154449	0.289988
0.150201	0.281139
0.14926	0.315972
0.141473	0.295377
0.137846	0.29293
0.175398	0.224094
0.192588	0.240806
0.200867	0.248604
0.20526	0.245978
0.204914	0.258644
0.21378	0.262308
0.187953	0.259086
0.185999	0.248103
0.185225	0.245262
0.193304	0.256011
0.244152	0.285461
0.208483	0.246672
0.203214	0.24904
0.196708	0.261369
0.198757	0.263356
0.20065	0.259709
0.21903	0.270333
0.191729	0.26699
0.20285	0.272296
0.199501	0.26681
0.194319	0.264634
0.193986	0.264465
0.192717	0.278526
0.158374	0.312637
0.145192	0.31631
0.146182	0.293316
0.148437	0.297416
0.143347	0.316604
0.162951	0.310374
0.154037	0.335122
0.144863	0.329284
0.164247	0.305281
0.161669	0.294746
0.143412	0.288609
0.135287	0.286508
0.113835	0.281453
0.147975	0.302398
0.141383	0.29853
0.128365	0.294779
0.131092	0.301954
0.118386	0.279847
0.0918104	0.288877
0.104267	0.284488
0.114827	0.329477
0.104557	0.280988
0.109483	0.293697
0.10716	0.306006
0.0679869	0.272614
0.0841796	0.300397
0.0952857	0.289226
0.104732	0.278619
0.111215	0.275329
0.140008	0.300154
0.164496	0.287579
0.142225	0.304111
0.140019	0.319283
0.127825	0.31922
0.132653	0.315122
0.132589	0.29791
0.123621	0.318686
0.108611	0.317405
0.118577	0.314595
0.119224	0.320093
0.104887	0.316748
0.0758564	0.316454
0.0663874	0.311842
0.0710905	0.31558
0.0924806	0.314798
0.0873533	0.317043
0.0972484	0.320814
0.0882879	0.310651
0.0806555	0.308124
0.0649371	0.311828
0.0852524	0.318092
0.0832674	0.325941
0.109731	0.31062
0.104726	0.310298
0.108816	0.340078
0.107805	0.324341
0.102241	0.335681
0.0804532	0.3059
0.0896613	0.333572
0.106385	0.32029
0.0935007	0.303806
0.101897	0.323258
0.119391	0.29627
0.12022	0.27545
0.125897	0.266914
0.127821	0.286941
0.140285	0.297222
0.136004	0.273531
0.135733	0.299395
0.114608	0.285498
0.125237	0.299962
0.129816	0.283084
0.16251	0.301267
0.130286	0.309489
0.151978	0.278796
0.155526	0.285856
0.155766	0.288995
0.164616	0.279941
0.182051	0.285086
0.17244	0.302539
0.160957	0.276335
0.160915	0.277928
0.163916	0.28118
0.13188	0.279113
0.145308	0.284901
0.128258	0.282344
0.155782	0.26329
0.146521	0.286441
0.142995	0.293043
0.142354	0.28858
0.155493	0.289377
0.16259	0.288687
0.167789	0.304529
0.156052	0.311314
0.126488	0.319798
0.127096	0.329391
0.127211	0.314017
0.131445	0.297183
0.0926872	0.325926
0.0947543	0.311113
0.0967569	0.330757
0.101569	0.325396
0.112797	0.347009
0.121961	0.326854
0.154113	0.305263
0.15213	0.299196
0.170033	0.29315
0.184676	0.302871
0.168861	0.268325
0.162404	0.286621
0.156364	0.250012
0.176097	0.247047
0.179689	0.262264
0.182406	0.265875
0.176395	0.266893
0.166982	0.278638
0.165884	0.266997
0.190442	0.288619
0.224958	0.265725
0.218355	0.257577
0.214325	0.253282
0.224328	0.251194
0.238287	0.270406
0.280772	0.248806
0.260303	0.235482
0.252331	0.227675
0.165578	0.21009
0.194055	0.236948
0.187463	0.256407
0.186608	0.294548
0.166117	0.272796
0.168717	0.278811
0.15127	0.264034
0.133947	0.280379
0.14676	0.29128
0.149468	0.290551
0.133686	0.282794
0.102132	0.281072
0.150355	0.300538
0.147438	0.289953
0.165079	0.291837
0.169736	0.26476
0.155928	0.287123
0.105189	0.301898
0.122881	0.272072
0.113592	0.260539
0.120738	0.261472
0.116048	0.307554
0.0995747	0.296832
0.0998258	0.320175
0.0994615	0.313533
0.0843129	0.309665
0.078952	0.326374
0.0775593	0.308164
0.0793357	0.305099
0.0900037	0.285908
0.0565408	0.274871
0.0536264	0.288701
0.0639375	0.297952
0.0820747	0.29489
0.0692338	0.302593
0.0538462	0.281189
0.0633816	0.311482
0.0584007	0.321282
0.0663452	0.339643
0.0828865	0.316725
0.0690065	0.316927
0.0607288	0.307562
0.0882552	0.360925
0.0933175	0.307099
0.0802215	0.311764
0.065496	0.322503
0.0737011	0.332249
0.0356075	0.359053
0.036066	0.346576
0.0446708	0.32425
0.0275523	0.311629
0.0461582	0.316404
0.0542287	0.344116
0.055159	0.330576
0.0564489	0.324051
0.0583459	0.324622
0.0644107	0.324499
0.06466	0.321609
0.0810787	0.322761
0.0808016	0.318579
0.0905934	0.306199
0.0658158	0.284944
0.0802968	0.273448
0.0630196	0.28659
0.0660973	0.303352
0.0784554	0.3028
0.107789	0.33219
0.105052	0.31963
0.0959947	0.320754
0.0890998	0.322162
0.124235	0.308268
0.130566	0.320528
0.126264	0.277125
0.10057	0.30214
0.0917917	0.26424
0.0790437	0.281466
0.086767	0.296574
0.0754969	0.301925
0.0763722	0.313014
0.111192	0.30055
0.0900716	0.309462
0.0853616	0.317176
0.0978601	0.300327
0.105954	0.311666
0.0878003	0.302912
0.0887583	0.304375
0.0889598	0.308712
0.0896467	0.311456
0.0914294	0.309459
0.0967387	0.294379
0.104604	0.307194
0.105515	0.313981
0.0978424	0.332666
0.101589	0.321211
0.100054	0.317279
0.0848806	0.331151
0.0825095	0.32441
0.0729035	0.324136
0.0747829	0.326604
0.096313	0.364758
0.10512	0.36938
0.0854167	0.350935
0.0987051	0.336443
0.104749	0.331316
0.100569	0.314184
0.127678	0.295169
0.127456	0.318675
0.122669	0.335575
0.104587	0.339054
0.102805	0.321311
0.1041	0.325806
0.102021	0.317983
0.11886	0.311046
0.118593	0.310529
0.135315	0.288439
0.119862	0.301946
0.110456	0.311625
0.0966728	0.316417
0.0949563	0.31526
0.12916	0.329092
0.103295	0.32314
0.136483	0.306179
0.13425	0.302325
0.115845	0.310388
0.177986	0.302135
0.159406	0.275363
0.160817	0.303404
0.158305	0.360024
0.122181	0.326963
0.128177	0.318473
0.104071	0.324284
0.1113	0.283616
0.111832	0.308111
0.112272	0.318774
0.122222	0.286462
0.125806	0.303873
0.115673	0.254598
0.121036	0.276627
0.125868	0.288281
0.105311	0.2914
0.105474	0.262502
0.112818	0.279648
0.117195	0.292194
0.117188	0.299065
0.145482	0.280183
0.162725	0.298267
0.14302	0.302244
0.147289	0.33368
0.155287	0.283594
0.158082	0.298808
0.149328	0.280858
0.143593	0.285261
0.109844	0.278796
0.108495	0.285476
0.117359	0.288438
0.104635	0.295388
0.153786	0.271559
0.14313	0.254238
0.149477	0.270713
0.148046	0.256893
0.144197	0.251269
0.14865	0.283965
0.150562	0.287007
0.156204	0.277662
0.191746	0.298242
0.22891	0.283452
0.202983	0.289429
0.200268	0.282427
0.218734	0.307662
0.194184	0.280554
0.197882	0.283682
0.191583	0.26896
0.179907	0.263173
0.194937	0.273946
0.189381	0.275163
0.164038	0.268092
0.158329	0.296806
0.134099	0.283646
0.108709	0.312291
0.0993901	0.32319
0.102973	0.300113
0.121529	0.305209
0.0981534	0.300276
0.107896	0.309133
0.0929577	0.311667
0.09788	0.308405
0.096806	0.309846
0.125789	0.331895
0.111777	0.318889
0.106352	0.322552
0.103535	0.304267
0.104756	0.307264
0.129312	0.282394
0.131493	0.294718
0.116823	0.276751
0.133469	0.265081
0.141156	0.292401
0.139522	0.270998
0.147114	0.295304
0.126334	0.296135
0.119425	0.313549
0.105034	0.322859
0.0871431	0.364242
0.084603	0.336264
0.0717682	0.318653
0.0608267	0.290498
0.0541809	0.291954
0.029952	0.299372
0.0884969	0.322897
0.100819	0.32584
0.0625838	0.281187
0.0666612	0.298445
0.0640096	0.31569
0.0720049	0.310367
0.0534667	0.310776
0.0470901	0.323937
0.085077	0.349858
0.0979452	0.335082
0.0806414	0.334478
0.0805957	0.289194
0.04458	0.280777
0.0614679	0.284757
0.050747	0.287474
0.0394177	0.302889
0.02695	0.326154
0.0298763	0.387033
0.0275359	0.357105
0.0281187	0.34345
0.0432204	0.32588
0.0351426	0.339466
0.027782	0.329766
0.0338978	0.338432
0.0316207	0.335216
0.0324669	0.313695
0.0230959	0.339944
0.0348212	0.313578
0.0451906	0.352092
0.0332168	0.357899
0.0433123	0.351253
0.031738	0.348918
0.0299785	0.289736
0.0333131	0.303066
0.025728	0.343806
0.030139	0.303166
0.0178971	0.290815
-0.00350407	0.332339
-0.000947221	0.319029
-0.00827738	0.327559
-0.00750197	0.329004
-0.00523223	0.329679
0.0113778	0.331935
0.0296934	0.314497
0.0291696	0.30693
0.0325798	0.323677
0.0388427	0.352552
0.00693824	0.370889
0.00235797	0.346313
0.00345454	0.321737
0.0201017	0.327332
0.0167673	0.32868
-0.0034778	0.339315
-0.00700583	0.342927
-0.0035672	0.338292
0.0326449	0.305559
0.0215677	0.303174
0.0309947	0.321442
0.0301733	0.332561
0.0653068	0.301017
0.0863141	0.295484
0.0716226	0.294702
0.0482319	0.297862
0.0595063	0.293426
0.0616435	0.307525
0.0302948	0.271333
0.00449466	0.313301
0.0339363	0.322471
0.0361061	0.333106
0.0367828	0.328944
0.0671961	0.356271
0.00260878	0.335105
0.0101834	0.33552
-0.00325601	0.310735
-0.0441353	0.335091
-0.0405343	0.323117
-0.0452716	0.329098
-0.0384268	0.353813
-0.0700645	0.355166
-0.0511283	0.31589
-0.0634022	0.315564
-0.0669908	0.317786
-0.0712336	0.32402
-0.0639972	0.323419
-0.0527444	0.314343
-0.0872091	0.31319
-0.110064	0.276586
-0.133433	0.255283
-0.180297	0.291749
-0.180599	0.296161
-0.206419	0.285933
-0.214949	0.240326
-0.215109	0.244093
-0.22027	0.235826
-0.211841	0.251575
-0.216382	0.249672
-0.244419	0.262352
-0.230934	0.253225
-0.228204	0.248057
-0.235711	0.254443
-0.242111	0.246292
-0.220464	0.253635
-0.236159	0.245988
-0.232272	0.241546
-0.23035	0.269217
-0.206725	0.26226
-0.19521	0.249831
-0.197282	0.252266
-0.170855	0.245058
-0.185653	0.226096
-0.190035	0.23752
-0.198372	0.25175
-0.21618	0.299012
-0.231158	0.284978
-0.218445	0.258111
-0.22547	0.263096
-0.196307	0.244806
-0.152882	0.286024
-0.121106	0.298479
-0.160899	0.340763
-0.149463	0.331236
-0.111879	0.297997
-0.150816	0.26518
-0.162328	0.275473
-0.165516	0.280893
-0.166495	0.286439
-0.159876	0.286473
-0.131504	0.28295
-0.133971	0.289996
-0.0933532	0.270628
-0.104507	0.302028
-0.0969151	0.29762
-0.0656778	0.285796
-0.0603359	0.336039
-0.0592852	0.328655
-0.0952397	0.286319
-0.123843	0.289592
-0.132564	0.296276
-0.133384	0.337476
-0.126984	0.319702
-0.100821	0.323794
-0.104446	0.336284
-0.0749881	0.322635
-0.0708532	0.322519
-0.0498017	0.327552
-0.0517856	0.324323
-0.0573547	0.318221
-0.0979656	0.334243
-0.0954027	0.318652
-0.0771881	0.324754
-0.072353	0.319502
-0.0762425	0.307141
-0.0763158	0.31546
-0.0737588	0.309808
-0.0979886	0.301915
-0.106104	0.31139
-0.119853	0.310779
-0.129886	0.309837
-0.129005	0.302966
-0.129412	0.30947
-0.134167	0.308036
-0.136675	0.295068
-0.143097	0.28459
-0.129763	0.293463
-0.127834	0.250529
-0.144009	0.27812
-0.1464	0.283138
-0.155295	0.284697
-0.153843	0.285987
-0.129202	0.291902
-0.139487	0.289058
-0.135723	0.298681
-0.156831	0.32024
-0.121987	0.319353
-0.111871	0.290958
-0.127344	0.314223
-0.11722	0.335171
-0.115538	0.337759
-0.113143	0.32243
-0.0969844	0.301495
-0.116786	0.307014
-0.128017	0.309575
-0.119815	0.299246
-0.121017	0.29965
-0.129726	0.2616
-0.125232	0.239706
-0.138368	0.264866
-0.150614	0.267655
-0.185084	0.285569
-0.174067	0.286228
-0.162339	0.282323
-0.161632	0.267567
-0.163667	0.278849
-0.177732	0.313346
-0.1648	0.329066
-0.203355	0.295323
-0.194654	0.283489
-0.17863	0.265438
-0.175128	0.293218
-0.168023	0.285087
-0.16192	0.282635
-0.17568	0.263225
-0.195487	0.279762
-0.236841	0.224738
-0.24173	0.247582
-0.239383	0.242727
-0.242042	0.240726
-0.205856	0.202824
-0.22397	0.216349
-0.23975	0.211291
-0.262512	0.199261
-0.267065	0.228648
-0.268041	0.234929
-0.240265	0.241187
-0.239699	0.255331
-0.270717	0.214831
-0.290454	0.188902
-0.284231	0.185783
-0.277923	0.182442
-0.295427	0.182498
-0.293464	0.170727
-0.27456	0.172354
-0.27612	0.171484
-0.266121	0.169781
-0.266584	0.159425
-0.324027	0.178403
-0.284358	0.153304
-0.305658	0.112975
-0.302476	0.114436
-0.336511	0.143715
-0.340089	0.128305
-0.322945	0.122394
-0.301649	0.121269
-0.30454	0.125935
-0.285352	0.143453
-0.28846	0.151885
-0.321298	0.124946
-0.271202	0.0897199
-0.296764	0.111719
-0.296395	0.0940935
-0.298989	0.143163
-0.277424	0.164478
-0.269604	0.164343
-0.26814	0.20074
-0.259708	0.190024
-0.254978	0.209898
-0.252205	0.173564
-0.276319	0.212539
-0.278899	0.206674
-0.270037	0.19894
-0.271563	0.186289
-0.277663	0.191463
-0.272371	0.190281
-0.25794	0.236265
-0.264168	0.232379
-0.292877	0.246218
-0.264339	0.254265
-0.253481	0.267584
-0.239236	0.249673
-0.228683	0.238136
-0.196739	0.243854
-0.203052	0.25015
-0.192748	0.253733
-0.202968	0.231949
-0.245473	0.241895
-0.243513	0.222253
-0.195635	0.22462
-0.198944	0.247739
-0.204647	0.212294
-0.227095	0.221261
-0.266297	0.218478
-0.260276	0.213564
-0.237328	0.249149
-0.232644	0.244449
-0.208687	0.236433
-0.19201	0.264022
-0.172503	0.278374
-0.173927	0.272675
-0.202822	0.292334
-0.213611	0.246144
-0.213373	0.255275
-0.196814	0.260257
-0.212917	0.285883
-0.199326	0.291591
-0.183052	0.281025
-0.159053	0.267615
-0.169603	0.25727
-0.159106	0.259659
-0.162253	0.267985
-0.160606	0.24592
-0.162768	0.252181
-0.20522	0.240285
-0.191317	0.263075
-0.21946	0.236255
-0.220003	0.236366
-0.231302	0.239402
-0.215107	0.237695
-0.186048	0.244215
-0.193118	0.248547
-0.221648	0.252667
-0.187306	0.264202
-0.186899	0.264858
-0.183678	0.255268
-0.205409	0.278369
-0.153721	0.262233
-0.132845	0.251674
-0.175151	0.258768
-0.164269	0.275876
-0.153442	0.295661
-0.139008	0.305108
-0.123458	0.294216
-0.119034	0.280344
-0.0988924	0.304194
-0.0938498	0.294479
-0.099806	0.315747
-0.0992231	0.312571
-0.0957616	0.31188
-0.0768249	0.318156
-0.124868	0.325627
-0.156919	0.307837
-0.117821	0.295388
-0.0995253	0.331402
-0.0987904	0.320551
-0.0942831	0.319208
-0.089253	0.315331
-0.0831187	0.3413
-0.0844175	0.338173
-0.0938108	0.331198
-0.0959118	0.281156
-0.100376	0.294045
-0.104966	0.288327
-0.106828	0.296305
-0.123771	0.271883
-0.135414	0.280167
-0.132891	0.278325
-0.136532	0.271315
-0.115614	0.288451
-0.139553	0.299687
-0.137162	0.304476
-0.142073	0.257943
-0.164883	0.256812
-0.200796	0.257123
-0.20182	0.255981
-0.208932	0.279017
-0.200798	0.269449
-0.202099	0.266896
-0.189982	0.26649
-0.187075	0.26042
-0.195938	0.232017
-0.19746	0.207402
-0.183023	0.254171
-0.197749	0.269101
-0.190726	0.266854
-0.195394	0.262342
-0.115536	0.248672
-0.126176	0.268872
-0.131387	0.293035
-0.161591	0.314203
-0.144992	0.28788
-0.142518	0.293994
-0.140922	0.284955
-0.174853	0.306383
-0.164765	0.268392
-0.158608	0.244828
-0.154513	0.240934
-0.207043	0.244355
-0.208435	0.263029
-0.173744	0.297058
-0.170646	0.287815
-0.146404	0.294703
-0.147792	0.314336
-0.130933	0.322131
-0.10437	0.344709
-0.104147	0.340922
-0.0912765	0.292494
-0.0890468	0.310866
-0.101248	0.302305
-0.107094	0.296048
-0.116263	0.311913
-0.114207	0.33129
-0.0987557	0.303915
-0.100149	0.327367
-0.115223	0.339694
-0.103687	0.318521
-0.0990741	0.31566
-0.100816	0.264869
-0.109974	0.296149
-0.103073	0.267648
-0.113692	0.324236
-0.106371	0.312762
-0.0838523	0.313841
-0.0595133	0.313079
-0.0550025	0.321387
-0.0417432	0.304307
-0.053459	0.324372
-0.0596317	0.338167
-0.0582131	0.3301
-0.0888609	0.337423
-0.0548241	0.365714
-0.0527758	0.344712
-0.0471501	0.328103
