#1 AntPos X	#2 AntPos Y	#3 Distance form nest	
0	0	0
0	0	0
0	0	0
0	0	0
0	0	0
0	0	0
0	0	0
0	0	0
0	0	0
0	0	0
0	0	0
0	0	0
0	0	0
0	0	0
0	0	0
0	0	0
0	0	0
0	0	0
0	0	0
0	0	0
0	0	0
0	0	0
0	0	0
0	0	0
0	0	0
0	0	0
0	0	0
0	0	0
0	0	0
0	0	0
0	0	0
0	0	0
0	0	0
0	0	0
0	0	0
0	0	0
0	0	0
0	0	0
0	0	0
0	0	0
0	0	0
0	0	0
0	0	0
0	0	0
0	0	0
0	0	0
0	0	0
0	0	0
0	0	0
0	0	0
0	0	0
0	0	0
0	0	0
0	0	0
0	0	0
0	0	0
0	0	0
0	0	0
0	0	0
0	0	0
0	0	0
0	0	0
0	0	0
0	0	0
0	0	0
0	0	0
0	0	0
0	0	0
0	0	0
0	0	0
0	0	0
0	0	0
0	0	0
0	0	0
0	0	0
0	0	0
0	0	0
0	0	0
0	0	0
0	0	0
0	0	0
0	0	0
0	0	0
0	0	0
0	0	0
0	0	0
0	0	0
0	0	0
0	0	0
0	0	0
0	0	0
0	0	0
0	0	0
0	0	0
0	0	0
0	0	0
0	0	0
0	0	0
-0.0141594	0.0103042	0.0175118
-0.0326402	0.0238725	0.0404386
-0.0529574	0.0390583	0.065803
-0.073629	0.0537969	0.0911885
-0.0985217	0.0684579	0.119971
-0.123695	0.0829179	0.148915
-0.148448	0.0968455	0.177245
-0.173111	0.110781	0.205523
-0.199136	0.120678	0.232849
-0.228069	0.126717	0.260908
-0.256277	0.132778	0.288631
-0.285342	0.138456	0.317159
-0.314148	0.143434	0.345344
-0.341827	0.151425	0.373866
-0.373305	0.155456	0.40438
-0.403987	0.158836	0.43409
-0.434978	0.167223	0.466014
-0.462987	0.180175	0.49681
-0.488835	0.19114	0.524875
-0.519608	0.197221	0.555777
-0.543378	0.201514	0.579541
-0.573175	0.212395	0.611262
-0.600024	0.223506	0.640299
-0.626665	0.234455	0.669088
-0.651555	0.244348	0.695866
-0.685078	0.256217	0.731423
-0.716275	0.268477	0.764938
-0.744828	0.273522	0.793463
-0.770058	0.277551	0.81855
-0.796477	0.281798	0.844859
-0.822713	0.283228	0.8701
-0.849352	0.285237	0.895968
-0.876529	0.287076	0.922342
-0.9039	0.289388	0.949095
-0.929411	0.29273	0.974421
-0.952732	0.299632	0.998738
-0.977598	0.308493	1.02512
-1.0054	0.314404	1.05341
-1.03449	0.321263	1.08323
-1.06234	0.331407	1.11283
-1.08982	0.341366	1.14203
-1.1149	0.352614	1.16933
-1.13981	0.362247	1.19599
-1.166	0.370302	1.22339
-1.19828	0.379364	1.2569
-1.22849	0.387103	1.28804
-1.25893	0.395827	1.31969
-1.28768	0.403473	1.34941
-1.3151	0.418043	1.37994
-1.34165	0.428865	1.40853
-1.36413	0.436746	1.43234
-1.39352	0.447936	1.46375
-1.42057	0.460547	1.49336
-1.44664	0.473155	1.52205
-1.47104	0.479064	1.54709
-1.49928	0.487131	1.57644
-1.52775	0.49185	1.60497
-1.55318	0.495889	1.63042
-1.58221	0.49404	1.65755
-1.60903	0.493834	1.68311
-1.64142	0.491267	1.71336
-1.67194	0.489668	1.74217
-1.69993	0.490846	1.76937
-1.72856	0.487158	1.79589
-1.7519	0.484052	1.81754
-1.77751	0.481731	1.84163
-1.80154	0.481531	1.86479
-1.82499	0.475907	1.88602
-1.85053	0.469794	1.90923
-1.87618	0.45928	1.93158
-1.90588	0.448541	1.95795
-1.93903	0.437168	1.9877
-1.96664	0.427657	2.0126
-1.99398	0.409706	2.03563
-2.01738	0.391024	2.05493
-2.03902	0.370376	2.07238
-2.05968	0.349137	2.08906
-2.08213	0.333015	2.10859
-2.10347	0.318751	2.12748
-2.12753	0.304642	2.14923
-2.15134	0.287243	2.17043
-2.16612	0.274717	2.18347
-2.18568	0.254379	2.20043
-2.20584	0.236126	2.21844
-2.2261	0.218351	2.23678
-2.24965	0.19888	2.25842
-2.27184	0.179721	2.27894
-2.29246	0.165931	2.29846
-2.31396	0.1459	2.31856
-2.33622	0.125348	2.33958
-2.35954	0.104952	2.36187
-2.38209	0.0851271	2.38361
-2.40593	0.0603021	2.40669
-2.42662	0.0378014	2.42691
-2.44606	0.0169571	2.44612
-2.46958	-0.00843805	2.46959
-2.49074	-0.0359121	2.491
-2.50771	-0.065394	2.50856
-2.52128	-0.0903635	2.5229
-2.53392	-0.115973	2.53657
-2.54804	-0.140832	2.55192
-2.55914	-0.164943	2.56445
-2.5691	-0.194665	2.57647
-2.57801	-0.222201	2.58756
-2.58269	-0.251954	2.59495
-2.58857	-0.286477	2.60437
-2.60014	-0.31739	2.61944
-2.61238	-0.344651	2.63502
-2.62324	-0.370754	2.64931
-2.63493	-0.395985	2.66452
-2.64632	-0.418729	2.67924
-2.65628	-0.44505	2.69331
-2.67048	-0.474297	2.71227
-2.68669	-0.50042	2.7329
-2.70184	-0.526505	2.75267
-2.71413	-0.551649	2.76962
-2.72099	-0.580603	2.78224
-2.72592	-0.607087	2.7927
-2.73101	-0.633706	2.80357
-2.74034	-0.658175	2.81827
-2.74966	-0.685112	2.83373
-2.76007	-0.710459	2.85004
-2.76969	-0.73869	2.8665
-2.77841	-0.770004	2.88313
-2.78705	-0.797884	2.89901
-2.79605	-0.825252	2.9153
-2.81076	-0.853033	2.93735
-2.8247	-0.872983	2.95652
-2.83861	-0.897053	2.97698
-2.84965	-0.921969	2.99509
-2.85948	-0.945759	3.01182
-2.86718	-0.975116	3.02846
-2.87235	-1.00405	3.04278
-2.87687	-1.02872	3.05527
-2.87618	-1.05764	3.06447
-2.87309	-1.08566	3.07136
-2.87538	-1.11382	3.08357
-2.87072	-1.13799	3.08804
-2.86216	-1.16338	3.08956
-2.87017	-1.19325	3.10833
-2.86385	-1.22505	3.11486
-2.8708	-1.25227	3.13203
-2.86521	-1.28298	3.13935
-2.8616	-1.31221	3.14812
-2.85154	-1.33922	3.15036
-2.83675	-1.36276	3.14711
-2.82368	-1.38809	3.14642
-2.81049	-1.41275	3.14559
-2.79543	-1.43831	3.14375
-2.78039	-1.4679	3.14409
-2.76155	-1.49876	3.14204
-2.74355	-1.52866	3.14068
-2.71923	-1.54997	3.12996
-2.69904	-1.57285	3.12389
-2.68071	-1.59617	3.11993
-2.65782	-1.61346	3.10922
-2.63959	-1.63012	3.10238
-2.61956	-1.6488	3.09526
-2.60296	-1.66543	3.09015
-2.58755	-1.6831	3.08679
-2.56368	-1.69579	3.07379
-2.53945	-1.70864	3.06076
-2.5164	-1.72306	3.04979
-2.4922	-1.73997	3.0395
-2.46986	-1.75861	3.03198
-2.44591	-1.77315	3.02102
-2.42358	-1.78768	3.01157
-2.39482	-1.79422	2.99238
-2.36483	-1.8016	2.97291
-2.33255	-1.80756	2.95094
-2.30092	-1.80653	2.92537
-2.2704	-1.81361	2.90584
-2.23921	-1.82225	2.88698
-2.20863	-1.82829	2.86718
-2.17948	-1.83583	2.84963
-2.14844	-1.84413	2.83136
-2.11894	-1.85063	2.81331
-2.09148	-1.8617	2.80004
-2.06105	-1.85801	2.77491
-2.03084	-1.86387	2.75651
-1.9997	-1.86171	2.73217
-1.97009	-1.86312	2.71154
-1.94106	-1.86759	2.69363
-1.91707	-1.86474	2.6744
-1.89099	-1.86465	2.65571
-1.86068	-1.86037	2.63118
-1.83093	-1.85996	2.60994
-1.80167	-1.85425	2.58539
-1.77287	-1.85107	2.56311
-1.74434	-1.84186	2.53676
-1.71501	-1.84236	2.51705
-1.68701	-1.83072	2.48949
-1.65677	-1.82443	2.46444
-1.6291	-1.81589	2.43955
-1.60115	-1.80645	2.41391
-1.57316	-1.79852	2.38946
-1.54534	-1.78824	2.36344
-1.51907	-1.77924	2.3395
-1.49449	-1.76704	2.31429
-1.46679	-1.75804	2.28958
-1.44256	-1.74708	2.26567
-1.41914	-1.73547	2.24183
-1.39097	-1.72688	2.21741
-1.36606	-1.70616	2.18566
-1.338	-1.68835	2.15425
-1.31324	-1.6727	2.12663
-1.28193	-1.6545	2.09302
-1.25437	-1.64347	2.06747
-1.23318	-1.629	2.04313
-1.20884	-1.60843	2.01205
-1.18061	-1.59126	1.9814
-1.1554	-1.57363	1.95224
-1.13121	-1.55631	1.92399
-1.10782	-1.53947	1.89664
-1.0846	-1.52475	1.87116
-1.06299	-1.50527	1.84276
-1.03962	-1.48699	1.81438
-1.01779	-1.46355	1.78266
-0.993124	-1.4456	1.75387
-0.979385	-1.42142	1.72616
-0.956375	-1.40283	1.69782
-0.933612	-1.38357	1.6691
-0.908607	-1.36385	1.6388
-0.891994	-1.33551	1.606
-0.869081	-1.31365	1.57511
-0.849567	-1.29181	1.54614
-0.82794	-1.26671	1.51329
-0.810398	-1.24413	1.48479
-0.790405	-1.22777	1.46019
-0.775775	-1.20337	1.43176
-0.755421	-1.18296	1.40359
-0.740832	-1.15931	1.3758
-0.724793	-1.14133	1.35202
-0.709053	-1.11494	1.32131
-0.687535	-1.08876	1.28768
-0.663008	-1.0636	1.25332
-0.643826	-1.03619	1.21992
-0.623324	-1.00925	1.18622
-0.60419	-0.984956	1.1555
-0.590561	-0.958854	1.12613
-0.569472	-0.934763	1.09457
-0.550792	-0.902438	1.05724
-0.527711	-0.875932	1.02261
-0.515055	-0.84626	0.990675
-0.496282	-0.82107	0.959402
-0.478722	-0.79842	0.93094
-0.465418	-0.774951	0.90397
-0.449408	-0.756862	0.880232
-0.439021	-0.736714	0.857605
-0.419138	-0.720859	0.833855
-0.403349	-0.697495	0.805723
-0.38464	-0.676324	0.77805
-0.366076	-0.654784	0.750169
-0.346445	-0.637211	0.725301
-0.326061	-0.613328	0.694613
-0.306012	-0.590309	0.664912
-0.27802	-0.572427	0.636371
-0.259027	-0.549385	0.607387
-0.235474	-0.531497	0.581324
-0.2087	-0.5107	0.551697
-0.1829	-0.491574	0.524498
-0.158794	-0.469827	0.495937
-0.131612	-0.454609	0.473277
-0.0995426	-0.43159	0.442921
-0.0669571	-0.414833	0.420201
-0.038154	-0.399485	0.401303
-0.0122125	-0.380892	0.381088
0.0138705	-0.366725	0.366987
0.0422376	-0.356701	0.359193
0.0669616	-0.352432	0.358737
0.091659	-0.342908	0.354947
0.115428	-0.334248	0.353618
0.139129	-0.328453	0.356704
0.164979	-0.322184	0.361968
0.194623	-0.310942	0.366828
0.226118	-0.301419	0.376806
0.256664	-0.297391	0.392833
0.288895	-0.288285	0.408128
0.322491	-0.284265	0.429892
0.353921	-0.281938	0.452492
0.38374	-0.280709	0.475451
0.415122	-0.278193	0.499717
0.447751	-0.281192	0.528724
0.475471	-0.283157	0.553399
0.503867	-0.283245	0.578022
0.53511	-0.291389	0.609303
0.571602	-0.295904	0.643653
0.603459	-0.292224	0.67049
0.633706	-0.293137	0.698221
0.661965	-0.298328	0.726084
0.691211	-0.29881	0.753034
0.719879	-0.30195	0.780641
0.749139	-0.301011	0.807352
0.77682	-0.30789	0.83561
0.803275	-0.302983	0.858516
0.832014	-0.304921	0.886129
0.861412	-0.305796	0.914079
0.889052	-0.304184	0.939649
0.922182	-0.305353	0.971422
0.951747	-0.305206	0.999486
0.984463	-0.306037	1.03093
1.01684	-0.305224	1.06166
1.05125	-0.299032	1.09295
1.08173	-0.293207	1.12076
1.11136	-0.295744	1.15003
1.14078	-0.290505	1.17719
1.16709	-0.289906	1.20256
1.19727	-0.286331	1.23103
1.23009	-0.286528	1.26302
1.26172	-0.281661	1.29277
1.29049	-0.278636	1.32023
1.31623	-0.268969	1.34344
1.34714	-0.267329	1.37341
1.37675	-0.259332	1.40096
1.39902	-0.258915	1.42278
1.4226	-0.249682	1.44435
1.4522	-0.249274	1.47344
1.47983	-0.234171	1.49824
1.51165	-0.230704	1.52915
1.54167	-0.221051	1.55744
1.56995	-0.219808	1.58527
1.59863	-0.209971	1.61236
1.62756	-0.202736	1.64013
1.65492	-0.201256	1.66711
1.68347	-0.188098	1.69394
1.7101	-0.186705	1.72026
1.73785	-0.176916	1.74683
1.76899	-0.174702	1.77759
1.79076	-0.169054	1.79873
1.81558	-0.164129	1.82298
1.84018	-0.154777	1.84668
1.86481	-0.157588	1.87146
1.89535	-0.14782	1.90111
1.92228	-0.14432	1.92769
1.94789	-0.132683	1.9524
1.97546	-0.130705	1.97978
2.00532	-0.119511	2.00887
2.03561	-0.11736	2.03899
2.06378	-0.107379	2.06657
2.09679	-0.106654	2.0995
2.12895	-0.0920649	2.13094
2.16268	-0.0891829	2.16452
2.19981	-0.0759556	2.20112
2.2398	-0.0800788	2.24123
2.27429	-0.0714558	2.27541
2.30623	-0.0599484	2.30701
2.33301	-0.0578955	2.33373
2.36189	-0.054927	2.36253
2.39506	-0.0483114	2.39555
2.42323	-0.0443278	2.42364
2.44841	-0.0389437	2.44872
2.48551	-0.04039	2.48584
2.51767	-0.0310197	2.51786
2.55051	-0.0333331	2.55073
2.58426	-0.0260727	2.58439
2.61577	-0.0265005	2.6159
2.6427	-0.0222743	2.64279
2.67353	-0.0290235	2.67369
2.71372	-0.0256009	2.71385
2.74933	-0.0246373	2.74944
2.77827	-0.0204751	2.77834
2.8084	-0.0266149	2.80852
2.8378	-0.0194634	2.83786
2.8644	-0.023796	2.8645
2.89744	-0.0183766	2.8975
2.93039	-0.0264756	2.93051
2.9683	-0.0255113	2.96841
3.0044	-0.0337232	3.00459
3.03903	-0.0339077	3.03922
3.0691	-0.0411885	3.06937
3.09891	-0.0420655	3.0992
3.13139	-0.0549277	3.13187
3.16563	-0.0565998	3.16613
3.19536	-0.0646904	3.19602
3.22379	-0.0676046	3.2245
3.24526	-0.0814927	3.24628
3.27472	-0.0860215	3.27585
3.30313	-0.0918087	3.3044
3.33587	-0.0969587	3.33728
3.36364	-0.107928	3.36537
3.38944	-0.110726	3.39125
3.4158	-0.126361	3.41813
3.45067	-0.129194	3.45309
3.48156	-0.14264	3.48448
3.51595	-0.142827	3.51885
3.54644	-0.160473	3.55007
3.5779	-0.165646	3.58173
3.60204	-0.180745	3.60657
3.63302	-0.183744	3.63767
3.66196	-0.199068	3.66736
3.69259	-0.206478	3.69835
3.71953	-0.222256	3.72617
3.74398	-0.228979	3.75098
3.76937	-0.24503	3.77733
3.79725	-0.251501	3.80557
3.82441	-0.267871	3.83378
3.85923	-0.276946	3.86915
3.88837	-0.294956	3.89954
3.91954	-0.307265	3.93157
3.94606	-0.32344	3.95929
3.97447	-0.33355	3.98844
3.99891	-0.355164	4.01465
4.03049	-0.364789	4.04697
4.05675	-0.384661	4.07495
4.08998	-0.397342	4.10924
4.11624	-0.417834	4.1374
4.14483	-0.43035	4.16711
4.1705	-0.447855	4.19448
4.20005	-0.461611	4.22534
4.22399	-0.482269	4.25143
4.2505	-0.497835	4.27956
4.26852	-0.517051	4.29973
4.30119	-0.529635	4.33367
4.32838	-0.544718	4.36252
4.34746	-0.566803	4.38426
4.38139	-0.586221	4.42044
4.40822	-0.6024	4.44919
4.43046	-0.6238	4.47416
4.46255	-0.638972	4.50806
4.48245	-0.663886	4.53135
4.51282	-0.678239	4.56351
4.54365	-0.692429	4.59611
4.56497	-0.71693	4.62093
4.59461	-0.733977	4.65286
4.61878	-0.753509	4.67984
4.6468	-0.766268	4.70955
4.67092	-0.785713	4.73654
4.69306	-0.796775	4.76021
4.71116	-0.817291	4.78153
4.73863	-0.830616	4.81087
4.76077	-0.849845	4.83603
4.78909	-0.860307	4.86575
4.81321	-0.879117	4.89283
4.84239	-0.889503	4.92341
4.87482	-0.906991	4.95848
4.9034	-0.91991	4.98895
4.92924	-0.932715	5.0167
4.95582	-0.945542	5.04521
4.97536	-0.952204	5.06566
4.99836	-0.967374	5.09112
5.02507	-0.975459	5.11887
5.05259	-0.990867	5.14883
5.08218	-0.99759	5.17917
5.11493	-1.01452	5.21457
5.14986	-1.02093	5.25008
5.18139	-1.04047	5.28483
5.21444	-1.04609	5.31833
5.2466	-1.05655	5.35192
5.27697	-1.07039	5.38443
5.30708	-1.07152	5.41417
5.33707	-1.09137	5.44751
5.36972	-1.10265	5.48176
5.39845	-1.10356	5.51009
5.42231	-1.1217	5.53711
5.45909	-1.13438	5.5757
5.49169	-1.13365	5.60748
5.52514	-1.1387	5.64126
5.5581	-1.14457	5.67473
5.59184	-1.14586	5.70804
5.62859	-1.15	5.74487
5.6565	-1.15287	5.77279
5.68268	-1.15322	5.79852
5.70352	-1.15682	5.81965
5.73002	-1.15725	5.84571
5.7563	-1.16188	5.87239
5.78633	-1.15883	5.90123
5.8165	-1.1651	5.93204
5.84775	-1.16168	5.96202
5.87725	-1.16816	5.99222
5.9096	-1.16504	6.02334
5.93952	-1.1704	6.05374
5.97022	-1.16499	6.08282
5.99716	-1.16955	6.11013
6.02776	-1.16304	6.13894
6.05647	-1.16396	6.1673
6.08525	-1.16235	6.19527
6.11459	-1.16316	6.22424
6.14495	-1.16458	6.25433
6.17046	-1.15901	6.27837
6.1962	-1.16647	6.30504
6.22604	-1.16152	6.33345
6.25711	-1.16526	6.36469
6.28921	-1.16009	6.39531
6.31775	-1.16263	6.42384
6.34676	-1.15448	6.4509
6.37756	-1.15851	6.48193
6.40822	-1.15374	6.51126
6.44272	-1.15741	6.54586
6.47129	-1.14819	6.57236
6.5059	-1.15335	6.60734
6.5346	-1.14869	6.63479
6.5642	-1.15414	6.66489
6.59481	-1.15168	6.69462
6.62628	-1.15184	6.72564
6.65614	-1.15324	6.75531
6.68516	-1.15173	6.78364
6.71476	-1.15836	6.81394
6.74225	-1.15902	6.84115
6.77063	-1.16224	6.86966
6.79929	-1.15977	6.8975
6.82741	-1.17281	6.92741
6.86119	-1.16995	6.96022
6.89253	-1.1773	6.99235
6.92294	-1.17609	7.02212
6.95376	-1.18479	7.05397
6.98772	-1.18154	7.08691
7.02141	-1.18986	7.12151
7.05016	-1.19748	7.15113
7.07833	-1.19962	7.17926
7.10341	-1.20931	7.20561
7.13095	-1.20858	7.23264
7.15836	-1.21467	7.26069
7.18538	-1.22213	7.28857
7.21155	-1.23531	7.31658
7.24432	-1.23527	7.34888
7.27727	-1.24288	7.38264
7.31129	-1.25149	7.41763
7.34073	-1.26396	7.44875
7.36774	-1.26916	7.47625
7.39407	-1.28481	7.50486
7.42811	-1.28934	7.53918
7.45806	-1.3049	7.57135
7.4874	-1.31054	7.60123
7.51171	-1.32545	7.62775
7.54041	-1.33183	7.65712
7.56855	-1.34552	7.68722
7.5978	-1.3535	7.71741
7.62502	-1.3724	7.74754
7.65787	-1.38066	7.78134
7.67894	-1.3942	7.80448
7.706	-1.39967	7.83209
7.73086	-1.41626	7.85951
7.76023	-1.4231	7.88964
7.78287	-1.44613	7.91608
7.81345	-1.45884	7.94847
7.8383	-1.47354	7.9756
7.8636	-1.47965	8.00159
7.88655	-1.49808	8.02757
7.9174	-1.5064	8.05943
7.94249	-1.52561	8.08768
7.97302	-1.53414	8.11928
7.99945	-1.55546	8.14928
8.02661	-1.56324	8.17742
8.0504	-1.5915	8.20621
8.0848	-1.60533	8.24264
8.11484	-1.62255	8.27546
8.14524	-1.63346	8.30742
8.16843	-1.65174	8.33376
8.20201	-1.66046	8.3684
8.22914	-1.67947	8.39877
8.2615	-1.69113	8.43281
8.2905	-1.70659	8.46433
8.3194	-1.71903	8.49515
8.34335	-1.72891	8.5206
8.36907	-1.74441	8.54894
8.39609	-1.7509	8.57672
8.41173	-1.76478	8.59486
8.44269	-1.77553	8.62737
8.46548	-1.79008	8.65267
8.4916	-1.80017	8.68032
8.51392	-1.81158	8.70452
8.53739	-1.82534	8.73035
8.5585	-1.83232	8.75245
8.58015	-1.85107	8.77755
8.61104	-1.86314	8.81029
8.63798	-1.88005	8.84021
8.66929	-1.90014	8.87508
8.69969	-1.91395	8.90774
8.72116	-1.94355	8.93511
8.75533	-1.96056	8.97216
8.78331	-1.97996	9.00371
8.81251	-1.99271	9.035
8.83827	-2.01327	9.06467
8.86773	-2.02399	9.09578
8.89161	-2.04558	9.12387
8.92436	-2.05904	9.15881
8.94959	-2.07967	9.18805
8.97699	-2.0943	9.21805
9.00085	-2.11371	9.2457
9.02553	-2.12897	9.27323
9.0463	-2.14945	9.29815
9.07245	-2.16376	9.32691
9.09301	-2.18673	9.35226
9.12062	-2.20249	9.38278
9.14115	-2.22709	9.40853
9.17161	-2.24094	9.44141
9.19182	-2.27131	9.46828
9.2188	-2.29194	9.49944
9.24239	-2.31584	9.52811
9.27004	-2.33781	9.56028
9.28923	-2.35951	9.58421
9.31165	-2.37471	9.60968
9.3283	-2.39823	9.63165
9.35036	-2.41607	9.65746
9.3693	-2.44122	9.68212
9.3914	-2.46199	9.70875
9.41109	-2.48169	9.7328
9.42604	-2.50505	9.75323
9.44805	-2.52288	9.77909
9.46171	-2.54576	9.79821
9.48944	-2.56606	9.83027
9.50702	-2.594	9.85456
9.52628	-2.61565	9.87885
9.54438	-2.64684	9.90459
9.56393	-2.67022	9.9297
9.57949	-2.6953	9.95145
9.5979	-2.71538	9.97461
9.60971	-2.74117	9.99302
9.63203	-2.76264	10.0204
9.64291	-2.79042	10.0385
9.66036	-2.81169	10.0612
9.67323	-2.83525	10.0802
9.69125	-2.85439	10.1029
9.70183	-2.87987	10.1202
9.72163	-2.90076	10.1452
9.73274	-2.92679	10.1633
9.75007	-2.95169	10.1871
9.76377	-2.97786	10.2078
9.78397	-2.99417	10.2319
9.79725	-3.02013	10.2522
9.81352	-3.04	10.2736
9.82622	-3.06844	10.2942
9.84354	-3.09053	10.3173
9.85199	-3.12135	10.3346
9.86744	-3.14784	10.3574
9.87985	-3.17475	10.3774
9.89446	-3.20362	10.4002
9.90694	-3.22508	10.4187
9.91859	-3.24802	10.4369
9.93006	-3.27209	10.4553
9.9402	-3.29437	10.4719
9.95397	-3.31451	10.4913
9.96466	-3.35012	10.5127
9.98525	-3.37702	10.5408
9.99765	-3.40967	10.5631
10.0165	-3.43746	10.5899
10.025	-3.4694	10.6084
10.0442	-3.49866	10.6361
10.0536	-3.52196	10.6527
10.0692	-3.54111	10.6738
10.0753	-3.5714	10.6896
10.0928	-3.60024	10.7157
10.107	-3.63199	10.7398
10.1204	-3.66647	10.7641
10.128	-3.70033	10.7828
10.1483	-3.73266	10.813
10.1573	-3.76643	10.8331
10.1744	-3.79024	10.8575
10.1798	-3.82121	10.8734
10.2	-3.84667	10.9013
10.2064	-3.88207	10.9198
10.2231	-3.91295	10.9464
10.2309	-3.94516	10.9652
10.2487	-3.97998	10.9943
10.254	-4.00832	11.0096
10.2682	-4.03433	11.0323
10.2685	-4.05785	11.0412
10.2781	-4.08776	11.0611
10.2948	-4.11211	11.0857
10.3019	-4.13968	11.1025
10.3188	-4.16798	11.1288
10.3249	-4.19808	11.1457
10.34	-4.2266	11.1705
10.3484	-4.25628	11.1895
10.3607	-4.2836	11.2113
10.3676	-4.31296	11.2289
10.3819	-4.34018	11.2526
10.3923	-4.37291	11.2749
10.4037	-4.40269	11.297
10.4111	-4.43038	11.3145
10.4202	-4.45989	11.3345
10.4294	-4.48731	11.3538
10.4372	-4.51404	11.3716
10.449	-4.54211	11.3935
10.4562	-4.57011	11.4113
10.4702	-4.59816	11.4354
10.4796	-4.62595	11.4552
10.4872	-4.65473	11.4738
10.5059	-4.68009	11.5012
10.5136	-4.71138	11.521
10.5284	-4.73905	11.5458
10.5347	-4.76954	11.5641
10.5511	-4.79654	11.5902
10.5585	-4.8278	11.6099
10.5744	-4.85096	11.634
10.5785	-4.88251	11.6509
10.5931	-4.90552	11.6739
10.5941	-4.92816	11.6842
10.6058	-4.94758	11.703
10.6156	-4.97577	11.7239
10.6356	-4.99869	11.7517
10.6448	-5.03436	11.7752
10.6653	-5.06266	11.8059
10.6775	-5.09283	11.8299
10.6964	-5.12003	11.8587
10.7129	-5.14583	11.8847
10.7322	-5.17076	11.9129
10.7554	-5.20039	11.9467
10.7753	-5.22731	11.9763
10.7964	-5.2499	12.0051
10.8119	-5.2719	12.0287
10.831	-5.28455	12.0514
10.8434	-5.31156	12.0744
10.8665	-5.32871	12.1027
10.8848	-5.35448	12.1305
10.9107	-5.37393	12.1623
10.9253	-5.39686	12.1855
10.9508	-5.41349	12.2158
10.9767	-5.44025	12.2509
11.0074	-5.45777	12.2861
11.0259	-5.48614	12.3153
11.0559	-5.50375	12.35
11.0802	-5.52488	12.3812
11.1074	-5.5391	12.4119
11.1304	-5.55882	12.4413
11.1586	-5.57058	12.4718
11.1824	-5.59021	12.5019
11.2088	-5.60041	12.53
11.2317	-5.61734	12.5581
11.2568	-5.63003	12.5862
11.2816	-5.64393	12.6146
11.3094	-5.65539	12.6446
11.3347	-5.67129	12.6743
11.3659	-5.68382	12.7079
11.395	-5.69804	12.7402
11.4236	-5.70917	12.7708
11.4496	-5.72021	12.799
11.4798	-5.7295	12.8302
11.5041	-5.74149	12.8572
11.5323	-5.74665	12.8848
11.5596	-5.76566	12.9177
11.5917	-5.77491	12.9506
11.621	-5.78703	12.9822
11.6486	-5.78444	13.0058
11.6777	-5.79503	13.0366
11.7067	-5.80008	13.0648
11.7342	-5.81252	13.0949
11.7659	-5.81754	13.1255
11.795	-5.82831	13.1564
11.8261	-5.83297	13.1864
11.8553	-5.84214	13.2166
11.8862	-5.84187	13.2442
11.9185	-5.84847	13.2761
11.9562	-5.84786	13.3097
11.9905	-5.85933	13.3455
12.0208	-5.85894	13.3727
12.0509	-5.87126	13.4051
12.0883	-5.8703	13.4383
12.1211	-5.8778	13.471
12.1525	-5.87721	13.499
12.1807	-5.8811	13.5262
12.2122	-5.87811	13.5532
12.2473	-5.88101	13.5861
12.2863	-5.86763	13.6156
12.3191	-5.86692	13.6448
12.3487	-5.86065	13.6688
12.3824	-5.86721	13.7022
12.4153	-5.86003	13.7288
12.4471	-5.86008	13.7575
12.4788	-5.85346	13.7834
12.5054	-5.85036	13.8062
12.5324	-5.83951	13.8261
12.5614	-5.84184	13.8534
12.5919	-5.82869	13.8755
12.6249	-5.82611	13.9044
12.6556	-5.811	13.9259
12.6905	-5.80746	13.9562
12.7243	-5.79197	13.9805
12.7629	-5.77597	14.009
12.7914	-5.75935	14.0282
12.8179	-5.74811	14.0477
12.8474	-5.73396	14.0689
12.8745	-5.71818	14.0872
12.9002	-5.70337	14.1048
12.9233	-5.68688	14.1192
12.9504	-5.67573	14.1395
12.9667	-5.64993	14.1442
12.9946	-5.63473	14.1637
13.0159	-5.61043	14.1735
13.0447	-5.59333	14.1933
13.0629	-5.56999	14.2009
13.094	-5.55543	14.2237
13.1174	-5.52949	14.2352
13.1471	-5.50877	14.2546
13.1673	-5.48136	14.2626
13.1955	-5.45889	14.2801
13.216	-5.42857	14.2875
13.2431	-5.40901	14.3052
13.2625	-5.38104	14.3126
13.2844	-5.36003	14.325
13.3005	-5.33529	14.3307
13.3223	-5.31792	14.3445
13.3381	-5.29295	14.3499
13.3536	-5.26932	14.3556
13.3677	-5.24473	14.3598
13.3816	-5.22165	14.3643
13.3932	-5.19659	14.366
13.4119	-5.17412	14.3753
13.4268	-5.14455	14.3786
13.4406	-5.11206	14.3799
13.4536	-5.08123	14.3811
13.4703	-5.05458	14.3874
13.4707	-5.02108	14.3761
13.4843	-4.99077	14.3783
13.4935	-4.95852	14.3757
13.5065	-4.93016	14.3781
13.5123	-4.90021	14.3734
13.5289	-4.87322	14.3798
13.5357	-4.84083	14.3753
13.5475	-4.80829	14.3755
13.5531	-4.77486	14.3696
13.5673	-4.74668	14.3737
13.577	-4.71672	14.373
13.5726	-4.68523	14.3585
13.5818	-4.65248	14.3566
13.5818	-4.61907	14.3458
13.5932	-4.58991	14.3473
13.5928	-4.55782	14.3366
13.6028	-4.5277	14.3366
13.5994	-4.49512	14.3231
13.6068	-4.46317	14.3201
13.5952	-4.42985	14.2987
13.5986	-4.39087	14.29
13.5937	-4.35665	14.2747
13.5995	-4.32425	14.2705
13.594	-4.28882	14.2545
13.597	-4.25667	14.2477
13.5924	-4.22772	14.2347
13.5959	-4.20194	14.2304
13.5808	-4.17376	14.2077
13.577	-4.14283	14.195
13.5704	-4.11426	14.1804
13.5663	-4.08792	14.1688
13.5592	-4.06078	14.1542
13.5557	-4.03216	14.1427
13.5454	-3.99977	14.1236
13.5422	-3.96744	14.1114
13.5329	-3.94041	14.0949
13.5264	-3.91379	14.0813
13.5134	-3.88809	14.0616
13.5133	-3.85936	14.0536
13.4988	-3.83371	14.0327
13.4966	-3.79971	14.0213
13.4828	-3.76959	13.9998
13.469	-3.74269	13.9794
13.4575	-3.7162	13.9612
13.4404	-3.68619	13.9367
13.4259	-3.65356	13.9141
13.4053	-3.62572	13.887
13.3964	-3.60159	13.8721
13.3785	-3.57517	13.848
13.3663	-3.54683	13.8289
13.3458	-3.52114	13.8025
13.3312	-3.48986	13.7804
13.3067	-3.46233	13.7497
13.2951	-3.43401	13.7314
13.2741	-3.41098	13.7054
13.2628	-3.38156	13.6871
13.2411	-3.35796	13.6603
13.2276	-3.33038	13.6404
13.2074	-3.30723	13.6152
13.1933	-3.28007	13.5949
13.1695	-3.25907	13.5668
13.1519	-3.22894	13.5425
13.1293	-3.20646	13.5152
13.1156	-3.17992	13.4956
13.0908	-3.15613	13.4659
13.077	-3.1325	13.447
13.0506	-3.11281	13.4167
13.0378	-3.08789	13.3985
13.0183	-3.06209	13.3736
12.9976	-3.03837	13.348
12.9854	-3.01138	13.33
12.9616	-2.99196	13.3024
12.9485	-2.96418	13.2835
12.9235	-2.94614	13.2551
12.9146	-2.91995	13.2405
12.8877	-2.89721	13.2093
12.8736	-2.8661	13.1888
12.8472	-2.84082	13.1576
12.8289	-2.8084	13.1327
12.7986	-2.78313	13.0977
12.7791	-2.75066	13.0718
12.7566	-2.71947	13.0432
12.7403	-2.68958	13.0211
12.7218	-2.66633	12.9983
12.704	-2.63885	12.9752
12.6897	-2.60976	12.9553
12.6706	-2.58631	12.9318
12.6608	-2.55634	12.9163
12.6433	-2.53387	12.8947
12.6389	-2.50456	12.8847
12.6206	-2.47474	12.8609
12.609	-2.4445	12.8438
12.588	-2.41892	12.8183
12.5784	-2.38713	12.8029
12.555	-2.35593	12.7741
12.5445	-2.32499	12.7582
12.5297	-2.29644	12.7384
12.5214	-2.2736	12.7261
12.5067	-2.24591	12.7067
12.5015	-2.21447	12.6961
12.486	-2.18446	12.6757
12.4767	-2.14963	12.6605
12.454	-2.11835	12.6329
12.4433	-2.0825	12.6164
12.428	-2.05063	12.596
12.4237	-2.0165	12.5863
12.4122	-1.99221	12.571
12.4091	-1.96051	12.563
12.3951	-1.93194	12.5448
12.3922	-1.90257	12.5374
12.3777	-1.87578	12.519
12.3748	-1.84369	12.5114
12.3607	-1.82128	12.4941
12.3564	-1.7922	12.4857
12.3471	-1.76167	12.4722
12.3479	-1.72795	12.4683
12.3343	-1.69619	12.4503
12.3325	-1.66225	12.444
12.3204	-1.63211	12.4281
12.3184	-1.59962	12.4218
12.3063	-1.56898	12.4059
12.3065	-1.53875	12.4023
12.2907	-1.50723	12.3828
12.2972	-1.47551	12.3854
12.29	-1.4457	12.3747
12.2875	-1.42514	12.3698
12.2767	-1.40174	12.3565
12.2754	-1.37502	12.3522
12.2561	-1.34674	12.3298
12.2424	-1.31379	12.3127
12.2424	-1.28031	12.3091
12.2263	-1.24715	12.2897
12.2242	-1.21272	12.2842
12.2093	-1.18432	12.2666
12.2079	-1.15202	12.2621
12.1959	-1.12186	12.2474
12.1956	-1.08868	12.2441
12.1836	-1.0626	12.2298
12.1839	-1.02835	12.2272
12.1717	-0.996338	12.2124
12.1731	-0.964485	12.2113
12.1644	-0.927273	12.1997
12.1548	-0.895219	12.1877
12.1534	-0.867432	12.1843
12.1412	-0.841353	12.1703
12.1376	-0.812205	12.1648
12.1207	-0.785179	12.1461
12.1146	-0.752881	12.138
12.101	-0.724678	12.1226
12.0975	-0.694028	12.1173
12.0847	-0.668021	12.1032
12.079	-0.638956	12.0958
12.0609	-0.611951	12.0764
12.0546	-0.581339	12.0686
12.0375	-0.554796	12.0502
12.0308	-0.523758	12.0421
12.0133	-0.497279	12.0235
12.0067	-0.465487	12.0157
11.9863	-0.444778	11.9946
11.9765	-0.413409	11.9836
11.9561	-0.384075	11.9623
11.9517	-0.3537	11.9569
11.935	-0.327811	11.9395
11.9274	-0.297419	11.9311
11.9113	-0.269717	11.9144
11.9052	-0.236716	11.9075
11.8892	-0.206404	11.891
11.8777	-0.177104	11.8791
11.8608	-0.15133	11.8618
11.8514	-0.121436	11.852
11.8332	-0.0982737	11.8336
11.8255	-0.067782	11.8257
11.8067	-0.0405805	11.8068
11.8	-0.00883263	11.8
11.7808	0.0185696	11.7808
11.7719	0.04905	11.772
11.7495	0.0700086	11.7497
11.7385	0.100087	11.739
11.7214	0.126032	11.722
11.7169	0.155281	11.718
11.6985	0.181478	11.6999
11.6942	0.214305	11.6962
11.6769	0.24297	11.6795
11.6702	0.274559	11.6734
11.6506	0.303442	11.6546
11.64	0.33641	11.6449
11.6198	0.365125	11.6255
11.6093	0.396701	11.616
11.588	0.42629	11.5958
11.5769	0.460011	11.5861
11.5645	0.488337	11.5748
11.5544	0.516561	11.5659
11.5407	0.544757	11.5535
11.5337	0.574253	11.548
11.5174	0.606971	11.5334
11.5102	0.642875	11.5282
11.496	0.668569	11.5154
11.4906	0.700256	11.5119
11.4728	0.72835	11.4959
11.4666	0.760446	11.4918
11.4493	0.788018	11.4764
11.4433	0.82181	11.4727
11.4256	0.854159	11.4575
11.4147	0.887565	11.4492
11.4027	0.915759	11.4394
11.3955	0.942722	11.4345
11.3777	0.972343	11.4192
11.3727	1.00818	11.4173
11.358	1.03547	11.4051
11.3532	1.06498	11.403
11.3347	1.08993	11.3869
11.3241	1.12581	11.3799
11.3072	1.15562	11.3661
11.3021	1.19033	11.3647
11.2845	1.22052	11.3503
11.2762	1.25329	11.3457
11.2594	1.28108	11.3321
11.2535	1.31449	11.33
11.241	1.34272	11.3209
11.2284	1.36379	11.3109
11.2257	1.39107	11.3115
11.2084	1.42536	11.2987
11.1996	1.46396	11.2948
11.1873	1.49158	11.2862
11.1739	1.5235	11.2773
11.1627	1.5559	11.2706
11.153	1.58456	11.265
11.1425	1.61425	11.2588
11.1345	1.63999	11.2546
11.1258	1.66524	11.2497
11.1197	1.69172	11.2476
11.1117	1.71319	11.243
11.1051	1.7391	11.2405
11.0955	1.76176	11.2345
11.0945	1.78946	11.2379
11.0811	1.80856	11.2277
11.0776	1.83679	11.2288
11.0563	1.86752	11.2129
11.0509	1.89847	11.2128
11.0455	1.9276	11.2125
11.0413	1.9575	11.2135
11.0382	1.98652	11.2155
11.0234	2.01922	11.2068
11.017	2.05594	11.2071
11.0178	2.08756	11.2138
11.0094	2.11932	11.2115
11.0167	2.14974	11.2245
11.0096	2.18124	11.2236
11.0136	2.21345	11.2339
11.0065	2.24645	11.2334
11.0077	2.28068	11.2415
11.0013	2.31229	11.2416
11.0075	2.34511	11.2546
10.9989	2.37837	11.2531
11.0086	2.40992	11.2693
11.0007	2.44492	11.2691
11.0033	2.47586	11.2784
10.9998	2.50538	11.2815
11.0032	2.53123	11.2906
10.996	2.56169	11.2904
11.0104	2.59353	11.3118
11.0139	2.6283	11.3232
11.0096	2.66289	11.327
11.0167	2.69675	11.342
11.0108	2.73031	11.3442
11.0138	2.76576	11.3557
11.0111	2.79602	11.3605
11.0226	2.83403	11.3811
11.0193	2.87033	11.387
11.0251	2.90362	11.4011
11.0177	2.93587	11.4021
11.0279	2.96862	11.4205
11.0245	3.00341	11.4263
11.0235	3.03547	11.4338
11.0234	3.07016	11.4429
11.0232	3.09971	11.4507
11.0236	3.12385	11.4576
11.0241	3.15185	11.4658
11.0274	3.1825	11.4775
11.0143	3.21256	11.4732
11.0144	3.2461	11.4828
11.0127	3.27635	11.4897
11.0156	3.30494	11.5007
11.0108	3.33437	11.5046
11.0163	3.36311	11.5182
11.0046	3.39454	11.5163
11.0038	3.42445	11.5243
11.0036	3.45388	11.5329
11.001	3.48392	11.5395
11.0042	3.52113	11.5539
10.9966	3.55221	11.5561
11.0018	3.58351	11.5707
10.9916	3.62074	11.5726
10.9834	3.65216	11.5747
10.9872	3.68343	11.5882
10.9776	3.7139	11.5888
10.9836	3.74621	11.6049
10.9734	3.78009	11.6063
10.9622	3.82038	11.6089
10.9606	3.85825	11.6198
10.9449	3.89365	11.6169
10.9448	3.92957	11.6289
10.9311	3.96168	11.6269
10.93	3.98914	11.6352
10.9153	4.01642	11.6308
10.9082	4.04926	11.6355
10.9003	4.07206	11.6361
10.892	4.10047	11.6382
10.8754	4.12703	11.6321
10.8684	4.15427	11.6353
10.8546	4.17506	11.6298
10.8507	4.20344	11.6365
10.8357	4.22675	11.6309
10.8278	4.25922	11.6353
10.8056	4.28603	11.6246
10.7934	4.31874	11.6254
10.773	4.34829	11.6174
10.7628	4.37804	11.6192
10.7414	4.40183	11.6083
10.7314	4.43848	11.613
10.7105	4.46578	11.6042
10.6958	4.49774	11.603
10.6754	4.51722	11.5918
10.6636	4.54635	11.5923
10.645	4.56844	11.5839
10.6369	4.59749	11.5879
10.6167	4.62144	11.5789
10.5996	4.64793	11.5739
10.5753	4.66727	11.5595
10.5619	4.69929	11.5602
10.5472	4.72627	11.5577
10.5253	4.74344	11.5448
10.5175	4.77292	11.5498
10.4986	4.79451	11.5416
10.4789	4.81515	11.5323
10.4598	4.84048	11.5256
10.4343	4.85813	11.5099
10.416	4.88354	11.504
10.3905	4.90279	11.4891
10.3808	4.93013	11.492
10.3531	4.9538	11.4773
10.3291	4.98091	11.4673
10.3041	5.00342	11.4546
10.2888	5.03033	11.4527
10.2616	5.05065	11.4372
10.2393	5.07943	11.4299
10.2143	5.10002	11.4168
10.1955	5.12376	11.4105
10.1711	5.14139	11.3967
10.1518	5.16509	11.3902
10.1281	5.18468	11.378
10.1079	5.20744	11.3704
10.0822	5.22752	11.3569
10.0576	5.24842	11.3447
10.0354	5.2683	11.3342
10.0121	5.28744	11.3225
9.98878	5.31036	11.3126
9.963	5.33072	11.2995
9.9396	5.34873	11.2874
9.91838	5.36809	11.2779
9.89878	5.38861	11.2704
9.87449	5.40583	11.2574
9.85743	5.43022	11.2542
9.83405	5.44721	11.2419
9.81045	5.46597	11.2304
9.78903	5.48587	11.2214
9.76475	5.50196	11.2081
9.74226	5.52127	11.198
9.71471	5.53812	11.1824
9.68847	5.55003	11.1655
9.66248	5.56082	11.1484
9.63939	5.57588	11.1359
9.61521	5.59095	11.1225
9.58884	5.60266	11.1057
9.56028	5.60709	11.0833
9.53204	5.61621	11.0635
9.50688	5.62886	11.0483
9.47863	5.63914	11.0292
9.44836	5.64881	11.0082
9.42115	5.6619	10.9916
9.39508	5.67054	10.9737
9.37213	5.6889	10.9636
9.34394	5.70131	10.946
9.31532	5.70752	10.9248
9.29343	5.72732	10.9165
9.26495	5.73889	10.8984
9.23697	5.74408	10.8773
9.21049	5.76059	10.8636
9.17945	5.76218	10.8381
9.14991	5.77805	10.8216
9.11996	5.78382	10.7994
9.09455	5.80262	10.788
9.06792	5.81379	10.7716
9.04092	5.82569	10.7553
9.01624	5.83414	10.7392
8.99247	5.8457	10.7255
8.96481	5.84964	10.7045
8.9374	5.86403	10.6894
8.90688	5.87058	10.6675
8.88203	5.88804	10.6564
8.85103	5.89504	10.6345
8.82436	5.91235	10.6219
8.79169	5.92309	10.6008
8.76462	5.94007	10.5879
8.7326	5.94566	10.5645
8.70516	5.96423	10.5523
8.6733	5.97152	10.5302
8.64654	5.99115	10.5193
8.61306	6.00063	10.4973
8.59279	6.01829	10.4907
8.56537	6.02588	10.4727
8.54212	6.0469	10.4658
8.51673	6.05376	10.4491
8.49477	6.07156	10.4415
8.46485	6.07925	10.4217
8.438	6.10106	10.4126
8.40809	6.11331	10.3956
8.38321	6.13568	10.3887
8.35448	6.15041	10.3742
8.33237	6.16952	10.3678
8.30522	6.18042	10.3525
8.2824	6.19895	10.3453
8.25918	6.21411	10.3358
8.24121	6.23379	10.3333
8.21461	6.24332	10.3179
8.19124	6.26334	10.3114
8.16307	6.28173	10.3003
8.14022	6.30136	10.2942
8.11894	6.31332	10.2847
8.09259	6.33196	10.2754
8.06924	6.35534	10.2715
8.03966	6.37433	10.26
8.01205	6.38994	10.2481
7.98793	6.40219	10.2369
7.96266	6.41546	10.2256
7.93545	6.43036	10.2138
7.91175	6.44235	10.2029
7.89341	6.45916	10.1993
7.8718	6.47375	10.1919
7.84032	6.49043	10.1782
7.8123	6.51188	10.1704
7.78839	6.52944	10.1633
7.76124	6.54747	10.1541
7.74077	6.57177	10.1542
7.7109	6.59082	10.1438
7.69493	6.62402	10.1533
7.67584	6.65022	10.156
7.64805	6.67282	10.1498
7.6287	6.7	10.1532
7.60169	6.71862	10.1452
7.58387	6.74704	10.1507
7.55882	6.76742	10.1456
7.54378	6.79786	10.1548
7.51769	6.82483	10.1535
7.50316	6.85663	10.1642
7.47574	6.87928	10.1593
7.45779	6.90943	10.1666
7.44265	6.94041	10.1766
7.42402	6.96803	10.1818
7.41674	6.99674	10.1962
7.39449	7.02052	10.1964
7.38423	7.05125	10.2101
7.36632	7.0758	10.2142
7.36086	7.10788	10.2325
7.34032	7.13529	10.2368
7.33149	7.16626	10.2521
7.31619	7.19459	10.261
7.30683	7.22757	10.2775
7.29766	7.25549	10.2907
7.29695	7.28172	10.3087
7.28282	7.31059	10.3191
7.28446	7.34397	10.344
7.27346	7.37609	10.3591
7.27462	7.4074	10.3822
7.26842	7.43663	10.3987
7.27359	7.46591	10.4233
7.26592	7.49537	10.4391
7.26779	7.53044	10.4656
7.26248	7.56392	10.486
7.26495	7.59649	10.5112
7.25505	7.62407	10.5244
7.26355	7.65496	10.5526
7.2589	7.68713	10.5728
7.26752	7.70938	10.5949
7.26537	7.74178	10.617
7.2681	7.7716	10.6406
7.26296	7.79988	10.6578
7.27306	7.8289	10.6859
7.27283	7.85829	10.7073
7.2719	7.88832	10.7287
7.27727	7.9176	10.7539
7.27012	7.94747	10.7711
7.27522	7.97341	10.7937
7.27237	7.99995	10.8114
7.28138	8.03322	10.8421
7.27336	8.06711	10.8619
7.28055	8.09862	10.8901
7.27749	8.13416	10.9145
7.2841	8.16869	10.9447
7.2818	8.20187	10.9679
7.29415	8.23498	11.0009
7.29481	8.27625	11.0323
7.30462	8.31242	11.0659
7.30292	8.34885	11.0922
7.30958	8.37911	11.1193
7.30948	8.41084	11.1432
7.32179	8.44041	11.1736
7.31794	8.4709	11.1941
7.32602	8.50495	11.2252
7.32752	8.53535	11.2492
7.33729	8.56414	11.2774
7.33231	8.59901	11.3007
7.34131	8.63237	11.3319
7.34336	8.66644	11.3592
7.35358	8.69715	11.3893
7.35128	8.73087	11.4136
7.36173	8.76351	11.4453
7.36268	8.79778	11.4721
7.37758	8.8245	11.5022
7.38376	8.85845	11.5322
7.38859	8.88898	11.5588
7.39597	8.91894	11.5865
7.39834	8.95127	11.613
7.40804	8.98346	11.644
7.40732	9.01759	11.6698
7.42238	9.04775	11.7027
7.42282	9.0773	11.7259
7.43552	9.10711	11.757
7.43512	9.13985	11.7821
7.44915	9.16903	11.8136
7.4502	9.20197	11.8398
7.46367	9.23218	11.8718
7.46079	9.26808	11.8979
7.4711	9.30155	11.9305
7.47396	9.3307	11.955
7.49022	9.35698	11.9857
7.49469	9.39076	12.0149
7.50684	9.41662	12.0427
7.50792	9.44943	12.069
7.51557	9.4798	12.0975
7.52765	9.50483	12.1247
7.52477	9.53503	12.1466
7.53626	9.564	12.1764
7.537	9.59728	12.203
7.55022	9.62877	12.236
7.55502	9.65543	12.2599
7.56535	9.67838	12.2844
7.56649	9.70896	12.3092
7.57892	9.73666	12.3387
7.58215	9.76305	12.3615
7.60031	9.78337	12.3887
7.60919	9.81381	12.4182
7.62168	9.84086	12.4472
7.62339	9.86857	12.4702
7.64933	9.89654	12.5081
7.66159	9.92953	12.5418
7.66588	9.96042	12.5688
7.68199	9.9913	12.6031
7.68984	10.0283	12.6373
7.70597	10.0614	12.6734
7.71046	10.0998	12.7066
7.72189	10.1308	12.7381
7.72951	10.1614	12.7671
7.73766	10.1927	12.797
7.74959	10.2209	12.8266
7.75217	10.2506	12.8519
7.77167	10.2765	12.8843
7.77789	10.3034	12.9095
7.79049	10.3293	12.9378
7.7919	10.3584	12.9619
7.80299	10.3833	12.9884
7.80535	10.4131	13.0137
7.81719	10.4399	13.0423
7.81925	10.4695	13.0672
7.83491	10.4983	13.0996
7.83982	10.531	13.1288
7.85798	10.5597	13.1626
7.86649	10.587	13.1896
7.88419	10.6136	13.2215
7.89006	10.6452	13.2504
7.912	10.6687	13.2824
7.92192	10.7033	13.3161
7.94186	10.7303	13.3496
7.95021	10.7576	13.3766
7.96835	10.7842	13.4087
7.97479	10.8173	13.4392
7.99542	10.846	13.4745
8.00483	10.8817	13.5089
8.02355	10.9051	13.5388
8.03638	10.9355	13.5708
8.05766	10.9595	13.6028
8.06975	10.9892	13.6339
8.09294	11.012	13.666
8.10621	11.0425	13.6985
8.12731	11.0633	13.7277
8.146	11.0934	13.763
8.17807	11.1143	13.7989
8.19883	11.1435	13.8347
8.23287	11.1638	13.8712
8.25577	11.1918	13.9074
8.28598	11.2138	13.943
8.30333	11.2373	13.9722
8.33859	11.2484	14.0021
8.36888	11.2666	14.0348
8.38855	11.2919	14.0668
8.42123	11.3033	14.0955
8.44494	11.3229	14.1253
8.46558	11.3424	14.1533
8.49678	11.353	14.1805
8.51881	11.3762	14.2123
8.54833	11.3902	14.2412
8.57215	11.4109	14.272
8.59983	11.4221	14.2976
8.62028	11.4407	14.3248
8.65161	11.4534	14.3537
8.67918	11.474	14.3868
8.70829	11.488	14.4156
8.73297	11.5078	14.4463
8.76254	11.5171	14.4715
8.7916	11.5379	14.5057
8.82383	11.5514	14.5359
8.8503	11.5749	14.5708
8.88206	11.5858	14.5987
8.91087	11.6037	14.6304
8.94215	11.6143	14.6579
8.96832	11.6345	14.6899
9.00163	11.6418	14.716
9.02489	11.6577	14.7428
9.05465	11.6653	14.7671
9.08017	11.6853	14.7985
9.1144	11.6964	14.8283
9.14647	11.7195	14.8663
9.17751	11.7368	14.899
9.21065	11.7408	14.9225
9.24093	11.7573	14.9543
9.27274	11.7663	14.9809
9.3001	11.7805	15.0091
9.32927	11.7859	15.0314
9.35454	11.8008	15.0588
9.38308	11.7997	15.0756
9.41221	11.8134	15.1045
9.44479	11.8175	15.128
9.47393	11.833	15.1584
9.50417	11.8384	15.1815
9.53554	11.8488	15.2093
9.56676	11.8585	15.2364
9.5975	11.8704	15.2649
9.62723	11.8768	15.2886
9.65414	11.8963	15.3207
9.68604	11.9039	15.3467
9.71569	11.9158	15.3747
9.74716	11.9183	15.3965
9.77708	11.9347	15.4282
9.81136	11.9364	15.4512
9.84174	11.9536	15.4838
9.87322	11.9546	15.5046
9.90207	11.9698	15.5347
9.93415	11.9742	15.5586
9.95981	11.9916	15.5884
9.9926	11.9971	15.6136
10.0212	12.0117	15.6431
10.0537	12.0141	15.6657
10.0811	12.0308	15.6961
10.1149	12.0335	15.72
10.1417	12.0471	15.7476
10.1763	12.0457	15.7688
10.2042	12.0546	15.7937
10.2335	12.059	15.816
10.2606	12.0724	15.8437
10.2959	12.0715	15.8659
10.3287	12.0835	15.8963
10.3629	12.0882	15.9221
10.3871	12.1042	15.9501
10.4196	12.1091	15.975
10.4481	12.1229	16.004
10.4815	12.123	16.0259
10.5117	12.1357	16.0553
10.5453	12.1398	16.0803
10.573	12.1568	16.1114
10.6065	12.1609	16.1364
10.6364	12.1661	16.16
10.668	12.1704	16.1841
10.6974	12.1771	16.2085
10.7284	12.1753	16.2277
10.755	12.1822	16.2504
10.7859	12.1781	16.2678
10.8152	12.1869	16.2938
10.8496	12.1866	16.3164
10.881	12.1964	16.3447
10.9118	12.192	16.3619
10.9431	12.2	16.3887
10.9751	12.1954	16.4067
11.016	12.2023	16.4393
11.0527	12.1976	16.4604
11.0903	12.2025	16.4893
11.1315	12.1946	16.5112
11.1674	12.1961	16.5365
11.1968	12.1969	16.557
11.2237	12.1926	16.572
11.2514	12.1997	16.596
11.2851	12.1992	16.6184
11.3155	12.1937	16.6351
11.3426	12.1952	16.6546
11.3617	12.1901	16.6639
11.3916	12.1939	16.6871
11.4307	12.1827	16.7057
11.4669	12.1793	16.7279
11.495	12.1768	16.7455
11.5227	12.17	16.7595
11.5439	12.1725	16.7759
11.5686	12.1621	16.7854
11.5982	12.1623	16.8059
11.6282	12.1522	16.8194
11.6577	12.153	16.8404
11.6892	12.1457	16.857
11.7166	12.1428	16.8739
11.7401	12.143	16.8904
11.7666	12.133	16.9016
11.8026	12.1309	16.9251
11.8329	12.121	16.9392
11.8653	12.1173	16.9592
11.8948	12.1078	16.973
11.9265	12.1034	16.9922
11.9581	12.0957	17.0088
11.9834	12.0934	17.025
12.0094	12.0839	17.0366
12.0384	12.083	17.0564
12.0666	12.0707	17.0676
12.099	12.075	17.0936
12.1339	12.0632	17.11
12.166	12.0634	17.1329
12.195	12.0519	17.1454
12.2265	12.0502	17.1667
12.2556	12.0378	17.1787
12.2904	12.0371	17.2031
12.3232	12.0266	17.2191
12.3554	12.023	17.2397
12.3864	12.0158	17.257
12.4081	12.009	17.2678
12.4348	12.0088	17.2869
12.4591	11.9983	17.2971
12.4892	11.998	17.3186
12.5199	11.9889	17.3344
12.5513	11.984	17.3537
12.5794	11.9767	17.369
12.6069	11.9691	17.3837
12.6335	11.9653	17.4004
12.6607	11.9567	17.4142
12.6861	11.9579	17.4336
12.7141	11.9404	17.442
12.7501	11.9431	17.4701
12.7855	11.9329	17.489
12.8194	11.926	17.509
12.8428	11.9225	17.5238
12.8622	11.9059	17.5267
12.8898	11.9009	17.5436
12.9181	11.8894	17.5566
12.9487	11.8877	17.578
12.9804	11.871	17.5901
13.0091	11.8659	17.6078
13.0351	11.8528	17.6183
13.0738	11.8483	17.6439
13.1073	11.8337	17.6589
13.1397	11.8263	17.6781
13.1673	11.8115	17.6887
13.201	11.8106	17.7132
13.2319	11.7977	17.7276
13.2611	11.79	17.7443
13.2917	11.7704	17.7542
13.3246	11.7615	17.7729
13.3479	11.743	17.7782
13.3829	11.731	17.7965
13.4122	11.7159	17.8087
13.441	11.7041	17.8226
13.4674	11.6919	17.8345
13.4947	11.684	17.85
13.519	11.6672	17.8574
13.5427	11.6553	17.8676
13.5675	11.644	17.879
13.5955	11.6349	17.8943
13.621	11.6193	17.9037
13.6485	11.6132	17.9206
13.6738	11.5945	17.9278
13.7043	11.5806	17.942
13.7331	11.5602	17.9509
13.7642	11.548	17.9669
13.7928	11.536	17.9811
13.8192	11.5236	17.9934
13.8455	11.5122	18.0063
13.8715	11.4986	18.0177
13.8902	11.4879	18.0252
13.9125	11.476	18.0349
13.9344	11.469	18.0473
13.9532	11.4525	18.0514
13.9824	11.4464	18.0701
14.0027	11.4274	18.0738
14.0356	11.4213	18.0954
14.063	11.4005	18.1036
14.0977	11.387	18.122
14.128	11.3735	18.1371
14.1544	11.3616	18.1503
14.1785	11.3507	18.1623
14.2009	11.3382	18.1719
14.2253	11.3305	18.1862
14.2433	11.3198	18.1936
14.2668	11.311	18.2066
14.2918	11.3029	18.2212
14.3199	11.285	18.2321
14.3516	11.2763	18.2517
14.3784	11.2597	18.2625
14.4098	11.2506	18.2816
14.4331	11.2399	18.2935
14.4588	11.2303	18.3078
14.4862	11.2148	18.32
14.5153	11.2102	18.3402
14.5458	11.192	18.3532
14.5768	11.1843	18.3731
14.6054	11.1727	18.3887
14.6319	11.1632	18.4041
14.6585	11.1537	18.4195
14.6808	11.1441	18.4314
14.707	11.1359	18.4473
14.7339	11.1248	18.4621
14.7625	11.1152	18.4791
14.791	11.1075	18.4973
14.8191	11.0923	18.5106
14.8528	11.0876	18.5348
14.8782	11.0679	18.5434
14.9102	11.0597	18.5642
14.9347	11.0513	18.5789
14.957	11.045	18.5931
14.9803	11.0423	18.6103
15.0017	11.0374	18.6246
15.0218	11.0308	18.6369
15.0453	11.0231	18.6513
15.069	11.0159	18.6661
15.0946	11.0057	18.6808
15.1185	10.9968	18.6948
15.1426	10.9877	18.7091
15.1698	10.9809	18.727
15.1964	10.9714	18.743
15.2213	10.9647	18.7593
15.2491	10.9568	18.7773
15.2762	10.9479	18.7942
15.3079	10.9411	18.816
15.342	10.9327	18.8388
15.3692	10.9244	18.8562
15.398	10.9161	18.8748
15.4235	10.9065	18.8901
15.4518	10.9025	18.9109
15.4777	10.8901	18.9249
15.5087	10.8872	18.9486
15.5402	10.8738	18.9667
15.5728	10.8708	18.9918
15.6038	10.8586	19.0102
15.6374	10.8564	19.0365
15.6665	10.8438	19.0533
15.6929	10.8457	19.0761
15.7179	10.8347	19.0904
15.7503	10.8362	19.1179
15.7787	10.825	19.135
15.8074	10.8256	19.159
15.8342	10.8154	19.1754
15.8612	10.8145	19.1971
15.8801	10.8077	19.2089
15.9094	10.8106	19.2348
15.9393	10.7951	19.2509
15.9761	10.7928	19.28
16.0083	10.7834	19.3015
16.0401	10.7844	19.3285
16.0718	10.7722	19.3479
16.0997	10.7667	19.3681
16.1292	10.7596	19.3887
16.1602	10.7617	19.4156
16.1907	10.7547	19.4371
16.22	10.7629	19.4661
16.2499	10.7562	19.4873
16.2846	10.7591	19.5178
16.3159	10.7534	19.5409
16.3469	10.7548	19.5675
16.3794	10.7508	19.5925
16.4106	10.7529	19.6197
16.4345	10.7567	19.6418
16.4567	10.7536	19.6587
16.4841	10.7559	19.6828
16.511	10.754	19.7043
16.5383	10.7577	19.7293
16.5692	10.748	19.7499
16.5973	10.7501	19.7746
16.6201	10.7483	19.7928
16.6501	10.7507	19.8193
16.6752	10.7514	19.8408
16.6994	10.7509	19.8608
16.7262	10.7539	19.885
16.755	10.7597	19.9124
16.785	10.7628	19.9392
16.814	10.7645	19.9645
16.8386	10.7621	19.984
16.8625	10.7645	20.0055
16.8899	10.7694	20.0312
16.9178	10.7693	20.0546
16.9484	10.7716	20.0817
16.9777	10.774	20.1077
17.0089	10.7735	20.1338
17.0389	10.7768	20.161
17.0667	10.7799	20.1861
17.0942	10.781	20.2099
17.1238	10.786	20.2377
17.1549	10.7848	20.2634
17.1845	10.7869	20.2895
17.2137	10.7887	20.3152
17.237	10.7867	20.3338
17.2665	10.7877	20.3595
17.2947	10.7875	20.3832
17.3287	10.7842	20.4103
17.364	10.7844	20.4404
17.3967	10.7832	20.4676
17.4228	10.7806	20.4884
17.4521	10.7804	20.5132
17.486	10.7854	20.5447
17.5151	10.7801	20.5667
17.5454	10.7844	20.5948
17.5696	10.7727	20.6093
17.5984	10.7718	20.6334
17.6269	10.7726	20.6581
17.6566	10.7727	20.6835
17.6878	10.772	20.7097
17.72	10.7714	20.737
17.7483	10.7702	20.7605
17.7776	10.7685	20.7847
17.8097	10.7689	20.8124
17.8394	10.7622	20.8344
17.87	10.7641	20.8615
17.9002	10.7554	20.8829
17.9299	10.7549	20.9081
17.9586	10.7488	20.9296
17.9853	10.7494	20.9528
18.0126	10.7391	20.971
18.0446	10.7448	21.0014
18.0739	10.7287	21.0184
18.1074	10.7254	21.0455
18.141	10.7239	21.0736
18.1761	10.7071	21.0953
18.2114	10.7029	21.1236
18.2464	10.6958	21.1502
18.2784	10.6936	21.1767
18.3148	10.6788	21.2007
18.3525	10.6762	21.232
18.3864	10.6576	21.2519
18.4208	10.6511	21.2785
18.45	10.6335	21.2949
18.4831	10.6266	21.3202
18.5158	10.6116	21.341
18.5458	10.6049	21.3638
18.5675	10.5861	21.3733
18.5983	10.5763	21.3952
18.6224	10.5544	21.4054
18.6477	10.5426	21.4215
18.6697	10.5233	21.4312
18.705	10.5192	21.46
18.7341	10.5016	21.4768
18.7538	10.4788	21.4828
18.7863	10.4648	21.5044
18.808	10.4357	21.5092
18.8376	10.4161	21.5256
18.8601	10.38	21.5279
18.8876	10.3536	21.5392
18.9078	10.3183	21.54
18.9386	10.2914	21.5542
18.9613	10.2618	21.5601
18.9735	10.2298	21.5556
18.9954	10.203	21.5621
19.005	10.1705	21.5552
19.0196	10.1409	21.5542
19.0348	10.1139	21.5549
19.0325	10.0843	21.539
19.0447	10.0558	21.5365
19.0479	10.0241	21.5245
19.0626	9.99546	21.5242
19.0591	9.96183	21.5055
19.0688	9.92433	21.4968
19.0699	9.89901	21.4861
19.0838	9.87019	21.4852
19.0868	9.83795	21.473
19.0977	9.80761	21.4688
19.0957	9.77452	21.4519
19.1032	9.74204	21.4439
19.0997	9.70735	21.425
19.1028	9.67511	21.4132
19.1009	9.64282	21.3969
19.1069	9.61594	21.3902
19.0985	9.58599	21.3692
19.0997	9.55421	21.356
19.0958	9.52789	21.3408
19.0959	9.50009	21.3285
19.0863	9.47438	21.3085
19.0884	9.44715	21.2982
19.0769	9.4188	21.2754
19.0742	9.38623	21.2586
19.064	9.35529	21.2358
19.0571	9.3247	21.2161
19.0509	9.30045	21.1999
19.0471	9.27194	21.184
19.0337	9.24479	21.1601
19.0258	9.21585	21.1403
19.015	9.19597	21.1219
19.0056	9.17328	21.1036
18.9989	9.14592	21.0857
18.9796	9.12064	21.0573
18.9654	9.09577	21.0338
18.9508	9.0726	21.0106
18.9363	9.04627	20.9862
18.9213	9.02175	20.9621
18.9069	9.00053	20.9399
18.8929	8.97671	20.9171
18.8771	8.95145	20.8919
18.8604	8.93242	20.8687
18.8441	8.91401	20.8461
18.8308	8.89344	20.8253
18.817	8.86596	20.801
18.7959	8.84281	20.7721
18.7767	8.8235	20.7465
18.7554	8.8043	20.7191
18.7364	8.78024	20.6917
18.7194	8.75814	20.6669
18.7017	8.73602	20.6415
18.68	8.7174	20.6139
18.6588	8.6984	20.5867
18.6398	8.68016	20.5618
18.6201	8.65468	20.5332
18.5928	8.63294	20.4993
18.5714	8.60929	20.4699
18.5459	8.59109	20.4391
18.5248	8.56757	20.41
18.4986	8.54999	20.379
18.4819	8.53224	20.3563
18.4621	8.52117	20.3337
18.4469	8.49881	20.3106
18.4254	8.48624	20.2858
18.4101	8.46484	20.2629
18.3882	8.45015	20.2369
18.367	8.43302	20.2105
18.3393	8.4166	20.1784
18.3159	8.39746	20.1492
18.2873	8.39208	20.121
18.2624	8.37524	20.0913
18.2369	8.35965	20.0616
18.2144	8.34054	20.0332
18.1834	8.33202	20.0015
18.1626	8.31762	19.9766
18.1345	8.30918	19.9475
18.1074	8.29169	19.9156
18.0735	8.28117	19.8804
18.0429	8.25815	19.843
18.0079	8.25164	19.8085
17.9787	8.23295	19.7741
17.9422	8.22686	19.7384
17.9061	8.20615	19.697
17.8697	8.19805	19.6605
17.8393	8.18885	19.629
17.8121	8.17723	19.5994
17.7844	8.17424	19.573
17.7576	8.1599	19.5426
17.7265	8.15914	19.5141
17.6972	8.14473	19.4815
17.6659	8.13794	19.4502
17.6368	8.13294	19.4217
17.6087	8.13257	19.396
17.5804	8.12837	19.3685
17.5557	8.12431	19.3444
17.527	8.11988	19.3165
17.5002	8.11539	19.2903
17.4723	8.11147	19.2634
17.4444	8.10753	19.2364
17.4164	8.10336	19.2093
17.3875	8.10158	19.1823
17.3572	8.09613	19.1525
17.3254	8.09415	19.1229
17.2961	8.0942	19.0964
17.2653	8.09536	19.0689
17.236	8.09551	19.0425
17.2052	8.09519	19.0145
17.1756	8.09723	18.9886
17.1466	8.09629	18.962
17.114	8.09434	18.9316
17.0822	8.08899	18.9006
17.0519	8.08372	18.871
17.0226	8.08312	18.8443
16.9899	8.08181	18.8142
16.958	8.07681	18.7832
16.9265	8.0707	18.7522
16.8964	8.06923	18.7243
16.8682	8.07098	18.6997
16.8399	8.06902	18.6733
16.8078	8.06848	18.6441
16.7763	8.06788	18.6155
16.7446	8.0666	18.5863
16.7148	8.06548	18.559
16.6871	8.06242	18.5327
16.6603	8.05477	18.5053
16.6362	8.0459	18.4797
16.6106	8.03436	18.4516
16.5829	8.03173	18.4256
16.5575	8.02795	18.401
16.53	8.01429	18.3704
16.4916	8.01047	18.3341
16.4592	8.00614	18.3031
16.431	8.0025	18.2762
16.4039	8.00012	18.2508
16.3753	7.99573	18.2232
16.3477	7.99073	18.1961
16.3142	7.98687	18.1643
16.2845	7.98157	18.1353
16.2527	7.97569	18.1042
16.2215	7.97002	18.0737
16.1926	7.96648	18.0462
16.1655	7.96525	18.0213
16.1402	7.95895	17.9958
16.1137	7.94665	17.9666
16.0821	7.94548	17.9378
16.0528	7.94735	17.9123
16.0195	7.94516	17.8816
15.989	7.94421	17.8539
15.9589	7.9445	17.8269
15.9307	7.94083	17.8002
15.9054	7.93591	17.7753
15.8768	7.93458	17.7491
15.8504	7.93407	17.7253
15.8256	7.93319	17.7027
15.8032	7.93209	17.6822
15.7794	7.93192	17.6608
15.7548	7.92986	17.6379
15.726	7.92739	17.6111
15.6968	7.923	17.583
15.6673	7.91875	17.5548
15.6396	7.91363	17.5277
15.613	7.90875	17.5018
15.5863	7.908	17.4777
15.5549	7.89778	17.445
15.5315	7.88791	17.4198
15.509	7.88328	17.3975
15.4828	7.87883	17.3722
15.4545	7.86653	17.3414
15.4242	7.86046	17.3117
15.3947	7.85705	17.2838
15.372	7.84312	17.2573
15.3395	7.83732	17.2257
15.3165	7.82352	17.1989
15.2878	7.81818	17.1709
15.2611	7.80005	17.1389
15.2301	7.79255	17.1079
15.1994	7.77319	17.0717
15.1713	7.7644	17.0427
15.145	7.74026	17.0083
15.1119	7.72845	16.9735
15.0857	7.70739	16.9406
15.0565	7.69639	16.9095
15.037	7.67295	16.8815
15.0104	7.6585	16.8513
14.9846	7.64539	16.8223
14.9636	7.62325	16.7935
14.9354	7.61144	16.7631
14.9131	7.58653	16.7319
14.8849	7.57056	16.6995
14.8683	7.54694	16.674
14.8407	7.52884	16.6412
14.8223	7.50448	16.6138
14.7983	7.48992	16.5858
14.781	7.46354	16.5585
14.7575	7.44041	16.5271
14.735	7.4166	16.4962
14.7147	7.39469	16.4683
14.6985	7.37122	16.4432
14.6785	7.35006	16.4159
14.6663	7.32477	16.3936
14.6463	7.30314	16.3661
14.6367	7.27295	16.3441
14.6112	7.2486	16.3104
14.5962	7.21732	16.2831
14.5805	7.19046	16.2571
14.5666	7.16283	16.2324
14.5539	7.13646	16.2094
14.5418	7.11126	16.1875
14.5299	7.0872	16.1662
14.517	7.06128	16.1432
14.507	7.03153	16.1213
14.4951	6.99875	16.0963
14.4833	6.9702	16.0733
14.4691	6.94121	16.0479
14.4623	6.9152	16.0305
14.453	6.8914	16.0119
14.4428	6.86629	15.9919
14.4345	6.84213	15.9741
14.4274	6.81636	15.9566
14.4214	6.79184	15.9407
14.4141	6.76715	15.9235
14.4064	6.74148	15.9057
14.3916	6.71484	15.881
14.3866	6.68311	15.8632
14.3761	6.65345	15.8411
14.3672	6.62145	15.8196
14.3597	6.59212	15.8005
14.3506	6.56297	15.7801
14.3425	6.53664	15.7618
14.3384	6.50963	15.7469
14.3272	6.48505	15.7265
14.3258	6.4552	15.713
14.3148	6.42821	15.6919
14.3122	6.39789	15.6771
14.2976	6.36802	15.6516
14.2973	6.33735	15.6388
14.2831	6.30935	15.6146
14.2859	6.278	15.6045
14.2745	6.24832	15.5822
14.2719	6.21067	15.5647
14.2638	6.17856	15.5445
14.2572	6.14879	15.5266
14.2402	6.11447	15.4974
14.2383	6.07712	15.481
14.2242	6.03916	15.4531
14.2241	6.00147	15.4384
14.2123	5.96874	15.4147
14.2129	5.93453	15.4021
14.2009	5.90403	15.3793
14.2006	5.87334	15.3673
14.1932	5.84222	15.3485
14.1918	5.81158	15.3356
14.1835	5.77971	15.3159
14.1904	5.75383	15.3125
14.1864	5.72439	15.2978
14.1849	5.69639	15.2859
14.1823	5.67037	15.2739
14.1783	5.64401	15.2604
14.1729	5.61458	15.2445
14.1682	5.58677	15.2299
14.1632	5.56278	15.2165
14.1649	5.54164	15.2103
14.1544	5.51637	15.1914
14.157	5.49018	15.1843
14.1491	5.46192	15.1667
14.1484	5.42949	15.1544
14.1426	5.39755	15.1376
14.1417	5.37081	15.1272
14.137	5.34437	15.1135
14.1345	5.31676	15.1014
14.132	5.28875	15.0892
14.1269	5.25795	15.0737
14.1273	5.2255	15.0628
14.1286	5.19149	15.0522
14.1235	5.15707	15.0356
14.1142	5.12827	15.017
14.1092	5.09641	15.0015
14.105	5.06693	14.9875
14.101	5.03673	14.9735
14.0993	5.0048	14.9612
14.093	4.97822	14.9464
14.0869	4.95024	14.9314
14.0826	4.92254	14.9181
14.0787	4.89726	14.9062
14.0754	4.87416	14.8954
14.0717	4.84817	14.8835
14.065	4.82448	14.8694
14.0587	4.79668	14.8544
14.0617	4.76815	14.8481
14.0651	4.74183	14.8429
14.0676	4.71408	14.8365
14.0694	4.68639	14.8294
14.0717	4.65948	14.8231
14.0749	4.63706	14.819
14.0748	4.62283	14.8145
14.0759	4.60577	14.8103
14.0794	4.58324	14.8066
14.0822	4.56321	14.8031
14.0851	4.53859	14.7983
14.0866	4.51282	14.7918
14.0814	4.49123	14.7803
14.0829	4.4633	14.7733
14.0863	4.4341	14.7677
14.0897	4.40495	14.7623
14.0939	4.37672	14.7578
14.0983	4.34888	14.7539
14.0971	4.32608	14.746
14.1024	4.30109	14.7437
14.1106	4.2773	14.7446
14.1149	4.25212	14.7415
14.1198	4.22555	14.7386
14.1203	4.19862	14.7313
14.1215	4.17224	14.725
14.1219	4.14789	14.7185
14.1225	4.12201	14.7117
14.1232	4.09578	14.7051
14.1249	4.06864	14.6992
14.1239	4.03923	14.6901
14.1273	4.01255	14.6861
14.1312	3.98502	14.6823
14.1329	3.95643	14.6763
14.1366	3.9275	14.6721
14.1414	3.90317	14.6702
14.1461	3.87734	14.6679
14.1467	3.85068	14.6614
14.1465	3.82373	14.6542
14.1539	3.79361	14.6535
14.1523	3.76147	14.6436
14.1492	3.73302	14.6334
14.1465	3.70513	14.6236
14.1452	3.68427	14.6171
14.1446	3.66055	14.6106
14.1439	3.63618	14.6039
14.146	3.6108	14.5996
14.1424	3.58629	14.5901
14.1395	3.56402	14.5818
14.1339	3.53479	14.5693
14.1298	3.50349	14.5577
14.1237	3.46934	14.5436
14.1204	3.43404	14.532
14.122	3.3976	14.525
14.1122	3.35984	14.5066
14.1015	3.32178	14.4875
14.0908	3.28662	14.469
14.0809	3.25564	14.4524
14.0745	3.22039	14.4382
14.0559	3.19559	14.4146
14.0391	3.16753	14.392
14.0245	3.13794	14.3712
14.0112	3.11038	14.3523
13.9955	3.0897	14.3325
13.9866	3.06295	14.318
13.9803	3.02857	14.3046
13.9653	3.00123	14.2841
13.9501	2.97531	14.2639
13.9403	2.94742	14.2485
13.9238	2.92294	14.2273
13.9176	2.89176	14.2149
13.8994	2.86497	14.1916
13.8949	2.83072	14.1803
13.8772	2.80135	14.1571
13.8655	2.77067	14.1396
13.8457	2.74549	14.1153
13.8371	2.714	14.1008
13.8187	2.68932	14.078
13.8121	2.65783	14.0655
13.7944	2.62787	14.0425
13.7921	2.59235	14.0336
13.7759	2.55916	14.0116
13.7636	2.52788	13.9938
13.7393	2.50741	13.9662
13.7295	2.47818	13.9514
13.7086	2.45031	13.9259
13.7	2.41727	13.9116
13.6753	2.39315	13.8832
13.6625	2.36137	13.865
13.6471	2.32395	13.8436
13.6265	2.29316	13.8181
13.6053	2.26195	13.792
13.5853	2.23575	13.7681
13.5706	2.20538	13.7486
13.5481	2.18072	13.7225
13.5293	2.15428	13.6997
13.5098	2.13661	13.6777
13.4814	2.12589	13.648
13.4483	2.11549	13.6136
13.4194	2.10696	13.5838
13.3906	2.09799	13.5539
13.359	2.08639	13.521
13.331	2.07668	13.4918
13.3048	2.06329	13.4638
13.2791	2.0504	13.4365
13.2511	2.04068	13.4073
13.2222	2.03437	13.3778
13.1961	2.02971	13.3513
13.1669	2.02335	13.3215
13.1377	2.0157	13.2915
13.1142	2.00736	13.2669
13.0813	1.99176	13.232
13.0511	1.97924	13.2003
13.0259	1.97336	13.1745
13.0063	1.96753	13.1543
12.9874	1.9549	13.1337
12.9678	1.94556	13.113
12.9449	1.93595	13.0889
12.919	1.92726	13.062
12.896	1.91756	13.0378
12.8682	1.9074	13.0088
12.8401	1.89482	12.9791
12.8144	1.88461	12.9523
12.7896	1.87238	12.9259
12.7632	1.86239	12.8984
12.7367	1.85046	12.8704
12.7116	1.84136	12.8443
12.6826	1.83262	12.8143
12.6578	1.82362	12.7885
12.6332	1.81364	12.7627
12.6075	1.80616	12.7362
12.582	1.79693	12.7096
12.5573	1.7886	12.684
12.529	1.7837	12.6553
12.4997	1.77441	12.6251
12.4771	1.7623	12.6009
12.4509	1.759	12.5745
12.4251	1.75313	12.5482
12.3921	1.74453	12.5143
12.3603	1.73696	12.4817
12.3308	1.7292	12.4514
12.2992	1.7241	12.4195
12.27	1.71508	12.3893
12.2358	1.70243	12.3537
12.2039	1.70031	12.3218
12.1728	1.69355	12.29
12.1417	1.69219	12.2591
12.1139	1.68525	12.2305
12.0812	1.68566	12.1982
12.05	1.68139	12.1667
12.0174	1.68434	12.1348
11.9859	1.68127	12.1032
11.9563	1.6892	12.0751
11.9254	1.68807	12.0443
11.8959	1.69671	12.0163
11.8682	1.69254	11.9883
11.841	1.70272	11.9628
11.8089	1.70129	11.9308
11.7846	1.71156	11.9083
11.7554	1.71208	11.8795
11.726	1.72601	11.8524
11.6928	1.73458	11.8208
11.6642	1.74737	11.7944
11.6418	1.75957	11.774
11.6146	1.76657	11.7482
11.5922	1.7899	11.7296
11.5604	1.80239	11.7
11.5361	1.81832	11.6785
11.5217	1.83298	11.6666
11.5005	1.84648	11.6478
11.4818	1.86051	11.6316
11.4583	1.87047	11.6099
11.4416	1.89356	11.5972
11.425	1.92096	11.5854
11.4062	1.94682	11.5711
11.3844	1.97208	11.5539
11.3666	1.9961	11.5406
11.3533	2.01982	11.5316
11.342	2.03853	11.5238
11.3291	2.05906	11.5146
11.3154	2.08143	11.5052
11.301	2.10466	11.4953
11.2898	2.13145	11.4892
11.28	2.15758	11.4845
11.2679	2.18642	11.478
11.2602	2.2129	11.4755
11.2498	2.24073	11.4708
11.2416	2.26558	11.4677
11.2342	2.2924	11.4657
11.2301	2.32197	11.4676
11.2279	2.3529	11.4718
11.2259	2.39183	11.4779
11.2263	2.42606	11.4855
11.2217	2.45469	11.4871
11.2137	2.48087	11.4848
11.1981	2.50413	11.4747
11.191	2.53383	11.4742
11.184	2.56223	11.4738
11.1763	2.59124	11.4728
11.1706	2.62005	11.4737
11.1645	2.64821	11.4743
11.1562	2.67568	11.4726
11.154	2.70508	11.4773
11.1509	2.73669	11.4818
11.1453	2.75912	11.4818
11.148	2.7878	11.4913
11.1421	2.81465	11.4921
11.1538	2.84632	11.5113
11.1634	2.87538	11.5278
11.1768	2.90671	11.5486
11.1909	2.93525	11.5695
11.2051	2.96264	11.5902
11.2169	2.98975	11.6085
11.229	3.01554	11.6268
11.2399	3.04108	11.644
11.2517	3.06841	11.6626
11.2519	3.09268	11.6692
11.2624	3.12457	11.6878
11.2718	3.15143	11.7041
11.2809	3.17821	11.72
11.2895	3.20473	11.7355
11.2912	3.22699	11.7433
11.3073	3.2473	11.7643
11.323	3.26802	11.7852
11.3398	3.2897	11.8073
11.3595	3.31091	11.8322
11.3779	3.33036	11.8553
11.3975	3.3502	11.8797
11.416	3.37135	11.9034
11.4383	3.39562	11.9317
11.4572	3.41812	11.9562
11.4698	3.44233	11.9752
11.4893	3.46515	12.0005
11.5127	3.48749	12.0294
11.535	3.5102	12.0572
11.5556	3.53033	12.0829
11.5781	3.54845	12.1097
11.5985	3.56662	12.1345
11.6169	3.58152	12.1564
11.6367	3.59858	12.1804
11.6537	3.62228	12.2037
11.6698	3.64854	12.2268
11.6935	3.66786	12.2553
11.7165	3.68753	12.2831
11.7418	3.707	12.3131
11.7654	3.729	12.3422
11.7875	3.74966	12.3695
11.8059	3.77289	12.3941
11.8327	3.78861	12.4244
11.8656	3.80039	12.4594
11.8917	3.81479	12.4886
11.9173	3.82902	12.5173
11.9463	3.84311	12.5492
11.9741	3.85461	12.5792
12.0026	3.86523	12.6097
12.0306	3.87919	12.6406
12.0573	3.89276	12.6702
12.0835	3.8987	12.6969
12.1083	3.91425	12.7253
12.1323	3.93083	12.7532
12.1581	3.94851	12.7832
12.1815	3.96299	12.8099
12.2076	3.97373	12.8381
12.2341	3.9846	12.8666
12.2629	4.00001	12.8988
12.2913	4.01343	12.9299
12.3215	4.03605	12.9657
12.3602	4.04681	13.0058
12.3923	4.05301	13.0382
12.4233	4.06272	13.0707
12.4508	4.07551	13.1008
12.4686	4.08879	13.1219
12.4901	4.09514	13.1443
12.5116	4.10721	13.1685
12.5378	4.11292	13.1952
12.5632	4.1173	13.2206
12.5872	4.1205	13.2445
12.615	4.12328	13.2717
12.641	4.12989	13.2986
12.6711	4.12927	13.3269
12.7013	4.13878	13.3586
12.7319	4.14216	13.3887
12.7591	4.14485	13.4155
12.7927	4.14673	13.448
12.8232	4.15495	13.4795
12.855	4.15232	13.509
12.8876	4.15704	13.5414
12.9194	4.16061	13.5729
12.9532	4.16261	13.6056
12.9853	4.16687	13.6374
13.0122	4.16633	13.663
13.04	4.17107	13.6909
13.0693	4.1715	13.7189
13.0954	4.1745	13.7446
13.1224	4.17448	13.7704
13.1509	4.1745	13.7976
13.1755	4.18131	13.8231
13.2066	4.17541	13.851
13.2386	4.17425	13.8811
13.2633	4.17875	13.906
13.2941	4.18208	13.9364
13.3207	4.1821	13.9618
13.349	4.18427	13.9894
13.3824	4.19648	14.025
13.4145	4.19353	14.0547
13.4446	4.19359	14.0835
13.4713	4.19453	14.1092
13.499	4.19742	14.1365
13.522	4.20493	14.1607
13.5455	4.21386	14.1858
13.5718	4.22774	14.215
13.5989	4.2407	14.2448
13.6205	4.24435	14.2665
13.6393	4.25332	14.2871
13.6606	4.26862	14.312
13.6791	4.284	14.3342
13.6987	4.30023	14.3578
13.7144	4.32346	14.3798
13.7338	4.33925	14.403
13.7501	4.36031	14.4249
13.7659	4.38428	14.4472
13.7842	4.40468	14.4709
13.7994	4.42774	14.4924
13.8107	4.4504	14.51
13.8235	4.47261	14.5291
13.8359	4.49604	14.5481
13.8466	4.51967	14.5656
13.8605	4.54422	14.5864
13.8762	4.56527	14.6079
13.8894	4.59078	14.6284
13.9004	4.61807	14.6475
13.9072	4.64461	14.6623
13.9176	4.67094	14.6805
13.9253	4.69789	14.6964
13.9361	4.72754	14.7161
13.9455	4.75503	14.7339
13.9544	4.77682	14.7494
13.9592	4.81173	14.7652
13.9745	4.8381	14.7883
13.9859	4.86951	14.8094
13.996	4.90329	14.83
14.0068	4.93474	14.8506
14.0105	4.96437	14.864
14.0212	4.99343	14.8839
14.0231	5.02334	14.8957
14.0315	5.05116	14.913
14.0347	5.07429	14.9239
14.0422	5.09856	14.9391
14.0463	5.12543	14.9522
14.0465	5.15409	14.9622
14.0537	5.17846	14.9774
14.0622	5.20577	14.9948
14.0663	5.23904	15.0103
14.0767	5.26343	15.0285
14.0764	5.28475	15.0358
14.0818	5.31035	15.0499
14.0858	5.34031	15.0641
14.0912	5.36981	15.0797
14.0963	5.40094	15.0955
14.1034	5.43159	15.1132
14.11	5.46811	15.1325
14.1199	5.50279	15.1543
14.1244	5.52956	15.1683
14.1281	5.55596	15.1813
14.1322	5.59042	15.1978
14.1389	5.62176	15.2155
14.144	5.65148	15.2313
14.1465	5.6739	15.2419
14.1549	5.69852	15.2589
14.1557	5.72628	15.2701
14.1619	5.75256	15.2857
14.1669	5.77651	15.2993
14.17	5.80063	15.3113
14.1732	5.82834	15.3248
14.1793	5.85631	15.3411
14.1846	5.88433	15.3567
14.1866	5.91434	15.3701
14.1958	5.94338	15.3897
14.1994	5.97352	15.4047
14.2111	5.99985	15.4258
14.2143	6.02985	15.4404
14.2225	6.05944	15.4595
14.2236	6.08843	15.4719
14.2275	6.11493	15.4859
14.2365	6.14483	15.506
14.2403	6.17204	15.5203
14.2502	6.19438	15.5383
14.2612	6.22481	15.5605
14.2655	6.25539	15.5767
14.2737	6.28397	15.5958
14.2768	6.31141	15.6096
14.2838	6.33195	15.6243
14.2879	6.35558	15.6377
14.2957	6.38081	15.6551
14.3016	6.40775	15.6715
14.3046	6.43077	15.6837
14.3133	6.45475	15.7014
14.3199	6.48065	15.7181
14.3275	6.50595	15.7355
14.3353	6.53265	15.7536
14.3388	6.5633	15.7695
14.3513	6.59287	15.7932
14.3647	6.62059	15.817
14.3719	6.6515	15.8365
14.3851	6.67852	15.8598
14.3949	6.70777	15.881
14.4025	6.72985	15.8972
14.4128	6.75391	15.9168
14.4191	6.77337	15.9308
14.4323	6.79679	15.9527
14.4473	6.82478	15.9782
14.4627	6.85515	16.0051
14.4724	6.88343	16.026
14.4831	6.90802	16.0462
14.4887	6.93767	16.0641
14.4995	6.96892	16.0873
14.516	6.9961	16.1139
14.5315	7.02222	16.1392
14.5473	7.04788	16.1647
14.5606	7.06962	16.1862
14.5722	7.09348	16.207
14.5901	7.11522	16.2326
14.6056	7.13989	16.2574
14.6262	7.15943	16.2844
14.6432	7.18437	16.3107
14.6651	7.20547	16.3396
14.6835	7.2298	16.3669
14.703	7.25186	16.3942
14.7218	7.27516	16.4213
14.7459	7.29752	16.4528
14.7645	7.31965	16.4793
14.7841	7.34127	16.5065
14.8037	7.35935	16.532
14.8235	7.37608	16.5573
14.8435	7.39771	16.5848
14.8658	7.4151	16.6125
14.8898	7.42928	16.6403
14.9123	7.44967	16.6696
14.9461	7.47007	16.7089
14.9734	7.49066	16.7425
14.9997	7.50832	16.774
15.0249	7.52634	16.8046
15.0496	7.54262	16.8339
15.0733	7.55834	16.8622
15.0976	7.57304	16.8905
15.1265	7.58724	16.9227
15.1465	7.60538	16.9487
15.176	7.61828	16.9808
15.2056	7.63137	17.0132
15.2318	7.64461	17.0425
15.2597	7.65842	17.0736
15.2862	7.66902	17.1021
15.3072	7.68099	17.1263
15.3301	7.6884	17.15
15.356	7.70663	17.1814
15.3874	7.71931	17.2151
15.4192	7.72699	17.247
15.4449	7.74404	17.2776
15.474	7.75391	17.308
15.5033	7.76707	17.3401
15.5346	7.77951	17.3737
15.5619	7.78797	17.4018
15.5887	7.79714	17.4299
15.6143	7.80351	17.4557
15.6424	7.81229	17.4848
15.6719	7.81792	17.5137
15.6993	7.82797	17.5426
15.7227	7.83767	17.5679
15.7509	7.84734	17.5975
15.7814	7.85764	17.6294
15.8146	7.86249	17.6613
15.8441	7.86814	17.6902
15.8694	7.87693	17.7168
15.8968	7.8819	17.7435
15.9205	7.89042	17.7686
15.9471	7.8948	17.7943
15.9754	7.89877	17.8215
16.0055	7.90244	17.8501
16.0376	7.90822	17.8814
16.0726	7.91198	17.9145
16.1038	7.91984	17.9459
16.1334	7.92731	17.9758
16.1594	7.93086	18.0006
16.1837	7.93662	18.025
16.2046	7.93947	18.045
16.2339	7.93922	18.0713
16.2646	7.94655	18.1021
16.2948	7.95053	18.131
16.3282	7.95441	18.1627
16.3606	7.95495	18.192
16.3928	7.96314	18.2246
16.4211	7.96775	18.252
16.4503	7.96989	18.2792
16.4779	7.97526	18.3064
16.5094	7.98158	18.3375
16.5392	7.98532	18.366
16.5646	7.9908	18.3913
16.5922	7.99349	18.4173
16.618	7.99896	18.4429
16.6426	8.0074	18.4687
16.6737	8.01288	18.4992
16.7057	8.01068	18.5271
16.7324	8.01544	18.5532
16.7556	8.01785	18.5752
16.7842	8.02151	18.6026
16.8107	8.02388	18.6275
16.8356	8.03175	18.6534
16.862	8.03441	18.6783
16.8877	8.03599	18.7022
16.9151	8.03781	18.7277
16.9396	8.03661	18.7493
16.9648	8.03869	18.773
16.9886	8.0417	18.7958
17.0184	8.04489	18.8241
17.0485	8.04636	18.852
17.0802	8.04593	18.8804
17.1148	8.04929	18.9132
17.1518	8.05415	18.9487
17.1855	8.0567	18.9803
17.2159	8.05944	19.009
17.2448	8.06305	19.0367
17.2743	8.06816	19.0656
17.3024	8.07139	19.0924
17.3363	8.07642	19.1253
17.368	8.08171	19.1562
17.4003	8.09282	19.1902
17.4354	8.09919	19.2247
17.4666	8.10485	19.2554
17.5025	8.10941	19.2899
17.5328	8.11272	19.3188
17.5621	8.11891	19.348
17.5869	8.12661	19.3737
17.6149	8.13368	19.4021
17.6425	8.14491	19.4319
17.6707	8.15267	19.4607
17.6976	8.15899	19.4878
17.7278	8.16976	19.5197
17.754	8.18237	19.5488
17.7803	8.19628	19.5785
17.8146	8.20484	19.6133
17.8432	8.20946	19.6412
17.8698	8.22098	19.6701
17.8918	8.23185	19.6947
17.9184	8.24028	19.7224
17.9465	8.25569	19.7543
17.9733	8.26882	19.7842
17.9974	8.28105	19.8111
18.0267	8.29104	19.8419
18.0507	8.30574	19.8699
18.0781	8.3198	19.9007
18.1012	8.33595	19.9284
18.1263	8.3499	19.957
18.1458	8.36394	19.9806
18.1687	8.3752	20.0061
18.1907	8.39068	20.0326
18.214	8.40591	20.0602
18.2388	8.41979	20.0885
18.2624	8.43672	20.117
18.2859	8.45396	20.1456
18.3122	8.47281	20.1774
18.3365	8.49098	20.207
18.3614	8.50336	20.2348
18.3875	8.52396	20.2672
18.4113	8.54387	20.2972
18.4341	8.56376	20.3262
18.4597	8.5796	20.3561
18.4806	8.59974	20.3835
18.5026	8.61912	20.4116
18.524	8.63855	20.4392
18.5454	8.65768	20.4667
18.565	8.67698	20.4927
18.5831	8.69712	20.5176
18.602	8.72187	20.5452
18.6195	8.74823	20.5722
18.6351	8.76776	20.5947
18.6514	8.79224	20.6199
18.6633	8.82054	20.6427
18.6783	8.84486	20.6666
18.6962	8.86483	20.6913
18.7132	8.88483	20.7153
18.7307	8.9018	20.7384
18.7468	8.92304	20.762
18.7623	8.94438	20.7852
18.7766	8.96846	20.8085
18.7888	8.99129	20.8293
18.8049	9.01528	20.8543
18.8217	9.04033	20.8802
18.8318	9.06755	20.9012
18.8412	9.09422	20.9212
18.8504	9.12228	20.9416
18.8607	9.15189	20.9639
18.8687	9.18072	20.9837
18.8746	9.21056	21.002
18.8803	9.24241	21.0211
18.8837	9.26773	21.0353
18.8886	9.29433	21.0515
18.893	9.32551	21.0692
18.8933	9.35567	21.0828
18.899	9.3794	21.0985
18.8982	9.40583	21.1095
18.8957	9.43267	21.1192
18.9008	9.4596	21.1358
18.897	9.48708	21.1448
18.8955	9.51612	21.1564
18.8908	9.54497	21.1653
18.8846	9.57304	21.1724
18.8802	9.6031	21.1821
18.8723	9.62627	21.1856
18.8676	9.65234	21.1933
18.8608	9.67894	21.1993
18.8541	9.70564	21.2056
18.845	9.73172	21.2095
18.8391	9.76278	21.2185
18.83	9.79413	21.2249
18.8161	9.827	21.2277
18.8064	9.85772	21.2333
18.798	9.88259	21.2374
18.7892	9.90969	21.2423
18.7737	9.94039	21.243
18.7616	9.96647	21.2445
18.751	9.994	21.2481
18.7404	10.0212	21.2515
18.7228	10.0464	21.2479
18.7143	10.0719	21.2525
18.6961	10.095	21.2474
18.6829	10.119	21.2473
18.6713	10.143	21.2485
18.653	10.1654	21.2431
18.6432	10.1887	21.2457
18.6208	10.2083	21.2354
18.6021	10.2322	21.2306
18.5871	10.2554	21.2286
18.5667	10.2767	21.2211
18.5485	10.2984	21.2157
18.5296	10.3192	21.2093
18.5082	10.3353	21.1984
18.484	10.3462	21.1826
18.4587	10.3574	21.166
18.4309	10.369	21.1475
18.404	10.3792	21.129
18.3692	10.3915	21.1048
18.3398	10.3961	21.0814
18.3108	10.4022	21.0592
18.2835	10.4117	21.0402
18.2574	10.4197	21.0215
18.2291	10.4264	21.0002
18.1998	10.4333	20.9782
18.1716	10.4372	20.9557
18.144	10.4418	20.9341
18.1134	10.4432	20.9083
18.0822	10.4529	20.8861
18.0524	10.4643	20.866
18.0194	10.4746	20.8426
17.9895	10.4839	20.8215
17.961	10.4929	20.8014
17.9298	10.5051	20.7806
17.901	10.5162	20.7614
17.8746	10.5297	20.7456
17.8489	10.5436	20.7304
17.826	10.5555	20.7168
17.8056	10.5675	20.7053
17.7821	10.5826	20.6928
17.7576	10.5979	20.6796
17.7277	10.6096	20.66
17.699	10.6206	20.641
17.6681	10.627	20.6178
17.6404	10.6359	20.5987
17.6132	10.646	20.5806
17.5861	10.6549	20.5621
17.5597	10.6638	20.5441
17.5343	10.6731	20.5272
17.5075	10.6828	20.5094
17.4808	10.6925	20.4917
17.4556	10.7007	20.4745
17.4294	10.7093	20.4566
17.4029	10.718	20.4386
17.3767	10.7255	20.4202
17.3611	10.7266	20.4075
17.3404	10.7357	20.3948
17.3157	10.7461	20.3792
17.29	10.7637	20.3666
17.2708	10.7844	20.3613
17.2492	10.8031	20.353
17.2272	10.8224	20.3445
17.2054	10.8414	20.3363
17.1825	10.8607	20.3272
17.1582	10.8808	20.3173
17.1336	10.8996	20.3067
17.1099	10.9182	20.2967
17.0853	10.9295	20.282
17.0586	10.9386	20.2645
17.0356	10.9483	20.2503
17.0138	10.9651	20.2411
16.989	10.9783	20.2274
16.9658	10.9967	20.2179
16.94	11.007	20.202
16.9141	11.0175	20.186
16.8888	11.0242	20.1684
16.8576	11.0311	20.146
16.8332	11.035	20.1278
16.8141	11.0412	20.1153
16.7917	11.0489	20.1008
16.7657	11.0498	20.0795
16.7391	11.0465	20.0555
16.7102	11.0547	20.0359
16.6827	11.0647	20.0185
16.6584	11.0774	20.0053
16.6297	11.0928	19.9899
16.6021	11.106	19.9743
16.5719	11.12	19.9571
16.5428	11.1305	19.9387
16.514	11.1397	19.92
16.4917	11.1493	19.9068
16.4691	11.1586	19.8934
16.4492	11.1684	19.8824
16.427	11.1836	19.8726
16.4055	11.2024	19.8654
16.3865	11.2208	19.8601
16.3659	11.2421	19.8551
16.3464	11.2618	19.8503
16.3233	11.2822	19.8428
16.3007	11.3027	19.8359
16.2786	11.3219	19.8287
16.2593	11.3377	19.8219
16.2397	11.3563	19.8165
16.2202	11.3734	19.8103
16.1958	11.3924	19.8013
16.173	11.409	19.7922
16.1471	11.4287	19.7824
16.1202	11.4459	19.7704
16.0947	11.4622	19.7591
16.0683	11.4779	19.7467
16.0423	11.4882	19.7316
16.0159	11.4981	19.7158
15.9953	11.5195	19.7116
15.9767	11.5412	19.7093
15.9578	11.5617	19.7059
15.9488	11.5926	19.7168
15.9271	11.615	19.7125
15.905	11.6337	19.7056
15.8909	11.6468	19.702
15.8719	11.6632	19.6964
15.8529	11.677	19.6892
15.8392	11.7018	19.693
15.8253	11.7259	19.6961
15.8109	11.7498	19.6988
15.7982	11.7747	19.7034
15.7845	11.8001	19.7077
15.769	11.8302	19.7133
15.7537	11.8608	19.7195
15.7359	11.8909	19.7234
15.7227	11.9171	19.7286
15.709	11.9427	19.7332
15.6967	11.9686	19.7391
15.686	11.989	19.743
15.6726	12.0152	19.7483
15.6608	12.0403	19.7543
15.6467	12.0666	19.7591
15.6342	12.093	19.7654
15.6237	12.1192	19.7731
15.6132	12.1454	19.7809
15.6082	12.1708	19.7925
15.6026	12.1942	19.8025
15.5994	12.2172	19.8141
15.5953	12.243	19.8269
15.5898	12.2701	19.8393
15.5854	12.2986	19.8534
15.5811	12.3266	19.8675
15.5788	12.3564	19.8842
15.5799	12.3885	19.905
15.5847	12.4212	19.9291
15.5859	12.452	19.9492
15.5875	12.4807	19.9684
15.593	12.5067	19.989
15.5916	12.5351	20.0056
15.5825	12.5684	20.0195
15.5739	12.5963	20.0303
15.5646	12.6235	20.0402
15.555	12.6489	20.0487
15.5428	12.6788	20.0582
15.5307	12.7115	20.0694
15.5288	12.7436	20.0884
15.527	12.7738	20.1062
15.5194	12.8091	20.1227
15.5144	12.845	20.1418
15.5101	12.8761	20.1583
15.5059	12.9059	20.1742
15.5018	12.9354	20.1898
15.495	12.9633	20.2025
15.5017	12.9943	20.2276
15.5098	13.0211	20.251
15.5183	13.0467	20.274
15.5264	13.073	20.2971
15.5346	13.0998	20.3206
15.5271	13.1263	20.332
15.5362	13.1561	20.3582
15.5401	13.1815	20.3776
15.551	13.2087	20.4035
15.5621	13.235	20.4289
15.576	13.2574	20.4541
15.5912	13.2744	20.4767
15.6184	13.2912	20.5083
15.6393	13.3154	20.5399
15.6589	13.3383	20.5697
15.6775	13.3603	20.5981
15.697	13.3821	20.6271
15.7169	13.4049	20.657
15.7358	13.4317	20.6888
15.7502	13.4575	20.7165
15.7763	13.4778	20.7495
15.8009	13.5001	20.7827
15.8268	13.5195	20.8149
15.8561	13.54	20.8506
15.8824	13.5571	20.8818
15.9042	13.5705	20.907
15.9261	13.5819	20.931
15.9506	13.5942	20.9576
15.9731	13.6037	20.981
15.9944	13.6154	21.0048
16.0158	13.6302	21.0306
16.0359	13.6472	21.057
16.059	13.6615	21.0838
16.0772	13.6761	21.1072
16.0968	13.6879	21.1297
16.1144	13.7014	21.1519
16.1387	13.7111	21.1767
16.1624	13.7201	21.2006
16.1867	13.7265	21.2232
16.2139	13.7349	21.2494
16.2411	13.7391	21.2729
16.2717	13.7426	21.2985
16.3008	13.7462	21.323
16.3294	13.7504	21.3477
16.3543	13.7507	21.3669
16.3775	13.7639	21.3932
16.4019	13.7768	21.4201
16.4284	13.7898	21.4488
16.453	13.8046	21.4771
16.4733	13.8113	21.497
16.4982	13.8209	21.5223
16.514	13.8329	21.5421
16.5383	13.8368	21.5632
16.5641	13.8415	21.586
16.592	13.8484	21.6118
16.6187	13.8551	21.6367
16.6514	13.8614	21.6658
16.6813	13.8677	21.6928
16.7053	13.8725	21.7144
16.7274	13.8769	21.7341
16.752	13.8825	21.7567
16.7788	13.8888	21.7813
16.8056	13.8954	21.8062
16.832	13.9063	21.8335
16.8572	13.9166	21.8595
16.8866	13.9232	21.8864
16.9172	13.936	21.9181
16.9493	13.9508	21.9523
16.9817	13.9642	21.9858
17.0116	13.9749	22.0157
17.0406	13.9794	22.041
17.0715	13.9884	22.0706
17.1004	13.9974	22.0987
17.1239	14.0074	22.1231
17.1459	14.0167	22.1461
17.1683	14.0242	22.1682
17.1899	14.0308	22.1891
17.2138	14.0391	22.2129
17.2388	14.0494	22.2388
17.2605	14.056	22.2598
17.2827	14.0681	22.2846
17.3046	14.0777	22.3076
17.3289	14.0873	22.3325
17.3578	14.0975	22.3614
17.3837	14.1114	22.3903
17.4107	14.1221	22.418
17.4379	14.1322	22.4455
17.4628	14.1367	22.4677
17.4885	14.1467	22.494
17.5085	14.1547	22.5145
17.5317	14.1643	22.5386
17.5562	14.1768	22.5655
17.5822	14.1843	22.5904
17.6072	14.1933	22.6156
17.6323	14.2084	22.6446
17.6503	14.2228	22.6676
17.6741	14.2321	22.692
17.6991	14.2405	22.7168
17.7246	14.2538	22.7449
17.7506	14.2669	22.7734
17.7806	14.2746	22.8016
17.8073	14.289	22.8315
17.8332	14.3008	22.859
17.8579	14.3147	22.887
17.8866	14.3284	22.918
17.9142	14.3392	22.9462
17.9366	14.3488	22.9697
17.9652	14.3601	22.9992
17.9932	14.3747	23.0301
18.0168	14.3893	23.0577
18.0449	14.4008	23.0869
18.0721	14.4162	23.1177
18.0995	14.434	23.1502
18.1286	14.4444	23.1794
18.1508	14.4618	23.2077
18.1832	14.4721	23.2394
18.2098	14.486	23.2688
18.2374	14.4958	23.2966
18.2623	14.5079	23.3236
18.2863	14.5243	23.3526
18.3146	14.5335	23.3805
18.34	14.5486	23.4098
18.367	14.5595	23.4377
18.3952	14.571	23.467
18.4258	14.5815	23.4975
18.4518	14.5952	23.5263
18.479	14.6047	23.5536
18.5031	14.6173	23.5803
18.5261	14.6295	23.6059
18.5494	14.6356	23.628
18.5725	14.6533	23.6571
18.599	14.665	23.6851
18.6248	14.6774	23.7131
18.6466	14.6898	23.7379
18.671	14.7007	23.7637
18.6946	14.7157	23.7916
18.7197	14.7258	23.8176
18.741	14.7401	23.8432
18.7686	14.7509	23.8716
18.7948	14.7669	23.9019
18.8193	14.7842	23.932
18.8435	14.7941	23.9571
18.8659	14.8115	23.9855
18.8912	14.8248	24.0136
18.9138	14.8445	24.0435
18.9428	14.8592	24.0754
18.9668	14.8787	24.1063
18.9932	14.8919	24.1352
19.0209	14.9152	24.1715
19.0484	14.9396	24.2081
19.0748	14.9561	24.2391
19.0973	14.9763	24.2693
19.1254	14.995	24.3029
19.1479	15.013	24.3317
19.1704	15.0329	24.3617
19.1918	15.0525	24.3906
19.2154	15.0721	24.4213
19.2366	15.0923	24.4504
19.258	15.1115	24.4791
19.2786	15.1323	24.5082
19.2974	15.15	24.5339
19.3171	15.173	24.5636
19.3354	15.1844	24.585
19.351	15.2085	24.6122
19.3743	15.2221	24.6389
19.392	15.2408	24.6644
19.4114	15.2576	24.6901
19.428	15.2783	24.7159
19.4429	15.2947	24.7377
19.4549	15.3136	24.7589
19.4715	15.3304	24.7822
19.4885	15.3533	24.8098
19.506	15.3753	24.8372
19.5234	15.3964	24.8639
19.5427	15.4161	24.8912
19.5618	15.4395	24.9207
19.5796	15.4575	24.9459
19.598	15.4792	24.9738
19.6151	15.5015	25.001
19.6342	15.522	25.0287
19.6566	15.5437	25.0597
19.6737	15.5698	25.0894
19.6975	15.5857	25.1178
19.7146	15.6098	25.1462
19.7354	15.6305	25.1753
19.7506	15.6505	25.1997
19.7699	15.6694	25.2266
19.7851	15.6893	25.2508
19.8043	15.7141	25.2813
19.8259	15.7394	25.3139
19.8501	15.7626	25.3473
19.8723	15.7856	25.379
19.8954	15.8061	25.4098
19.9097	15.8224	25.4312
19.932	15.841	25.4602
19.9527	15.8622	25.4896
19.9786	15.8798	25.5209
19.9937	15.9011	25.5458
20.0204	15.9183	25.5775
20.0432	15.9382	25.6077
20.0674	15.9543	25.6367
20.0897	15.9764	25.668
20.1157	15.9918	25.6979
20.1382	16.0126	25.7284
20.1694	16.0345	25.7665
20.1947	16.0504	25.7961
20.2201	16.0634	25.8241
20.2456	16.082	25.8556
20.2753	16.0944	25.8867
20.2987	16.111	25.9153
20.33	16.1338	25.954
20.3569	16.1493	25.9847
20.385	16.1596	26.0131
20.4128	16.1725	26.0429
20.4431	16.184	26.0738
20.4702	16.1953	26.1021
20.4986	16.2096	26.1332
20.5279	16.2206	26.163
20.5516	16.23	26.1874
20.5782	16.2378	26.2131
20.6093	16.2476	26.2436
20.6354	16.2566	26.2697
20.6665	16.265	26.2993
20.6936	16.2827	26.3315
20.7242	16.2914	26.361
20.7569	16.2979	26.3908
20.7876	16.3103	26.4226
20.8216	16.313	26.451
20.8544	16.3249	26.4841
20.8863	16.3323	26.5138
20.915	16.3399	26.5411
20.9475	16.3457	26.5703
20.9786	16.3533	26.5995
21.0057	16.3618	26.626
21.034	16.3692	26.653
21.0544	16.3744	26.6722
21.0769	16.3894	26.6992
21.098	16.397	26.7205
21.1179	16.4015	26.739
21.1399	16.405	26.7586
21.165	16.4121	26.7827
21.195	16.4144	26.8079
21.2258	16.4202	26.8358
21.2538	16.4293	26.8635
21.2844	16.4353	26.8913
21.3102	16.4432	26.9166
21.3382	16.4511	26.9436
21.3704	16.4569	26.9726
21.3975	16.4612	26.9967
21.424	16.4672	27.0214
21.4518	16.4734	27.0472
21.4742	16.4843	27.0716
21.5011	16.4885	27.0956
21.5298	16.4941	27.1217
21.5576	16.5002	27.1475
21.5861	16.5066	27.174
21.6154	16.5194	27.205
21.6446	16.5288	27.234
21.674	16.5339	27.2605
21.6981	16.5468	27.2874
21.7289	16.5524	27.3153
21.7575	16.5551	27.3397
21.7826	16.5585	27.3617
21.8118	16.5598	27.3858
21.8413	16.5689	27.4148
21.871	16.5734	27.4412
21.8991	16.578	27.4663
21.9283	16.5809	27.4914
21.9587	16.5871	27.5194
21.9897	16.592	27.5471
22.0189	16.5971	27.5735
22.0449	16.6017	27.597
22.0761	16.6116	27.6278
22.1065	16.6169	27.6553
22.1365	16.6195	27.6809
22.1648	16.6243	27.7064
22.1905	16.6323	27.7317
22.2227	16.6395	27.7618
22.2521	16.6387	27.7849
22.2844	16.6423	27.8129
22.3143	16.6482	27.8405
22.3427	16.6506	27.8646
22.3705	16.6564	27.8904
22.4017	16.6589	27.917
22.4263	16.6643	27.9399
22.4542	16.669	27.9651
22.4819	16.6753	27.9911
22.5097	16.681	28.0168
22.5405	16.6928	28.0485
22.5726	16.6991	28.0782
22.6028	16.7041	28.1054
22.631	16.7098	28.1315
22.6585	16.7163	28.1574
22.6856	16.7241	28.1839
22.7159	16.7295	28.2116
22.7441	16.7368	28.2385
22.7704	16.7439	28.2639
22.793	16.7527	28.2873
22.8189	16.7593	28.3122
22.8446	16.7669	28.3373
22.871	16.7743	28.363
22.8927	16.7718	28.379
22.9186	16.7784	28.4038
22.9441	16.7868	28.4293
22.9708	16.7955	28.456
23.0009	16.8008	28.4835
23.0252	16.8041	28.505
23.048	16.8131	28.5288
23.0738	16.8283	28.5586
23.0972	16.8382	28.5833
23.1182	16.8419	28.6025
23.1372	16.8524	28.624
23.1647	16.8636	28.6528
23.1874	16.8752	28.678
23.2139	16.8832	28.7042
23.2418	16.8921	28.732
23.2664	16.9051	28.7595
23.2954	16.9116	28.7868
23.3235	16.9217	28.8154
23.3507	16.932	28.8435
23.3779	16.9436	28.8724
23.4049	16.9545	28.9006
23.4328	16.9656	28.9297
23.4614	16.9756	28.9587
23.4851	16.9879	28.9851
23.5088	16.9988	29.0107
23.5324	17.0093	29.036
23.5575	17.0248	29.0654
23.5837	17.0289	29.0891
23.608	17.0394	29.115
23.633	17.051	29.1419
23.6597	17.0633	29.1708
23.6852	17.0764	29.1992
23.7119	17.0935	29.2308
23.74	17.1153	29.2664
23.7671	17.1323	29.2983
23.7939	17.1468	29.3285
23.8189	17.1615	29.3575
23.8444	17.1769	29.387
23.8667	17.1937	29.415
23.8908	17.2083	29.443
23.9144	17.2237	29.4712
23.9381	17.2309	29.4947
23.9633	17.2491	29.5258
23.9867	17.258	29.55
24.0045	17.2773	29.5757
24.0284	17.2904	29.6028
24.0497	17.3087	29.6307
24.068	17.3301	29.6581
24.0905	17.348	29.6868
24.1053	17.365	29.7087
24.1252	17.386	29.7371
24.1455	17.4032	29.7637
24.166	17.4193	29.7898
24.1853	17.4354	29.8148
24.2046	17.454	29.8413
24.2233	17.474	29.8682
24.243	17.4917	29.8945
24.2622	17.5116	29.9217
24.273	17.5296	29.941
24.2924	17.5493	29.9683
24.3069	17.5725	29.9936
24.3207	17.5958	30.0185
24.3337	17.6174	30.0417
24.351	17.6391	30.0684
24.3664	17.6619	30.0943
24.3834	17.6837	30.1208
24.4013	17.7046	30.1476
24.4184	17.7247	30.1733
24.4357	17.7475	30.2006
24.4522	17.7727	30.2288
24.4715	17.7983	30.2594
24.4856	17.8239	30.2859
24.5048	17.8499	30.3167
24.5219	17.8759	30.3459
24.5401	17.8959	30.3723
24.5576	17.9169	30.3989
24.5737	17.9397	30.4253
24.5899	17.9633	30.4523
24.605	17.9879	30.479
24.6155	18.0153	30.5037
24.6214	18.0411	30.5237
24.6328	18.0739	30.5523
24.6468	18.1066	30.5829
24.6582	18.1411	30.6125
24.6674	18.167	30.6353
24.6786	18.1928	30.6596
24.69	18.217	30.6831
24.7095	18.2435	30.7146
24.7279	18.2692	30.7447
24.7398	18.2928	30.7683
24.7505	18.3136	30.7892
24.7616	18.3361	30.8115
24.7753	18.3641	30.8391
24.7886	18.389	30.8647
24.7994	18.4118	30.887
24.8103	18.4358	30.91
24.8211	18.4612	30.9338
24.8376	18.4898	30.9641
24.8477	18.5198	30.9902
24.8636	18.5508	31.0215
24.8719	18.5811	31.0462
24.8828	18.6077	31.0709
24.8933	18.6351	31.0957
24.9033	18.6619	31.1198
24.9174	18.6893	31.1475
24.9148	18.7224	31.1653
24.9087	18.7545	31.1797
24.9026	18.7849	31.1932
24.8972	18.8144	31.2066
24.8898	18.8416	31.2171
24.8829	18.8704	31.229
24.8764	18.8981	31.2406
24.8688	18.9242	31.2504
24.861	18.9509	31.2602
24.852	18.9756	31.2681
24.8381	18.9996	31.2716
24.8342	19.0294	31.2867
24.8293	19.0578	31.3
24.8182	19.0857	31.3083
24.8092	19.1147	31.3188
24.8007	19.1413	31.3283
24.7933	19.1685	31.3391
24.7859	19.1965	31.3503
24.7821	19.2213	31.3626
24.7789	19.2498	31.3775
24.7758	19.2747	31.3904
24.7718	19.3026	31.4043
24.7661	19.3257	31.4141
24.758	19.3532	31.4246
24.752	19.3871	31.4407
24.747	19.4134	31.453
24.742	19.4404	31.4657
24.7374	19.4692	31.48
24.7303	19.4965	31.4913
24.7308	19.5184	31.5053
24.7313	19.5464	31.523
24.7336	19.576	31.5432
24.7371	19.6052	31.564
24.7401	19.6372	31.5863
24.7496	19.6622	31.6092
24.755	19.6882	31.6296
24.7519	19.7138	31.6432
24.7482	19.7405	31.6569
24.7442	19.7681	31.671
24.7358	19.7922	31.6795
24.7234	19.8124	31.6825
24.7157	19.8383	31.6926
24.7155	19.8622	31.7075
24.7128	19.8892	31.7222
24.7105	19.9197	31.7396
24.712	19.9461	31.7574
24.7157	19.9797	31.7813
24.7196	20.0167	31.8076
24.7219	20.0458	31.8278
24.724	20.0734	31.8468
24.7278	20.1015	31.8674
24.7281	20.1307	31.8861
24.7259	20.1606	31.9033
24.7227	20.1909	31.92
24.7166	20.2188	31.9329
24.7079	20.2466	31.9438
24.698	20.2766	31.9552
24.6879	20.3094	31.9682
24.6771	20.3413	31.9801
24.6663	20.3705	31.9904
24.656	20.3987	32.0004
24.6463	20.4255	32.01
24.6371	20.4506	32.0189
24.6316	20.4802	32.0337
24.6255	20.5079	32.0467
24.6121	20.5384	32.0559
24.5997	20.5666	32.0645
24.5876	20.5935	32.0725
24.5754	20.6205	32.0805
24.5667	20.6526	32.0944
24.5553	20.6825	32.1049
24.5473	20.7055	32.1137
24.5382	20.73	32.1225
24.5317	20.758	32.1356
24.5298	20.7847	32.1514
24.5262	20.8087	32.1642
24.5303	20.8343	32.1839
24.5291	20.8654	32.2031
24.5292	20.8947	32.2222
24.5233	20.9169	32.2321
24.5154	20.9418	32.2423
24.5072	20.9666	32.2521
24.4983	20.9922	32.262
24.4858	21.0172	32.2688
24.472	21.0399	32.2731
24.4552	21.066	32.2774
24.4409	21.0977	32.2873
24.4298	21.1292	32.2995
24.4248	21.1561	32.3133
24.4229	21.1824	32.3291
24.4199	21.2123	32.3465
24.4174	21.242	32.364
24.4164	21.2678	32.3803
24.4155	21.2982	32.3996
24.4142	21.328	32.4181
24.4122	21.363	32.4397
24.4076	21.3919	32.4553
24.4008	21.425	32.4719
24.3921	21.4547	32.485
24.3843	21.4839	32.4985
24.38	21.509	32.5118
24.3779	21.5362	32.5284
24.3725	21.5615	32.541
24.3665	21.5837	32.5513
24.3638	21.6101	32.5667
24.3564	21.6391	32.5805
24.3483	21.6688	32.5941
24.3405	21.697	32.6071
24.3364	21.7285	32.625
24.3356	21.7626	32.6471
24.3302	21.7888	32.6605
24.3246	21.8155	32.6742
24.323	21.8431	32.6914
24.314	21.8712	32.7035
24.3081	21.9001	32.7185
24.3025	21.9284	32.7332
24.2971	21.9564	32.748
24.2843	21.9882	32.7598
24.269	22.0179	32.7685
24.248	22.048	32.7731
24.2304	22.0735	32.7773
24.2168	22.0956	32.7821
24.2034	22.1176	32.787
24.1903	22.1403	32.7928
24.173	22.1639	32.7959
24.157	22.1819	32.7963
24.1374	22.2039	32.7968
24.1185	22.229	32.7998
24.1005	22.2557	32.8047
24.0862	22.275	32.8073
24.0677	22.296	32.808
24.0506	22.3179	32.8104
24.0334	22.3399	32.8127
24.0134	22.3636	32.8142
23.9941	22.3813	32.8122
23.9771	22.3978	32.811
23.9613	22.4149	32.8111
23.9427	22.4348	32.8111
23.9279	22.4577	32.816
23.9165	22.4797	32.8228
23.9053	22.5018	32.8298
23.8933	22.5263	32.8379
23.8837	22.5534	32.8495
23.8727	22.5774	32.858
23.8613	22.6025	32.8669
23.8557	22.6285	32.8808
23.8384	22.6532	32.8852
23.8252	22.6761	32.8914
23.811	22.7009	32.8982
23.7977	22.7277	32.9071
23.7853	22.7612	32.9214
23.7703	22.7913	32.9313
23.7614	22.8247	32.948
23.7484	22.8492	32.9556
23.7362	22.8711	32.962
23.7228	22.8937	32.9681
23.7078	22.9174	32.9738
23.6954	22.9367	32.9782
23.6803	22.9504	32.9769
23.665	22.9679	32.9781
23.6451	22.9894	32.9789
23.6318	23.0081	32.9823
23.6142	23.0298	32.9849
23.5951	23.0476	32.9836
23.5754	23.0721	32.9867
23.5557	23.099	32.9914
23.5398	23.1244	32.9978
23.5223	23.1454	33.0001
23.5036	23.1661	33.0013
23.4813	23.1928	33.0042
23.4608	23.2173	33.0069
23.4365	23.2418	33.0068
23.4145	23.2644	33.0072
23.3938	23.2868	33.0082
23.3721	23.3102	33.0094
23.3555	23.3346	33.0149
23.3317	23.345	33.0054
23.3089	23.3698	33.0069
23.2871	23.3914	33.0068
23.2663	23.412	33.0067
23.2399	23.4288	33.0001
23.225	23.4588	33.0109
23.2002	23.4833	33.0109
23.1886	23.5042	33.0176
23.1664	23.5192	33.0126
23.1486	23.5436	33.0176
23.119	23.559	33.0078
23.0922	23.5729	32.9989
23.0688	23.5879	32.9933
23.0443	23.6022	32.9864
23.0198	23.6163	32.9794
22.9953	23.6301	32.9722
22.9719	23.646	32.9673
22.9522	23.6604	32.9639
22.9287	23.6785	32.9605
22.9069	23.6939	32.9564
22.8901	23.7119	32.9577
22.8776	23.7302	32.9622
22.872	23.7628	32.9818
22.8653	23.7965	33.0014
22.8577	23.8278	33.0188
22.8535	23.8538	33.0346
22.8462	23.8851	33.0522
22.8434	23.9085	33.0672
22.8374	23.9354	33.0824
22.828	23.9593	33.0933
22.8284	23.9881	33.1144
22.8294	24.0147	33.1344
22.8311	24.0348	33.1501
22.8292	24.0525	33.1617
22.8271	24.0756	33.1769
22.8276	24.0977	33.1933
22.8294	24.1213	33.2117
22.833	24.1447	33.2312
22.8307	24.1659	33.2451
22.8311	24.1907	33.2633
22.8329	24.2191	33.2852
22.8349	24.2485	33.308
22.8311	24.2746	33.3244
22.8267	24.3013	33.3408
22.8224	24.3353	33.3627
22.8173	24.3647	33.3806
22.812	24.3935	33.3981
22.8078	24.4214	33.4156
22.8053	24.4453	33.4313
22.8036	24.4726	33.4501
22.8125	24.4989	33.4754
22.8238	24.527	33.5038
22.8373	24.5478	33.5282
22.8513	24.5697	33.5537
22.8655	24.5931	33.5805
22.8799	24.617	33.6078
22.8904	24.6443	33.6349
22.9014	24.674	33.6643
22.9106	24.7023	33.6912
22.9197	24.7296	33.7174
22.9288	24.7536	33.7412
22.9361	24.7769	33.7633
22.9439	24.797	33.7834
22.9583	24.8198	33.8099
22.9728	24.8432	33.8368
22.9858	24.8618	33.8594
22.9995	24.886	33.8864
23.0128	24.9108	33.9136
23.0229	24.9346	33.938
23.0318	24.9669	33.9678
23.0403	24.9961	33.995

23.0489	-24.9796	33.9887
23.0445	-24.9493	33.9635
23.0328	-24.9218	33.9353
23.0157	-24.8993	33.9072
22.9977	-24.8762	33.878
22.9717	-24.8575	33.8466
22.9509	-24.8383	33.8184
22.9254	-24.8193	33.7871
22.9019	-24.7973	33.7551
22.878	-24.7671	33.7167
22.8533	-24.7396	33.6797
22.8288	-24.7173	33.6466
22.8111	-24.6981	33.6206
22.7924	-24.6765	33.592
22.7749	-24.6569	33.5657
22.756	-24.6377	33.5388
22.7346	-24.6186	33.5102
22.7187	-24.59	33.4785
22.7031	-24.5651	33.4495
22.6889	-24.5375	33.4197
22.6805	-24.5031	33.3887
22.6701	-24.4721	33.3589
22.6557	-24.4463	33.3302
22.6452	-24.4172	33.3018
22.6347	-24.391	33.2754
22.6242	-24.3645	33.2488
22.6136	-24.3387	33.2227
22.6039	-24.315	33.1987
22.594	-24.2884	33.1725
22.5831	-24.2632	33.1466
22.5698	-24.2359	33.1176
22.5662	-24.208	33.0948
22.5658	-24.1778	33.0724
22.5648	-24.1486	33.0503
22.5639	-24.1205	33.0292
22.5645	-24.0888	33.0064
22.567	-24.0563	32.9845
22.5691	-24.0235	32.9619
22.5713	-23.9928	32.9412
22.5738	-23.9598	32.9188
22.5713	-23.9298	32.8953
22.5681	-23.8935	32.8666
22.5684	-23.8634	32.845
22.5684	-23.834	32.8237
22.5699	-23.8042	32.803
22.5682	-23.7769	32.7821
22.5662	-23.7495	32.7608
22.5642	-23.7217	32.7393
22.559	-23.6972	32.718
22.5535	-23.6744	32.6977
22.5521	-23.6486	32.678
22.5493	-23.6139	32.651
22.5387	-23.5741	32.6149
22.5279	-23.5364	32.5802
22.5195	-23.5034	32.5505
22.5073	-23.4763	32.5225
22.4942	-23.4504	32.4948
22.48	-23.4242	32.466
22.4727	-23.3949	32.4398
22.4657	-23.3664	32.4145
22.458	-23.3355	32.3868
22.4465	-23.3082	32.3592
22.4343	-23.2844	32.3336
22.4223	-23.2591	32.307
22.4109	-23.2346	32.2815
22.3965	-23.209	32.2531
22.3821	-23.1844	32.2254
22.3634	-23.1582	32.1935
22.3472	-23.1357	32.1661
22.3321	-23.111	32.1378
22.3182	-23.0866	32.1106
22.3019	-23.0661	32.0845
22.2906	-23.0396	32.0577
22.2796	-23.0144	32.0319
22.2691	-22.9904	32.0073
22.2584	-22.966	31.9824
22.2467	-22.942	31.957
22.2402	-22.9182	31.9354
22.2346	-22.893	31.9134
22.2269	-22.87	31.8916
22.2193	-22.8445	31.868
22.2133	-22.8201	31.8463
22.21	-22.7933	31.8248
22.2136	-22.7631	31.8057
22.2064	-22.733	31.7791
22.1992	-22.7035	31.753
22.1912	-22.6754	31.7273
22.1774	-22.6443	31.6955
22.1668	-22.6173	31.6688
22.1535	-22.5917	31.6411
22.1447	-22.5628	31.6144
22.1369	-22.5316	31.5866
22.1296	-22.5023	31.5606
22.1217	-22.4735	31.5346
22.114	-22.4425	31.507
22.1068	-22.4149	31.4824
22.0992	-22.3875	31.4575
22.0946	-22.3563	31.4321
22.0939	-22.326	31.41
22.092	-22.2966	31.3878
22.0867	-22.2665	31.3626
22.0817	-22.2371	31.3383
22.0724	-22.2074	31.3107
22.0676	-22.1781	31.2865
22.0644	-22.1477	31.2627
22.0611	-22.1186	31.2398
22.0537	-22.0873	31.2124
22.0466	-22.058	31.1867
22.0401	-22.0322	31.1638
22.0379	-22.0043	31.1426
22.0369	-21.9747	31.121
22.0353	-21.9437	31.0979
22.0355	-21.9153	31.078
22.0342	-21.8878	31.0577
22.0351	-21.8571	31.0368
22.0387	-21.8225	31.0149
22.0512	-21.7912	31.0018
22.0561	-21.7657	30.9874
22.0642	-21.7382	30.9738
22.0702	-21.7113	30.9593
22.0741	-21.6846	30.9433
22.0755	-21.661	30.9278
22.073	-21.627	30.9022
22.0829	-21.6017	30.8916
22.0859	-21.5746	30.8748
22.0839	-21.5504	30.8565
22.0957	-21.5235	30.846
22.101	-21.492	30.8279
22.1069	-21.4625	30.8116
22.1121	-21.4333	30.795
22.1284	-21.4054	30.7873
22.1381	-21.3763	30.774
22.1378	-21.3435	30.7511
22.1525	-21.3125	30.7402
22.1557	-21.2805	30.7202
22.1736	-21.2527	30.7139
22.182	-21.2216	30.6985
22.1926	-21.194	30.6871
22.1934	-21.1637	30.6667
22.206	-21.1338	30.6552
22.2126	-21.105	30.6402
22.2186	-21.0746	30.6236
22.2218	-21.0441	30.6049
22.2177	-21.0136	30.581
22.2069	-20.9868	30.5547
22.197	-20.9556	30.5261
22.1844	-20.9268	30.4972
22.1731	-20.8996	30.4704
22.1623	-20.8744	30.4452
22.1499	-20.8504	30.4197
22.14	-20.824	30.3944
22.132	-20.7977	30.3706
22.1189	-20.7698	30.3419
22.1069	-20.7483	30.3184
22.0936	-20.7263	30.2937
22.0753	-20.7093	30.2686
22.0557	-20.6911	30.2419
22.0348	-20.6726	30.2141
22.0084	-20.6556	30.1831
21.9833	-20.6331	30.1495
21.9615	-20.6129	30.1198
21.9384	-20.5918	30.0884
21.9198	-20.5713	30.0609
21.9008	-20.5504	30.0327
21.8836	-20.533	30.0083
21.8651	-20.5142	29.9819
21.8464	-20.4959	29.9557
21.8268	-20.4767	29.9283
21.8036	-20.4576	29.8983
21.7827	-20.4306	29.8646
21.7628	-20.4051	29.8326
21.7406	-20.3849	29.8026
21.725	-20.3542	29.7702
21.715	-20.3294	29.7461
21.7032	-20.3109	29.7248
21.689	-20.29	29.7001
21.6738	-20.261	29.6692
21.6574	-20.2346	29.6393
21.6355	-20.2046	29.6027
21.6144	-20.1712	29.5645
21.5946	-20.1421	29.5301
21.5767	-20.1169	29.4999
21.557	-20.0898	29.467
21.5358	-20.0706	29.4384
21.5241	-20.0424	29.4106
21.5112	-20.0103	29.3793
21.4972	-19.9783	29.3472
21.4845	-19.9512	29.3195
21.4724	-19.9241	29.2922
21.4607	-19.8978	29.2658
21.4521	-19.8801	29.2474
21.447	-19.8583	29.2289
21.4426	-19.8411	29.2139
21.4272	-19.8272	29.1932
21.4238	-19.8008	29.1728
21.4257	-19.7712	29.1541
21.4249	-19.7423	29.1339
21.4229	-19.716	29.1146
21.4158	-19.6866	29.0895
21.4087	-19.6587	29.0654
21.3996	-19.6283	29.0382
21.3894	-19.596	29.0088
21.3784	-19.5714	28.984
21.3678	-19.5466	28.9595
21.3576	-19.5216	28.9351
21.3472	-19.4954	28.9098
21.3406	-19.4675	28.8861
21.3344	-19.4433	28.8652
21.332	-19.4142	28.8438
21.3316	-19.3875	28.8256
21.3335	-19.366	28.8125
21.3391	-19.342	28.8005
21.3448	-19.3144	28.7862
21.3483	-19.2838	28.7683
21.3529	-19.2514	28.75
21.3589	-19.2213	28.7343
21.3647	-19.1923	28.7193
21.3721	-19.169	28.7091
21.3724	-19.1427	28.6918
21.3738	-19.1159	28.675
21.377	-19.0916	28.6612
21.3801	-19.07	28.6491
21.3784	-19.0418	28.6291
21.3769	-19.0133	28.609
21.3726	-18.9817	28.5848
21.3694	-18.9505	28.5617
21.3652	-18.919	28.5377
21.3572	-18.8857	28.5096
21.3512	-18.858	28.4868
21.3477	-18.8332	28.4678
21.3449	-18.8091	28.4498
21.3453	-18.786	28.4348
21.3495	-18.7613	28.4216
21.3439	-18.7306	28.3972
21.3391	-18.6987	28.3725
21.3365	-18.6682	28.3505
21.3341	-18.6349	28.3267
21.3325	-18.6039	28.3052
21.3306	-18.5743	28.2842
21.3313	-18.5448	28.2654
21.3248	-18.5109	28.2383
21.3172	-18.4774	28.2106
21.3135	-18.4516	28.1909
21.31	-18.4241	28.1702
21.307	-18.3948	28.1488
21.3037	-18.365	28.1269
21.3046	-18.3374	28.1095
21.2945	-18.3103	28.0842
21.285	-18.287	28.0618
21.2739	-18.2622	28.0372
21.2615	-18.2372	28.0115
21.2458	-18.2088	27.9811
21.2307	-18.187	27.9555
21.2211	-18.1605	27.931
21.211	-18.1379	27.9086
21.1975	-18.1111	27.8809
21.1841	-18.084	27.8532
21.1652	-18.0534	27.8189
21.1481	-18.0269	27.7886
21.1325	-18.0014	27.7603
21.1159	-17.9736	27.7296
21.0998	-17.9434	27.6978
21.0849	-17.9158	27.6686
21.0705	-17.8887	27.64
21.0562	-17.867	27.615
21.0415	-17.8444	27.5892
21.0242	-17.8192	27.5597
21.0034	-17.7951	27.5283
20.9807	-17.7691	27.4942
20.9553	-17.7495	27.4622
20.9357	-17.7323	27.4361
20.9152	-17.714	27.4086
20.8956	-17.6977	27.3831
20.8744	-17.6821	27.3569
20.8474	-17.6696	27.3281
20.8211	-17.6609	27.3025
20.7986	-17.6496	27.278
20.7748	-17.6374	27.252
20.748	-17.6281	27.2255
20.7178	-17.6182	27.1961
20.6903	-17.6084	27.1688
20.6688	-17.5983	27.1459
20.6455	-17.5908	27.1232
20.6203	-17.5823	27.0986
20.5965	-17.5728	27.0743
20.5675	-17.5641	27.0467
20.536	-17.5515	27.0145
20.5037	-17.5431	26.9845
20.4763	-17.5269	26.9532
20.4503	-17.5127	26.9241
20.4231	-17.4944	26.8916
20.3918	-17.4918	26.8661
20.3627	-17.4762	26.8339
20.3324	-17.4738	26.8093
20.3014	-17.4623	26.7784
20.2775	-17.4377	26.7441
20.2544	-17.4169	26.7131
20.2253	-17.3952	26.6769
20.2059	-17.3746	26.6488
20.1814	-17.3534	26.6163
20.1591	-17.3311	26.5849
20.1379	-17.3102	26.5552
20.1147	-17.296	26.5283
20.0961	-17.28	26.5039
20.0725	-17.2613	26.4737
20.0501	-17.2421	26.4442
20.0279	-17.2228	26.4148
20.0047	-17.2045	26.3853
19.982	-17.1871	26.3567
19.9579	-17.1679	26.3259
19.9336	-17.1515	26.2968
19.9093	-17.1379	26.2695
19.8849	-17.1264	26.2435
19.8632	-17.1086	26.2155
19.842	-17.0916	26.1883
19.8208	-17.0735	26.1604
19.7997	-17.0563	26.1332
19.7779	-17.0401	26.1061
19.7528	-17.022	26.0753
19.7244	-17.0049	26.0426
19.6984	-16.9886	26.0123
19.6725	-16.9733	25.9827
19.6465	-16.958	25.953
19.6201	-16.947	25.9258
19.5855	-16.9343	25.8914
19.5563	-16.9122	25.8548
19.5339	-16.8937	25.8258
19.5131	-16.8706	25.7949
19.4911	-16.8524	25.7664
19.4683	-16.829	25.7338
19.4526	-16.8055	25.7066
19.439	-16.7885	25.6851
19.4236	-16.7691	25.6609
19.4093	-16.7526	25.6393
19.3945	-16.7366	25.6176
19.3801	-16.719	25.5952
19.3621	-16.6999	25.5691
19.3501	-16.6767	25.5448
19.3376	-16.6531	25.52
19.325	-16.6286	25.4944
19.3135	-16.6045	25.47
19.3035	-16.5765	25.4441
19.2831	-16.5523	25.413
19.2624	-16.5278	25.3813
19.2436	-16.5043	25.3517
19.2258	-16.481	25.323
19.2068	-16.4573	25.2931
19.19	-16.4367	25.267
19.1713	-16.4122	25.2369
19.1533	-16.3889	25.208
19.1373	-16.3673	25.1818
19.1197	-16.3457	25.1544
19.1031	-16.3224	25.1266
19.086	-16.3031	25.1011
19.0638	-16.2851	25.0726
19.0427	-16.2684	25.0456
19.0219	-16.2518	25.0191
19.0008	-16.2349	24.9921
18.9792	-16.2177	24.9645
18.9654	-16.1996	24.9422
18.9574	-16.1766	24.9212
18.9372	-16.1565	24.8928
18.9185	-16.1358	24.8651
18.8971	-16.1121	24.8334
18.8732	-16.0885	24.7999
18.8519	-16.0671	24.7699
18.8307	-16.046	24.74
18.807	-16.0247	24.7082
18.7849	-16.0044	24.6782
18.7635	-15.9843	24.6489
18.7418	-15.9643	24.6194
18.7229	-15.9434	24.5914
18.6972	-15.9297	24.563
18.675	-15.9138	24.5358
18.6524	-15.8976	24.5081
18.6274	-15.8828	24.4795
18.5991	-15.8719	24.4509
18.5715	-15.8603	24.4224
18.5443	-15.8489	24.3942
18.5173	-15.8381	24.3667
18.4907	-15.8262	24.3388
18.4628	-15.815	24.3102
18.4374	-15.802	24.2825
18.4123	-15.7905	24.256
18.3875	-15.7736	24.2262
18.3644	-15.7578	24.1984
18.3418	-15.7427	24.1713
18.319	-15.727	24.1438
18.2963	-15.712	24.1168
18.2753	-15.6971	24.0912
18.2545	-15.6847	24.0673
18.2302	-15.672	24.0406
18.206	-15.6589	24.0138
18.1744	-15.6464	23.9816
18.1456	-15.6353	23.9526
18.1138	-15.6272	23.9232
