#1 AntPos X	#2 AntPos Y	#3 Distance form nest	
0	0	0
0	0	0
0	0	0
0	0	0
0	0	0
0	0	0
0	0	0
0	0	0
0	0	0
0	0	0
0	0	0
0	0	0
0	0	0
0	0	0
0	0	0
0	0	0
0	0	0
0	0	0
0	0	0
0	0	0
0	0	0
0	0	0
0	0	0
0	0	0
0	0	0
0	0	0
0	0	0
0	0	0
0	0	0
0	0	0
0	0	0
0	0	0
0	0	0
0	0	0
0	0	0
0	0	0
0	0	0
0	0	0
0	0	0
0	0	0
0	0	0
0	0	0
0	0	0
0	0	0
0	0	0
0	0	0
0	0	0
0	0	0
0	0	0
0	0	0
0	0	0
0	0	0
0	0	0
0	0	0
0	0	0
0	0	0
0	0	0
0	0	0
0	0	0
0	0	0
0	0	0
0	0	0
0	0	0
0	0	0
0	0	0
0	0	0
0	0	0
0	0	0
0	0	0
0	0	0
0	0	0
0	0	0
0	0	0
0	0	0
0	0	0
0	0	0
0	0	0
0	0	0
0	0	0
0	0	0
0	0	0
0	0	0
0	0	0
0	0	0
0	0	0
0	0	0
0	0	0
0	0	0
0	0	0
0	0	0
0	0	0
0	0	0
0	0	0
0	0	0
0	0	0
0	0	0
0	0	0
0	0	0
0	0	0
0	0	0
0	0	0
0	0	0
0	0	0
0	0	0
0	0	0
0	0	0
0	0	0
0	0	0
0	0	0
0	0	0
0	0	0
0	0	0
0	0	0
0	0	0
0	0	0
0	0	0
0	0	0
0	0	0
0	0	0
0	0	0
0	0	0
0	0	0
0	0	0
0	0	0
0	0	0
0	0	0
0	0	0
0	0	0
0	0	0
0	0	0
0	0	0
0	0	0
0	0	0
0	0	0
0	0	0
0	0	0
0	0	0
0	0	0
0	0	0
0	0	0
0	0	0
0	0	0
0	0	0
0	0	0
0	0	0
0	0	0
0	0	0
0	0	0
0	0	0
0	0	0
0	0	0
0	0	0
0	0	0
0	0	0
0	0	0
0	0	0
0	0	0
0	0	0
0	0	0
0	0	0
0	0	0
0	0	0
0	0	0
0	0	0
0	0	0
0	0	0
0	0	0
0	0	0
0	0	0
0	0	0
0	0	0
0	0	0
0	0	0
0	0	0
0	0	0
0	0	0
0	0	0
0	0	0
0	0	0
0	0	0
0	0	0
0	0	0
0	0	0
0	0	0
0	0	0
0	0	0
0	0	0
0	0	0
0	0	0
0	0	0
0	0	0
0	0	0
0	0	0
0	0	0
0	0	0
0	0	0
0	0	0
0	0	0
0	0	0
0	0	0
0	0	0
0	0	0
0	0	0
0	0	0
0	0	0
0	0	0
0	0	0
0	0	0
0	0	0
0	0	0
0	0	0
0	0	0
0	0	0
0	0	0
0	0	0
0	0	0
0	0	0
0	0	0
0	0	0
0	0	0
0	0	0
0	0	0
0	0	0
0	0	0
0	0	0
0	0	0
0	0	0
0	0	0
0	0	0
0	0	0
0	0	0
0	0	0
0	0	0
0	0	0
0	0	0
0	0	0
0	0	0
0	0	0
0	0	0
0	0	0
0	0	0
0	0	0
0	0	0
0	0	0
0	0	0
0	0	0
0	0	0
0	0	0
0	0	0
0	0	0
0	0	0
0	0	0
0	0	0
0	0	0
0	0	0
0	0	0
0	0	0
0	0	0
0	0	0
0	0	0
0	0	0
0	0	0
0	0	0
0	0	0
0	0	0
0	0	0
0	0	0
0	0	0
0	0	0
0	0	0
0	0	0
0	0	0
0	0	0
0	0	0
0	0	0
0	0	0
0	0	0
0	0	0
0	0	0
0	0	0
0	0	0
0	0	0
0	0	0
0	0	0
0	0	0
0	0	0
0	0	0
0	0	0
0	0	0
0	0	0
0	0	0
0	0	0
0	0	0
0	0	0
0	0	0
0	0	0
0	0	0
0	0	0
0	0	0
0	0	0
0	0	0
0	0	0
0	0	0
0	0	0
0	0	0
0	0	0
0	0	0
0	0	0
0	0	0
0	0	0
0	0	0
0	0	0
0	0	0
0	0	0
0	0	0
0	0	0
0	0	0
0	0	0
0	0	0
0	0	0
0	0	0
0	0	0
0	0	0
0	0	0
0	0	0
0	0	0
0	0	0
0	0	0
0	0	0
0	0	0
0	0	0
0	0	0
0	0	0
0	0	0
0	0	0
0	0	0
0	0	0
0	0	0
0	0	0
0	0	0
0	0	0
0	0	0
0	0	0
0	0	0
0	0	0
0	0	0
0	0	0
0	0	0
0	0	0
0	0	0
0	0	0
0	0	0
0	0	0
0	0	0
0	0	0
0	0	0
0	0	0
0	0	0
0	0	0
0	0	0
0	0	0
0	0	0
0	0	0
0	0	0
0	0	0
0	0	0
0	0	0
0	0	0
0	0	0
0	0	0
0	0	0
0	0	0
0	0	0
0	0	0
0	0	0
0	0	0
0	0	0
0	0	0
0	0	0
0	0	0
0	0	0
0	0	0
0	0	0
0	0	0
0	0	0
0	0	0
0	0	0
0	0	0
0	0	0
0	0	0
0	0	0
0	0	0
0	0	0
0	0	0
0	0	0
0	0	0
0	0	0
0	0	0
0	0	0
0	0	0
0	0	0
0	0	0
0	0	0
0	0	0
0	0	0
0	0	0
0	0	0
0	0	0
0	0	0
0	0	0
0	0	0
0	0	0
0	0	0
0	0	0
0	0	0
0	0	0
0	0	0
0	0	0
0	0	0
0	0	0
0	0	0
0	0	0
0	0	0
0	0	0
0	0	0
0	0	0
0	0	0
0	0	0
0	0	0
0	0	0
0	0	0
0	0	0
0	0	0
0	0	0
0	0	0
0	0	0
0	0	0
0	0	0
0	0	0
0	0	0
0	0	0
0	0	0
0	0	0
0	0	0
0	0	0
0	0	0
0	0	0
0	0	0
0	0	0
0	0	0
0	0	0
0	0	0
0	0	0
0	0	0
0	0	0
0	0	0
0	0	0
0	0	0
0	0	0
0	0	0
0	0	0
0	0	0
0	0	0
0	0	0
0	0	0
0	0	0
0	0	0
0	0	0
0	0	0
0	0	0
0	0	0
0	0	0
0	0	0
0	0	0
0	0	0
0	0	0
0	0	0
0	0	0
0	0	0
0	0	0
0	0	0
0	0	0
0	0	0
0	0	0
0	0	0
0	0	0
0	0	0
0	0	0
0	0	0
0	0	0
0	0	0
0	0	0
0	0	0
0	0	0
0	0	0
0	0	0
0	0	0
0	0	0
0	0	0
0	0	0
0	0	0
0	0	0
0	0	0
0	0	0
0	0	0
0	0	0
0	0	0
0	0	0
0	0	0
0	0	0
0	0	0
0	0	0
0	0	0
0	0	0
0	0	0
0	0	0
0	0	0
0	0	0
0	0	0
0	0	0
0	0	0
0	0	0
0	0	0
0	0	0
0	0	0
0	0	0
0	0	0
0	0	0
0	0	0
0	0	0
0	0	0
0	0	0
0	0	0
0	0	0
0	0	0
0	0	0
0	0	0
0	0	0
0	0	0
0	0	0
0	0	0
0	0	0
0	0	0
0	0	0
0	0	0
0	0	0
0	0	0
0	0	0
0	0	0
0	0	0
0	0	0
0	0	0
0	0	0
0	0	0
0	0	0
0	0	0
0	0	0
0	0	0
0	0	0
0	0	0
0	0	0
0	0	0
0	0	0
0	0	0
0	0	0
0	0	0
0	0	0
0	0	0
0	0	0
0	0	0
0	0	0
0	0	0
0	0	0
0	0	0
0	0	0
0	0	0
0	0	0
0	0	0
0	0	0
0	0	0
0	0	0
0	0	0
0	0	0
0	0	0
0	0	0
0	0	0
0	0	0
0	0	0
0	0	0
0	0	0
0	0	0
0	0	0
0	0	0
0	0	0
0	0	0
0	0	0
0	0	0
0	0	0
0	0	0
0	0	0
0	0	0
0	0	0
0	0	0
0	0	0
0	0	0
0	0	0
0	0	0
0	0	0
0	0	0
0	0	0
0	0	0
0	0	0
0	0	0
0	0	0
0	0	0
0	0	0
0	0	0
0	0	0
0	0	0
0	0	0
0	0	0
0	0	0
0	0	0
0	0	0
0	0	0
0	0	0
0	0	0
0	0	0
0	0	0
0	0	0
0	0	0
0	0	0
0	0	0
0	0	0
0	0	0
0	0	0
0	0	0
0	0	0
0	0	0
0	0	0
0	0	0
0	0	0
0	0	0
0	0	0
0	0	0
0	0	0
0	0	0
0	0	0
0	0	0
0	0	0
0	0	0
0	0	0
0	0	0
0	0	0
0	0	0
0	0	0
0	0	0
0	0	0
0	0	0
0	0	0
0	0	0
0	0	0
0	0	0
0	0	0
0	0	0
0	0	0
0	0	0
0	0	0
0	0	0
0	0	0
0	0	0
0	0	0
0	0	0
0	0	0
0	0	0
0	0	0
0	0	0
0	0	0
0	0	0
0	0	0
0	0	0
0	0	0
0	0	0
0	0	0
0	0	0
0	0	0
0	0	0
0	0	0
0	0	0
0	0	0
0	0	0
0	0	0
0	0	0
0	0	0
0	0	0
0	0	0
0	0	0
0	0	0
0	0	0
0	0	0
0	0	0
0	0	0
0	0	0
0	0	0
0	0	0
0	0	0
0	0	0
0	0	0
0	0	0
0	0	0
0	0	0
0	0	0
0	0	0
0	0	0
0	0	0
0	0	0
0	0	0
0	0	0
0	0	0
0	0	0
0	0	0
0	0	0
0	0	0
0	0	0
0	0	0
0	0	0
0	0	0
0	0	0
0	0	0
0	0	0
0	0	0
0	0	0
0	0	0
0	0	0
0	0	0
0	0	0
0	0	0
0	0	0
0	0	0
0	0	0
0	0	0
0	0	0
0	0	0
0	0	0
0	0	0
0	0	0
0	0	0
0	0	0
0	0	0
0	0	0
0	0	0
0	0	0
0	0	0
0	0	0
0	0	0
0	0	0
0	0	0
0	0	0
0	0	0
0	0	0
0	0	0
0	0	0
0	0	0
0	0	0
0	0	0
0	0	0
0	0	0
0	0	0
0	0	0
0	0	0
0	0	0
0	0	0
0	0	0
0	0	0
0	0	0
0	0	0
0	0	0
0	0	0
0	0	0
0	0	0
0	0	0
0	0	0
0	0	0
0	0	0
0	0	0
0	0	0
0	0	0
0	0	0
0	0	0
0	0	0
0	0	0
0	0	0
0	0	0
0.0179179	-0.00221576	0.0180544
0.0430642	-0.00683123	0.0436026
0.0634444	-0.0135856	0.0648827
0.0828774	-0.0236087	0.0861745
0.108268	-0.0287925	0.112031
0.136124	-0.039495	0.141737
0.163702	-0.0465443	0.17019
0.187944	-0.054957	0.195814
0.215747	-0.0579881	0.223404
0.242444	-0.0667697	0.25147
0.269959	-0.0723272	0.27948
0.295331	-0.0815694	0.306389
0.321934	-0.0810754	0.331986
0.349998	-0.0891918	0.361184
0.37875	-0.0983928	0.391322
0.406453	-0.105341	0.419882
0.428106	-0.112	0.442514
0.456887	-0.118322	0.471959
0.483024	-0.12747	0.49956
0.511107	-0.131484	0.527749
0.539387	-0.140634	0.55742
0.56854	-0.148027	0.587495
0.590946	-0.154301	0.610758
0.616816	-0.157098	0.636508
0.642317	-0.164261	0.662987
0.669564	-0.17012	0.690838
0.696039	-0.173297	0.717288
0.726189	-0.177533	0.747575
0.75146	-0.181833	0.773146
0.778836	-0.184314	0.800348
0.809269	-0.182336	0.829555
0.839151	-0.183859	0.859057
0.866534	-0.190407	0.887207
0.897235	-0.191404	0.917423
0.925344	-0.197308	0.946146
0.957255	-0.199388	0.9778
0.987346	-0.197714	1.00695
1.0168	-0.199718	1.03623
1.04316	-0.198353	1.06185
1.07293	-0.200239	1.09146
1.10226	-0.199301	1.12013
1.13261	-0.200555	1.15023
1.16286	-0.201823	1.18025
1.19388	-0.200059	1.21053
1.22761	-0.196099	1.24317
1.25861	-0.195475	1.2737
1.28576	-0.192225	1.30005
1.3136	-0.191704	1.32751
1.34021	-0.18722	1.35323
1.36886	-0.186326	1.38149
1.39719	-0.183338	1.40917
1.42736	-0.180785	1.43876
1.46576	-0.172864	1.47592
1.49612	-0.173437	1.50614
1.52572	-0.168877	1.53504
1.55346	-0.164553	1.56215
1.5803	-0.160057	1.58838
1.60787	-0.158794	1.61569
1.63464	-0.152302	1.64172
1.66275	-0.152661	1.66974
1.68883	-0.147215	1.69523
1.70908	-0.139971	1.7148
1.73418	-0.140149	1.73983
1.76041	-0.134824	1.76557
1.78269	-0.133664	1.78769
1.80775	-0.130194	1.81243
1.83486	-0.128949	1.83938
1.8626	-0.124122	1.86673
1.8922	-0.123406	1.89622
1.92353	-0.117242	1.9271
1.95339	-0.114208	1.95672
1.98332	-0.104899	1.98609
2.01768	-0.106064	2.02047
2.04803	-0.0991548	2.05043
2.08257	-0.0985455	2.0849
2.11098	-0.09294	2.11302
2.13943	-0.0909975	2.14136
2.16693	-0.0880823	2.16872
2.19808	-0.0779171	2.19946
2.22911	-0.0787142	2.2305
2.26002	-0.0757922	2.26129
2.29241	-0.0786031	2.29376
2.32358	-0.0743006	2.32477
2.3528	-0.0749427	2.35399
2.38406	-0.067801	2.38502
2.41277	-0.070523	2.4138
2.44146	-0.0684758	2.44242
2.46685	-0.0662093	2.46774
2.49486	-0.0623011	2.49564
2.52722	-0.066764	2.5281
2.56174	-0.0612213	2.56247
2.59261	-0.0636522	2.59339
2.62107	-0.061937	2.6218
2.64076	-0.0637121	2.64152
2.66473	-0.0635117	2.66549
2.69199	-0.0648362	2.69277
2.72092	-0.0703278	2.72183
2.7516	-0.0666215	2.75241
2.78118	-0.0708347	2.78208
2.80271	-0.0761233	2.80374
2.82751	-0.079509	2.82863
2.85295	-0.0830812	2.85416
2.8808	-0.080644	2.88193
2.90927	-0.0836991	2.91048
2.93657	-0.0797342	2.93765
2.96566	-0.0851725	2.96688
2.99743	-0.0849363	2.99864
3.02752	-0.0876815	3.02879
3.05514	-0.0930578	3.05655
3.08403	-0.0942849	3.08547
3.1121	-0.101279	3.11374
3.14339	-0.102618	3.14507
3.17412	-0.109487	3.17601
3.20085	-0.117113	3.203
3.2308	-0.116381	3.23289
3.25887	-0.12641	3.26132
3.29155	-0.129306	3.29409
3.31883	-0.139168	3.32175
3.35009	-0.145068	3.35323
3.37949	-0.1514	3.38288
3.40362	-0.161224	3.40744
3.42973	-0.166041	3.43374
3.45562	-0.176945	3.46015
3.48583	-0.186795	3.49083
3.51551	-0.196425	3.52099
3.5463	-0.202883	3.55209
3.57418	-0.218194	3.58084
3.60357	-0.227669	3.61075
3.63012	-0.239894	3.63804
3.65753	-0.253036	3.66627
3.69295	-0.262893	3.70229
3.71622	-0.274813	3.72636
3.74198	-0.283955	3.75274
3.76729	-0.295665	3.77887
3.79377	-0.307572	3.80621
3.82086	-0.316601	3.83396
3.84692	-0.333304	3.86134
3.86819	-0.345315	3.88357
3.89294	-0.354974	3.90909
3.91103	-0.367048	3.92822
3.93723	-0.373351	3.95489
3.95841	-0.385958	3.97718
3.98695	-0.39354	4.00632
4.0154	-0.408159	4.03609
4.03803	-0.422271	4.06005
4.06349	-0.435077	4.08672
4.09105	-0.446948	4.11539
4.11795	-0.463286	4.14393
4.14804	-0.48104	4.17584
4.17303	-0.489672	4.20166
4.19762	-0.503988	4.22777
4.22414	-0.512951	4.25517
4.24835	-0.527491	4.28097
4.27233	-0.541156	4.30647
4.29503	-0.55514	4.33076
4.31672	-0.563293	4.35332
4.33606	-0.577682	4.37437
4.35746	-0.589726	4.39718
4.38198	-0.601023	4.42301
4.40667	-0.609644	4.44864
4.42995	-0.626136	4.47398
4.45563	-0.638052	4.50109
4.48694	-0.654637	4.53444
4.51038	-0.672403	4.56022
4.53864	-0.686187	4.59022
4.56471	-0.701101	4.61823
4.58925	-0.720147	4.64541
4.6163	-0.732189	4.67401
4.64498	-0.748489	4.7049
4.66606	-0.754174	4.72662
4.69008	-0.76908	4.75272
4.71588	-0.780528	4.78004
4.74131	-0.791052	4.80685
4.7655	-0.806541	4.83327
4.79037	-0.819473	4.85995
4.82128	-0.828565	4.89196
4.84421	-0.843124	4.91703
4.86966	-0.85994	4.94501
4.89611	-0.869585	4.97274
4.92066	-0.881367	4.99897
4.94646	-0.891732	5.0262
4.97419	-0.900418	5.05503
5.00322	-0.909775	5.08527
5.03234	-0.921436	5.116
5.06321	-0.933989	5.14864
5.09411	-0.946457	5.18129
5.12247	-0.952477	5.21027
5.14952	-0.964	5.23898
5.17679	-0.97251	5.26734
5.20276	-0.980358	5.29432
5.22908	-0.988927	5.32177
5.25673	-0.996871	5.35042
5.28369	-1.0048	5.37838
5.3113	-1.01167	5.40679
5.33303	-1.02897	5.43139
5.3653	-1.03878	5.46494
5.3988	-1.04699	5.49938
5.42951	-1.05409	5.53089
5.45496	-1.06182	5.55734
5.48352	-1.06229	5.58547
5.51191	-1.06903	5.61462
5.54443	-1.07507	5.64769
5.57322	-1.08105	5.6771
5.60202	-1.08472	5.70607
5.63079	-1.08994	5.73531
5.65615	-1.09324	5.76084
5.68323	-1.09865	5.78845
5.7122	-1.10193	5.81751
5.74136	-1.10784	5.84727
5.77131	-1.10422	5.876
5.8003	-1.111	5.90574
5.82982	-1.11198	5.93492
5.85742	-1.11201	5.96204
5.87804	-1.11378	5.98263
5.90275	-1.11587	6.00729
5.9292	-1.11804	6.03369
5.95655	-1.11993	6.06091
5.98696	-1.11698	6.09026
6.01811	-1.12076	6.12158
6.04961	-1.11903	6.15223
6.07833	-1.1161	6.17995
6.10432	-1.11937	6.2061
6.13642	-1.12102	6.23798
6.16868	-1.11862	6.26928
6.20099	-1.11927	6.3012
6.23054	-1.12043	6.33048
6.25883	-1.12425	6.359
6.29043	-1.12638	6.39048
6.3195	-1.12811	6.4194
6.34917	-1.13143	6.4492
6.38312	-1.13347	6.48297
6.40963	-1.13473	6.50929
6.4371	-1.14117	6.53747
6.46558	-1.14083	6.56546
6.4951	-1.14801	6.59578
6.524	-1.15112	6.62477
6.55166	-1.15298	6.65234
6.58248	-1.15358	6.6828
6.61511	-1.1591	6.71589
6.64891	-1.15604	6.74866
6.68523	-1.16359	6.78574
6.71839	-1.16787	6.81914
6.74759	-1.16967	6.84822
6.77623	-1.17893	6.87802
6.80485	-1.18237	6.90681
6.83398	-1.1882	6.93651
6.86081	-1.19189	6.96358
6.8895	-1.20176	6.99353
6.92107	-1.20645	7.02544
6.9512	-1.21277	7.0562
6.97568	-1.21969	7.0815
7.00317	-1.22352	7.10924
7.0321	-1.23065	7.13897
7.06061	-1.23614	7.168
7.0882	-1.24238	7.19625
7.11406	-1.24803	7.2227
7.13728	-1.25623	7.24699
7.16183	-1.26102	7.272
7.18855	-1.2673	7.2994
7.22042	-1.27426	7.332
7.25392	-1.28717	7.36724
7.28459	-1.29535	7.39886
7.3147	-1.30034	7.42938
7.34483	-1.30884	7.46054
7.37916	-1.31755	7.49586
7.41267	-1.32995	7.53103
7.44333	-1.34077	7.56312
7.46685	-1.35365	7.58856
7.49658	-1.36281	7.61945
7.52317	-1.37481	7.64776
7.54992	-1.3895	7.67671
7.57796	-1.39686	7.70563
7.60755	-1.4097	7.73706
7.63534	-1.4167	7.76566
7.66964	-1.42802	7.80145
7.69993	-1.44136	7.83368
7.72839	-1.45603	7.86435
7.75451	-1.46735	7.89212
7.78153	-1.48377	7.92173
7.81378	-1.49719	7.95593
7.84839	-1.5077	7.99189
7.88253	-1.52356	8.02842
7.91285	-1.53876	8.06107
7.94283	-1.55093	8.09284
7.96945	-1.5656	8.12178
7.99599	-1.57581	8.14979
8.01835	-1.58803	8.17409
8.04228	-1.59519	8.19896
8.06985	-1.60531	8.22797
8.09851	-1.61588	8.25814
8.12953	-1.62508	8.29036
8.15937	-1.63699	8.32196
8.18096	-1.6533	8.34634
8.20564	-1.66399	8.37265
8.22869	-1.67611	8.39766
8.252	-1.68459	8.4222
8.27415	-1.69973	8.44693
8.29856	-1.71409	8.47374
8.32428	-1.72681	8.5015
8.34833	-1.74208	8.52816
8.37587	-1.74672	8.55606
8.40196	-1.76173	8.58468
8.42792	-1.77696	8.61321
8.4541	-1.78909	8.64134
8.48262	-1.80489	8.67251
8.50827	-1.81891	8.70052
8.53265	-1.83431	8.72759
8.55901	-1.84991	8.75664
8.5798	-1.86555	8.78028
8.60155	-1.87696	8.80396
8.62331	-1.89223	8.82848
8.65135	-1.90444	8.85848
8.67303	-1.9226	8.88357
8.69716	-1.93533	8.90989
8.72035	-1.95131	8.936
8.74419	-1.96579	8.96244
8.76528	-1.98368	8.98694
8.79037	-2	9.01502
8.81928	-2.01834	9.04728
8.84462	-2.03811	9.07641
8.86905	-2.05255	9.10347
8.88902	-2.07871	9.12884
8.91683	-2.09151	9.15884
8.93912	-2.11063	9.18492
8.96619	-2.12661	9.21494
8.9917	-2.14272	9.24347
9.01396	-2.16243	9.26971
9.03905	-2.17776	9.2977
9.06341	-2.19356	9.32508
9.08307	-2.21758	9.34986
9.10597	-2.23573	9.37641
9.12913	-2.25491	9.40349
9.15046	-2.27976	9.43018
9.17383	-2.30017	9.4578
9.19531	-2.31859	9.48312
9.21952	-2.33505	9.51062
9.24346	-2.35733	9.53931
9.26182	-2.3807	9.5629
9.28017	-2.39696	9.58472
9.29644	-2.41743	9.60561
9.31431	-2.43813	9.62813
9.3284	-2.45808	9.64683
9.34823	-2.47771	9.67101
9.36129	-2.50709	9.69119
9.38349	-2.53214	9.71914
9.4066	-2.54578	9.74501
9.42543	-2.56871	9.76918
9.43945	-2.58465	9.78691
9.44951	-2.60343	9.80158
9.46757	-2.62105	9.82369
9.4797	-2.64529	9.84186
9.50061	-2.66646	9.8677
9.51903	-2.68524	9.89053
9.53384	-2.70884	9.9112
9.55293	-2.73006	9.93537
9.56862	-2.75372	9.95698
9.58783	-2.77671	9.98182
9.60462	-2.8024	10.0051
9.62338	-2.82499	10.0295
9.63634	-2.85337	10.0499
9.65645	-2.88166	10.0773
9.67127	-2.90961	10.0995
9.687	-2.93676	10.1224
9.70607	-2.96073	10.1476
9.71792	-2.98531	10.1661
9.73483	-3.00808	10.189
9.75122	-3.02976	10.2111
9.77065	-3.05215	10.2363
9.78463	-3.07837	10.2574
9.79954	-3.1046	10.2796
9.81682	-3.13306	10.3047
9.83251	-3.16541	10.3295
9.84903	-3.18985	10.3527
9.86454	-3.21283	10.3746
9.87668	-3.23845	10.3941
9.89555	-3.26487	10.4202
9.90941	-3.29376	10.4425
9.9269	-3.32096	10.4677
9.93926	-3.34887	10.4883
9.94913	-3.37494	10.506
9.9647	-3.39853	10.5283
9.98081	-3.42484	10.5521
9.98897	-3.44773	10.5672
10.0026	-3.47009	10.5874
10.0131	-3.49649	10.606
10.026	-3.52474	10.6275
10.0354	-3.54929	10.6446
10.046	-3.5706	10.6617
10.0577	-3.59201	10.6799
10.0679	-3.61648	10.6977
10.0805	-3.64201	10.7182
10.091	-3.66818	10.737
10.1042	-3.69605	10.7589
10.1152	-3.72375	10.7789
10.1276	-3.74903	10.7993
10.1394	-3.76915	10.8173
10.15	-3.79005	10.8345
10.1552	-3.81122	10.8468
10.1646	-3.83412	10.8637
10.1773	-3.85747	10.8838
10.1879	-3.8839	10.9031
10.1944	-3.91264	10.9195
10.2079	-3.94118	10.9423
10.22	-3.96387	10.9617
10.2252	-3.99327	10.9773
10.2447	-4.01644	11.0039
10.2579	-4.04743	11.0276
10.2703	-4.071	11.0478
10.2752	-4.10158	11.0636
10.2881	-4.12985	11.0861
10.2976	-4.15491	11.1042
10.3074	-4.17988	11.1227
10.3189	-4.20209	11.1417
10.3305	-4.2264	11.1616
10.3432	-4.2439	11.18
10.3481	-4.26808	11.1938
10.3631	-4.29216	11.2168
10.372	-4.3199	11.2356
10.3848	-4.34469	11.257
10.3938	-4.37165	11.2757
10.4092	-4.39253	11.2981
10.4178	-4.41977	11.3166
10.4296	-4.44574	11.3376
10.439	-4.47276	11.3569
10.4514	-4.49939	11.3787
10.463	-4.52723	11.4005
10.4781	-4.55513	11.4254
10.4888	-4.58329	11.4465
10.5022	-4.60976	11.4694
10.5122	-4.63938	11.4904
10.5273	-4.66297	11.5137
10.537	-4.68667	11.5323
10.5501	-4.70975	11.5536
10.5622	-4.73396	11.5746
10.5696	-4.76026	11.592
10.587	-4.7802	11.6162
10.5984	-4.80648	11.6374
10.6106	-4.83049	11.6584
10.6306	-4.85951	11.6886
10.6412	-4.88994	11.711
10.6599	-4.91717	11.7393
10.6807	-4.9444	11.7696
10.6968	-4.97097	11.7954
10.7127	-4.9936	11.8194
10.7291	-5.01686	11.8441
10.7486	-5.03877	11.871
10.764	-5.05927	11.8937
10.7804	-5.08239	11.9183
10.7977	-5.10511	11.9438
10.8139	-5.12839	11.9683
10.8337	-5.14912	11.9951
10.854	-5.17429	12.0243
10.8745	-5.19705	12.0525
10.8944	-5.22307	12.0817
10.9168	-5.24437	12.1112
10.9352	-5.26352	12.1361
10.9536	-5.28196	12.1606
10.9712	-5.29836	12.1836
10.9902	-5.31563	12.2082
11.0114	-5.33568	12.236
11.038	-5.35315	12.2676
11.0599	-5.37338	12.2961
11.0834	-5.39158	12.3252
11.1056	-5.40762	12.3522
11.1297	-5.42248	12.3804
11.1521	-5.44275	12.4094
11.1779	-5.4517	12.4365
11.1989	-5.47826	12.467
11.2265	-5.49715	12.5001
11.2561	-5.51023	12.5325
11.2835	-5.52631	12.5641
11.3128	-5.53799	12.5956
11.3384	-5.55155	12.6246
11.3598	-5.56182	12.6482
11.3831	-5.57387	12.6745
11.4126	-5.5877	12.7071
11.4391	-5.60278	12.7375
11.4652	-5.61518	12.7664
11.4918	-5.62287	12.7937
11.516	-5.63538	12.8209
11.5418	-5.64423	12.848
11.5668	-5.65569	12.8755
11.5939	-5.66354	12.9033
11.6191	-5.67774	12.9321
11.6484	-5.68434	12.9613
11.6777	-5.69258	12.9913
11.7059	-5.70092	13.0203
11.7331	-5.70787	13.0478
11.764	-5.71299	13.0779
11.7915	-5.73119	13.1105
11.8257	-5.73607	13.1434
11.8574	-5.74374	13.1753
11.884	-5.7489	13.2015
11.9155	-5.75926	13.2343
11.9477	-5.761	13.2641
11.9809	-5.7667	13.2965
12.0134	-5.76968	13.3271
12.0439	-5.77128	13.3553
12.0759	-5.77079	13.384
12.105	-5.77169	13.4106
12.1296	-5.76869	13.4315
12.156	-5.77196	13.4567
12.1777	-5.77375	13.4771
12.1995	-5.76677	13.4938
12.2254	-5.76588	13.5168
12.2527	-5.75876	13.5385
12.2831	-5.75852	13.5659
12.3123	-5.75287	13.59
12.3408	-5.75939	13.6186
12.3737	-5.74851	13.6438
12.4056	-5.74422	13.6709
12.4373	-5.73247	13.6948
12.4644	-5.72575	13.7166
12.4832	-5.72013	13.7314
12.5055	-5.72131	13.7522
12.5279	-5.70845	13.7671
12.5568	-5.69899	13.7896
12.5843	-5.68904	13.8105
12.6131	-5.67856	13.8324
12.6439	-5.67408	13.8587
12.6726	-5.65992	13.8791
12.6958	-5.64415	13.8939
12.7212	-5.63603	13.9138
12.7457	-5.62038	13.9299
12.775	-5.60914	13.9522
12.8055	-5.59558	13.9747
12.831	-5.57616	13.9903
12.8555	-5.55676	14.005
12.8846	-5.55117	14.0295
12.9087	-5.53171	14.044
12.9373	-5.50771	14.0609
12.9636	-5.48811	14.0774
12.9878	-5.46812	14.092
13.0069	-5.4485	14.102
13.0325	-5.43221	14.1193
13.0522	-5.40957	14.1288
13.0782	-5.39251	14.1463
13.0965	-5.366	14.1531
13.1233	-5.35023	14.172
13.1393	-5.32565	14.1776
13.1643	-5.30317	14.1923
13.1841	-5.27475	14.2001
13.207	-5.24503	14.2104
13.2309	-5.21932	14.2232
13.2445	-5.19304	14.2261
13.2572	-5.17037	14.2298
13.2737	-5.14225	14.2349
13.2892	-5.11605	14.24
13.3054	-5.09057	14.246
13.3192	-5.06208	14.2487
13.3256	-5.03737	14.2459
13.3394	-5.01393	14.2506
13.3502	-4.98797	14.2516
13.3604	-4.96074	14.2517
13.3727	-4.9349	14.2542
13.382	-4.90797	14.2537
13.3909	-4.88133	14.2528
13.4028	-4.8587	14.2563
13.4115	-4.83333	14.2558
13.4186	-4.80664	14.2535
13.4263	-4.78171	14.2523
13.4346	-4.75634	14.2517
13.4416	-4.7259	14.2481
13.4496	-4.69189	14.2445
13.4562	-4.66074	14.2405
13.463	-4.62972	14.2368
13.4648	-4.59849	14.2284
13.4755	-4.57137	14.2298
13.4808	-4.54537	14.2265
13.478	-4.51883	14.2153
13.4797	-4.48311	14.2056
13.4809	-4.45177	14.1969
13.4852	-4.42067	14.1913
13.4854	-4.39354	14.1831
13.4812	-4.36703	14.1709
13.4777	-4.33448	14.1575
13.4794	-4.29976	14.1486
13.4751	-4.26686	14.1346
13.4681	-4.23329	14.1177
13.4667	-4.20111	14.1067
13.4631	-4.17156	14.0946
13.4617	-4.1412	14.0843
13.4557	-4.11194	14.0699
13.4507	-4.08465	14.0573
13.446	-4.0552	14.0442
13.439	-4.02772	14.0295
13.4317	-4.00059	14.0148
13.4249	-3.97195	14.0002
13.4173	-3.94435	13.9851
13.4106	-3.91547	13.9705
13.4029	-3.88111	13.9535
13.3967	-3.85607	13.9406
13.3868	-3.82911	13.9237
13.3799	-3.80426	13.9102
13.3706	-3.77884	13.8944
13.3644	-3.75417	13.8816
13.3504	-3.72847	13.8613
13.341	-3.70292	13.8453
13.3283	-3.67795	13.8265
13.3134	-3.65275	13.8054
13.3024	-3.62562	13.7876
13.2888	-3.59763	13.7672
13.2803	-3.57477	13.753
13.271	-3.54812	13.7371
13.2612	-3.52181	13.7209
13.2448	-3.49558	13.6983
13.2326	-3.46789	13.6795
13.2163	-3.44122	13.657
13.2021	-3.41325	13.6362
13.1841	-3.38468	13.6117
13.1677	-3.36096	13.5898
13.1586	-3.33801	13.5754
13.1485	-3.31786	13.5606
13.1392	-3.29554	13.5462
13.1238	-3.27169	13.5255
13.1068	-3.24684	13.503
13.0932	-3.21932	13.4831
13.0774	-3.19389	13.4618
13.0611	-3.16769	13.4398
13.0526	-3.14179	13.4254
13.0359	-3.11827	13.4037
13.0219	-3.09171	13.3839
13.0045	-3.06895	13.3617
12.9889	-3.04348	13.3407
12.9716	-3.01632	13.3176
12.959	-2.98953	13.2994
12.9498	-2.96448	13.2848
12.9327	-2.93905	13.2625
12.9178	-2.91306	13.2422
12.8946	-2.88461	13.2133
12.8773	-2.85433	13.1898
12.8593	-2.82751	13.1665
12.8432	-2.80267	13.1455
12.8294	-2.78094	13.1274
12.8175	-2.75323	13.1099
12.7931	-2.72783	13.0807
12.7788	-2.69299	13.0595
12.7606	-2.66647	13.0362
12.7478	-2.63909	13.0181
12.7296	-2.61384	12.9952
12.7174	-2.58694	12.9778
12.7023	-2.55627	12.9569
12.6882	-2.52816	12.9376
12.679	-2.50267	12.9237
12.6646	-2.47658	12.9045
12.6524	-2.45086	12.8876
12.6414	-2.42624	12.8721
12.6321	-2.40274	12.8586
12.6138	-2.3749	12.8354
12.6047	-2.3403	12.8201
12.5899	-2.31065	12.8001
12.5834	-2.27915	12.7881
12.5694	-2.25237	12.7696
12.5584	-2.22532	12.754
12.5422	-2.20242	12.7341
12.5273	-2.17105	12.714
12.5125	-2.14071	12.6943
12.5026	-2.11024	12.6795
12.4945	-2.07866	12.6663
12.4824	-2.04995	12.6497
12.4741	-2.0237	12.6372
12.4661	-1.99178	12.6242
12.4482	-1.96593	12.6024
12.4397	-1.935	12.5893
12.4306	-1.90654	12.576
12.424	-1.87674	12.565
12.4155	-1.851	12.5527
12.408	-1.8218	12.5411
12.3996	-1.79477	12.5288
12.3939	-1.76859	12.5194
12.3865	-1.74292	12.5085
12.3792	-1.71781	12.4978
12.3721	-1.6916	12.4872
12.3635	-1.66621	12.4752
12.3607	-1.63838	12.4688
12.3503	-1.60857	12.4546
12.3432	-1.57921	12.4438
12.3366	-1.54993	12.4336
12.328	-1.52113	12.4215
12.3184	-1.49182	12.4084
12.3076	-1.46709	12.3948
12.2994	-1.43656	12.383
12.2918	-1.40794	12.3722
12.2905	-1.3756	12.3672
12.2801	-1.34563	12.3536
12.2728	-1.31274	12.3428
12.2626	-1.28321	12.3296
12.256	-1.25638	12.3202
12.2495	-1.22999	12.3111
12.2414	-1.20397	12.3004
12.2328	-1.17483	12.2891
12.2262	-1.14978	12.2802
12.2161	-1.1268	12.268
12.21	-1.09859	12.2594
12.1989	-1.07098	12.2458
12.1913	-1.04421	12.2359
12.1769	-1.02066	12.2196
12.1727	-0.987685	12.2128
12.1612	-0.959191	12.199
12.1538	-0.929407	12.1893
12.1448	-0.904684	12.1785
12.1377	-0.877887	12.1694
12.1244	-0.851867	12.1543
12.1166	-0.823512	12.1445
12.1039	-0.795512	12.1301
12.1019	-0.76883	12.1263
12.088	-0.733176	12.1102
12.0766	-0.701843	12.097
12.0657	-0.671231	12.0844
12.0542	-0.645751	12.0715
12.0451	-0.618735	12.061
12.0364	-0.591945	12.051
12.0254	-0.565708	12.0387
12.0166	-0.541106	12.0287
12.0026	-0.51908	12.0138
11.9955	-0.487333	12.0053
11.9845	-0.461622	11.9934
11.9749	-0.435828	11.9828
11.962	-0.407505	11.9689
11.9489	-0.377672	11.9548
11.9372	-0.349034	11.9423
11.927	-0.322423	11.9314
11.9139	-0.295546	11.9176
11.9029	-0.268061	11.9059
11.8923	-0.240686	11.8947
11.8841	-0.213812	11.886
11.8717	-0.190409	11.8732
11.8627	-0.162105	11.8638
11.8494	-0.135934	11.8502
11.8377	-0.107568	11.8382
11.8276	-0.0820224	11.8279
11.8152	-0.0577631	11.8154
11.8049	-0.0318282	11.805
11.7951	-0.00411194	11.7951
11.7781	0.0264058	11.7781
11.7647	0.0555363	11.7648
11.747	0.0803378	11.7473
11.7349	0.109356	11.7354
11.7224	0.137035	11.7232
11.7111	0.162475	11.7123
11.7004	0.185032	11.7018
11.6941	0.21102	11.696
11.6843	0.240032	11.6867
11.6721	0.27121	11.6753
11.6596	0.297235	11.6634
11.6489	0.323173	11.6534
11.638	0.349041	11.6432
11.627	0.374634	11.6331
11.623	0.397851	11.6298
11.6102	0.421087	11.6178
11.6013	0.4471	11.6099
11.5891	0.471815	11.5987
11.5785	0.497845	11.5892
11.5711	0.525226	11.583
11.5602	0.554543	11.5735
11.5483	0.583522	11.563
11.5379	0.610903	11.5541
11.533	0.637509	11.5506
11.521	0.666448	11.5402
11.5098	0.693996	11.5307
11.4973	0.724154	11.52
11.4854	0.754922	11.5102
11.4744	0.782607	11.5011
11.4625	0.811006	11.4912
11.4545	0.841546	11.4854
11.4413	0.866415	11.474
11.4347	0.891949	11.4694
11.4209	0.917645	11.4577
11.4078	0.945018	11.4469
11.3996	0.975812	11.4413
11.3876	0.997647	11.4313
11.3785	1.02329	11.4244
11.3697	1.04734	11.4179
11.3606	1.07203	11.4111
11.3487	1.09799	11.4017
11.3356	1.12248	11.391
11.3242	1.15623	11.383
11.3112	1.18712	11.3734
11.3013	1.21529	11.3665
11.2905	1.23871	11.3583
11.2864	1.26301	11.3568
11.2755	1.28646	11.3486
11.272	1.31177	11.348
11.2626	1.34211	11.3422
11.2526	1.36766	11.3354
11.248	1.40035	11.3349
11.2328	1.43595	11.3242
11.2211	1.46834	11.3168
11.2118	1.49806	11.3114
11.203	1.52702	11.3066
11.1888	1.55265	11.296
11.1829	1.58182	11.2942
11.1775	1.6078	11.2926
11.1701	1.63337	11.2889
11.164	1.65941	11.2867
11.1527	1.68517	11.2793
11.1477	1.71387	11.2786
11.1428	1.7372	11.2774
11.139	1.76254	11.2776
11.1315	1.78889	11.2743
11.1258	1.81771	11.2733
11.119	1.84551	11.2711
11.1132	1.87589	11.2704
11.1022	1.90559	11.2646
11.0959	1.94105	11.2644
11.0887	1.97448	11.2631
11.0823	2.0092	11.263
11.0745	2.04331	11.2615
11.0694	2.0728	11.2618
11.069	2.1014	11.2667
11.061	2.13133	11.2645
11.0656	2.16186	11.2748
11.0571	2.19303	11.2725
11.0554	2.22436	11.277
11.0531	2.25472	11.2808
11.0509	2.28411	11.2845
11.0477	2.30849	11.2864
11.0457	2.33136	11.289
11.0412	2.35289	11.2891
11.0449	2.3811	11.2986
11.0402	2.41037	11.3002
11.0373	2.44038	11.3038
11.0341	2.46837	11.3068
11.0351	2.49394	11.3134
11.0348	2.52004	11.3189
11.0373	2.54559	11.327
11.0314	2.57192	11.3272
11.0326	2.60099	11.3351
11.0293	2.62452	11.3373
11.028	2.65027	11.3419
11.0274	2.67782	11.3479
11.0237	2.70575	11.3509
11.0243	2.73428	11.3583
11.0252	2.76294	11.3661
11.0229	2.79133	11.3708
11.0222	2.81971	11.3771
11.021	2.84859	11.3832
11.0166	2.87978	11.3868
11.014	2.91071	11.3922
11.0134	2.94033	11.3991
11.0158	2.96643	11.4082
11.0125	2.99525	11.4125
11.0123	3.02394	11.4199
11.013	3.04715	11.4268
11.0094	3.07373	11.4304
11.0164	3.10209	11.4448
11.0153	3.13057	11.4515
11.0088	3.15836	11.4529
11.0066	3.18811	11.459
11.0046	3.21607	11.4649
10.9987	3.24776	11.4682
10.9988	3.28233	11.4782
10.9937	3.31696	11.4831
10.9929	3.34861	11.4916
10.9898	3.37525	11.4964
10.9865	3.40261	11.5014
10.9846	3.42879	11.5073
10.9825	3.45488	11.5131
10.9766	3.47978	11.515
10.9724	3.51225	11.5208
10.9681	3.54047	11.5254
10.963	3.5689	11.5292
10.9572	3.59765	11.5327
10.9555	3.62745	11.5404
10.9489	3.65367	11.5424
10.9454	3.68514	11.5492
10.9377	3.71381	11.551
10.9335	3.73725	11.5546
10.9269	3.76303	11.5567
10.9204	3.78944	11.5592
10.9109	3.81841	11.5598
10.9032	3.84638	11.5617
10.8927	3.86976	11.5597
10.8901	3.89934	11.5672
10.8821	3.93058	11.5702
10.8695	3.95695	11.5674
10.8637	3.98464	11.5714
10.8528	4.00202	11.5672
10.8423	4.03679	11.5694
10.8319	4.06901	11.5709
10.8205	4.09758	11.5704
10.809	4.12478	11.5693
10.7972	4.15441	11.5689
10.7838	4.18387	11.567
10.7733	4.21365	11.568
10.7624	4.24189	11.5682
10.7518	4.26732	11.5677
10.7385	4.29043	11.5639
10.7293	4.3145	11.5643
10.7133	4.33825	11.5584
10.6966	4.36323	11.5523
10.6822	4.389	11.5487
10.667	4.41454	11.5444
10.6505	4.43344	11.5364
10.6397	4.45846	11.5361
10.6248	4.48216	11.5315
10.6103	4.50725	11.528
10.5932	4.53206	11.5219
10.5746	4.55514	11.514
10.5584	4.58172	11.5096
10.5404	4.61009	11.5045
10.5234	4.63847	11.5003
10.5043	4.65997	11.4915
10.4892	4.68465	11.4878
10.4711	4.70753	11.4806
10.4545	4.73097	11.4751
10.4367	4.75335	11.4682
10.4231	4.77364	11.4642
10.4043	4.80414	11.4599
10.3838	4.82771	11.4512
10.3649	4.85046	11.4437
10.3481	4.87266	11.4379
10.331	4.8967	11.4327
10.3093	4.91689	11.4218
10.2962	4.93904	11.4195
10.2753	4.95829	11.4091
10.2561	4.97944	11.401
10.2404	5.00138	11.3965
10.2202	5.01792	11.3856
10.203	5.03953	11.3797
10.1827	5.05608	11.3688
10.1599	5.07933	11.3588
10.1366	5.09842	11.3465
10.1178	5.1204	11.3396
10.0962	5.14278	11.3306
10.0724	5.15765	11.3161
10.0544	5.18136	11.311
10.0311	5.20364	11.3005
10.006	5.21713	11.2844
9.98632	5.23937	11.2773
9.96256	5.25867	11.2653
9.94135	5.27768	11.2554
9.91782	5.29215	11.2414
9.89812	5.30566	11.2304
9.87891	5.31849	11.2196
9.85808	5.33429	11.2088
9.83541	5.3518	11.1972
9.81031	5.36848	11.1831
9.78828	5.38441	11.1715
9.76563	5.39983	11.1591
9.74567	5.41875	11.1508
9.72271	5.43193	11.1372
9.69952	5.44812	11.1249
9.6765	5.46508	11.1131
9.64956	5.48148	11.0978
9.62431	5.49852	11.0843
9.60287	5.51505	11.0739
9.58125	5.53031	11.0628
9.55972	5.54472	11.0513
9.53465	5.56092	11.0378
9.50867	5.57161	11.0208
9.48291	5.58962	11.0077
9.45738	5.59884	10.9904
9.43127	5.61269	10.975
9.40853	5.62129	10.9599
9.38424	5.63582	10.9465
9.35924	5.64909	10.9319
9.33939	5.66167	10.9215
9.31603	5.67322	10.9075
9.2918	5.68344	10.8922
9.26553	5.70015	10.8785
9.23922	5.71724	10.8651
9.21181	5.73058	10.8488
9.18549	5.74479	10.834
9.1548	5.76191	10.8171
9.12473	5.78032	10.8015
9.09474	5.79568	10.7844
9.06671	5.80874	10.7679
9.03793	5.82238	10.751
9.00934	5.83295	10.7327
8.9825	5.84331	10.7159
8.96198	5.86092	10.7083
8.93093	5.87618	10.6907
8.90491	5.89427	10.6789
8.87943	5.90711	10.6648
8.85315	5.92021	10.6502
8.82909	5.92715	10.6341
8.80785	5.94451	10.6262
8.78151	5.95612	10.6109
8.75721	5.97034	10.5988
8.72644	5.98872	10.5837
8.69454	6.00194	10.565
8.66695	6.01908	10.552
8.64276	6.03272	10.54
8.62047	6.04547	10.529
8.5959	6.05882	10.5166
8.56926	6.07304	10.5031
8.54289	6.08309	10.4874
8.52312	6.1001	10.4812
8.49932	6.11241	10.469
8.47557	6.12718	10.4584
8.45114	6.14119	10.4468
8.4272	6.1562	10.4363
8.40403	6.17096	10.4263
8.37972	6.19154	10.419
8.35709	6.20814	10.4107
8.3264	6.22113	10.3938
8.29679	6.24574	10.3849
8.26563	6.26393	10.371
8.2394	6.28303	10.3617
8.21529	6.29829	10.3518
8.19482	6.31648	10.3466
8.17215	6.33145	10.3379
8.15108	6.34659	10.3305
8.12785	6.36227	10.3218
8.10532	6.38355	10.3173
8.07947	6.3983	10.3061
8.06028	6.4132	10.3003
8.03832	6.4266	10.2915
8.01696	6.44551	10.2867
7.99427	6.46184	10.2793
7.97747	6.47992	10.2776
7.95737	6.49864	10.2739
7.92888	6.51261	10.2607
7.9063	6.53466	10.2573
7.88352	6.55728	10.2542
7.8629	6.57833	10.2518
7.84235	6.59704	10.2481
7.8204	6.61826	10.245
7.8008	6.63859	10.2432
7.78164	6.65982	10.2424
7.76242	6.68081	10.2415
7.74579	6.70129	10.2423
7.72992	6.72217	10.244
7.71064	6.74023	10.2413
7.69502	6.76196	10.2439
7.6808	6.78562	10.2489
7.6625	6.80763	10.2498
7.64624	6.83113	10.2533
7.62742	6.85491	10.2551
7.61134	6.87949	10.2596
7.59895	6.90546	10.2679
7.58287	6.92861	10.2716
7.56882	6.95316	10.2778
7.5606	6.97948	10.2896
7.54729	7.00596	10.2978
7.53616	7.03416	10.3089
7.5233	7.0564	10.3147
7.51135	7.07867	10.3212
7.49998	7.10262	10.3294
7.4875	7.12602	10.3365
7.48895	7.15467	10.3573
7.48175	7.18599	10.3738
7.46868	7.2157	10.385
7.46444	7.23871	10.3979
7.4525	7.26	10.4042
7.44226	7.28319	10.4131
7.43318	7.30233	10.42
7.43303	7.33243	10.441
7.42277	7.36032	10.4533
7.41704	7.38552	10.467
7.40715	7.40717	10.4753
7.40156	7.43405	10.4904
7.39316	7.45761	10.5012
7.3915	7.48456	10.5192
7.3803	7.51266	10.5313
7.3764	7.54261	10.55
7.37034	7.57129	10.5663
7.3668	7.60166	10.5856
7.35636	7.63494	10.6023
7.34905	7.67459	10.6258
7.34714	7.70904	10.6494
7.3433	7.73924	10.6686
7.34449	7.76559	10.6886
7.33978	7.79391	10.706
7.34096	7.82609	10.7302
7.33726	7.85714	10.7503
7.33973	7.88658	10.7736
7.33547	7.91132	10.7888
7.33003	7.93526	10.8027
7.3321	7.95913	10.8216
7.33415	7.98548	10.8424
7.3326	8.01311	10.8617
7.33383	8.04145	10.8835
7.33084	8.07253	10.9044
7.32685	8.10266	10.9241
7.33189	8.12773	10.9461
7.33032	8.15636	10.9663
7.33209	8.18533	10.989
7.33778	8.21353	11.0139
7.33571	8.242	11.0337
7.3373	8.27124	11.0566
7.34285	8.30139	11.0829
7.34441	8.33112	11.1062
7.35457	8.36313	11.137
7.35222	8.39132	11.1566
7.354	8.42523	11.1833
7.35828	8.45559	11.209
7.36137	8.48488	11.2331
7.36369	8.51633	11.2584
7.37017	8.54523	11.2845
7.37247	8.57474	11.3084
7.37675	8.60203	11.3319
7.37701	8.6202	11.3458
7.38081	8.64593	11.3679
7.38334	8.67342	11.3904
7.38928	8.70182	11.4159
7.39298	8.73115	11.4407
7.40122	8.75812	11.4666
7.40621	8.79015	11.4943
7.40823	8.81592	11.5153
7.41274	8.84413	11.5398
7.41933	8.87027	11.5641
7.42333	8.89773	11.5877
7.42493	8.92609	11.6105
7.43037	8.95709	11.6379
7.43875	8.98667	11.666
7.44368	9.01131	11.6881
7.45044	9.03826	11.7132
7.45596	9.06566	11.7379
7.46424	9.09025	11.7621
7.47191	9.11782	11.7883
7.47833	9.14825	11.8159
7.48519	9.17396	11.8402
7.49125	9.20207	11.8658
7.49996	9.22701	11.8906
7.50604	9.25626	11.9172
7.51333	9.28543	11.9444
7.52472	9.3119	11.9722
7.52731	9.33905	11.9949
7.53437	9.36841	12.0222
7.54236	9.39846	12.0507
7.54813	9.42416	12.0743
7.55253	9.45033	12.0975
7.55951	9.47883	12.1241
7.5652	9.50751	12.1501
7.57319	9.53682	12.178
7.57925	9.57018	12.2079
7.58867	9.59814	12.2357
7.59878	9.62467	12.2628
7.60615	9.65222	12.289
7.61768	9.68394	12.321
7.62436	9.71434	12.3491
7.63567	9.74969	12.3839
7.64018	9.77803	12.409
7.64375	9.80337	12.4311
7.65676	9.82984	12.46
7.66482	9.85542	12.4851
7.67242	9.87913	12.5085
7.67401	9.90245	12.5279
7.6845	9.92669	12.5535
7.69038	9.95307	12.578
7.69828	9.97826	12.6027
7.70528	10.0053	12.6285
7.71372	10.0295	12.6528
7.72118	10.0555	12.6779
7.73099	10.0813	12.7043
7.74085	10.1095	12.7327
7.75067	10.138	12.7614
7.76289	10.1654	12.7906
7.77273	10.1959	12.8207
7.77674	10.2251	12.8465
7.78849	10.2508	12.874
7.79917	10.2796	12.9034
7.80934	10.3161	12.9386
7.82165	10.3468	12.9705
7.83295	10.3753	13.0001
7.84575	10.3994	13.027
7.84979	10.4261	13.0508
7.86477	10.452	13.0805
7.87341	10.4782	13.1066
7.88828	10.5082	13.1396
7.89753	10.5339	13.1656
7.91127	10.5577	13.1929
7.91742	10.5862	13.2194
7.942	10.608	13.2516
7.95734	10.644	13.2896
7.97127	10.6749	13.3227
7.9852	10.7037	13.3542
8.00202	10.7292	13.3846
8.01266	10.7499	13.4076
8.0269	10.7706	13.4327
8.04237	10.7953	13.4617
8.05879	10.8207	13.4919
8.07583	10.8447	13.5213
8.0932	10.8681	13.5505
8.11197	10.8911	13.5801
8.12642	10.9142	13.6073
8.1429	10.938	13.6362
8.16361	10.9603	13.6665
8.18365	10.9891	13.7016
8.20408	11.0105	13.7309
8.22525	11.0302	13.7594
8.24405	11.0515	13.7877
8.26328	11.0723	13.8158
8.27867	11.0937	13.8422
8.30095	11.1099	13.8685
8.31498	11.1331	13.8955
8.33341	11.1612	13.9291
8.36012	11.1799	13.96
8.37808	11.2012	13.9878
8.40304	11.2123	14.0117
8.42422	11.2332	14.0411
8.4453	11.2498	14.067
8.46721	11.2651	14.0924
8.4891	11.2824	14.1194
8.51524	11.2967	14.1466
8.53619	11.3193	14.1772
8.56149	11.3358	14.2056
8.58934	11.3544	14.2373
8.61012	11.3714	14.2634
8.63946	11.3845	14.2915
8.66466	11.4065	14.3242
8.69095	11.4251	14.355
8.71858	11.4419	14.3851
8.74476	11.4601	14.4154
8.77004	11.4736	14.4415
8.79465	11.489	14.4687
8.823	11.5075	14.5006
8.8494	11.5247	14.5303
8.87693	11.5413	14.5603
8.90153	11.5554	14.5865
8.93096	11.5661	14.6129
8.95701	11.5813	14.6408
8.98802	11.5982	14.6732
9.01145	11.6065	14.6941
9.03342	11.6187	14.7172
9.05718	11.6294	14.7402
9.0859	11.6397	14.766
9.11569	11.6582	14.7989
9.14568	11.673	14.8291
9.17231	11.6867	14.8563
9.19672	11.6929	14.8763
9.22574	11.7053	14.904
9.25329	11.7166	14.9299
9.27885	11.7278	14.9545
9.30526	11.7379	14.9789
9.33874	11.7505	15.0095
9.36947	11.765	15.04
9.39621	11.7747	15.0643
9.42402	11.786	15.0904
9.45268	11.7959	15.1161
9.48155	11.8077	15.1433
9.51011	11.8165	15.1681
9.53367	11.8251	15.1896
9.55749	11.8336	15.2111
9.58368	11.8424	15.2345
9.61108	11.8486	15.2565
9.63802	11.8597	15.2821
9.66472	11.8684	15.3057
9.6957	11.8752	15.3306
9.72283	11.8874	15.3572
9.75449	11.8975	15.3851
9.78108	11.9084	15.4104
9.80944	11.9156	15.4339
9.83727	11.9263	15.4599
9.86999	11.9285	15.4824
9.89564	11.9359	15.5045
9.922	11.9444	15.5279
9.94407	11.9498	15.5461
9.96897	11.9557	15.5666
9.98898	11.9665	15.5877
10.0101	11.9737	15.6068
10.0322	11.9763	15.6229
10.0599	11.9852	15.6476
10.0896	11.9948	15.674
10.1185	12.0026	15.6987
10.1454	12.0104	15.7219
10.1761	12.0194	15.7486
10.2039	12.028	15.7732
10.2323	12.0336	15.7958
10.2588	12.038	15.8163
10.2883	12.0465	15.842
10.3174	12.0521	15.8651
10.3462	12.0636	15.8926
10.3762	12.0678	15.9154
10.4074	12.0766	15.9423
10.4398	12.0816	15.9673
10.473	12.0824	15.9896
10.5019	12.0877	16.0126
10.5302	12.0905	16.0333
10.5614	12.0981	16.0595
10.5949	12.1012	16.0839
10.625	12.1045	16.1062
10.6505	12.1084	16.1259
10.6774	12.1129	16.1471
10.7049	12.1154	16.1672
10.7295	12.1208	16.1875
10.757	12.1219	16.2066
10.7826	12.126	16.2267
10.8099	12.1274	16.2458
10.8362	12.1301	16.2654
10.8626	12.1303	16.2831
10.89	12.133	16.3034
10.9208	12.1356	16.3259
10.9567	12.1373	16.3513
10.9911	12.1349	16.3725
11.0252	12.1371	16.3971
11.0575	12.1395	16.4206
11.088	12.1395	16.4411
11.1182	12.1409	16.4625
11.1481	12.1425	16.4839
11.1735	12.1375	16.4975
11.1985	12.1377	16.5146
11.2225	12.1334	16.5276
11.2495	12.1351	16.5473
11.2783	12.1327	16.5651
11.306	12.1401	16.5894
11.3393	12.1377	16.6103
11.3708	12.1349	16.6298
11.4016	12.1345	16.6506
11.4295	12.1306	16.6669
11.4561	12.1267	16.6823
11.4853	12.1278	16.7031
11.5144	12.1241	16.7205
11.5437	12.12	16.7378
11.5729	12.1155	16.7546
11.6037	12.1133	16.7743
11.6339	12.1081	16.7914
11.6633	12.1057	16.8101
11.6919	12.1028	16.828
11.719	12.0981	16.8434
11.7513	12.0974	16.8654
11.7858	12.0865	16.8816
11.8215	12.0824	16.9036
11.8551	12.0828	16.9274
11.8921	12.0739	16.947
11.9267	12.0719	16.9699
11.9606	12.0679	16.9909
11.9943	12.0642	17.012
12.0264	12.0584	17.0306
12.0592	12.0507	17.0482
12.089	12.0466	17.0665
12.1193	12.039	17.0826
12.1494	12.0367	17.1024
12.1748	12.0269	17.1135
12.2024	12.024	17.1311
12.23	12.0178	17.1465
12.2586	12.0063	17.1588
12.293	12.0005	17.1793
12.3236	11.9948	17.1973
12.3543	11.9878	17.2144
12.3867	11.9849	17.2357
12.4189	11.978	17.254
12.4517	11.971	17.2728
12.4804	11.9629	17.2879
12.5063	11.9576	17.3029
12.5353	11.9576	17.3239
12.5602	11.9465	17.3343
12.59	11.9451	17.3549
12.6213	11.9353	17.3709
12.6499	11.9269	17.386
12.676	11.9205	17.4005
12.7032	11.918	17.4187
12.735	11.9177	17.4416
12.765	11.9079	17.4569
12.7924	11.9013	17.4724
12.8276	11.8937	17.4931
12.8589	11.8832	17.5089
12.8851	11.8728	17.5211
12.9124	11.8635	17.5349
12.9417	11.8573	17.5523
12.97	11.8474	17.5665
12.9983	11.84	17.5824
13.0254	11.8315	17.5968
13.0553	11.8223	17.6127
13.0828	11.814	17.6275
13.1099	11.8031	17.6404
13.1395	11.7951	17.657
13.1619	11.7817	17.6648
13.1891	11.7787	17.683
13.2137	11.7654	17.6925
13.2415	11.7566	17.7074
13.269	11.7456	17.7208
13.2989	11.7325	17.7345
13.3273	11.7232	17.7496
13.3528	11.7138	17.7626
13.3819	11.705	17.7787
13.4066	11.6874	17.7857
13.4359	11.6776	17.8014
13.4648	11.6644	17.8146
13.4926	11.6533	17.8283
13.5163	11.6476	17.8426
13.5331	11.6367	17.8482
13.5575	11.6312	17.8631
13.5835	11.6132	17.8712
13.6142	11.6054	17.8895
13.6439	11.5932	17.9042
13.6716	11.5871	17.9213
13.6975	11.5731	17.932
13.7242	11.5623	17.9455
13.7503	11.5507	17.9579
13.7764	11.5399	17.9711
13.7993	11.5312	17.983
13.8241	11.521	17.9955
13.8491	11.5096	18.0074
13.8761	11.4983	18.021
13.9029	11.4826	18.0316
13.929	11.4686	18.0429
13.9587	11.4601	18.0605
13.9887	11.4484	18.0762
14.0139	11.4336	18.0864
14.0375	11.4304	18.1026
14.0563	11.4221	18.112
14.0786	11.4121	18.1231
14.1023	11.4066	18.138
14.1278	11.3925	18.1489
14.1575	11.3784	18.1632
14.1873	11.3645	18.1777
14.2145	11.3523	18.1914
14.2413	11.3409	18.2052
14.2713	11.3216	18.2167
14.3023	11.3106	18.2342
14.3278	11.3003	18.2478
14.3508	11.2911	18.2602
14.3751	11.2814	18.2733
14.3997	11.2755	18.289
14.4231	11.2667	18.302
14.4526	11.2527	18.3167
14.483	11.2432	18.3348
14.511	11.2311	18.3496
14.5372	11.2194	18.3632
14.5608	11.2089	18.3754
14.5875	11.1992	18.3907
14.6182	11.19	18.4095
14.6464	11.18	18.4258
14.6705	11.1757	18.4423
14.6967	11.1606	18.4541
14.7223	11.1598	18.4739
14.7486	11.1486	18.4881
14.7754	11.1377	18.503
14.8027	11.1302	18.5202
14.8295	11.1219	18.5367
14.8561	11.1135	18.553
14.8881	11.11	18.5766
14.9179	11.1007	18.5949
14.9459	11.0923	18.6123
14.9733	11.0839	18.6294
15.0037	11.078	18.6503
15.0369	11.068	18.6711
15.0647	11.0564	18.6865
15.0975	11.0493	18.7089
15.1269	11.0389	18.7265
15.1572	11.0316	18.7467
15.1862	11.0219	18.7644
15.2164	11.0119	18.7829
15.2437	11.0068	18.8021
15.2682	10.9957	18.8155
15.2982	10.9886	18.8357
15.3252	10.9796	18.8524
15.3521	10.9771	18.8728
15.3768	10.9675	18.8873
15.4052	10.9607	18.9065
15.4325	10.949	18.9221
15.4616	10.9438	18.9428
15.4909	10.937	18.9627
15.5228	10.9324	18.9861
15.5537	10.9274	19.0085
15.5836	10.9184	19.0279
15.6092	10.9118	19.0451
15.637	10.9079	19.0656
15.6622	10.9009	19.0823
15.6939	10.8977	19.1065
15.7231	10.8907	19.1265
15.751	10.8844	19.1459
15.7766	10.8784	19.1635
15.8115	10.8804	19.1934
15.841	10.8707	19.2122
15.8717	10.8662	19.235
15.8962	10.8659	19.255
15.9209	10.8534	19.2684
15.9506	10.85	19.291
15.9784	10.8434	19.3103
16.0083	10.8393	19.3327
16.0371	10.8348	19.3541
16.0646	10.8325	19.3756
16.0976	10.8291	19.4011
16.1281	10.8221	19.4224
16.1611	10.8195	19.4485
16.1973	10.8163	19.4768
16.2309	10.8108	19.5017
16.2619	10.8085	19.5262
16.2946	10.8054	19.5518
16.3255	10.804	19.5768
16.3553	10.7999	19.5993
16.3844	10.7975	19.6223
16.4161	10.7977	19.6489
16.4461	10.7944	19.6722
16.4712	10.7948	19.6933
16.4949	10.7903	19.7107
16.521	10.7895	19.7321
16.5459	10.7842	19.7501
16.5775	10.7801	19.7743
16.6003	10.7845	19.7958
16.6272	10.7806	19.8163
16.659	10.7819	19.8437
16.6891	10.7796	19.8677
16.7176	10.7764	19.8899
16.7483	10.7775	19.9163
16.7735	10.776	19.9368
16.8047	10.7749	19.9624
16.8339	10.7763	19.9877
16.8616	10.776	20.0109
16.8894	10.7746	20.0336
16.9174	10.7755	20.0577
16.9487	10.7733	20.0829
16.9773	10.7728	20.1068
17.0053	10.7736	20.1308
17.0384	10.7707	20.1573
17.0689	10.7682	20.1817
17.0961	10.7683	20.2048
17.1219	10.7652	20.225
17.1481	10.7674	20.2483
17.1781	10.7681	20.2741
17.2072	10.7668	20.2981
17.2334	10.7681	20.321
17.2607	10.7661	20.3431
17.2879	10.763	20.3645
17.3162	10.7611	20.3876
17.3444	10.7605	20.4112
17.3723	10.7631	20.4363
17.3917	10.758	20.4501
17.4193	10.7591	20.4741
17.4502	10.7551	20.4983
17.4829	10.7529	20.525
17.5118	10.7528	20.5496
17.5398	10.7505	20.5723
17.5721	10.7506	20.5999
17.6061	10.749	20.628
17.6379	10.7453	20.6533
17.67	10.7426	20.6793
17.6963	10.7394	20.7001
17.723	10.7366	20.7215
17.7533	10.7335	20.7458
17.7824	10.7285	20.7681
17.8068	10.7277	20.7886
17.8319	10.7236	20.808
17.8578	10.7187	20.8276
17.8855	10.7149	20.8494
17.9133	10.7083	20.8699
17.9401	10.7041	20.8908
17.967	10.6972	20.9104
17.9943	10.6904	20.9304
18.021	10.6801	20.948
18.0499	10.6766	20.9712
18.0776	10.6695	20.9914
18.1043	10.6619	21.0105
18.129	10.6495	21.0256
18.1572	10.6433	21.0468
18.1836	10.6311	21.0634
18.2101	10.6256	21.0834
18.2355	10.6124	21.0987
18.2641	10.5981	21.1162
18.2908	10.5836	21.1321
18.3185	10.573	21.1508
18.3425	10.5584	21.1643
18.3704	10.545	21.1818
18.3963	10.5278	21.1957
18.4226	10.5141	21.2118
18.4448	10.4973	21.2228
18.469	10.4824	21.2364
18.4927	10.4602	21.246
18.5186	10.4412	21.2592
18.5424	10.4227	21.2709
18.5659	10.4024	21.2815
18.5886	10.3833	21.292
18.6086	10.3676	21.3018
18.6266	10.3454	21.3067
18.6494	10.326	21.3173
18.6619	10.305	21.318
18.6875	10.2863	21.3314
18.7068	10.2615	21.3364
18.7247	10.2386	21.3412
18.7355	10.2113	21.3375
18.7546	10.188	21.3431
18.7662	10.1632	21.3415
18.7901	10.1471	21.3549
18.8088	10.1203	21.3587
18.8231	10.0873	21.3556
18.839	10.0602	21.3568
18.851	10.0282	21.3524
18.8641	9.99946	21.3505
18.8742	9.97128	21.3462
18.8807	9.9439	21.3392
18.8897	9.91718	21.3347
18.8952	9.89089	21.3274
18.8992	9.86057	21.3169
18.9064	9.83709	21.3124
18.9106	9.81293	21.305
18.9114	9.78861	21.2945
18.9223	9.7628	21.2924
18.9242	9.73304	21.2804
18.93	9.7034	21.2721
18.9273	9.67083	21.2548
18.9308	9.64009	21.244
18.9303	9.62156	21.2352
18.9327	9.58864	21.2223
18.9298	9.56282	21.2081
18.9282	9.53622	21.1947
18.9243	9.50363	21.1766
18.9223	9.47301	21.1611
18.9177	9.44277	21.1435
18.9138	9.41846	21.1291
18.9105	9.3942	21.1154
18.9054	9.37195	21.1008
18.8982	9.34733	21.0835
18.8914	9.32013	21.0653
18.8855	9.29032	21.0469
18.8769	9.26336	21.0273
18.872	9.23408	21.01
18.8641	9.20732	20.9911
18.853	9.18085	20.9696
18.8488	9.15681	20.9553
18.8414	9.13869	20.9407
18.8338	9.11951	20.9256
18.8223	9.09591	20.9048
18.8168	9.07085	20.8891
18.8018	9.05123	20.867
18.7946	9.02622	20.8497
18.7777	9.00286	20.8244
18.7674	8.9785	20.8045
18.7481	8.95293	20.7761
18.7337	8.93366	20.7548
18.7226	8.91503	20.7368
18.71	8.89461	20.7166
18.6942	8.87421	20.6936
18.6741	8.86115	20.6698
18.6577	8.83948	20.6457
18.6401	8.81656	20.62
18.6213	8.78849	20.591
18.6025	8.76545	20.5642
18.5756	8.74258	20.5301
18.5566	8.71442	20.5009
18.5331	8.69239	20.4703
18.514	8.67241	20.4445
18.4986	8.65842	20.4246
18.482	8.64007	20.4019
18.4626	8.62205	20.3766
18.4443	8.60424	20.3525
18.4237	8.58752	20.3268
18.4045	8.57331	20.3033
18.3854	8.55437	20.278
18.3599	8.53223	20.2456
18.331	8.50874	20.2095
18.3047	8.48986	20.1777
18.2802	8.47332	20.1486
18.2562	8.45597	20.1194
18.2373	8.44301	20.0968
18.2213	8.43692	20.0797
18.2029	8.42145	20.0566
18.178	8.40808	20.0284
18.1515	8.39121	19.9972
18.1208	8.37478	19.9625
18.0941	8.3603	19.9322
18.0675	8.34669	19.9023
18.0452	8.32958	19.8749
18.0177	8.31963	19.8457
17.9936	8.30863	19.8192
17.9718	8.29815	19.7951
17.9473	8.291	19.7699
17.9237	8.287	19.7468
17.8996	8.27299	19.719
17.8706	8.26651	19.6899
17.8403	8.2534	19.657
17.8104	8.24174	19.6249
17.782	8.2345	19.5961
17.7561	8.22297	19.5677
17.7287	8.21547	19.5397
17.7022	8.20657	19.5119
17.6767	8.19981	19.4859
17.6522	8.19614	19.4622
17.6216	8.18798	19.431
17.5936	8.18322	19.4036
17.5624	8.16771	19.3688
17.5296	8.16242	19.3368
17.4994	8.15506	19.3063
17.4686	8.15199	19.2771
17.4389	8.14478	19.2472
17.409	8.14181	19.2188
17.3818	8.1345	19.1911
17.3535	8.12711	19.1623
17.3258	8.12335	19.1357
17.2919	8.12195	19.1044
17.2626	8.11582	19.0752
17.2366	8.10995	19.0492
17.2088	8.10706	19.0228
17.1869	8.09971	18.9998
17.1603	8.09843	18.9753
17.1331	8.09277	18.9483
17.1081	8.087	18.9232
17.0782	8.08533	18.8954
17.0497	8.08052	18.8676
17.0235	8.07999	18.8438
16.9934	8.08028	18.8166
16.9634	8.07385	18.7868
16.9371	8.06761	18.7603
16.9118	8.06348	18.7357
16.8859	8.06029	18.711
16.8606	8.05373	18.6854
16.8349	8.05444	18.6625
16.8036	8.0509	18.6327
16.7743	8.04752	18.6048
16.7396	8.03564	18.5684
16.7065	8.03174	18.5369
16.6755	8.03298	18.5095
16.6495	8.02359	18.482
16.6193	8.02819	18.4568
16.5897	8.01783	18.4256
16.5595	8.0191	18.399
16.5256	8.02002	18.3689
16.4905	8.01578	18.3354
16.4571	8.01124	18.3035
16.4257	8.00908	18.2742
16.3977	8.00078	18.2454
16.3664	7.99949	18.2168
16.3361	7.99754	18.1887
16.3032	7.99109	18.1563
16.2749	7.99192	18.1313
16.2449	7.98634	18.1019
16.2187	7.9832	18.077
16.1919	7.98177	18.0523
16.1592	7.97028	18.0179
16.1328	7.96714	17.9929
16.1064	7.96314	17.9674
16.0783	7.95768	17.9398
16.0528	7.95342	17.9151
16.03	7.94586	17.8912
16.0039	7.94624	17.868
15.9764	7.93833	17.8399
15.9504	7.93035	17.8131
15.9247	7.92753	17.7888
15.9023	7.92157	17.7661
15.8794	7.91675	17.7435
15.8551	7.90919	17.7184
15.827	7.90368	17.6907
15.7988	7.89898	17.6634
15.7758	7.89312	17.6402
15.7472	7.88681	17.6118
15.7165	7.88291	17.5827
15.6877	7.87387	17.5528
15.661	7.86164	17.5235
15.631	7.85847	17.4952
15.6028	7.84801	17.4653
15.5738	7.84428	17.4378
15.5465	7.8321	17.4079
15.517	7.82519	17.3785
15.4895	7.81356	17.3487
15.4608	7.80413	17.3188
15.4356	7.78609	17.2882
15.4052	7.77638	17.2567
15.3757	7.76046	17.2231
15.3462	7.74997	17.1921
15.3121	7.73928	17.1568
15.2821	7.72852	17.1252
15.2571	7.71029	17.0946
15.2362	7.69615	17.0697
15.2108	7.68413	17.0415
15.1868	7.66926	17.0134
15.1633	7.65374	16.9854
15.1388	7.64077	16.9577
15.1141	7.62308	16.9277
15.0899	7.60796	16.8993
15.0652	7.59182	16.87
15.0434	7.57347	16.8423
15.0221	7.55847	16.8164
14.9973	7.53973	16.7859
14.9746	7.52067	16.7571
14.9509	7.50286	16.7279
14.9298	7.4813	16.6994
14.9062	7.46248	16.6698
14.8842	7.441	16.6405
14.866	7.42068	16.6152
14.8475	7.40392	16.5912
14.8316	7.38467	16.5684
14.8168	7.36704	16.5472
14.7994	7.34813	16.5232
14.7817	7.32564	16.4973
14.7602	7.29895	16.4662
14.7414	7.27373	16.4383
14.7269	7.2504	16.4149
14.7125	7.23299	16.3943
14.6942	7.21031	16.3679
14.677	7.18557	16.3416
14.6576	7.16142	16.3135
14.6446	7.13677	16.2911
14.6279	7.11678	16.2673
14.6154	7.09479	16.2464
14.6023	7.07256	16.2249
14.5907	7.05077	16.205
14.5794	7.02771	16.1848
14.5677	7.0042	16.1641
14.5603	6.97773	16.146
14.5454	6.95266	16.1217
14.5335	6.92597	16.0995
14.5229	6.89719	16.0775
14.5091	6.87319	16.0548
14.5001	6.84914	16.0363
14.4842	6.82541	16.0118
14.4792	6.79735	15.9953
14.4655	6.76987	15.9713
14.4593	6.74357	15.9545
14.4486	6.7185	15.9342
14.4377	6.696	15.9149
14.4308	6.66603	15.896
14.4216	6.63868	15.8762
14.4119	6.60842	15.8548
14.4074	6.58408	15.8406
14.3965	6.55987	15.8206
14.3893	6.53104	15.8021
14.3803	6.50744	15.7842
14.3706	6.47822	15.7633
14.3622	6.44925	15.7438
14.3498	6.42767	15.7236
14.3406	6.40087	15.7043
14.3311	6.37864	15.6866
14.325	6.35438	15.6711
14.318	6.32857	15.6543
14.309	6.30487	15.6365
14.3042	6.27816	15.6213
14.2979	6.25328	15.6056
14.2931	6.22553	15.5901
14.286	6.20195	15.5742
14.2809	6.17586	15.5591
14.2735	6.14864	15.5415
14.2712	6.11772	15.5272
14.2619	6.08283	15.5049
14.2555	6.05621	15.4886
14.2425	6.02991	15.4664
14.2385	6.00237	15.452
14.2304	5.97712	15.4347
14.2267	5.94863	15.4203
14.2221	5.92184	15.4058
14.2153	5.89502	15.3892
14.2123	5.8688	15.3764
14.2076	5.84153	15.3616
14.21	5.81013	15.352
14.2033	5.76989	15.3305
14.1968	5.73257	15.3105
14.1926	5.70242	15.2953
14.1837	5.67294	15.2761
14.1806	5.64293	15.2621
14.174	5.61281	15.2448
14.1707	5.58247	15.2307
14.1692	5.55287	15.2184
14.1561	5.51907	15.1939
14.155	5.48512	15.1806
14.1414	5.44849	15.1547
14.1359	5.40943	15.1356
14.1315	5.37509	15.1192
14.128	5.34162	15.1041
14.1259	5.31021	15.091
14.1203	5.28277	15.0761
14.1131	5.25344	15.0591
14.1105	5.22377	15.0464
14.1032	5.19539	15.0297
14.0995	5.16524	15.0159
14.0905	5.13803	14.9981
14.0876	5.10795	14.985
14.0777	5.07985	14.9662
14.076	5.05141	14.9549
14.0729	5.02387	14.9427
14.0635	4.99676	14.9248
14.0548	4.96861	14.9072
14.0486	4.94006	14.8918
14.0376	4.90959	14.8714
14.0299	4.88071	14.8546
14.0234	4.85799	14.841
14.0122	4.83291	14.8222
14.0064	4.80686	14.8083
13.9968	4.78303	14.7915
13.9868	4.75773	14.7739
13.9792	4.73208	14.7584
13.965	4.70497	14.7363
13.955	4.68122	14.7192
13.9465	4.65653	14.7033
13.9405	4.62964	14.6891
13.9314	4.60021	14.6713
13.9203	4.576	14.6532
13.9087	4.5493	14.6338
13.8967	4.52329	14.6143
13.8813	4.50096	14.5927
13.8697	4.47471	14.5737
13.854	4.44968	14.551
13.8402	4.42256	14.5297
13.8311	4.3975	14.5134
13.8272	4.37269	14.5021
13.8275	4.34749	14.4949
13.8356	4.31956	14.4942
13.8495	4.2918	14.4992
13.862	4.26463	14.5031
13.8729	4.23339	14.5045
13.8857	4.20437	14.5082
13.8884	4.17607	14.5027
13.9007	4.14771	14.5063
13.9117	4.12111	14.5093
13.9146	4.09501	14.5046
13.9213	4.06568	14.5029
13.9335	4.04205	14.5079
13.9432	4.01281	14.5091
13.9522	3.98344	14.5097
13.9571	3.9557	14.5068
13.9648	3.92591	14.5062
13.9645	3.89673	14.498
13.9742	3.87049	14.5003
13.975	3.83964	14.4928
13.9809	3.80867	14.4904
13.9797	3.77217	14.4797
13.9826	3.7405	14.4743
13.9857	3.71117	14.4698
13.9823	3.68516	14.4598
13.9823	3.65549	14.4522
13.9759	3.6284	14.4392
13.9787	3.59734	14.4342
13.9709	3.56927	14.4196
13.972	3.53802	14.413
13.9699	3.51105	14.4044
13.9662	3.48225	14.3938
13.9677	3.45258	14.3881
13.9586	3.42038	14.3716
13.9554	3.38973	14.3612
13.9497	3.36506	14.3499
13.9478	3.34019	14.3422
13.941	3.31452	14.3296
13.9371	3.28585	14.3192
13.9306	3.25779	14.3065
13.9237	3.23048	14.2936
13.9172	3.20382	14.2812
13.9106	3.17705	14.2688
13.9057	3.15379	14.2589
13.8973	3.13116	14.2457
13.8938	3.10465	14.2365
13.8842	3.0776	14.2212
13.8769	3.05542	14.2093
13.8693	3.02849	14.1961
13.8599	3.00166	14.1812
13.8544	2.97386	14.17
13.8443	2.95146	14.1555
13.8358	2.92104	14.1408
13.8236	2.89258	14.123
13.8103	2.86495	14.1043
13.7999	2.83653	14.0884
13.7829	2.81092	14.0666
13.7731	2.78413	14.0516
13.7563	2.76314	14.0311
13.7472	2.73832	14.0172
13.7278	2.71868	13.9945
13.7164	2.68837	13.9773
13.6964	2.66389	13.953
13.682	2.63543	13.9335
13.6692	2.60438	13.9151
13.6443	2.57733	13.8856
13.6261	2.55005	13.8627
13.606	2.52619	13.8386
13.591	2.49884	13.8188
13.5684	2.47747	13.7928
13.5427	2.4538	13.7632
13.5264	2.42925	13.7428
13.5064	2.41235	13.7202
13.4885	2.39307	13.6991
13.4667	2.37609	13.6747
13.4506	2.35396	13.655
13.4281	2.33597	13.6298
13.4061	2.31728	13.6049
13.3833	2.30021	13.5796
13.3609	2.28353	13.5546
13.3357	2.2683	13.5272
13.3104	2.24729	13.4988
13.2839	2.23016	13.4698
13.259	2.21336	13.4425
13.2339	2.1999	13.4155
13.2157	2.17882	13.3941
13.1881	2.16242	13.3642
13.1587	2.14915	13.333
13.1326	2.13305	13.3047
13.1077	2.12148	13.2782
13.085	2.10708	13.2536
13.0574	2.099	13.225
13.0261	2.08193	13.1915
12.9977	2.07298	13.162
12.9727	2.05755	13.1349
12.9488	2.04205	13.1088
12.9219	2.04037	13.082
12.8993	2.02664	13.0576
12.8732	2.0175	13.0303
12.8445	2.01104	13.001
12.8178	1.99551	12.9722
12.7877	1.98933	12.9415
12.7604	1.97946	12.9131
12.7331	1.97134	12.8848
12.7071	1.95926	12.8573
12.6785	1.95422	12.8282
12.648	1.94537	12.7968
12.6183	1.93893	12.7664
12.592	1.92774	12.7387
12.5638	1.93129	12.7114
12.5357	1.9179	12.6815
12.5037	1.91459	12.6494
12.4737	1.90948	12.619
12.4445	1.90811	12.59
12.416	1.90427	12.5612
12.3878	1.90362	12.5332
12.3564	1.90115	12.5018
12.3227	1.90299	12.4688
12.2921	1.90296	12.4386
12.2639	1.90572	12.4111
12.2342	1.90486	12.3817
12.2085	1.9066	12.3565
12.184	1.91124	12.333
12.1588	1.91572	12.3088
12.1327	1.92011	12.2837
12.1061	1.92662	12.2584
12.0793	1.92994	12.2325
12.0569	1.93445	12.2111
12.0309	1.94338	12.1868
12.0078	1.95353	12.1657
11.9882	1.95971	12.1473
11.9671	1.97223	12.1285
11.9362	1.98099	12.0995
11.9105	1.99862	12.077
11.8838	2.01285	12.0531
11.8556	2.02995	12.0281
11.8268	2.04652	12.0026
11.8014	2.06335	11.9804
11.7837	2.07838	11.9656
11.7614	2.09042	11.9457
11.7356	2.11781	11.9252
11.7085	2.1372	11.902
11.6904	2.15273	11.887
11.6725	2.17103	11.8727
11.6524	2.18752	11.856
11.6338	2.20299	11.8406
11.6178	2.22703	11.8293
11.5962	2.2458	11.8117
11.5815	2.26925	11.8017
11.5635	2.29213	11.7885
11.5497	2.31791	11.78
11.5344	2.34483	11.7703
11.5162	2.36942	11.7574
11.5047	2.39672	11.7517
11.491	2.42201	11.7434
11.4832	2.45012	11.7416
11.4709	2.47768	11.7354
11.4597	2.50478	11.7302
11.4555	2.53281	11.7322
11.4428	2.56033	11.7257
11.4318	2.58867	11.7212
11.4308	2.61561	11.7263
11.4215	2.64371	11.7235
11.4184	2.67305	11.7271
11.4135	2.69983	11.7285
11.4046	2.72745	11.7262
11.4045	2.75847	11.7334
11.4092	2.78361	11.7439
11.4071	2.81022	11.7481
11.4061	2.83454	11.7531
11.4089	2.8667	11.7635
11.4111	2.89636	11.773
11.4152	2.92744	11.7846
11.4192	2.96164	11.797
11.4256	2.99283	11.8111
11.4352	3.02079	11.8275
11.4355	3.05168	11.8356
11.4448	3.08191	11.8525
11.4535	3.11094	11.8685
11.4656	3.1354	11.8866
11.4771	3.15717	11.9034
11.4733	3.18788	11.9079
11.4812	3.21941	11.9241
11.4962	3.24307	11.9448
11.5054	3.26813	11.9605
11.5215	3.28753	11.9813
11.5349	3.3187	12.0028
11.5493	3.34893	12.0251
11.5671	3.37831	12.0503
11.5833	3.40482	12.0734
11.6008	3.43092	12.0975
11.6181	3.45512	12.121
11.6329	3.48237	12.1429
11.6534	3.50841	12.1701
11.6757	3.52891	12.1974
11.6927	3.552	12.2203
11.7146	3.57227	12.2471
11.7333	3.59717	12.2723
11.7509	3.61623	12.2947
11.7742	3.63448	12.3223
11.7908	3.6482	12.3423
11.808	3.66682	12.3643
11.8286	3.68541	12.3894
11.8493	3.70127	12.4139
11.8682	3.71788	12.4369
11.8869	3.73021	12.4585
11.9102	3.7456	12.4853
11.9321	3.76364	12.5116
11.9598	3.78008	12.543
11.9836	3.80062	12.5718
12.0088	3.81407	12.5999
12.0307	3.83096	12.6259
12.0563	3.84492	12.6546
12.0804	3.86286	12.683
12.1013	3.87813	12.7075
12.1217	3.89263	12.7314
12.1451	3.90239	12.7567
12.1689	3.91854	12.7842
12.1945	3.92897	12.8118
12.2165	3.94445	12.8375
12.242	3.95818	12.866
12.2676	3.96956	12.8938
12.2896	3.97829	12.9174
12.3105	3.99073	12.9412
12.3344	3.99499	12.9652
12.3598	4.00515	12.9925
12.3914	4.01718	13.0263
12.4248	4.03038	13.0621
12.4533	4.03737	13.0914
12.4808	4.04707	13.1206
12.5084	4.05563	13.1495
12.5349	4.05913	13.1758
12.5634	4.06676	13.2052
12.5923	4.07179	13.2342
12.6198	4.08226	13.2637
12.6457	4.09262	13.2915
12.6717	4.09791	13.3178
12.6966	4.10919	13.345
12.7219	4.11146	13.3698
12.7481	4.11146	13.3947
12.7705	4.12067	13.4189
12.7988	4.12322	13.4466
12.8274	4.13363	13.4769
12.855	4.14075	13.5054
12.8869	4.14385	13.5368
12.9141	4.15112	13.5649
12.9416	4.15604	13.5926
12.9724	4.159	13.6228
13.0046	4.16676	13.6558
13.0307	4.17318	13.6827
13.0574	4.17608	13.7089
13.0845	4.18461	13.7373
13.112	4.19391	13.7664
13.1346	4.20326	13.7908
13.1589	4.21184	13.8165
13.1831	4.22089	13.8423
13.2134	4.2317	13.8745
13.241	4.24277	13.9042
13.2656	4.25591	13.9316
13.2919	4.26633	13.9598
13.3134	4.28	13.9844
13.3416	4.28728	14.0135
13.37	4.29469	14.0428
13.3975	4.3078	14.073
13.4217	4.32419	14.1011
13.4461	4.34141	14.1296
13.4716	4.3604	14.1597
13.5007	4.37674	14.1924
13.5267	4.39532	14.2229
13.5493	4.41544	14.2506
13.5691	4.43522	14.2756
13.5876	4.45117	14.2981
13.6049	4.47073	14.3207
13.6279	4.4885	14.348
13.6489	4.50797	14.3741
13.6677	4.53266	14.3997
13.688	4.55276	14.4253
13.6989	4.57945	14.444
13.7172	4.60302	14.4689
13.7322	4.62794	14.4911
13.746	4.65497	14.5128
13.7622	4.68191	14.5368
13.7752	4.70415	14.5563
13.7888	4.72905	14.5772
13.8039	4.761	14.6019
13.8179	4.7889	14.6242
13.8311	4.81551	14.6455
13.8447	4.84044	14.6665
13.8481	4.86594	14.6781
13.8629	4.89328	14.7012
13.8742	4.92113	14.7211
13.887	4.9493	14.7427
13.8933	4.97959	14.7587
13.9061	5.00703	14.7801
13.9136	5.02977	14.7949
13.9183	5.05382	14.8074
13.9301	5.08015	14.8275
13.9397	5.10721	14.8459
13.9522	5.13348	14.8666
13.9622	5.1597	14.8851
13.969	5.18938	14.9018
13.9798	5.2156	14.921
13.9883	5.24007	14.9375
13.9963	5.26792	14.9549
14.0106	5.29951	14.9794
14.028	5.32859	15.0059
14.0365	5.35969	15.025
14.0454	5.3894	15.0439
14.0611	5.42122	15.07
14.0687	5.45295	15.0885
14.0769	5.48469	15.1077
14.0866	5.51408	15.1274
14.0891	5.54502	15.141
14.0936	5.57347	15.1556
14.0975	5.60125	15.1695
14.1051	5.62826	15.1866
14.1161	5.65228	15.2057
14.1227	5.67998	15.2221
14.1284	5.70632	15.2372
14.1401	5.73058	15.2572
14.1455	5.75744	15.2723
14.1549	5.78242	15.2904
14.1595	5.81125	15.3056
14.1683	5.84403	15.3263
14.1761	5.87177	15.3441
14.1782	5.89828	15.3561
14.1898	5.92496	15.3771
14.1941	5.95288	15.3919
14.2022	5.97743	15.4089
14.207	6.004	15.4236
14.2174	6.03005	15.4433
14.2226	6.05767	15.4589
14.2296	6.08317	15.4754
14.2406	6.1101	15.496
14.2406	6.13267	15.505
14.2483	6.15826	15.5222
14.2567	6.18343	15.5399
14.2651	6.21486	15.5602
14.2758	6.2425	15.581
14.2794	6.27187	15.5961
14.2926	6.30444	15.6213
14.2998	6.33322	15.6395
14.3113	6.36076	15.6612
14.3205	6.38562	15.6797
14.3358	6.41098	15.704
14.3474	6.44349	15.7279
14.3601	6.47461	15.7523
14.3719	6.50802	15.7767
14.3858	6.54118	15.8031
14.3986	6.57071	15.827
14.4078	6.60104	15.848
14.4248	6.62863	15.8749
14.4333	6.65953	15.8956
14.4513	6.68568	15.9229
14.4623	6.71229	15.9441
14.4735	6.73733	15.9648
14.4854	6.76333	15.9865
14.5021	6.78623	16.0114
14.5128	6.81091	16.0315
14.5257	6.82694	16.0501
14.5373	6.84805	16.0695
14.5525	6.86968	16.0925
14.5705	6.89116	16.118
14.584	6.91833	16.1418
14.5991	6.94438	16.1666
14.6166	6.96735	16.1923
14.6368	6.99173	16.221
14.6511	7.01662	16.2447
14.6711	7.03797	16.2719
14.6858	7.05932	16.2943
14.708	7.07091	16.3194
14.7251	7.09517	16.3453
14.742	7.11874	16.3708
14.7676	7.1452	16.4053
14.7908	7.17026	16.4372
14.8134	7.19271	16.4673
14.8319	7.20648	16.49
14.846	7.22936	16.5126
14.8682	7.2481	16.5408
14.8881	7.26771	16.5673
14.9085	7.28512	16.5932
14.929	7.30496	16.6204
14.954	7.31754	16.6484
14.9678	7.34518	16.673
14.989	7.3707	16.7032
15.0163	7.38831	16.7355
15.0379	7.40358	16.7616
15.0573	7.4162	16.7845
15.0727	7.43655	16.8074
15.0974	7.4504	16.8357
15.1185	7.47076	16.8636
15.1457	7.48326	16.8935
15.171	7.49938	16.9233
15.1898	7.51471	16.947
15.2184	7.52692	16.9781
15.2435	7.54089	17.0067
15.2651	7.55472	17.0322
15.2905	7.5662	17.0601
15.3139	7.58319	17.0886
15.3435	7.59584	17.1208
15.372	7.61458	17.1546
15.3987	7.62366	17.1825
15.4232	7.63875	17.2112
15.4487	7.64674	17.2376
15.4719	7.66218	17.2653
15.4995	7.67064	17.2938
15.5262	7.68356	17.3234
15.5552	7.69381	17.3539
15.5834	7.7073	17.3851
15.6125	7.72161	17.4176
15.6371	7.72889	17.4429
15.6617	7.74006	17.4699
15.689	7.74818	17.4979
15.7162	7.76025	17.5277
15.7434	7.76422	17.5539
15.7696	7.77615	17.5826
15.7961	7.78552	17.6105
15.8196	7.79282	17.6349
15.8444	7.80039	17.6605
15.8715	7.80667	17.6876
15.9012	7.8169	17.7187
15.9315	7.82163	17.7479
15.963	7.83201	17.7808
15.9943	7.83747	17.8113
16.0221	7.84615	17.8401
16.0511	7.8525	17.8689
16.0725	7.85543	17.8894
16.0982	7.86182	17.9154
16.1306	7.86525	17.946
16.1598	7.87524	17.9766
16.1847	7.87429	17.9986
16.2159	7.88369	18.0307
16.2487	7.8896	18.0628
16.2797	7.89284	18.0921
16.3068	7.90834	18.1233
16.3386	7.91671	18.1555
16.3689	7.92141	18.1848
16.3977	7.92843	18.2138
16.433	7.93229	18.2473
16.4609	7.94067	18.2761
16.4903	7.94513	18.3045
16.5181	7.95153	18.3324
16.5503	7.96096	18.3654
16.5815	7.96419	18.395
16.6082	7.97073	18.4218
16.6385	7.97181	18.4497
16.6667	7.97354	18.4759
16.6929	7.98097	18.5027
16.7195	7.98187	18.5271
16.7496	7.98963	18.5575
16.7795	7.99282	18.586
16.8019	7.9987	18.6087
16.826	8.00225	18.632
16.8516	8.00999	18.6584
16.8736	8.0161	18.6809
16.8976	8.01796	18.7034
16.9237	8.02237	18.7289
16.9529	8.02786	18.7576
16.9762	8.03223	18.7805
16.997	8.03832	18.802
17.0263	8.03004	18.8249
17.0601	8.04138	18.8603
17.098	8.04876	18.8977
17.1256	8.05729	18.9263
17.1562	8.06294	18.9565
17.1807	8.07432	18.9834
17.2098	8.0767	19.0108
17.2375	8.08736	19.0404
17.2678	8.09678	19.0718
17.2989	8.10399	19.1031
17.3289	8.10853	19.1322
17.3542	8.12157	19.1606
17.3845	8.11938	19.1871
17.4129	8.1331	19.2186
17.4446	8.13228	19.2471
17.4721	8.14812	19.2786
17.4992	8.15521	19.3062
17.5253	8.16668	19.3347
17.5595	8.16936	19.3668
17.5894	8.18208	19.3993
17.618	8.19108	19.4291
17.645	8.20208	19.4581
17.672	8.21366	19.4875
17.6985	8.22423	19.516
17.7238	8.23601	19.5439
17.7461	8.24569	19.5682
17.7684	8.25677	19.5931
17.7928	8.26895	19.6204
17.8147	8.28357	19.6464
17.8395	8.29339	19.673
17.8635	8.30837	19.7011
17.8895	8.32282	19.7308
17.9154	8.34163	19.7622
17.9441	8.3502	19.7918
17.9688	8.36871	19.822
17.9925	8.38206	19.8492
18.0114	8.39905	19.8734
18.0377	8.41096	19.9023
18.0602	8.43041	19.931
18.0892	8.43961	19.9611
18.1136	8.46178	19.9926
18.1387	8.47871	20.0225
18.1605	8.49868	20.0507
18.1878	8.51836	20.0838
18.2155	8.54394	20.1197
18.2396	8.56386	20.15
18.2562	8.59117	20.1766
18.2864	8.61375	20.2136
18.3085	8.63841	20.2441
18.331	8.66132	20.2742
18.3468	8.69315	20.3021
18.3748	8.71833	20.3382
18.3958	8.74306	20.3678
18.413	8.76821	20.3941
18.4339	8.79042	20.4226
18.449	8.81668	20.4475
18.4641	8.84029	20.4713
18.4763	8.86326	20.4922
18.4921	8.88715	20.5168
18.506	8.91439	20.5412
18.5176	8.93983	20.5626
18.5306	8.96558	20.5855
18.5406	8.99227	20.6062
18.553	9.01802	20.6286
18.5632	9.04727	20.6506
18.5756	9.07269	20.6728
18.5834	9.10194	20.6927
18.5933	9.12919	20.7136
18.5918	9.15522	20.7237
18.6016	9.18244	20.7445
18.6037	9.21197	20.7595
18.6142	9.23897	20.7809
18.6182	9.27191	20.7992
18.6202	9.3037	20.8152
18.6244	9.33368	20.8323
18.6297	9.36673	20.8519
18.6268	9.39653	20.8627
18.6292	9.42596	20.8781
18.6267	9.45515	20.8891
18.6223	9.4877	20.8999
18.6195	9.51526	20.9099
18.6165	9.54214	20.9196
18.6134	9.57084	20.9298
18.6045	9.60098	20.9357
18.608	9.6347	20.9543
18.6002	9.66584	20.9617
18.592	9.69543	20.9681
18.5858	9.72442	20.9761
18.5703	9.75206	20.9752
18.5655	9.78147	20.9847
18.5526	9.80882	20.986
18.5447	9.83557	20.9915
18.5262	9.86077	20.9871
18.5155	9.89628	20.9943
18.4993	9.92294	20.9926
18.48	9.94979	20.9883
18.4695	9.98192	20.9943
18.4468	10.0106	20.988
18.4302	10.0421	20.9885
18.4169	10.0665	20.9885
18.3984	10.0889	20.983
18.3798	10.1143	20.9789
18.3611	10.1372	20.9737
18.34	10.1597	20.9661
18.3123	10.1843	20.9538
18.2944	10.21	20.9506
18.2686	10.2328	20.9392
18.2547	10.2579	20.9394
18.2383	10.2814	20.9366
18.2239	10.3016	20.934
18.1994	10.3156	20.9196
18.1797	10.3403	20.9146
18.1511	10.3535	20.8963
18.1306	10.3752	20.8893
18.1076	10.395	20.8792
18.0816	10.4096	20.8639
18.0585	10.4215	20.8499
18.04	10.4416	20.8439
18.018	10.4528	20.8305
17.9957	10.4679	20.8188
17.9714	10.4836	20.8058
17.9495	10.5035	20.7968
17.9268	10.514	20.7825
17.9061	10.5397	20.7777
17.8776	10.5584	20.7627
17.8474	10.5719	20.7435
17.823	10.5923	20.733
17.7913	10.6053	20.7124
17.7653	10.6226	20.699
17.7393	10.635	20.683
17.7142	10.6503	20.6693
17.6877	10.6603	20.6518
17.6538	10.676	20.6309
17.6212	10.6868	20.6086
17.5957	10.702	20.5947
17.5629	10.7097	20.5707
17.5338	10.7257	20.5542
17.5045	10.7361	20.5346
17.4722	10.7539	20.5164
17.4373	10.7655	20.4928
17.4038	10.7801	20.472
17.3725	10.7908	20.451
17.344	10.8025	20.4331
17.3184	10.8155	20.4182
17.2936	10.828	20.4038
17.2662	10.8353	20.3844
17.2402	10.847	20.3686
17.2127	10.8586	20.3516
17.1842	10.8664	20.3317
17.1567	10.8813	20.3164
17.1241	10.888	20.2925
17.0951	10.9011	20.2751
17.0644	10.9105	20.2542
17.037	10.9258	20.2394
17.0044	10.9313	20.2149
16.9762	10.9438	20.198
16.9498	10.9553	20.182
16.9223	10.9638	20.1636
16.8948	10.969	20.1433
16.8714	10.9857	20.1328
16.8413	10.9956	20.113
16.8149	11.0126	20.1002
16.7832	11.0229	20.0793
16.7579	11.0385	20.0668
16.7296	11.0464	20.0475
16.7062	11.0575	20.0341
16.6742	11.07	20.0143
16.6504	11.0859	20.0033
16.6251	11.0973	19.9886
16.5999	11.1123	19.976
16.5749	11.1237	19.9616
16.5498	11.136	19.9476
16.5247	11.1516	19.9355
16.4991	11.1638	19.9211
16.4777	11.1792	19.9121
16.45	11.1965	19.8989
16.4247	11.2129	19.8872
16.4012	11.2294	19.8771
16.3739	11.2487	19.8655
16.3487	11.2689	19.8562
16.3232	11.2901	19.8472
16.2972	11.3065	19.8352
16.2735	11.3283	19.8282
16.2478	11.345	19.8166
16.2272	11.3651	19.8114
16.2033	11.3788	19.7996
16.1823	11.4029	19.7963
16.1523	11.4202	19.7817
16.1286	11.4434	19.7758
16.1039	11.4674	19.7696
16.0791	11.4909	19.7631
16.0598	11.5125	19.7599
16.0451	11.5353	19.7613
16.029	11.5603	19.7628
16.0065	11.5795	19.7559
15.9899	11.6051	19.7574
15.969	11.6269	19.7533
15.9524	11.652	19.7548
15.9324	11.6741	19.7516
15.9224	11.7063	19.7626
15.9011	11.7324	19.761
15.8816	11.7543	19.7583
15.8747	11.7822	19.7694
15.8558	11.8079	19.7695
15.8435	11.8352	19.776
15.8274	11.8583	19.7769
15.8175	11.8772	19.7803
15.8043	11.9026	19.785
15.7903	11.9263	19.7881
15.7798	11.9523	19.7955
15.7683	11.9791	19.8025
15.7595	12.0077	19.8127
15.7433	12.0353	19.8167
15.7361	12.0706	19.8324
15.724	12.1005	19.8411
15.7197	12.1273	19.854
15.7057	12.1547	19.8597
15.6998	12.1881	19.8755
15.6829	12.2231	19.8836
15.6772	12.2566	19.8998
15.6704	12.2854	19.9121
15.6689	12.3152	19.9294
15.6605	12.3447	19.941
15.6589	12.3747	19.9583
15.6514	12.4055	19.9715
15.645	12.4394	19.9876
15.6436	12.4707	20.006
15.6474	12.5012	20.0281
15.6397	12.5266	20.0379
15.6418	12.5589	20.0597
15.6416	12.5924	20.0805
15.6393	12.622	20.0973
15.6453	12.653	20.1214
15.6467	12.6792	20.1391
15.6469	12.7053	20.1556
15.654	12.7315	20.1776
15.6505	12.7572	20.1912
15.6573	12.7855	20.2144
15.6635	12.8131	20.2366
15.6727	12.8417	20.2619
15.6769	12.8708	20.2836
15.6885	12.8993	20.3106
15.6967	12.9256	20.3337
15.7124	12.9508	20.3618
15.7184	12.9794	20.3846
15.7386	13.005	20.4165
15.7462	13.0339	20.4408
15.7611	13.0599	20.4688
15.7733	13.0878	20.496
15.789	13.112	20.5236
15.7986	13.135	20.5457
15.8131	13.1607	20.5732
15.8294	13.1844	20.601
15.8422	13.2093	20.6267
15.8581	13.2351	20.6554
15.8809	13.261	20.6895
15.902	13.2857	20.7216
15.9224	13.3142	20.7555
15.9476	13.337	20.7895
15.9637	13.3631	20.8185
15.9871	13.3841	20.85
16.0064	13.4072	20.8796
16.0292	13.4202	20.9054
16.0491	13.4441	20.936
16.0728	13.4632	20.9664
16.0949	13.4823	20.9957
16.1144	13.4985	21.021
16.1399	13.5201	21.0544
16.1671	13.5364	21.0857
16.1851	13.5525	21.1099
16.2087	13.566	21.1366
16.2261	13.5789	21.1583
16.245	13.5947	21.1829
16.2689	13.6073	21.2093
16.2931	13.6236	21.2384
16.3166	13.636	21.2643
16.3392	13.6513	21.2915
16.3664	13.6647	21.321
16.3945	13.6766	21.3501
16.4194	13.6908	21.3784
16.4443	13.7062	21.4074
16.4699	13.7174	21.4342
16.4951	13.7309	21.4622
16.5242	13.7406	21.4908
16.5464	13.7517	21.515
16.5692	13.7611	21.5385
16.5947	13.7709	21.5644
16.6159	13.7809	21.5871
16.639	13.7927	21.6124
16.6653	13.799	21.6367
16.6893	13.8143	21.6649
16.7151	13.8223	21.6899
16.74	13.8368	21.7184
16.7709	13.8427	21.7459
16.8018	13.8567	21.7786
16.8329	13.8713	21.8119
16.8636	13.8845	21.844
16.8885	13.9003	21.8732
16.9176	13.9058	21.8992
16.9433	13.9209	21.9287
16.9736	13.9286	21.957
16.9948	13.9435	21.9828
17.0255	13.9585	22.0161
17.0575	13.9656	22.0453
17.0813	13.9831	22.0748
17.1099	13.9908	22.1018
17.132	14.0087	22.1303
17.1581	14.0227	22.1593
17.1831	14.0275	22.1818
17.2178	14.0423	22.218
17.2442	14.056	22.247
17.2743	14.0605	22.2733
17.3038	14.0775	22.3069
17.3323	14.0894	22.3365
17.3601	14.1041	22.3674
17.3874	14.1125	22.3939
17.4123	14.1281	22.423
17.4417	14.136	22.4508
17.4673	14.1479	22.4782
17.4948	14.1584	22.5062
17.5199	14.1698	22.5328
17.5434	14.1829	22.5594
17.5709	14.1944	22.588
17.5964	14.2068	22.6157
17.6228	14.217	22.6426
17.6488	14.2291	22.6704
17.6802	14.2413	22.7025
17.7071	14.2556	22.7324
17.7337	14.2646	22.7588
17.7642	14.277	22.7903
17.7874	14.2853	22.8136
17.8082	14.2954	22.8362
17.8345	14.3097	22.8656
17.8622	14.3174	22.8921
17.8879	14.3336	22.9222
17.9187	14.3421	22.9516
17.9427	14.3644	22.9843
17.9694	14.3724	23.0101
17.9945	14.3874	23.039
18.0215	14.3939	23.0643
18.0464	14.4102	23.0938
18.0753	14.419	23.1219
18.1034	14.4334	23.1529
18.1276	14.446	23.1796
18.1545	14.4545	23.206
18.1821	14.4726	23.2388
18.2089	14.4843	23.2671
18.2338	14.4982	23.2952
18.2626	14.5134	23.3272
18.2917	14.5276	23.3589
18.3111	14.5405	23.3821
18.3338	14.546	23.4033
18.3577	14.5664	23.4347
18.3865	14.5743	23.4622
18.413	14.593	23.4946
18.4418	14.6048	23.5245
18.4662	14.6219	23.5542
18.4922	14.6333	23.5817
18.5147	14.6518	23.6107
18.543	14.664	23.6406
18.5663	14.6751	23.6657
18.5857	14.6919	23.6913
18.6172	14.7005	23.7214
18.6397	14.7145	23.7478
18.6581	14.7274	23.7702
18.6806	14.7375	23.7941
18.7025	14.7558	23.8226
18.7295	14.768	23.8513
18.7466	14.7896	23.8782
18.7735	14.8039	23.9082
18.796	14.8219	23.937
18.8213	14.8361	23.9656
18.8489	14.847	23.9941
18.8742	14.8651	24.0251
18.9002	14.8847	24.0577
18.924	14.9009	24.0864
18.9452	14.9204	24.1151
18.9699	14.9342	24.1431
18.9879	14.9536	24.1692
19.0095	14.9686	24.1954
19.0286	14.9878	24.2223
19.0529	15.0013	24.2498
19.0694	15.0252	24.2775
19.0951	15.0474	24.3115
19.1191	15.0666	24.3422
19.1384	15.0856	24.3692
19.1551	15.0964	24.3889
19.1682	15.1156	24.411
19.1915	15.1315	24.4392
19.2114	15.1509	24.4668
19.2354	15.1694	24.4972
19.2574	15.1944	24.53
19.2816	15.2145	24.5614
19.3064	15.239	24.596
19.3308	15.2606	24.6285
19.3564	15.2834	24.6628
19.3747	15.3091	24.693
19.3977	15.3295	24.7237
19.4182	15.3508	24.7531
19.4391	15.3717	24.7824
19.4621	15.39	24.8118
19.4843	15.4057	24.8389
19.5032	15.4275	24.8673
19.5294	15.4448	24.8985
19.5461	15.4677	24.9259
19.5698	15.4841	24.9547
19.5902	15.5059	24.9842
19.6118	15.5248	25.0129
19.6332	15.5435	25.0412
19.6596	15.5632	25.0741
19.6827	15.5851	25.1058
19.7062	15.6002	25.1337
19.733	15.6234	25.1691
19.7581	15.6444	25.2017
19.7813	15.6635	25.2319
19.7995	15.6816	25.2574
19.8229	15.6963	25.2848
19.8449	15.715	25.3137
19.8653	15.7288	25.3382
19.8847	15.7469	25.3647
19.9069	15.7629	25.392
19.9296	15.7788	25.4196
19.9555	15.8039	25.4556
19.9834	15.8153	25.4845
20.0066	15.8338	25.5142
20.0322	15.8511	25.545
20.0557	15.8696	25.5749
20.085	15.8814	25.6052
20.106	15.897	25.6314
20.1313	15.9043	25.6557
20.1557	15.9247	25.6875
20.1776	15.9359	25.7117
20.2034	15.9498	25.7405
20.2264	15.9628	25.7666
20.248	15.981	25.7949
20.2775	15.9938	25.826
20.2994	16.0129	25.855
20.3271	16.0244	25.8838
20.352	16.0391	25.9125
20.3768	16.0509	25.9393
20.406	16.0593	25.9674
20.4315	16.0764	25.998
20.4575	16.0903	26.0271
20.4859	16.1011	26.056
20.5044	16.1127	26.0778
20.5358	16.1207	26.1074
20.5611	16.1322	26.1344
20.5924	16.1495	26.1697
20.621	16.164	26.2012
20.6496	16.1744	26.2301
20.6721	16.1938	26.2597
20.6996	16.2017	26.2863
20.7327	16.2173	26.322
20.7637	16.2274	26.3525
20.7977	16.2441	26.3896
20.8307	16.2534	26.4214
20.8638	16.2634	26.4536
20.8941	16.2794	26.4874
20.9235	16.2823	26.5124
20.9516	16.2922	26.5407
20.9788	16.3029	26.5687
21.0071	16.3104	26.5956
21.0335	16.3214	26.6233
21.0659	16.3288	26.6533
21.0959	16.3371	26.6822
21.1231	16.3475	26.71
21.1555	16.3562	26.741
21.1861	16.365	26.7706
21.2141	16.3759	26.7994
21.243	16.3813	26.8256
21.272	16.3903	26.8541
21.3005	16.3976	26.8811
21.3272	16.4038	26.906
21.3524	16.4129	26.9315
21.38	16.4184	26.9568
21.4027	16.4252	26.979
21.4278	16.432	27.003
21.4549	16.4416	27.0303
21.4838	16.4402	27.0525
21.5158	16.457	27.0881
21.5493	16.4624	27.1179
21.5712	16.4754	27.1432
21.6034	16.4758	27.1691
21.6307	16.4881	27.1983
21.6611	16.4966	27.2276
21.6878	16.5035	27.253
21.711	16.5083	27.2744
21.7357	16.5149	27.298
21.7668	16.5164	27.3237
21.7946	16.525	27.351
21.8221	16.5299	27.376
21.8549	16.5391	27.4076
21.8859	16.5443	27.4355
21.9145	16.5472	27.4601
21.9415	16.5544	27.486
21.9698	16.5592	27.5114
21.9973	16.5652	27.537
22.0249	16.5732	27.5639
22.0494	16.5804	27.5878
22.0806	16.5832	27.6144
22.1083	16.5931	27.6425
22.1391	16.5965	27.6692
22.1673	16.6016	27.6948
22.1912	16.61	27.719
22.2194	16.6111	27.7422
22.2477	16.6221	27.7715
22.278	16.6246	27.7973
22.3056	16.6317	27.8236
22.3361	16.6358	27.8505
22.3649	16.6465	27.88
22.3955	16.6481	27.9056
22.4209	16.6552	27.9301
22.4414	16.6568	27.9475
22.4698	16.67	27.9782
22.4998	16.675	28.0053
22.5267	16.6875	28.0343
22.5568	16.6914	28.0609
22.5854	16.7019	28.0901
22.6205	16.7032	28.1191
22.6534	16.7158	28.1531
22.6851	16.7167	28.1791
22.7149	16.7292	28.2105
22.7466	16.739	28.2419
22.7776	16.7457	28.2708
22.8017	16.7495	28.2924
22.8263	16.7566	28.3165
22.851	16.767	28.3426
22.8749	16.774	28.3659
22.9014	16.7803	28.3911
22.9318	16.7898	28.4212
22.9595	16.7978	28.4483
22.9866	16.8071	28.4756
23.0119	16.8181	28.5025
23.0411	16.8266	28.5312
23.064	16.8323	28.5529
23.0886	16.8434	28.5795
23.1159	16.8519	28.6065
23.1386	16.8653	28.6328
23.1662	16.8723	28.6591
23.1974	16.8886	28.694
23.2309	16.903	28.7295
23.2605	16.9163	28.7613
23.2882	16.9293	28.7913
23.3151	16.9398	28.8192
23.3371	16.9551	28.8461
23.3654	16.9601	28.8719
23.3913	16.9766	28.9025
23.4245	16.9894	28.937
23.4529	17.0064	28.97
23.482	17.022	29.0026
23.5062	17.0391	29.0323
23.5333	17.0497	29.0604
23.5572	17.0674	29.0901
23.5869	17.0811	29.1222
23.6164	17.0959	29.1548
23.6419	17.1125	29.1852
23.6715	17.1314	29.2202
23.6983	17.1462	29.2507
23.7208	17.1668	29.2809
23.7495	17.1807	29.3124
23.7731	17.2011	29.3434
23.7949	17.2167	29.3703
23.8162	17.2282	29.3943
23.8388	17.2453	29.4226
23.8623	17.2616	29.4512
23.8823	17.2862	29.4818
23.9115	17.3058	29.5169
23.9383	17.3309	29.5534
23.9691	17.3506	29.5899
23.9944	17.3736	29.6238
24.0212	17.3926	29.6567
24.0422	17.4143	29.6864
24.064	17.4284	29.7124
24.085	17.4551	29.7451
24.1119	17.4767	29.7795
24.1301	17.4982	29.8068
24.1486	17.5174	29.8331
24.1662	17.533	29.8565
24.1849	17.5564	29.8854
24.2113	17.5794	29.9202
24.2321	17.6045	29.9518
24.2525	17.6265	29.9812
24.2634	17.6497	30.0038
24.2844	17.6712	30.0333
24.3019	17.695	30.0616
24.3242	17.7159	30.0919
24.3382	17.7429	30.119
24.3624	17.7681	30.1535
24.3821	17.7979	30.1869
24.4023	17.8267	30.2202
24.4206	17.8523	30.2502
24.4385	17.8792	30.2805
24.4547	17.9079	30.3105
24.4731	17.9345	30.341
24.4869	17.9603	30.3674
24.5078	17.9831	30.3978
24.5183	18.0092	30.4217
24.5376	18.0299	30.4495
24.5529	18.0512	30.4744
24.5636	18.0757	30.4976
24.5772	18.0997	30.5227
24.5858	18.1264	30.5455
24.6044	18.1527	30.5761
24.611	18.1806	30.5979
24.6272	18.2064	30.6264
24.6333	18.2371	30.6495
24.6486	18.2645	30.6781
24.6587	18.2883	30.7004
24.6675	18.3177	30.725
24.6771	18.3476	30.7505
24.6849	18.3762	30.7738
24.6956	18.4009	30.7972
24.7004	18.4242	30.815
24.7056	18.45	30.8345
24.7212	18.4741	30.8615
24.7248	18.5031	30.8817
24.7346	18.5308	30.9062
24.7307	18.5653	30.9237
24.7391	18.5969	30.9494
24.7441	18.6272	30.9717
24.7482	18.6569	30.9928
24.7545	18.6845	31.0144
24.7578	18.7126	31.034
24.7614	18.7391	31.0528
24.7725	18.7695	31.08
24.7767	18.8007	31.1022
24.778	18.8314	31.1218
24.7827	18.8608	31.1434
24.7873	18.8896	31.1645
24.7873	18.9177	31.1816
24.7914	18.9459	31.2019
24.7907	18.9746	31.2188
24.8004	18.9995	31.2417
24.7967	19.0277	31.2559
24.8037	19.0562	31.2788
24.7976	19.0841	31.2909
24.8016	19.1142	31.3125
24.7991	19.1426	31.3279
24.8005	19.1729	31.3476
24.8007	19.203	31.3661
24.7994	19.2321	31.3828
24.7974	19.2612	31.3991
24.7981	19.2909	31.4179
24.7936	19.3207	31.4327
24.7945	19.3509	31.452
24.7902	19.3805	31.4668
24.7925	19.4165	31.4907
24.7863	19.4493	31.5061
24.7925	19.4799	31.5299
24.7818	19.5114	31.541
24.7785	19.546	31.5598
24.779	19.5723	31.5765
24.7691	19.5985	31.5849
24.7691	19.629	31.6039
24.7609	19.6581	31.6155
24.7596	19.688	31.6331
24.7519	19.7195	31.6467
24.7505	19.7483	31.6636
24.7446	19.7734	31.6747
24.7463	19.798	31.6914
24.7388	19.8268	31.7035
24.7393	19.8563	31.7223
24.7309	19.8786	31.7298
24.7279	19.9053	31.7441
24.7203	19.9334	31.7558
24.7186	19.9627	31.7729
24.7097	19.993	31.785
24.7055	20.0236	31.8011
24.6948	20.0551	31.8125
24.6901	20.0873	31.8293
24.679	20.1171	31.8394
24.675	20.1508	31.8576
24.6613	20.1764	31.8633
24.6632	20.2075	31.8844
24.6563	20.2388	31.899
24.648	20.2679	31.911
24.6419	20.2962	31.9243
24.6361	20.3239	31.9374
24.6277	20.3561	31.9515
24.6198	20.3893	31.9665
24.6105	20.4192	31.9785
24.6047	20.4487	31.9928
24.5935	20.4766	32.0021
24.5839	20.5022	32.0111
24.5803	20.5337	32.0285
24.5684	20.5607	32.0366
24.5622	20.5919	32.052
24.5501	20.6199	32.0607
24.5432	20.6505	32.0752
24.5348	20.6786	32.0868
24.5274	20.7075	32.0998
24.5184	20.7351	32.1107
24.5108	20.7642	32.1237
24.5037	20.7914	32.1359
24.4954	20.8159	32.1454
24.4974	20.8381	32.1613
24.4855	20.8641	32.1691
24.48	20.891	32.1824
24.4704	20.9171	32.192
24.4655	20.9439	32.2057
24.449	20.9703	32.2104
24.4436	21.0021	32.2269
24.4318	21.0306	32.2366
24.4302	21.0629	32.2565
24.4199	21.095	32.2697
24.4142	21.1258	32.2854
24.4021	21.1553	32.2956
24.3979	21.1869	32.3132
24.3863	21.2173	32.3244
24.3774	21.2434	32.3348
24.3716	21.2699	32.3478
24.3629	21.2963	32.3587
24.3506	21.3321	32.373
24.3431	21.3658	32.3895
24.3273	21.394	32.3963
24.3252	21.4321	32.4199
24.314	21.4643	32.4328
24.3015	21.4927	32.4422
24.2946	21.5242	32.4579
24.2811	21.5496	32.4647
24.2733	21.5857	32.4828
24.2625	21.6111	32.4917
24.2585	21.639	32.5073
24.2456	21.6656	32.5153
24.2365	21.6952	32.5283
24.2327	21.7234	32.5443
24.2193	21.751	32.5527
24.213	21.7798	32.5673
24.1999	21.8094	32.5774
24.191	21.8392	32.5908
24.1786	21.8684	32.601
24.1719	21.8931	32.6127
24.1603	21.9151	32.6189
24.1571	21.9411	32.634
24.1401	21.9672	32.639
24.1306	21.9965	32.6517
24.1149	22.0231	32.658
24.1068	22.0496	32.6699
24.0898	22.0738	32.6737
24.0838	22.0995	32.6867
24.0671	22.1237	32.6907
24.0565	22.1474	32.6989
24.045	22.1701	32.7059
24.0314	22.1962	32.7136
24.0149	22.2207	32.7181
23.9984	22.2466	32.7236
23.9816	22.2731	32.7294
23.9648	22.3011	32.7361
23.9499	22.3292	32.7443
23.9357	22.3629	32.757
23.9143	22.3899	32.7598
23.8942	22.4172	32.7637
23.8793	22.4448	32.7718
23.8656	22.4767	32.7837
23.8448	22.5026	32.7863
23.8289	22.5272	32.7917
23.8091	22.5518	32.7942
23.7928	22.579	32.801
23.7743	22.6012	32.8029
23.761	22.6252	32.8098
23.7378	22.646	32.8074
23.7222	22.6736	32.8151
23.7069	22.6947	32.8187
23.6889	22.7166	32.8208
23.676	22.7417	32.829
23.6533	22.7621	32.8267
23.6403	22.7847	32.833
23.6205	22.8047	32.8326
23.6059	22.8317	32.8409
23.5856	22.854	32.8418
23.5698	22.8789	32.8478
23.5452	22.9041	32.8477
23.5259	22.9295	32.8516
23.5084	22.9534	32.8558
23.4914	22.9768	32.86
23.4761	22.9953	32.8621
23.464	23.0164	32.8681
23.4425	23.0349	32.8658
23.4245	23.0586	32.8695
23.4073	23.0833	32.8746
23.3876	23.1068	32.8772
23.3736	23.1323	32.8851
23.3497	23.1511	32.8814
23.3349	23.177	32.8891
23.3154	23.2001	32.8915
23.3021	23.2226	32.898
23.2832	23.2461	32.9011
23.269	23.2722	32.9096
23.2479	23.2976	32.9127
23.2339	23.3235	32.9211
23.2223	23.3477	32.9301
23.2059	23.3699	32.9343
23.1923	23.3965	32.9436
23.1768	23.4226	32.9512
23.1562	23.4468	32.954
23.1456	23.4747	32.9664
23.1299	23.5001	32.9734
23.1133	23.5283	32.9819
23.1012	23.5556	32.9928
23.0886	23.5808	33.0021
23.0773	23.6061	33.0123
23.069	23.6354	33.0274
23.056	23.6618	33.0372
23.0506	23.6899	33.0536
23.0399	23.7235	33.0702
23.0238	23.752	33.0795
23.0153	23.7802	33.0939
23.0025	23.8063	33.1037
22.9922	23.8295	33.1132
22.9765	23.8586	33.1233
22.9681	23.8916	33.1412
22.9502	23.9205	33.1497
22.9387	23.9541	33.166
22.9221	23.9835	33.1758
22.9095	24.0129	33.1883
22.8928	24.033	33.1913
22.8839	24.0612	33.2056
22.8743	24.0859	33.2169
22.856	24.1066	33.2193
22.8439	24.1329	33.2301
22.8223	24.157	33.2328
22.8031	24.1824	33.238
22.7858	24.2043	33.2421
22.7654	24.2309	33.2475
22.7437	24.2531	33.2489
22.7232	24.2747	33.2506
22.7033	24.294	33.2511
22.6851	24.3072	33.2483
22.6671	24.3211	33.2462
22.6448	24.339	33.2441
22.6214	24.354	33.2392
22.5987	24.3664	33.2328
22.5796	24.3805	33.2302
22.558	24.392	33.224
22.5299	24.4051	33.2146
22.5018	24.4196	33.2062
22.4737	24.4312	33.1957
22.4435	24.4467	33.1867
22.4127	24.4533	33.1707
22.3888	24.464	33.1624
22.3626	24.4657	33.146
22.3372	24.4786	33.1384
22.3079	24.4826	33.1216
22.2824	24.498	33.1158
22.241	24.497	33.0873
22.206	24.5086	33.0723
22.1741	24.5097	33.0517
22.1519	24.5227	33.0464
22.1207	24.5287	33.0301
22.0903	24.5302	33.0108
22.0629	24.5383	32.9985
22.035	24.5362	32.9782
22.0062	24.5435	32.9645
21.9725	24.5455	32.9435
21.9415	24.547	32.9239
21.9121	24.5507	32.9071
21.8823	24.5462	32.8839
21.8499	24.5553	32.8691
21.8168	24.5505	32.8436
21.7863	24.5566	32.8278
21.7499	24.5506	32.7993
21.7166	24.5516	32.7779
21.6836	24.5466	32.7523
21.6492	24.55	32.7321
21.6161	24.5409	32.7034
21.5841	24.5434	32.6841
21.5539	24.5346	32.6576
21.5148	24.5383	32.6346
21.4792	24.5298	32.6047
21.4446	24.5329	32.5843
21.4138	24.5244	32.5576
21.3827	24.5269	32.5391
