#1 AntPos X	#2 AntPos Y	#3 Distance form nest	
0	0	0
0	0	0
0	0	0
0	0	0
0	0	0
0	0	0
0	0	0
0	0	0
0	0	0
0	0	0
0	0	0
0	0	0
0	0	0
0	0	0
0	0	0
0	0	0
0	0	0
0	0	0
0	0	0
0	0	0
0	0	0
0	0	0
0	0	0
0	0	0
0	0	0
0	0	0
0	0	0
0	0	0
0	0	0
0	0	0
0	0	0
0	0	0
0	0	0
0	0	0
0	0	0
0	0	0
0	0	0
0	0	0
0	0	0
0	0	0
0	0	0
0	0	0
0	0	0
0	0	0
0	0	0
0	0	0
0	0	0
0	0	0
0	0	0
0	0	0
0	0	0
0	0	0
0	0	0
0	0	0
0	0	0
0	0	0
0	0	0
0	0	0
0	0	0
0	0	0
0	0	0
0	0	0
0	0	0
0	0	0
0	0	0
0	0	0
0	0	0
0	0	0
0	0	0
0	0	0
0	0	0
0	0	0
0	0	0
0	0	0
0	0	0
0	0	0
0	0	0
0	0	0
0	0	0
0	0	0
0	0	0
0	0	0
0	0	0
0	0	0
0	0	0
0	0	0
0	0	0
0	0	0
0	0	0
0	0	0
0	0	0
0	0	0
0	0	0
0	0	0
0	0	0
0	0	0
0	0	0
0	0	0
0	0	0
0.0190174	0.00105817	0.0190468
0.043428	-0.0114388	0.0449092
0.0791615	-0.0168992	0.0809452
0.114788	-0.012005	0.115414
0.147741	-0.0213333	0.149274
0.184023	-0.0213658	0.185259
0.21665	-0.0305893	0.218799
0.247482	-0.0344975	0.249875
0.276331	-0.0298816	0.277942
0.306116	-0.0359056	0.308214
0.333582	-0.0363803	0.33556
0.359262	-0.0461207	0.362211
0.384812	-0.0554366	0.388785
0.410538	-0.0672695	0.416013
0.437064	-0.0813252	0.444565
0.4666	-0.0996311	0.477118
0.494907	-0.11712	0.508576
0.521485	-0.133313	0.538255
0.547043	-0.156315	0.568938
0.578965	-0.169864	0.603369
0.604247	-0.185441	0.632063
0.62986	-0.199899	0.66082
0.654401	-0.214124	0.688542
0.684208	-0.224493	0.720096
0.710679	-0.234215	0.748279
0.736898	-0.24516	0.77661
0.766375	-0.260892	0.809565
0.799035	-0.265069	0.841854
0.824439	-0.275891	0.869377
0.853497	-0.278913	0.897914
0.882104	-0.285678	0.927211
0.905526	-0.291878	0.951404
0.932134	-0.300151	0.979268
0.961007	-0.29728	1.00594
0.992497	-0.300752	1.03706
1.02033	-0.303075	1.0644
1.04703	-0.305264	1.09063
1.06905	-0.314117	1.11424
1.09731	-0.315956	1.14189
1.12718	-0.316431	1.17076
1.15511	-0.314914	1.19727
1.18292	-0.316008	1.2244
1.21412	-0.320355	1.25567
1.24794	-0.309969	1.28586
1.27343	-0.306582	1.30982
1.30582	-0.306756	1.34136
1.33219	-0.301254	1.36583
1.3648	-0.297458	1.39684
1.3974	-0.295833	1.42838
1.42211	-0.299138	1.45324
1.45046	-0.289561	1.47908
1.47992	-0.279023	1.50599
1.51081	-0.267724	1.53435
1.53683	-0.25189	1.55734
1.56679	-0.241275	1.58526
1.59814	-0.233377	1.61509
1.62114	-0.228645	1.63718
1.64392	-0.222284	1.65888
1.66893	-0.213424	1.68252
1.69717	-0.205163	1.70952
1.72418	-0.196495	1.73535
1.75193	-0.185623	1.76173
1.77889	-0.174356	1.78741
1.80555	-0.158793	1.81252
1.83094	-0.14859	1.83696
1.85972	-0.138057	1.86484
1.88741	-0.128782	1.8918
1.9154	-0.118841	1.91908
1.94361	-0.113603	1.94692
1.96966	-0.1057	1.97249
1.9934	-0.090325	1.99544
2.01054	-0.0823251	2.01223
2.0311	-0.0725812	2.03239
2.05416	-0.0607229	2.05505
2.07988	-0.0436877	2.08033
2.10923	-0.0352804	2.10953
2.13796	-0.0277081	2.13814
2.16671	-0.0166236	2.16678
2.18598	-0.00650515	2.18599
2.20697	0.00377727	2.20697
2.23535	0.00688082	2.23536
2.26379	0.0116403	2.26382
2.30026	0.0140237	2.3003
2.33647	0.0119718	2.3365
2.36916	0.00800385	2.36917
2.40406	0.00804188	2.40407
2.43391	0.00776376	2.43392
2.46226	0.00693935	2.46227
2.48916	0.00428165	2.48917
2.51705	0.00196899	2.51705
2.54522	-0.00103111	2.54522
2.57303	-0.00448366	2.57303
2.59541	-0.0070247	2.59542
2.62315	-0.00739259	2.62317
2.65553	-0.00473433	2.65554
2.68368	-0.00271568	2.68368
2.7138	-0.00855857	2.71381
2.74309	-0.0139097	2.74313
2.77301	-0.0146897	2.77305
2.80742	-0.0132113	2.80745
2.8389	-0.0132392	2.83893
2.8666	-0.0112025	2.86662
2.89181	-0.0111723	2.89184
2.9144	-0.00869218	2.91442
2.93746	-0.00830048	2.93747
2.96287	-0.00848226	2.96288
2.99213	-0.00793591	2.99214
3.02005	-0.00626236	3.02005
3.05407	-0.00510736	3.05408
3.0887	-0.00296143	3.0887
3.12023	-0.00321733	3.12023
3.15016	-0.00520497	3.15017
3.17048	-0.00709905	3.17049
3.19663	-0.0100536	3.19664
3.22722	-0.0167618	3.22727
3.25557	-0.02466	3.25566
3.28046	-0.0336779	3.28063
3.30534	-0.0415182	3.3056
3.33049	-0.0508229	3.33088
3.35569	-0.0602428	3.35623
3.38146	-0.0702334	3.38219
3.41358	-0.0821866	3.41457
3.442	-0.0949172	3.44331
3.46662	-0.105592	3.46823
3.49539	-0.111765	3.49718
3.523	-0.118142	3.52498
3.55054	-0.124466	3.55273
3.57803	-0.13174	3.58046
3.60551	-0.139106	3.60819
3.6315	-0.14537	3.63441
3.65502	-0.15479	3.6583
3.67993	-0.164696	3.68361
3.70705	-0.182296	3.71153
3.73281	-0.19233	3.73776
3.75905	-0.202433	3.7645
3.77311	-0.209075	3.7789
3.79325	-0.216265	3.79941
3.81608	-0.224036	3.82265
3.83837	-0.234466	3.84552
3.86202	-0.247436	3.86994
3.88707	-0.262919	3.89596
3.91861	-0.279011	3.92853
3.94374	-0.292502	3.95458
3.96916	-0.306072	3.98094
3.9936	-0.313912	4.00592
4.02327	-0.325782	4.03644
4.05065	-0.335072	4.06448
4.07693	-0.34659	4.09163
4.10864	-0.360026	4.12438
4.13813	-0.367568	4.15442
4.16171	-0.382786	4.17928
4.18744	-0.401023	4.2066
4.20353	-0.411834	4.22366
4.22102	-0.424483	4.24232
4.24006	-0.434449	4.26226
4.26278	-0.450095	4.28648
4.28851	-0.465092	4.31366
4.3132	-0.476899	4.33949
4.33701	-0.491498	4.36477
4.36141	-0.503433	4.39037
4.38366	-0.520508	4.41446
4.40862	-0.536816	4.44119
4.43327	-0.548228	4.46704
4.45545	-0.569023	4.49164
4.47677	-0.588648	4.51531
4.49159	-0.609839	4.5328
4.51126	-0.631567	4.55526
4.5286	-0.654722	4.57568
4.54597	-0.677731	4.59621
4.56603	-0.698287	4.61911
4.58502	-0.7223	4.64156
4.60461	-0.747507	4.66489
4.62391	-0.770584	4.68768
4.6419	-0.792734	4.70911
4.65979	-0.818918	4.7312
4.68284	-0.84094	4.75775
4.70347	-0.862421	4.78188
4.72365	-0.883285	4.80552
4.74603	-0.905317	4.8316
4.76872	-0.92505	4.85761
4.79078	-0.943927	4.88289
4.81127	-0.963303	4.90675
4.83136	-0.983999	4.93054
4.85376	-1.00037	4.95578
4.86701	-1.01027	4.97076
4.88583	-1.02786	4.99278
4.90803	-1.04422	5.01788
4.93096	-1.05958	5.04352
4.94921	-1.07295	5.06418
4.96733	-1.0928	5.08612
4.99695	-1.10801	5.11832
5.02404	-1.12268	5.14795
5.04632	-1.13507	5.1724
5.0694	-1.15072	5.19836
5.091	-1.16109	5.22173
5.11031	-1.17263	5.24312
5.13186	-1.18604	5.26713
5.1632	-1.19302	5.29924
5.19411	-1.19628	5.33009
5.2252	-1.19956	5.36113
5.25517	-1.20173	5.39082
5.28642	-1.20524	5.42207
5.31734	-1.21023	5.45333
5.34568	-1.21952	5.48302
5.37749	-1.23042	5.51646
5.40678	-1.23797	5.5467
5.43572	-1.2438	5.57621
5.46521	-1.24943	5.60621
5.49036	-1.25284	5.63149
5.51673	-1.25377	5.6574
5.54559	-1.2556	5.68596
5.57177	-1.26358	5.71326
5.59247	-1.26828	5.73448
5.61757	-1.27273	5.75994
5.64411	-1.27708	5.78679
5.67173	-1.28162	5.81473
5.69576	-1.284	5.83869
5.72205	-1.28611	5.8648
5.74928	-1.28809	5.89181
5.77735	-1.28903	5.91941
5.80543	-1.28998	5.94702
5.83493	-1.28636	5.97504
5.86459	-1.28329	6.00335
5.89723	-1.2801	6.03456
5.92866	-1.28115	6.0655
5.96138	-1.28129	6.09752
5.98707	-1.28539	6.1235
6.01737	-1.279	6.15179
6.0465	-1.27259	6.17897
6.08111	-1.26032	6.21034
6.10991	-1.2492	6.2363
6.14282	-1.23257	6.26526
6.17129	-1.21602	6.28995
6.1992	-1.19944	6.31417
6.2247	-1.18525	6.33654
6.24709	-1.17379	6.3564
6.2691	-1.16454	6.37634
6.2956	-1.15757	6.40114
6.32107	-1.15237	6.42526
6.34623	-1.15112	6.44979
6.3717	-1.15319	6.47521
6.39691	-1.16181	6.50156
6.42783	-1.1579	6.53129
6.45421	-1.14904	6.5557
6.47921	-1.13957	6.57866
6.50803	-1.13089	6.60556
6.53696	-1.12059	6.63231
6.56238	-1.1105	6.65568
6.58835	-1.10028	6.6796
6.61478	-1.08811	6.70368
6.64545	-1.08619	6.73363
6.6769	-1.09085	6.76543
6.70576	-1.0956	6.79467
6.73544	-1.1008	6.8248
6.76966	-1.11005	6.86007
6.80044	-1.11784	6.8917
6.83425	-1.11798	6.92509
6.86505	-1.12165	6.95608
6.89081	-1.12506	6.98205
6.92142	-1.13215	7.01341
6.95088	-1.14079	7.04387
6.97819	-1.15095	7.07247
7.00628	-1.16194	7.10198
7.03388	-1.16596	7.12987
7.06196	-1.16982	7.1582
7.08846	-1.17439	7.18508
7.11867	-1.18152	7.21605
7.14725	-1.1876	7.24525
7.17443	-1.19507	7.27328
7.20052	-1.2018	7.30013
7.2292	-1.20782	7.3294
7.25441	-1.21321	7.35516
7.28019	-1.21702	7.38122
7.30884	-1.2185	7.40972
7.33125	-1.22303	7.43256
7.3584	-1.23115	7.46068
7.38581	-1.23775	7.4888
7.41532	-1.23899	7.51812
7.44304	-1.25187	7.54759
7.46986	-1.26396	7.57604
7.49651	-1.27744	7.60458
7.52169	-1.28972	7.63146
7.54705	-1.30472	7.659
7.57415	-1.32244	7.68873
7.59881	-1.33658	7.71546
7.62343	-1.34908	7.74188
7.65192	-1.36147	7.7721
7.67536	-1.37426	7.79741
7.6946	-1.38981	7.81911
7.71552	-1.40734	7.84282
7.73719	-1.42586	7.86747
7.75796	-1.44404	7.89121
7.77345	-1.45457	7.90837
7.79246	-1.46798	7.92953
7.81254	-1.48329	7.9521
7.83792	-1.50319	7.98076
7.85762	-1.52168	8.0036
7.88739	-1.5311	8.03463
7.91274	-1.53862	8.06094
7.93565	-1.54498	8.08465
7.96676	-1.5489	8.11593
7.99565	-1.56717	8.14779
8.02075	-1.58713	8.17627
8.04534	-1.60501	8.20388
8.06928	-1.6174	8.22978
8.09025	-1.63253	8.25332
8.10909	-1.64799	8.27485
8.1343	-1.66249	8.30245
8.16149	-1.67711	8.33202
8.18786	-1.69214	8.36088
8.21347	-1.7103	8.38965
8.2405	-1.72391	8.41889
8.27154	-1.7357	8.45169
8.30007	-1.74656	8.48184
8.32378	-1.75401	8.50658
8.3493	-1.76186	8.53317
8.3757	-1.76977	8.56063
8.40111	-1.77783	8.58717
8.42806	-1.78634	8.61529
8.45125	-1.79542	8.63986
8.47405	-1.8003	8.66318
8.49875	-1.80949	8.68925
8.52112	-1.82091	8.7135
8.54146	-1.83244	8.73581
8.57391	-1.84342	8.76984
8.60645	-1.85591	8.80428
8.63546	-1.86594	8.83476
8.66758	-1.87823	8.86875
8.69833	-1.88861	8.901
8.72308	-1.89291	8.92609
8.74544	-1.91133	8.95187
8.76624	-1.93039	8.97627
8.78351	-1.9483	8.997
8.79691	-1.96298	9.01327
8.81528	-1.97939	9.03477
8.83646	-1.98988	9.05774
8.8553	-1.99744	9.07778
8.87807	-2.00633	9.10195
8.90228	-2.01635	9.12777
8.9277	-2.02424	9.15431
8.94875	-2.0371	9.17769
8.97178	-2.04994	9.203
8.99487	-2.0654	9.22895
9.01881	-2.08213	9.25604
9.04649	-2.09548	9.28602
9.07065	-2.10639	9.31201
9.09553	-2.11829	9.33894
9.11976	-2.13043	9.3653
9.14412	-2.14005	9.39121
9.1664	-2.15718	9.41681
9.18953	-2.17561	9.44356
9.21265	-2.19071	9.46954
9.2394	-2.20522	9.49892
9.26475	-2.21989	9.52698
9.28741	-2.23716	9.55306
9.30998	-2.25451	9.57906
9.32851	-2.27257	9.60133
9.34551	-2.29328	9.62277
9.35911	-2.31726	9.64171
9.37041	-2.3443	9.65921
9.37922	-2.36958	9.67391
9.39261	-2.39372	9.69283
9.40588	-2.41789	9.71168
9.42177	-2.44016	9.73263
9.43837	-2.46032	9.75377
9.4554	-2.48134	9.77556
9.47398	-2.50241	9.79889
9.49264	-2.52341	9.82232
9.50919	-2.54031	9.84265
9.52666	-2.5616	9.86504
9.54458	-2.58529	9.88852
9.56114	-2.60927	9.91078
9.57927	-2.63674	9.93554
9.59863	-2.66642	9.96211
9.61858	-2.69539	9.9891
9.63752	-2.72105	10.0143
9.65438	-2.74639	10.0374
9.67076	-2.77079	10.0599
9.68753	-2.79606	10.083
9.70146	-2.81296	10.101
9.71868	-2.82657	10.1214
9.73069	-2.85096	10.1397
9.74383	-2.87613	10.1594
9.75712	-2.89555	10.1777
9.77535	-2.91604	10.201
9.79513	-2.94105	10.2271
9.8144	-2.96464	10.2524
9.83144	-2.9877	10.2754
9.85108	-3.01169	10.3012
9.86921	-3.03063	10.324
9.88116	-3.06154	10.3446
9.8941	-3.08993	10.3654
9.90567	-3.11773	10.3847
9.9169	-3.1462	10.404
9.92973	-3.17551	10.4251
9.94258	-3.20137	10.4453
9.95103	-3.22553	10.4607
9.9638	-3.25351	10.4815
9.9764	-3.2822	10.5024
9.99021	-3.30371	10.5223
10.0058	-3.32523	10.5439
10.0181	-3.3488	10.563
10.0333	-3.37462	10.5857
10.048	-3.39972	10.6075
10.0622	-3.42438	10.6289
10.0801	-3.44473	10.6524
10.0884	-3.47302	10.6694
10.0956	-3.49826	10.6845
10.102	-3.52396	10.699
10.1102	-3.55762	10.7179
10.1175	-3.58663	10.7344
10.1263	-3.61352	10.7517
10.1385	-3.64114	10.7725
10.1492	-3.667	10.7913
10.1597	-3.69298	10.81
10.1679	-3.71889	10.8267
10.1785	-3.74582	10.8459
10.1906	-3.77231	10.8664
10.2014	-3.79689	10.8851
10.2081	-3.82653	10.9017
10.2195	-3.8586	10.9236
10.2285	-3.88948	10.9431
10.2367	-3.91864	10.9611
10.2391	-3.94113	10.9714
10.2475	-3.96723	10.9886
10.2552	-3.99304	11.0052
10.2575	-4.01535	11.0155
10.268	-4.04026	11.0343
10.2764	-4.06752	11.0521
10.2853	-4.09108	11.069
10.2861	-4.11274	11.0778
10.2989	-4.1382	11.0992
10.3143	-4.16319	11.1228
10.3323	-4.19169	11.1502
10.3483	-4.21831	11.175
10.3631	-4.2441	11.1985
10.3815	-4.26641	11.224
10.3888	-4.29735	11.2425
10.3965	-4.32335	11.2596
10.404	-4.35053	11.277
10.4052	-4.3734	11.2869
10.4064	-4.40077	11.2987
10.4113	-4.42681	11.3133
10.4171	-4.45378	11.3292
10.4269	-4.48245	11.3496
10.4368	-4.51198	11.3703
10.4433	-4.539	11.3871
10.4496	-4.56575	11.4035
10.4569	-4.5902	11.42
10.4619	-4.61829	11.4359
10.4672	-4.63845	11.4489
10.4733	-4.66407	11.4649
10.4798	-4.68666	11.48
10.4879	-4.71437	11.4988
10.4967	-4.74399	11.519
10.5084	-4.77356	11.5418
10.52	-4.80255	11.5644
10.5305	-4.82819	11.5845
10.5413	-4.85392	11.6051
10.5518	-4.88468	11.6276
10.5619	-4.91349	11.6489
10.5727	-4.94221	11.6708
10.5796	-4.96553	11.6869
10.5906	-4.98877	11.7068
10.6018	-5.01295	11.7272
10.611	-5.04434	11.749
10.6195	-5.06902	11.7673
10.6277	-5.08871	11.7832
10.637	-5.11171	11.8015
10.6401	-5.13206	11.8131
10.6601	-5.15433	11.8408
10.6788	-5.17411	11.8663
10.6967	-5.19376	11.8909
10.715	-5.21104	11.9149
10.731	-5.23256	11.9388
10.7479	-5.25453	11.9636
10.7649	-5.27776	11.9891
10.7825	-5.30029	12.0148
10.8015	-5.32326	12.042
10.82	-5.34592	12.0686
10.8405	-5.36844	12.097
10.8591	-5.39091	12.1236
10.8818	-5.41777	12.1559
10.9014	-5.44422	12.1852
10.9322	-5.46246	12.221
10.9577	-5.48423	12.2535
10.9848	-5.51308	12.2906
11.0072	-5.53777	12.3217
11.0362	-5.55308	12.3545
11.0577	-5.56832	12.3806
11.0821	-5.58312	12.409
11.1065	-5.5976	12.4373
11.1292	-5.61873	12.4671
11.1524	-5.63641	12.4958
11.1746	-5.65069	12.522
11.2023	-5.66778	12.5545
11.2275	-5.67957	12.5823
11.2522	-5.69786	12.6126
11.2706	-5.7155	12.6369
11.2986	-5.72491	12.6662
11.3261	-5.73408	12.6949
11.3532	-5.74131	12.7224
11.3802	-5.74853	12.7497
11.4085	-5.75652	12.7785
11.4317	-5.75871	12.8002
11.4553	-5.76282	12.8232
11.4829	-5.76878	12.8505
11.5076	-5.77223	12.8742
11.534	-5.77401	12.8985
11.5607	-5.77489	12.9228
11.5857	-5.76955	12.9428
11.6139	-5.77933	12.9724
11.6349	-5.79334	12.9974
11.6635	-5.80536	13.0284
11.692	-5.81575	13.0586
11.7196	-5.82596	13.0878
11.7425	-5.83955	13.1144
11.7711	-5.85133	13.1453
11.7947	-5.86551	13.1727
11.8122	-5.87756	13.1937
11.8362	-5.88851	13.2201
11.858	-5.89804	13.2438
11.8822	-5.90849	13.2702
11.9062	-5.91872	13.2962
11.9296	-5.93014	13.3222
11.9544	-5.94203	13.3497
11.979	-5.95769	13.3787
12.0104	-5.96178	13.4087
12.0374	-5.95974	13.432
12.0655	-5.95587	13.4555
12.0925	-5.95342	13.4786
12.1201	-5.95255	13.503
12.149	-5.95408	13.5296
12.1819	-5.95174	13.5581
12.2175	-5.94554	13.5874
12.2477	-5.94082	13.6125
12.2756	-5.93703	13.6359
12.3046	-5.92853	13.6584
12.3323	-5.91912	13.6792
12.3595	-5.9099	13.6998
12.3871	-5.90064	13.7207
12.4143	-5.89121	13.7412
12.4365	-5.88289	13.7577
12.4639	-5.87445	13.7789
12.4909	-5.87032	13.8016
12.5185	-5.86965	13.8262
12.5463	-5.869	13.8512
12.5754	-5.86612	13.8763
12.608	-5.8673	13.9064
12.6314	-5.86541	13.9268
12.6575	-5.86331	13.9496
12.6828	-5.85966	13.971
12.7099	-5.85929	13.9954
12.7385	-5.85413	14.0193
12.7673	-5.84886	14.0433
12.7977	-5.84451	14.0691
12.8264	-5.8381	14.0926
12.8534	-5.83185	14.1145
12.8802	-5.82468	14.136
12.9064	-5.81669	14.1566
12.9314	-5.80807	14.1758
12.9552	-5.79942	14.194
12.9811	-5.78618	14.2123
13.0106	-5.77343	14.2341
13.0388	-5.7621	14.2552
13.0618	-5.73579	14.2656
13.0825	-5.712	14.2751
13.0953	-5.68867	14.2776
13.1072	-5.66432	14.2787
13.1161	-5.63395	14.2749
13.1322	-5.60896	14.2799
13.1469	-5.58595	14.2844
13.1666	-5.56316	14.2936
13.1938	-5.546	14.312
13.2211	-5.53524	14.3331
13.2428	-5.51203	14.3442
13.2641	-5.49001	14.3554
13.2837	-5.46942	14.3656
13.3017	-5.4505	14.3751
13.3194	-5.42618	14.3822
13.3315	-5.40149	14.3842
13.3411	-5.3753	14.3833
13.351	-5.34854	14.3825
13.3595	-5.32339	14.3811
13.3683	-5.2936	14.3782
13.3781	-5.26686	14.3775
13.3906	-5.23124	14.3762
13.398	-5.19884	14.3713
13.4075	-5.16924	14.3695
13.4214	-5.14471	14.3736
13.4353	-5.12013	14.3779
13.4534	-5.09652	14.3864
13.4714	-5.07174	14.3945
13.4895	-5.04646	14.4026
13.509	-5.01824	14.411
13.527	-4.99334	14.4192
13.5455	-4.9679	14.4278
13.5601	-4.94293	14.4329
13.5775	-4.91855	14.441
13.5962	-4.89342	14.4499
13.6094	-4.86549	14.453
13.6267	-4.8386	14.4603
13.6361	-4.81285	14.4605
13.6398	-4.78926	14.4562
13.6451	-4.76224	14.4523
13.6499	-4.73562	14.4481
13.6524	-4.7064	14.4409
13.6556	-4.6819	14.4359
13.654	-4.65374	14.4253
13.6522	-4.62712	14.415
13.6493	-4.6044	14.405
13.6452	-4.57617	14.3921
13.6407	-4.55103	14.3799
13.6383	-4.52313	14.3687
13.637	-4.49916	14.36
13.6358	-4.47276	14.3507
13.6349	-4.44383	14.3408
13.6349	-4.41268	14.3312
13.6386	-4.37961	14.3245
13.6469	-4.35224	14.3241
13.6542	-4.32457	14.3227
13.6613	-4.29839	14.3216
13.6633	-4.27015	14.3151
13.6654	-4.24175	14.3086
13.6655	-4.21591	14.301
13.6631	-4.18976	14.291
13.6606	-4.16255	14.2808
13.6539	-4.13332	14.2658
13.6479	-4.11032	14.2534
13.6435	-4.0861	14.2422
13.6387	-4.06181	14.2307
13.6376	-4.03253	14.2213
13.6388	-4.00976	14.2161
13.6255	-3.98782	14.1971
13.6088	-3.9651	14.1747
13.5914	-3.94189	14.1515
13.5718	-3.9168	14.1257
13.5533	-3.89306	14.1013
13.5352	-3.87078	14.0778
13.5186	-3.8485	14.0557
13.5072	-3.8234	14.0379
13.5	-3.79857	14.0242
13.4869	-3.77407	14.005
13.474	-3.75286	13.9869
13.4596	-3.73047	13.967
13.4453	-3.7066	13.9469
13.4296	-3.6828	13.9254
13.4152	-3.65675	13.9047
13.4017	-3.63067	13.8848
13.3881	-3.60464	13.8649
13.3769	-3.57983	13.8477
13.3645	-3.55482	13.8292
13.3603	-3.52885	13.8185
13.3408	-3.49936	13.7921
13.3248	-3.46629	13.7683
13.3069	-3.43552	13.7432
13.2925	-3.40777	13.7223
13.2764	-3.38029	13.7
13.2579	-3.34997	13.6746
13.242	-3.3234	13.6527
13.2256	-3.30482	13.6322
13.1998	-3.27962	13.6012
13.1749	-3.25605	13.5713
13.1509	-3.23644	13.5433
13.133	-3.21406	13.5206
13.1152	-3.19474	13.4987
13.1015	-3.18212	13.4824
13.0869	-3.17135	13.4656
13.0706	-3.1553	13.4461
13.059	-3.13488	13.43
13.0471	-3.1145	13.4137
13.0355	-3.09924	13.3989
13.0218	-3.08189	13.3816
13.0102	-3.06245	13.3657
12.9984	-3.04084	13.3494
12.9867	-3.01587	13.3322
12.9743	-2.98977	13.3143
12.9577	-2.96921	13.2936
12.9432	-2.94649	13.2743
12.9318	-2.91775	13.2569
12.9175	-2.88996	13.2369
12.9065	-2.86389	13.2205
12.8953	-2.83673	13.2036
12.8845	-2.8109	13.1876
12.8735	-2.7842	13.1712
12.8624	-2.75983	13.1552
12.8504	-2.73517	13.1383
12.839	-2.70848	13.1216
12.8277	-2.69032	13.1068
12.815	-2.66907	13.09
12.8012	-2.64563	13.0717
12.7858	-2.62103	13.0516
12.7681	-2.59886	13.0299
12.7497	-2.57732	13.0076
12.7258	-2.55223	12.9792
12.7036	-2.53039	12.9531
12.6817	-2.51239	12.9282
12.6591	-2.49418	12.9025
12.6379	-2.47607	12.8781
12.6134	-2.45444	12.85
12.5902	-2.43375	12.8233
12.5629	-2.41203	12.7924
12.546	-2.38191	12.7701
12.5306	-2.35437	12.7499
12.5119	-2.3316	12.7273
12.4896	-2.30408	12.7004
12.4692	-2.28176	12.6763
12.4555	-2.25521	12.658
12.4413	-2.22855	12.6394
12.4269	-2.2029	12.6207
12.4187	-2.17239	12.6073
12.4112	-2.14354	12.595
12.4039	-2.11592	12.5831
12.403	-2.09043	12.578
12.4008	-2.06478	12.5715
12.3983	-2.03786	12.5647
12.3959	-2.00944	12.5577
12.3946	-1.98064	12.5519
12.3936	-1.95459	12.5468
12.3941	-1.93105	12.5437
12.3955	-1.90516	12.541
12.3959	-1.87868	12.5374
12.3967	-1.85137	12.5342
12.3907	-1.82729	12.5247
12.3843	-1.8015	12.5147
12.3792	-1.7782	12.5063
12.3751	-1.7566	12.4992
12.3721	-1.72767	12.4921
12.3711	-1.69907	12.4872
12.3645	-1.66833	12.4766
12.3569	-1.6365	12.4647
12.3557	-1.61351	12.4606
12.3586	-1.59392	12.461
12.3581	-1.57178	12.4576
12.3557	-1.54887	12.4525
12.3492	-1.51901	12.4423
12.3514	-1.48446	12.4403
12.352	-1.4518	12.437
12.3542	-1.41912	12.4355
12.3538	-1.38665	12.4314
12.3472	-1.35752	12.4216
12.3365	-1.32516	12.4075
12.3266	-1.29389	12.3943
12.3228	-1.26734	12.3878
12.3207	-1.23946	12.3829
12.3147	-1.21264	12.3742
12.3055	-1.17836	12.3618
12.2897	-1.14599	12.343
12.2742	-1.11667	12.3248
12.2583	-1.08963	12.3066
12.2424	-1.06451	12.2886
12.228	-1.04104	12.2722
12.2134	-1.0167	12.2556
12.1988	-0.99226	12.2391
12.1839	-0.968504	12.2224
12.167	-0.942487	12.2035
12.1534	-0.921699	12.1883
12.1352	-0.90252	12.1687
12.1231	-0.873355	12.1545
12.1112	-0.845671	12.1407
12.0999	-0.821478	12.1277
12.0862	-0.799993	12.1126
12.0731	-0.778827	12.0982
12.0627	-0.754727	12.0863
12.0527	-0.733049	12.0749
12.0416	-0.708633	12.0624
12.0235	-0.683431	12.0429
12.0046	-0.659988	12.0227
11.9862	-0.637615	12.0031
11.9678	-0.615353	11.9836
11.9512	-0.590935	11.9658
11.9299	-0.563383	11.9432
11.9113	-0.539743	11.9235
11.9012	-0.513803	11.9123
11.8954	-0.484454	11.9053
11.8926	-0.456245	11.9014
11.8911	-0.424701	11.8987
11.8879	-0.398135	11.8946
11.8868	-0.372557	11.8926
11.8853	-0.345685	11.8903
11.8801	-0.3117	11.8842
11.8762	-0.281187	11.8795
11.8716	-0.249884	11.8742
11.8671	-0.221778	11.8692
11.8622	-0.192442	11.8638
11.8581	-0.162947	11.8592
11.8569	-0.136074	11.8577
11.8556	-0.114441	11.8561
11.8498	-0.0889436	11.8501
11.844	-0.062321	11.8442
11.8379	-0.035556	11.838
11.8294	-0.0108964	11.8294
11.8176	0.0110776	11.8176
11.8077	0.0346191	11.8078
11.7961	0.0589345	11.7962
11.7861	0.0803193	11.7863
11.7817	0.103617	11.7821
11.779	0.126589	11.7797
11.7764	0.152415	11.7773
11.7716	0.178528	11.773
11.7661	0.205152	11.7679
11.7626	0.234587	11.765
11.7544	0.261655	11.7573
11.7458	0.288915	11.7493
11.7327	0.317713	11.737
11.7185	0.346802	11.7236
11.7032	0.367655	11.709
11.6889	0.389534	11.6954
11.6736	0.41113	11.6808
11.658	0.436229	11.6661
11.6426	0.466538	11.6519
11.6281	0.496829	11.6387
11.6158	0.526912	11.6277
11.6007	0.553551	11.6139
11.5833	0.580457	11.5978
11.5637	0.60245	11.5794
11.5439	0.625986	11.5608
11.5249	0.648594	11.5431
11.5059	0.671375	11.5255
11.4862	0.694339	11.5071
11.4669	0.709606	11.4888
11.4595	0.74087	11.4834
11.454	0.772388	11.48
11.4485	0.798404	11.4763
11.442	0.827265	11.4719
11.433	0.85613	11.465
11.4264	0.885495	11.4607
11.4209	0.913031	11.4574
11.4171	0.939671	11.4557
11.4108	0.965864	11.4516
11.403	0.992362	11.4461
11.3952	1.01985	11.4408
11.388	1.04505	11.4359
11.3762	1.07172	11.4266
11.3667	1.0969	11.4195
11.3585	1.12244	11.4138
11.3501	1.14746	11.408
11.3445	1.17396	11.4051
11.3363	1.1985	11.3995
11.3286	1.2263	11.3948
11.3237	1.25013	11.3925
11.3185	1.2762	11.3902
11.3125	1.30209	11.3872
11.3094	1.3317	11.3875
11.3101	1.36117	11.3917
11.3029	1.39069	11.3881
11.2995	1.41897	11.3882
11.2923	1.44701	11.3847
11.2815	1.47374	11.3773
11.2711	1.5002	11.3705
11.2583	1.52612	11.3612
11.2459	1.55194	11.3525
11.2326	1.57802	11.3429
11.2167	1.59854	11.33
11.1996	1.62045	11.3162
11.1851	1.63981	11.3046
11.1707	1.66109	11.2936
11.1557	1.68346	11.282
11.1408	1.70593	11.2707
11.1241	1.73159	11.258
11.1086	1.75665	11.2466
11.0929	1.78226	11.2352
11.0768	1.80685	11.2232
11.063	1.82452	11.2125
11.0559	1.85232	11.21
11.0526	1.87896	11.2111
11.0465	1.91009	11.2104
11.0397	1.93764	11.2085
11.0297	1.97206	11.2046
11.0224	2.00629	11.2035
11.0204	2.03432	11.2066
11.0163	2.05744	11.2068
11.0137	2.07947	11.2082
11.01	2.0992	11.2084
11.0054	2.11919	11.2075
10.9987	2.13659	11.2043
10.9898	2.15948	11.2
10.9803	2.18645	11.1959
10.9686	2.21032	11.1891
10.9665	2.23768	11.1924
10.9655	2.27189	11.1984
10.9644	2.30337	11.2038
10.963	2.33335	11.2086
10.9616	2.36241	11.2133
10.9564	2.39322	11.2147
10.9525	2.4242	11.2175
10.9492	2.45408	11.2208
10.9431	2.48242	11.2211
10.9384	2.51093	11.2229
10.9331	2.53788	11.2238
10.9332	2.56437	11.2299
10.9337	2.58915	11.2361
10.9375	2.61844	11.2466
10.9405	2.64929	11.2567
10.9436	2.67677	11.2662
10.9466	2.70423	11.2757
10.9512	2.73058	11.2865
10.9562	2.75644	11.2976
10.956	2.78524	11.3045
10.9559	2.81462	11.3117
10.9533	2.84217	11.3161
10.9518	2.87104	11.3218
10.9511	2.89955	11.3284
10.9483	2.92616	11.3326
10.9489	2.94914	11.3391
10.9487	2.97411	11.3455
10.9503	3.00219	11.3544
10.9561	3.03951	11.3699
10.9625	3.07245	11.3849
10.9673	3.10452	11.3982
10.973	3.13367	11.4117
10.976	3.17036	11.4247
10.9777	3.20269	11.4353
10.9781	3.23219	11.4441
10.9789	3.26609	11.4544
10.9859	3.29386	11.4691
10.9929	3.32182	11.4838
11.0003	3.348	11.4985
11.0075	3.37515	11.5133
11.0151	3.40292	11.5287
11.0229	3.4306	11.5444
11.0355	3.45708	11.5643
11.0359	3.48736	11.5738
11.0368	3.51424	11.5828
11.0375	3.53758	11.5906
11.039	3.56635	11.6008
11.0384	3.59492	11.6091
11.0401	3.62315	11.6194
11.0399	3.65193	11.6282
11.0392	3.67941	11.6363
11.0389	3.70783	11.6449
11.0394	3.73632	11.6545
11.0422	3.7717	11.6686
11.0451	3.80234	11.6813
11.0457	3.82743	11.69
11.047	3.85402	11.6999
11.0505	3.88368	11.7131
11.0467	3.90867	11.7178
11.0427	3.93409	11.7226
11.043	3.96103	11.7319
11.0424	3.98461	11.7393
11.0372	4.01942	11.7463
11.0318	4.04795	11.7511
11.028	4.07941	11.7583
11.018	4.10971	11.7595
11.0141	4.13959	11.7663
11.0033	4.16761	11.7661
10.9929	4.19478	11.766
10.9763	4.22038	11.7597
10.9643	4.24675	11.758
10.9521	4.27301	11.7561
10.9399	4.30209	11.7554
10.9312	4.33393	11.759
10.9149	4.36263	11.7545
10.8949	4.38228	11.7432
10.8724	4.40132	11.7295
10.851	4.42025	11.7167
10.8286	4.44055	11.7037
10.808	4.45902	11.6917
10.7876	4.47795	11.6801
10.7672	4.49701	11.6686
10.7409	4.51664	11.6519
10.7169	4.53223	11.6358
10.6945	4.54509	11.6202
10.6771	4.55725	11.609
10.6569	4.57249	11.5964
10.6366	4.58958	11.5846
10.6163	4.60678	11.5728
10.5956	4.62369	11.5605
10.573	4.64331	11.5477
10.5487	4.66718	11.535
10.5275	4.68396	11.5225
10.5034	4.70186	11.5078
10.4775	4.71521	11.4897
10.4601	4.74181	11.4847
10.4444	4.76607	11.4805
10.4297	4.79159	11.4777
10.4153	4.81639	11.4751
10.4007	4.83881	11.4712
10.3829	4.85532	11.462
10.3694	4.8721	11.457
10.356	4.89159	11.4531
10.3405	4.91533	11.4493
10.3249	4.93923	11.4455
10.3046	4.9681	11.4397
10.2838	4.98163	11.4269
10.2687	5.0077	11.4247
10.2531	5.03255	11.4216
10.2396	5.05364	11.4188
10.2327	5.07597	11.4225
10.213	5.09829	11.4148
10.1949	5.11366	11.4055
10.1827	5.14267	11.4077
10.1591	5.16493	11.3967
10.1473	5.19196	11.3985
10.1238	5.21244	11.3869
10.1097	5.24124	11.3875
10.088	5.26579	11.3797
10.0708	5.29186	11.3765
10.0424	5.31228	11.3609
10.0304	5.34234	11.3644
10.0075	5.3648	11.3548
9.99395	5.39302	11.3562
9.96867	5.41389	11.3439
9.9539	5.44399	11.3454
9.93033	5.46533	11.335
9.91722	5.49554	11.3381
9.89197	5.5205	11.3281
9.86978	5.5505	11.3235
9.83599	5.56362	11.3005
9.80574	5.57334	11.2789
9.77606	5.58219	11.2575
9.75112	5.5937	11.2416
9.72572	5.60382	11.2246
9.69794	5.61516	11.2063
9.66686	5.62572	11.1847
9.63789	5.636	11.1648
9.61239	5.6397	11.1447
9.58567	5.6436	11.1236
9.56007	5.64696	11.1033
9.53296	5.64928	11.0811
9.50205	5.65413	11.057
9.47394	5.65809	11.0349
9.45202	5.6622	11.0182
9.42636	5.66503	10.9977
9.39957	5.66662	10.9755
9.37495	5.67181	10.9572
9.34931	5.67607	10.9374
9.32451	5.67851	10.9175
9.2992	5.68099	10.8972
9.27106	5.68541	10.8755
9.24138	5.6899	10.8526
9.20382	5.68965	10.8205
9.17059	5.69125	10.7931
9.13841	5.68923	10.7647
9.11069	5.68787	10.7404
9.08135	5.68798	10.7156
9.0494	5.68886	10.689
9.01695	5.69554	10.6651
8.9921	5.70105	10.6471
8.96029	5.70333	10.6214
8.93075	5.70602	10.598
8.90124	5.71158	10.5761
8.8771	5.72412	10.5626
8.85722	5.73376	10.5511
8.83331	5.74572	10.5376
8.80823	5.7573	10.5229
8.77818	5.77075	10.5051
8.75908	5.77819	10.4933
8.7399	5.78937	10.4834
8.71885	5.8073	10.4758
8.69755	5.82544	10.4682
8.67413	5.8443	10.4593
8.6498	5.86209	10.4491
8.62652	5.87948	10.4396
8.60438	5.89771	10.4316
8.58193	5.91703	10.424
8.56234	5.93283	10.4169
8.53875	5.95284	10.409
8.51663	5.97535	10.4037
8.49396	5.99527	10.3967
8.47577	6.01283	10.392
8.45618	6.03055	10.3863
8.43529	6.04938	10.3802
8.4094	6.07037	10.3715
8.3842	6.08817	10.3615
8.36115	6.10917	10.3552
8.3378	6.13428	10.3512
8.3125	6.14967	10.34
8.28896	6.16688	10.3314
8.26537	6.18339	10.3223
8.24051	6.19748	10.3109
8.20948	6.20795	10.2924
8.18017	6.21777	10.275
8.15179	6.22776	10.2585
8.12477	6.2418	10.2456
8.10028	6.25174	10.2322
8.07557	6.26419	10.2203
8.04546	6.27536	10.2034
8.015	6.28514	10.1854
7.98702	6.29271	10.1681
7.95797	6.30046	10.1501
7.9267	6.31202	10.1328
7.90018	6.32122	10.1178
7.86611	6.32652	10.0946
7.83029	6.33159	10.0699
7.79924	6.34535	10.0544
7.76593	6.35893	10.0372
7.73874	6.37308	10.0252
7.71227	6.3866	10.0134
7.68916	6.39835	10.0031
7.66523	6.4128	9.99398
7.64373	6.42974	9.9884
7.62084	6.44562	9.98114
7.59836	6.45961	9.97305
7.57921	6.47385	9.96771
7.5577	6.48993	9.96183
7.53492	6.50546	9.9547
7.50952	6.52302	9.947
7.48377	6.5458	9.94255
7.45962	6.563	9.93574
7.43835	6.58375	9.93352
7.41844	6.59676	9.92726
7.40406	6.62126	9.93283
7.39342	6.64802	9.94278
7.38221	6.67186	9.95042
7.3668	6.69496	9.9545
7.3509	6.71273	9.95472
7.33354	6.73232	9.95515
7.31542	6.75167	9.95492
7.29733	6.77604	9.9582
7.28335	6.80242	9.96594
7.26677	6.82775	9.97116
7.24984	6.8547	9.97733
7.23312	6.87985	9.9825
7.21616	6.90257	9.98591
7.20617	6.93058	9.99809
7.19644	6.95784	10.01
7.18575	6.98918	10.0242
7.17481	7.02182	10.0391
7.16514	7.05027	10.0521
7.1543	7.07572	10.0623
7.14435	7.10041	10.0726
7.13736	7.12805	10.0872
7.12845	7.1574	10.1016
7.11755	7.18873	10.1162
7.10722	7.22486	10.1346
7.09812	7.25655	10.1509
7.09058	7.28318	10.1647
7.08466	7.31162	10.181
7.07891	7.33973	10.1972
7.0735	7.36612	10.2124
7.06546	7.39593	10.2284
7.06489	7.42889	10.2519
7.06978	7.45828	10.2766
7.07592	7.48689	10.3016
7.08301	7.51057	10.3236
7.09057	7.53366	10.3456
7.09946	7.55873	10.37
7.11246	7.58504	10.3981
7.12502	7.61222	10.4265
7.13495	7.63786	10.452
7.14776	7.65925	10.4764
7.16497	7.67956	10.503
7.1758	7.70275	10.5273
7.18531	7.72247	10.5482
7.19694	7.74428	10.5721
7.20926	7.76565	10.5962
7.23147	7.78723	10.6271
7.24356	7.81736	10.6574
7.25079	7.84336	10.6814
7.25867	7.869	10.7056
7.26282	7.90477	10.7347
7.26386	7.93882	10.7605
7.26338	7.96852	10.7821
7.26283	7.99278	10.7997
7.26221	8.01957	10.8191
7.26182	8.04769	10.8397
7.26162	8.07785	10.862
7.26186	8.1067	10.8836
7.25982	8.13974	10.9069
7.2583	8.16823	10.9272
7.25644	8.1968	10.9473
7.25465	8.22179	10.9648
7.25273	8.24859	10.9837
7.24802	8.2802	11.0043
7.24195	8.30936	11.0223
7.24106	8.3389	11.044
7.23957	8.36312	11.0613
7.24808	8.39303	11.0895
7.26018	8.42459	11.1213
7.27101	8.45304	11.15
7.28213	8.48534	11.1817
7.29615	8.51048	11.2099
7.30959	8.53536	11.2376
7.31764	8.55831	11.2602
7.32584	8.58763	11.2878
7.33364	8.61279	11.312
7.35285	8.64602	11.3498
7.36564	8.67547	11.3805
7.38081	8.70096	11.4098
7.39467	8.72929	11.4404
7.41096	8.75014	11.4668
7.41464	8.77669	11.4894
7.41544	8.79883	11.5069
7.41794	8.82767	11.5305
7.42186	8.85471	11.5538
7.42377	8.88202	11.576
7.42683	8.91231	11.6012
7.42981	8.94157	11.6256
7.42701	8.96859	11.6446
7.41525	8.99672	11.6588
7.41155	9.02935	11.6816
7.40997	9.05993	11.7043
7.41129	9.08894	11.7276
7.41284	9.11962	11.7523
7.41369	9.14918	11.7758
7.41436	9.17979	11.8001
7.41205	9.20698	11.8198
7.40903	9.23383	11.8388
7.4091	9.26119	11.8602
7.41578	9.28471	11.8827
7.4205	9.30932	11.9049
7.42238	9.33502	11.9262
7.43004	9.36017	11.9507
7.43371	9.38659	11.9736
7.43705	9.41378	11.997
7.43644	9.43803	12.0157
7.44018	9.46414	12.0385
7.45057	9.492	12.0669
7.45831	9.51267	12.0879
7.46677	9.53564	12.1112
7.47934	9.55898	12.1373
7.49405	9.57583	12.1597
7.50892	9.5966	12.1852
7.52566	9.61836	12.2126
7.54249	9.63823	12.2387
7.55862	9.6602	12.2659
7.57454	9.68249	12.2933
7.59306	9.70379	12.3214
7.60633	9.72839	12.349
7.61873	9.75405	12.3769
7.62896	9.77525	12.3999
7.64062	9.79896	12.4257
7.65155	9.8193	12.4485
7.65706	9.84349	12.471
7.66286	9.87024	12.4956
7.67105	9.8873	12.5141
7.68094	9.90929	12.5376
7.69178	9.93338	12.5633
7.70142	9.96218	12.5919
7.71025	9.98535	12.6157
7.71815	10.0123	12.6418
7.72515	10.0373	12.6659
7.73474	10.0642	12.6931
7.74516	10.0849	12.7158
7.76056	10.1121	12.7468
7.776	10.1398	12.7782
7.79074	10.1659	12.8079
7.80524	10.1905	12.8362
7.81934	10.2146	12.8639
7.83391	10.2387	12.8919
7.8484	10.2619	12.9191
7.86241	10.2859	12.9467
7.87355	10.313	12.975
7.88308	10.3383	13.0009
7.88952	10.3674	13.0279
7.90071	10.3954	13.057
7.90995	10.4232	13.0847
7.91964	10.4473	13.1098
7.92788	10.4713	13.1339
7.93545	10.4942	13.1567
7.9407	10.5192	13.1798
7.94746	10.5463	13.2055
7.9557	10.5775	13.2354
7.96351	10.6009	13.2588
7.9735	10.6257	13.2847
7.98482	10.6523	13.3127
7.99708	10.6776	13.3403
8.00879	10.7013	13.3663
8.02776	10.7232	13.3953
8.042	10.7492	13.4245
8.06488	10.7743	13.4584
8.07955	10.8039	13.4908
8.09069	10.8336	13.5213
8.10143	10.8663	13.5539
8.11116	10.8957	13.5834
8.11701	10.9217	13.6077
8.11598	10.9512	13.6308
8.13188	10.9817	13.6648
8.14638	11.0095	13.6957
8.15754	11.037	13.7245
8.16839	11.0643	13.7529
8.17916	11.0902	13.7801
8.18754	11.1213	13.8101
8.20803	11.1471	13.843
8.22933	11.1731	13.8766
8.25217	11.1916	13.905
8.27464	11.2065	13.9304
8.2981	11.2236	13.958
8.32242	11.2422	13.9875
8.34629	11.2596	14.0157
8.36411	11.2735	14.0375
8.37977	11.2961	14.065
8.4029	11.317	14.0955
8.42698	11.3367	14.1257
8.44253	11.3563	14.1507
8.45897	11.3796	14.1792
8.48524	11.3964	14.2084
8.50955	11.4169	14.2393
8.53229	11.4361	14.2683
8.55947	11.4529	14.298
8.5853	11.4717	14.3285
8.60872	11.4894	14.3568
8.63242	11.5046	14.3831
8.65697	11.5194	14.4097
8.68201	11.5316	14.4345
8.70719	11.544	14.4596
8.73253	11.5561	14.4845
8.75839	11.5687	14.5101
8.78318	11.5798	14.534
8.80915	11.5921	14.5595
8.83502	11.6037	14.5844
8.86121	11.6143	14.6087
8.8892	11.6263	14.6352
8.91645	11.6381	14.6612
8.93782	11.6511	14.6844
8.96078	11.666	14.7102
8.9843	11.6806	14.7361
9.01016	11.6941	14.7626
9.03873	11.7106	14.7931
9.06732	11.7245	14.8216
9.09442	11.737	14.8481
9.11592	11.7502	14.8717
9.14049	11.7642	14.8978
9.16605	11.7739	14.9212
9.19258	11.7834	14.945
9.21903	11.793	14.9688
9.24363	11.8027	14.9916
9.26905	11.8125	15.015
9.29772	11.8201	15.0387
9.32315	11.8277	15.0604
9.35011	11.8341	15.0822
9.37641	11.8425	15.105
9.40113	11.8538	15.1292
9.42894	11.8596	15.1511
9.4567	11.8653	15.1728
9.48478	11.8726	15.1961
9.5115	11.8762	15.2155
9.54092	11.8801	15.237
9.56566	11.8784	15.2512
9.59174	11.8755	15.2653
9.62506	11.8669	15.2796
9.65882	11.861	15.2963
9.68904	11.8568	15.3121
9.71321	11.8511	15.323
9.73717	11.8445	15.3331
9.76269	11.8413	15.3469
9.78834	11.8392	15.3616
9.81376	11.837	15.3761
9.83876	11.8344	15.3901
9.86452	11.8292	15.4025
9.89118	11.8319	15.4217
9.91881	11.8342	15.4412
9.94702	11.8362	15.4609
9.97708	11.8375	15.4812
10.0069	11.8333	15.4973
10.0402	11.8388	15.523
10.0738	11.8447	15.5493
10.1054	11.8511	15.5746
10.1369	11.8572	15.5997
10.1651	11.8616	15.6213
10.1934	11.8659	15.6431
10.2244	11.8649	15.6625
10.2545	11.8749	15.6897
10.2813	11.8838	15.714
10.3082	11.8926	15.7383
10.3385	11.901	15.7645
10.3674	11.9084	15.7891
10.3949	11.917	15.8136
10.4228	11.9253	15.8382
10.4493	11.9334	15.8617
10.4791	11.9401	15.8864
10.5117	11.9472	15.9133
10.5418	11.9538	15.9381
10.5708	11.9601	15.962
10.601	11.9697	15.9892
10.6294	11.9786	16.0147
10.6547	11.9846	16.036
10.6809	11.9917	16.0587
10.7093	12.0008	16.0844
10.7385	12.0083	16.1095
10.7629	12.0183	16.1332
10.7853	12.0296	16.1566
10.8081	12.0415	16.1806
10.8281	12.0602	16.2079
10.8575	12.0742	16.238
10.8867	12.087	16.267
10.9142	12.0991	16.2944
10.9398	12.1124	16.3215
10.9662	12.123	16.347
10.9942	12.1338	16.3738
11.0206	12.1407	16.3967
11.0451	12.1497	16.4198
11.0666	12.1543	16.4377
11.0943	12.1608	16.4611
11.1229	12.1745	16.4905
11.1531	12.1791	16.5143
11.1819	12.1836	16.5371
11.211	12.1914	16.5625
11.2395	12.1999	16.5881
11.2678	12.2071	16.6126
11.2963	12.2143	16.6371
11.3219	12.2206	16.6592
11.3473	12.2237	16.6788
11.3733	12.2256	16.6978
11.4025	12.2281	16.7196
11.4312	12.2336	16.7431
11.4637	12.2346	16.7661
11.4934	12.2327	16.7851
11.5231	12.2283	16.8022
11.5497	12.2257	16.8185
11.5745	12.2234	16.8339
11.6056	12.2203	16.8531
11.6332	12.2144	16.8679
11.6594	12.2091	16.882
11.6908	12.2083	16.9032
11.7163	12.2077	16.9204
11.7441	12.2089	16.9405
11.7741	12.2091	16.9614
11.803	12.207	16.9801
11.8314	12.204	16.9976
11.8609	12.2076	17.0207
11.8909	12.2012	17.0371
11.9165	12.1965	17.0516
11.9433	12.1917	17.0669
11.9715	12.186	17.0826
11.9978	12.1806	17.0972
12.0259	12.173	17.1115
12.0557	12.1604	17.1236
12.083	12.148	17.1339
12.1095	12.1421	17.1485
12.1299	12.1389	17.1606
12.1536	12.1367	17.1758
12.1787	12.1365	17.1934
12.2007	12.1292	17.2039
12.2223	12.1219	17.2141
12.2465	12.1164	17.2274
12.2775	12.1093	17.2445
12.3075	12.1018	17.2606
12.3392	12.0976	17.2803
12.3684	12.0952	17.2995
12.3943	12.0965	17.3189
12.4243	12.0946	17.339
12.4541	12.0915	17.3583
12.4826	12.0889	17.3769
12.5108	12.0853	17.3946
12.5418	12.0843	17.4163
12.5731	12.0823	17.4375
12.6059	12.0801	17.4596
12.6361	12.0727	17.4763
12.6658	12.065	17.4925
12.691	12.0543	17.5034
12.721	12.0433	17.5176
12.751	12.032	17.5315
12.7791	12.021	17.5445
12.8058	12.012	17.5579
12.8322	12.0053	17.5725
12.8572	11.9964	17.5847
12.8825	11.9867	17.5966
12.9095	11.9683	17.6038
12.9311	11.9549	17.6106
12.9471	11.9392	17.6117
12.9653	11.9244	17.6151
12.9858	11.9087	17.6195
13.0084	11.8903	17.6238
13.0243	11.8754	17.6255
13.0413	11.8568	17.6255
13.0653	11.8355	17.629
13.0823	11.8166	17.6289
13.1008	11.8014	17.6325
13.1238	11.7863	17.6394
13.1519	11.7794	17.6557
13.1797	11.7725	17.6719
13.2045	11.7669	17.6867
13.2307	11.7605	17.702
13.2583	11.7578	17.7208
13.2899	11.7529	17.7412
13.319	11.7439	17.7571
13.3472	11.7361	17.7731
13.3849	11.7286	17.7965
13.4178	11.7223	17.8172
13.4398	11.7193	17.8317
13.465	11.7179	17.8498
13.4929	11.7182	17.8711
13.5277	11.7113	17.8928
13.561	11.7095	17.9168
13.5898	11.7085	17.938
13.6186	11.6983	17.9532
13.6449	11.6901	17.9678
13.6664	11.6765	17.9753
13.693	11.667	17.9893
13.7153	11.6601	18.0019
13.7377	11.654	18.015
13.7589	11.643	18.024
13.7794	11.6277	18.0299
13.8025	11.6098	18.0359
13.8264	11.5908	18.042
13.8455	11.5716	18.0444
13.864	11.5497	18.0445
13.8827	11.5279	18.045
13.9006	11.5053	18.0444
13.9211	11.4841	18.0466
13.9416	11.4606	18.0475
13.9603	11.4362	18.0465
13.974	11.4136	18.0428
14.0016	11.3922	18.0507
14.0244	11.3733	18.0564
14.0432	11.3591	18.0621
14.0639	11.3453	18.0696
14.0836	11.3233	18.0711
14.1078	11.3074	18.08
14.1316	11.2915	18.0887
14.1574	11.2766	18.0995
14.1831	11.2605	18.1096
14.2068	11.2452	18.1187
14.2342	11.2284	18.1298
14.26	11.2135	18.1409
14.2837	11.1963	18.1488
14.3097	11.1763	18.1569
14.3369	11.1655	18.1718
14.3568	11.1526	18.1796
14.3777	11.1397	18.1882
14.4023	11.1197	18.1954
14.4298	11.1077	18.21
14.4577	11.0928	18.2229
14.4806	11.0781	18.2322
14.5074	11.0627	18.2442
14.5359	11.0441	18.2555
14.5626	11.0283	18.2673
14.5896	11.0096	18.2775
14.6098	10.9943	18.2844
14.6299	10.9742	18.2884
14.6603	10.9609	18.3048
14.6885	10.9487	18.3201
14.7168	10.9373	18.336
14.743	10.9314	18.3535
14.7711	10.9262	18.373
14.7994	10.9185	18.3912
14.8298	10.9152	18.4137
14.8592	10.9112	18.435
14.8883	10.907	18.456
14.917	10.903	18.4768
14.9467	10.9006	18.4994
14.9772	10.8956	18.5211
15.0083	10.8905	18.5432
15.0378	10.8855	18.5641
15.0671	10.8808	18.5852
15.0942	10.877	18.605
15.1167	10.8743	18.6216
15.1422	10.8786	18.6448
15.169	10.884	18.6697
15.1989	10.8851	18.6947
15.228	10.8849	18.7182
15.2563	10.8884	18.7433
15.2836	10.8912	18.7672
15.3128	10.8929	18.7919
15.3423	10.8943	18.8168
15.3693	10.8989	18.8415
15.3968	10.9018	18.8656
15.4238	10.9056	18.8899
15.4509	10.9068	18.9126
15.4799	10.9076	18.9369
15.5084	10.9075	18.96
15.5354	10.9071	18.9819
15.5623	10.9073	19.004
15.5903	10.902	19.024
15.6181	10.8967	19.0437
15.6459	10.8916	19.0636
15.6709	10.8888	19.0825
15.6954	10.8855	19.1007
15.7198	10.8802	19.1178
15.7504	10.8767	19.141
15.7784	10.8672	19.1587
15.803	10.8617	19.1758
15.8291	10.8559	19.1941
15.858	10.849	19.214
15.8894	10.8411	19.2354
15.9184	10.8337	19.2553
15.9407	10.8308	19.2721
15.9639	10.8269	19.2891
15.9814	10.8238	19.3018
16.0065	10.8231	19.3222
16.0337	10.8225	19.3444
16.0622	10.8229	19.3682
16.0858	10.8271	19.3902
16.1045	10.8267	19.4055
16.1314	10.8248	19.4268
16.1529	10.8245	19.4445
16.1813	10.8188	19.4649
16.2129	10.8119	19.4873
16.2424	10.8069	19.5091
16.2728	10.8044	19.533
16.3016	10.8017	19.5555
16.3296	10.7988	19.5773
16.3561	10.7932	19.5963
16.3886	10.7901	19.6217
16.4179	10.7871	19.6446
16.4473	10.7835	19.6672
16.477	10.7803	19.6902
16.506	10.7759	19.7121
16.5398	10.7735	19.7391
16.5672	10.7691	19.7597
16.5952	10.7636	19.7802
16.6225	10.757	19.7995
16.6409	10.7477	19.8099
16.6666	10.7508	19.8332
16.6932	10.7542	19.8574
16.722	10.7561	19.8826
16.7503	10.758	19.9074
16.7756	10.7591	19.9293
16.8016	10.759	19.9512
16.8304	10.7558	19.9738
16.8572	10.7518	19.9941
16.8835	10.7475	20.014
16.9116	10.7407	20.0341
16.9394	10.7337	20.0538
16.963	10.728	20.0706
16.9885	10.7198	20.0878
17.0177	10.7172	20.1112
17.0465	10.7135	20.1336
17.0757	10.7099	20.1565
17.1091	10.7017	20.1804
17.1362	10.6962	20.2005
17.1636	10.6915	20.2213
17.1921	10.6871	20.2431
17.2202	10.6842	20.2654
17.2479	10.6807	20.2872
17.2798	10.6742	20.3109
17.3114	10.669	20.335
17.3423	10.6659	20.3597
17.3734	10.6715	20.3891
17.4022	10.6765	20.4163
17.4282	10.681	20.4408
17.4538	10.6835	20.4639
17.4774	10.6845	20.4845
17.503	10.6841	20.5062
17.5315	10.6899	20.5335
17.5607	10.6957	20.5615
17.5916	10.7042	20.5923
17.6196	10.7118	20.6201
17.6459	10.7156	20.6447
17.6731	10.7183	20.6693
17.7043	10.7244	20.6992
17.7418	10.7309	20.7346
17.7739	10.7375	20.7655
17.8079	10.7434	20.7976
17.8397	10.7492	20.8279
17.8669	10.7531	20.8532
17.8936	10.7567	20.8779
17.9203	10.7587	20.9018
17.9499	10.7606	20.9282
17.9778	10.7617	20.9527
18.0056	10.7618	20.9766
18.0324	10.766	21.0017
18.0508	10.7707	21.0199
18.0758	10.7754	21.0438
18.1006	10.7835	21.0693
18.129	10.7835	21.0937
18.1576	10.7825	21.1178
18.1888	10.7806	21.1437
18.2213	10.778	21.1702
18.2512	10.7725	21.1932
18.2785	10.7681	21.2145
18.3076	10.7597	21.2353
18.3354	10.7508	21.2548
18.3608	10.7418	21.2721
18.3852	10.7274	21.286
18.4084	10.7131	21.2988
18.4331	10.6998	21.3135
18.4606	10.6841	21.3294
18.4861	10.6697	21.3443
18.5146	10.6482	21.3583
18.5408	10.6269	21.3704
18.565	10.6077	21.3818
18.5846	10.5862	21.3881
18.6152	10.5703	21.4069
18.6438	10.5567	21.4251
18.6736	10.5417	21.4437
18.7026	10.5231	21.4598
18.728	10.5069	21.474
18.7573	10.4943	21.4934
18.7878	10.4827	21.5144
18.8168	10.4716	21.5343
18.8486	10.4592	21.5561
18.8764	10.4435	21.5727
18.9065	10.4226	21.589
18.9353	10.404	21.6053
18.96	10.3868	21.6186
18.9849	10.3736	21.6342
19.0076	10.3484	21.642
19.0252	10.3262	21.6469
19.0434	10.3037	21.6521
19.062	10.282	21.6582
19.0804	10.2614	21.6647
19.0993	10.2412	21.6718
19.1175	10.2131	21.6746
19.136	10.1869	21.6785
19.1524	10.1625	21.6816
19.1685	10.1385	21.6846
19.1814	10.1121	21.6837
19.1951	10.0942	21.6875
19.2065	10.078	21.6899
19.2229	10.0626	21.6973
19.2345	10.0339	21.6944
19.2399	10.0085	21.6874
19.2496	9.98003	21.6829
19.2617	9.95298	21.6812
19.2736	9.92261	21.6778
19.2878	9.89928	21.6798
19.2918	9.86669	21.6685
19.2956	9.83917	21.6594
19.2981	9.81314	21.6498
19.299	9.78745	21.639
19.3016	9.75896	21.6284
19.2938	9.72793	21.6075
19.2855	9.69929	21.5872
19.2777	9.67263	21.5683
19.2742	9.64625	21.5533
19.2758	9.61873	21.5425
19.2785	9.59013	21.5321
19.2837	9.56294	21.5247
19.2927	9.53254	21.5192
19.2897	9.50034	21.5023
19.285	9.46877	21.4841
19.2808	9.44054	21.468
19.281	9.41758	21.458
19.2812	9.39081	21.4465
19.2828	9.36252	21.4356
19.2751	9.33439	21.4163
19.2683	9.30356	21.3968
19.2633	9.27429	21.3796
19.261	9.25221	21.368
19.2545	9.23073	21.3528
19.2464	9.20139	21.3329
19.2353	9.17392	21.311
19.2264	9.14533	21.2906
19.217	9.12028	21.2714
19.2095	9.09239	21.2527
19.2051	9.06634	21.2376
19.1879	9.04116	21.2113
19.1664	9.01806	21.182
19.1478	8.99155	21.1539
19.1332	8.97376	21.1331
19.117	8.95339	21.1098
19.0977	8.93417	21.0842
19.0782	8.91514	21.0585
19.0588	8.89192	21.031
19.0445	8.87112	21.0093
19.032	8.85224	20.9899
19.0181	8.83102	20.9684
19.0048	8.81162	20.9482
18.9901	8.79025	20.9259
18.9745	8.77345	20.9046
18.9595	8.75059	20.8815
18.9439	8.72358	20.856
18.9219	8.69602	20.8244
18.9003	8.67323	20.7953
18.881	8.65485	20.7701
18.8608	8.63357	20.7429
18.842	8.60931	20.7158
18.8298	8.58398	20.6941
18.8177	8.56093	20.6735
18.8065	8.5357	20.6529
18.7896	8.51384	20.6285
18.7694	8.49005	20.6003
18.7496	8.46845	20.5734
18.7322	8.44476	20.5477
18.7123	8.42607	20.5219
18.692	8.40707	20.4956
18.6712	8.38799	20.4688
18.6502	8.36621	20.4407
18.6295	8.34453	20.4129
18.6109	8.3249	20.388
18.5916	8.30472	20.3621
18.5758	8.28473	20.3395
18.5561	8.26356	20.3129
18.5352	8.24355	20.2857
18.5099	8.22721	20.256
18.4891	8.2184	20.2333
18.4657	8.2053	20.2066
18.441	8.19171	20.1786
18.4148	8.17632	20.1483
18.3919	8.16234	20.1218
18.3669	8.14881	20.0935
18.3397	8.13501	20.063
18.3139	8.12159	20.0339
18.2867	8.10641	20.0029
18.2594	8.08985	19.9713
18.2305	8.06999	19.9368
18.2008	8.05441	19.9034
18.17	8.04235	19.8703
18.1392	8.03241	19.8381
18.1117	8.02398	19.8095
18.0813	8.01591	19.7785
18.0518	8.00854	19.7485
18.0181	8.00079	19.7146
17.9876	7.99359	19.6838
17.9531	7.98432	19.6485
17.9188	7.97421	19.613
17.8859	7.96249	19.5782
17.8549	7.951	19.5452
17.8261	7.93976	19.5144
17.7993	7.93065	19.4862
17.7726	7.92564	19.4597
17.7461	7.92296	19.4344
17.72	7.91762	19.4084
17.6923	7.91684	19.3828
17.6642	7.91597	19.3568
17.6351	7.91272	19.3289
17.6098	7.91168	19.3055
17.5824	7.9093	19.2795
17.5552	7.90652	19.2535
17.5283	7.90328	19.2276
17.4989	7.89901	19.1991
17.4701	7.89498	19.1712
17.4429	7.89062	19.1446
17.4173	7.88649	19.1196
17.3894	7.87842	19.0908
17.3604	7.8657	19.0591
17.3283	7.86606	19.0301
17.2997	7.86464	19.0035
17.269	7.8693	18.9775
17.238	7.87522	18.9518
17.2086	7.87909	18.9266
17.1804	7.87981	18.9012
17.1499	7.87714	18.8724
17.1155	7.88042	18.8426
17.0815	7.87956	18.8113
17.0486	7.87895	18.7812
17.0167	7.88261	18.7538
16.9886	7.8877	18.7304
16.9588	7.89411	18.7061
16.9329	7.9005	18.6853
16.9055	7.90716	18.6633
16.8778	7.91559	18.6418
16.8507	7.92386	18.6208
16.8221	7.93413	18.5993
16.7946	7.94037	18.5771
16.7668	7.94397	18.5535
16.7364	7.94695	18.5273
16.7098	7.94725	18.5034
16.6822	7.94759	18.4786
16.6515	7.95364	18.4536
16.6221	7.96144	18.4304
16.5935	7.96732	18.4071
16.5656	7.97512	18.3854
16.535	7.98242	18.361
16.5055	7.99031	18.3378
16.4775	7.99468	18.3145
16.4492	7.99628	18.2898
16.421	7.99794	18.2651
16.3923	8.00001	18.2402
16.3638	8.00229	18.2157
16.3366	8.00425	18.1921
16.3067	8.00431	18.1653
16.2779	8.00533	18.1399
16.2502	8.00728	18.1159
16.2188	8.01347	18.0905
16.1898	8.01886	18.0669
16.169	8.02388	18.0505
16.1462	8.02835	18.032
16.1174	8.03581	18.0096
16.0913	8.04321	17.9896
16.063	8.04499	17.965
16.0346	8.04764	17.9409
16.0048	8.04973	17.9151
15.9765	8.05223	17.891
15.9489	8.05431	17.8673
15.9176	8.0554	17.8398
15.8881	8.05681	17.8141
15.8611	8.05212	17.788
15.8337	8.04734	17.7614
15.8085	8.04448	17.7376
15.7818	8.04145	17.7124
15.7536	8.03818	17.6858
15.7256	8.03924	17.6614
15.6976	8.03808	17.636
15.6668	8.03488	17.607
15.6368	8.03461	17.5802
15.6071	8.03533	17.5541
15.576	8.03876	17.5281
15.5497	8.03567	17.5033
15.5242	8.03247	17.4792
15.496	8.02809	17.4521
15.4658	8.02099	17.4221
15.4367	8.01418	17.393
15.4074	8.01051	17.3654
15.3796	8.00771	17.3394
15.3492	8.00361	17.3106
15.3206	7.99826	17.2827
15.294	7.98985	17.2553
15.2676	7.98022	17.2274
15.2472	7.97307	17.206
15.2242	7.96493	17.1819
15.1993	7.95617	17.1558
15.175	7.95009	17.1314
15.1504	7.94256	17.1061
15.1244	7.93473	17.0794
15.097	7.92793	17.0521
15.0711	7.92344	17.027
15.0491	7.91951	17.0057
15.0221	7.91066	16.9777
14.991	7.9016	16.9459
14.9628	7.89461	16.9178
14.9369	7.88382	16.8898
14.9107	7.87323	16.8617
14.8785	7.86422	16.829
14.8535	7.84575	16.7983
14.8285	7.83209	16.7698
14.8047	7.82042	16.7433
14.7779	7.80771	16.7137
14.7546	7.78195	16.6811
14.7346	7.75746	16.6519
14.7162	7.73528	16.6253
14.6969	7.71401	16.5984
14.6693	7.69124	16.5633
14.6427	7.67131	16.5305
14.6192	7.65158	16.5005
14.5966	7.63277	16.4718
14.5743	7.61192	16.4424
14.556	7.59035	16.4161
14.5402	7.57092	16.3932
14.5232	7.55	16.3684
14.5062	7.52932	16.3438
14.4885	7.50772	16.3182
14.4709	7.48729	16.2931
14.4555	7.47191	16.2724
14.4426	7.4546	16.253
14.4257	7.43252	16.2278
14.4143	7.40975	16.2073
14.4044	7.38459	16.187
14.3926	7.35455	16.1628
14.3786	7.32353	16.1363
14.3726	7.29034	16.1158
14.367	7.25982	16.0971
14.3626	7.23236	16.0808
14.3583	7.20437	16.0644
14.351	7.17676	16.0455
14.3437	7.14928	16.0267
14.3304	7.12271	16.0029
14.3195	7.09577	15.9812
14.3089	7.06955	15.9601
14.2984	7.03913	15.9371
14.2885	7.01058	15.9157
14.2784	6.98153	15.8939
14.2729	6.95582	15.8777
14.2648	6.92676	15.8576
14.256	6.89744	15.837
14.2459	6.86901	15.8155
14.2334	6.83649	15.7901
14.2227	6.80643	15.7675
14.213	6.77822	15.7465
14.2043	6.75338	15.728
14.1886	6.73536	15.7061
14.1761	6.71288	15.6852
14.1753	6.68398	15.6721
14.175	6.65518	15.6596
14.1775	6.62731	15.65
14.1814	6.60141	15.6426
14.1853	6.57408	15.6347
14.1891	6.54416	15.6255
14.1921	6.5181	15.6174
14.1987	6.49267	15.6128
14.2005	6.47192	15.6058
14.2027	6.4427	15.5957
14.2058	6.41751	15.5881
14.2054	6.38696	15.5752
14.2035	6.36083	15.5628
14.1957	6.32829	15.5424
14.1893	6.29907	15.5247
14.1858	6.26897	15.5093
14.1833	6.24096	15.4957
14.1823	6.20983	15.4823
14.1797	6.18169	15.4686
14.1824	6.15192	15.4592
14.1883	6.12158	15.4526
14.1962	6.09127	15.4479
14.2035	6.06184	15.4429
14.2121	6.03439	15.4401
14.2146	6.0024	15.4299
14.2156	5.9725	15.4193
14.22	5.94323	15.412
14.2245	5.91754	15.4063
14.2272	5.89217	15.399
14.2261	5.86595	15.388
14.2226	5.83223	15.372
14.2198	5.8013	15.3576
14.218	5.77324	15.3454
14.2162	5.74515	15.3332
14.215	5.71627	15.3213
14.212	5.69002	15.3087
14.2083	5.66191	15.2949
14.2077	5.63325	15.2837
14.2071	5.60415	15.2725
14.2181	5.57554	15.2722
14.221	5.54831	15.265
14.2254	5.52026	15.2589
14.2286	5.49029	15.2511
14.2311	5.45809	15.2419
14.2323	5.42335	15.2306
14.2295	5.38947	15.216
14.2266	5.3575	15.202
14.2266	5.32716	15.1913
14.2289	5.29485	15.1821
14.2264	5.26399	15.1691
14.2185	5.23029	15.15
14.2079	5.19644	15.1284
14.1977	5.16813	15.1091
14.1885	5.14077	15.0911
14.1809	5.1133	15.0746
14.1741	5.08469	15.0586
14.1703	5.05741	15.0458
14.1623	5.0235	15.0269
14.1554	4.99247	15.01
14.1482	4.96314	14.9934
14.1405	4.93407	14.9766
14.1332	4.90643	14.9607
14.128	4.88065	14.9472
14.1229	4.851	14.9328
14.1168	4.82171	14.9175
14.1146	4.79084	14.9055
14.1162	4.76001	14.8971
14.1153	4.73496	14.8883
14.1153	4.707	14.8794
14.115	4.67971	14.8705
14.1139	4.65556	14.8619
14.1183	4.62318	14.8559
14.1248	4.59331	14.8529
14.1303	4.56365	14.849
14.1331	4.53519	14.8429
14.1395	4.50695	14.8405
14.147	4.48146	14.8398
14.1544	4.45426	14.8387
14.1628	4.4282	14.8389
14.1722	4.39937	14.8393
14.1843	4.3695	14.8421
14.1932	4.34165	14.8424
14.2043	4.31782	14.8461
14.2155	4.29458	14.85
14.2264	4.2694	14.8532
14.2318	4.24371	14.851
14.2373	4.21698	14.8487
14.2425	4.19074	14.8462
14.2485	4.16796	14.8456
14.2579	4.14433	14.848
14.2675	4.11755	14.8498
14.2778	4.08862	14.8517
14.2879	4.05849	14.8531
14.2974	4.02853	14.8541
14.3062	4.00031	14.855
14.3156	3.97272	14.8566
14.3242	3.9445	14.8574
14.3335	3.91387	14.8582
14.3469	3.88467	14.8635
14.3444	3.84847	14.8517
14.3417	3.81288	14.8399
14.3395	3.78081	14.8296
14.3381	3.74932	14.8202
14.334	3.71867	14.8086
14.3353	3.68977	14.8026
14.338	3.66587	14.7993
14.3413	3.63948	14.7959
14.3379	3.61191	14.7858
14.3338	3.58285	14.7748
14.3344	3.55083	14.7677
14.3333	3.52043	14.7593
14.332	3.49038	14.7509
14.3287	3.45833	14.7402
14.3265	3.42682	14.7306
14.3224	3.39949	14.7203
14.3175	3.37196	14.7092
14.3113	3.34504	14.697
14.3072	3.31243	14.6857
14.2958	3.28485	14.6684
14.2848	3.25798	14.6516
14.2746	3.23135	14.6357
14.2639	3.20149	14.6187
14.2527	3.17844	14.6028
14.242	3.1545	14.5872
14.2313	3.12964	14.5714
14.2203	3.10421	14.5552
14.2107	3.07624	14.5398
14.2018	3.05042	14.5257
14.1921	3.02445	14.5108
14.1825	3.00049	14.4965
14.1755	2.9774	14.4848
14.1579	2.95117	14.4622
14.1429	2.92522	14.4422
14.1288	2.89794	14.4229
14.1115	2.8707	14.4005
14.091	2.8462	14.3756
14.0723	2.82502	14.3531
14.0536	2.80402	14.3306
14.0343	2.78476	14.308
14.0155	2.76484	14.2856
13.991	2.74645	14.258
13.9673	2.72833	14.2313
13.9443	2.71109	14.2054
13.9234	2.69356	14.1816
13.906	2.67273	14.1605
13.8928	2.6552	14.1442
13.8788	2.63601	14.1269
13.863	2.61347	14.1072
13.8501	2.59161	14.0905
13.8386	2.56908	14.075
13.8234	2.54376	14.0555
13.8073	2.51985	14.0354
13.7944	2.49373	14.018
13.7647	2.4732	13.9851
13.7382	2.45496	13.9558
13.713	2.43794	13.928
13.6906	2.42093	13.903
13.6674	2.40252	13.8769
13.643	2.38607	13.8501
13.6212	2.37632	13.8269
13.6063	2.365	13.8103
13.5866	2.3493	13.7882
13.5679	2.33726	13.7677
13.5467	2.32353	13.7445
13.524	2.30923	13.7198
13.5016	2.29447	13.6952
13.4737	2.2829	13.6657
13.4419	2.26773	13.6318
13.4086	2.25295	13.5966
13.3811	2.23963	13.5672
13.3556	2.22682	13.54
13.3308	2.21669	13.5138
13.3061	2.20541	13.4876
13.2788	2.19113	13.4583
13.2531	2.17541	13.4304
13.2293	2.16365	13.4051
13.1988	2.1477	13.3724
13.1682	2.12954	13.3392
13.1405	2.11205	13.3091
13.1135	2.09608	13.28
13.0872	2.08238	13.2518
13.0662	2.06839	13.2289
13.0447	2.05381	13.2054
13.0244	2.03676	13.1827
13.0029	2.02174	13.1591
12.9835	2.00526	13.1374
12.9689	1.98639	13.1202
12.941	1.97507	13.0909
12.9138	1.96421	13.0623
12.8868	1.95277	13.0339
12.8594	1.94169	13.0051
12.8334	1.92519	12.977
12.8114	1.90793	12.9527
12.7842	1.89148	12.9234
12.757	1.87912	12.8947
12.7301	1.86869	12.8665
12.7016	1.86206	12.8374
12.675	1.85538	12.8101
12.6536	1.83991	12.7866
12.6274	1.82777	12.759
12.5966	1.81734	12.7271
12.568	1.81066	12.6977
12.5383	1.80764	12.6679
12.5095	1.80022	12.6384
12.4832	1.78916	12.6108
12.4557	1.78131	12.5824
12.4258	1.76974	12.5512
12.3963	1.76095	12.5208
12.3694	1.75092	12.4927
12.343	1.74421	12.4657
12.3153	1.73723	12.4372
12.2881	1.72943	12.4092
12.2628	1.72002	12.3828
12.2383	1.71013	12.3572
12.2116	1.70158	12.3296
12.1866	1.69368	12.3037
12.1623	1.68626	12.2786
12.1414	1.6828	12.2574
12.1176	1.67692	12.2331
12.0905	1.67446	12.2059
12.0619	1.66651	12.1765
12.0275	1.67252	12.1432
11.9928	1.67442	12.1091
11.9585	1.67523	12.0753
11.9273	1.67392	12.0442
11.8994	1.67604	12.0169
11.8691	1.67573	11.9868
11.8395	1.68472	11.9587
11.8138	1.69671	11.9351
11.7962	1.70622	11.919
11.7722	1.71376	11.8963
11.7409	1.72355	11.8667
11.7103	1.72761	11.837
11.6842	1.74136	11.8132
11.6604	1.74919	11.7909
11.6364	1.75664	11.7683
11.6121	1.76951	11.7461
11.5878	1.77788	11.7234
11.5697	1.79287	11.7078
11.5464	1.8078	11.6871
11.5222	1.82259	11.6655
11.4985	1.83784	11.6444
11.477	1.85317	11.6256
11.4545	1.86911	11.606
11.4274	1.88258	11.5814
11.4059	1.90566	11.564
11.3868	1.92945	11.5491
11.367	1.95135	11.5333
11.3473	1.97104	11.5172
11.3277	1.98911	11.501
11.3012	2.01128	11.4787
11.2781	2.02746	11.4589
11.2596	2.05049	11.4448
11.2417	2.07196	11.431
11.2221	2.09236	11.4155
11.2016	2.1096	11.3985
11.1839	2.13302	11.3855
11.1645	2.15414	11.3704
11.148	2.17308	11.3579
11.1364	2.18819	11.3494
11.1214	2.21331	11.3395
11.1061	2.2373	11.3292
11.0908	2.26253	11.3192
11.0743	2.28666	11.3079
11.0598	2.31101	11.2986
11.0427	2.3353	11.287
11.038	2.36303	11.2881
11.0262	2.38792	11.2818
11.0182	2.41283	11.2793
11.0098	2.4387	11.2767
10.9995	2.46829	11.2731
10.9897	2.49452	11.2692
10.9799	2.52038	11.2655
10.9671	2.54951	11.2596
10.9617	2.57821	11.2609
10.9611	2.60992	11.2675
10.9623	2.63852	11.2754
10.965	2.66921	11.2852
10.9732	2.70514	11.3017
10.9806	2.73631	11.3164
10.9898	2.76622	11.3326
11.0003	2.79435	11.3497
11.0118	2.81819	11.3667
11.0213	2.84293	11.382
11.0345	2.86615	11.4007
11.0476	2.89081	11.4195
11.0608	2.91937	11.4395
11.0732	2.94654	11.4585
11.0914	2.97264	11.4828
11.1141	2.99851	11.5115
11.1359	3.02414	11.5392
11.1561	3.0461	11.5645
11.1788	3.06995	11.5926
11.2002	3.09239	11.6192
11.2212	3.11557	11.6457
11.2411	3.13877	11.6711
11.2555	3.15977	11.6906
11.2711	3.17758	11.7104
11.2836	3.19994	11.7286
11.2974	3.22299	11.7482
11.3103	3.24912	11.7677
11.3237	3.28043	11.7893
11.3374	3.31011	11.8107
11.35	3.33752	11.8305
11.3631	3.36353	11.8505
11.3738	3.3893	11.8681
11.3821	3.42088	11.8851
11.3869	3.44971	11.898
11.4043	3.47591	11.9222
11.4166	3.50588	11.9428
11.4282	3.53361	11.962
11.4377	3.56733	11.9811
11.4618	3.60034	12.014
11.4808	3.62836	12.0405
11.5039	3.65171	12.0696
11.5191	3.67324	12.0906
11.5302	3.69562	12.108
11.5465	3.71497	12.1294
11.5622	3.73986	12.152
11.5777	3.76126	12.1734
11.594	3.78325	12.1956
11.6107	3.80538	12.2184
11.6297	3.82459	12.2425
11.6421	3.84118	12.2594
11.6527	3.85894	12.2751
11.6654	3.87935	12.2936
11.6793	3.89866	12.3128
11.6884	3.91796	12.3276
11.7105	3.93437	12.3538
11.7363	3.9481	12.3826
11.7603	3.96123	12.4095
11.7876	3.97424	12.4395
11.8128	3.98503	12.4669
11.8349	3.99433	12.4907
11.8596	4.00345	12.5171
11.8853	4.01287	12.5445
11.9116	4.02228	12.5723
11.9372	4.03192	12.5997
11.9666	4.05021	12.6335
11.9925	4.06942	12.6641
12.0163	4.08804	12.6926
12.0398	4.10297	12.7197
12.0639	4.11906	12.7477
12.0889	4.13531	12.7766
12.1138	4.14991	12.8049
12.1346	4.16749	12.8303
12.1514	4.1822	12.8509
12.1706	4.19881	12.8745
12.1917	4.21458	12.8996
12.211	4.23174	12.9234
12.2289	4.25283	12.9473
12.2592	4.26238	12.979
12.2897	4.27273	13.0113
12.3183	4.28256	13.0415
12.3455	4.29287	13.0706
12.371	4.30397	13.0983
12.401	4.31441	13.13
12.4268	4.32172	13.1568
12.4518	4.33258	13.1841
12.4785	4.34578	13.2136
12.4979	4.35584	13.2352
12.5207	4.36417	13.2595
12.5461	4.37318	13.2865
12.5709	4.38073	13.3123
12.5926	4.38469	13.3342
12.6156	4.38415	13.3557
12.6405	4.38985	13.3811
12.6648	4.38868	13.4036
12.691	4.39616	13.4308
12.7243	4.3961	13.4623
12.7553	4.40398	13.4942
12.7869	4.40044	13.5229
12.8182	4.40781	13.5549
12.8521	4.40253	13.5852
12.885	4.40875	13.6184
12.9173	4.40986	13.6493
12.9476	4.4139	13.6793
12.9732	4.41274	13.7031
12.9975	4.42188	13.7291
13.0296	4.4139	13.7569
13.0626	4.41619	13.7889
13.0912	4.42296	13.8181
13.1152	4.42576	13.8418
13.1397	4.42452	13.8646
13.1671	4.43029	13.8925
13.1921	4.42694	13.9151
13.2204	4.43107	13.9432
13.2486	4.43356	13.9708
13.2784	4.42806	13.9972
13.3095	4.42804	14.0268
13.3366	4.42689	14.0521
13.3646	4.43002	14.0797
13.3942	4.43017	14.1078
13.425	4.43385	14.1382
13.4537	4.43522	14.1659
13.4833	4.43463	14.1938
13.5122	4.43506	14.2215
13.54	4.43606	14.2481
13.5665	4.43657	14.2735
13.5929	4.43736	14.2988
13.6163	4.44799	14.3244
13.6403	4.45857	14.3505
13.6647	4.47267	14.3781
13.685	4.48522	14.4013
13.707	4.49878	14.4264
13.7268	4.51805	14.4512
13.7474	4.54049	14.4778
13.7661	4.56369	14.5029
13.7827	4.58707	14.526
13.7988	4.60669	14.5475
13.8162	4.63253	14.5721
13.831	4.65896	14.5946
13.844	4.68427	14.615
13.8558	4.71028	14.6346
13.8695	4.73563	14.6557
13.8788	4.76145	14.6728
13.8878	4.78921	14.6904
13.8996	4.81382	14.7096
13.9089	4.83658	14.7258
13.9086	4.86045	14.7334
13.9223	4.88298	14.7538
13.9319	4.91263	14.7727
13.9427	4.94128	14.7924
13.9526	4.97037	14.8115
13.9587	5.00096	14.8275
13.9638	5.03093	14.8425
13.9776	5.06136	14.8657
13.986	5.09786	14.8861
13.9929	5.12885	14.9032
14.0024	5.15736	14.9219
14.0108	5.19059	14.9414
14.0217	5.22096	14.9622
14.0274	5.25263	14.9786
14.0387	5.27994	14.9987
14.0408	5.31301	15.0124
14.0507	5.34316	15.0323
14.0564	5.37308	15.0483
14.0622	5.4035	15.0646
14.0711	5.43191	15.0832
14.0798	5.46322	15.1026
14.0851	5.49352	15.1185
14.0933	5.52008	15.1358
14.0976	5.54781	15.15
14.1083	5.57664	15.1705
14.1168	5.60697	15.1896
14.121	5.63837	15.2051
14.1258	5.67173	15.2219
14.1327	5.70244	15.2397
14.1474	5.72815	15.263
14.1531	5.75721	15.2793
14.1565	5.78934	15.2945
14.1629	5.81795	15.3113
14.1701	5.84501	15.3283
14.1716	5.87245	15.3401
14.1798	5.89985	15.3582
14.184	5.92859	15.3731
14.1888	5.9563	15.3883
14.1973	5.9844	15.407
14.2006	6.0131	15.4213
14.2093	6.04221	15.4406
14.2107	6.07012	15.4528
14.2212	6.0993	15.474
14.2253	6.12939	15.4896
14.2354	6.15835	15.5104
14.2362	6.19119	15.5242
14.2441	6.21861	15.5424
14.2491	6.24453	15.5574
14.2578	6.26945	15.5753
14.2667	6.29459	15.5936
14.274	6.31925	15.6103
14.2843	6.34591	15.6304
14.2888	6.37489	15.6464
14.2977	6.40253	15.6658
14.3001	6.42754	15.6782
14.3044	6.4531	15.6926
14.3163	6.47995	15.7146
14.3193	6.51101	15.7301
14.3289	6.53244	15.7477
14.334	6.55899	15.7634
14.3448	6.58515	15.7841
14.3501	6.61116	15.7997
14.3549	6.63599	15.8145
14.367	6.66595	15.8381
14.3771	6.69345	15.8589
14.3842	6.71887	15.876
14.3973	6.74499	15.899
14.4118	6.77436	15.9246
14.4197	6.80528	15.9449
14.4352	6.83198	15.9704
14.4473	6.86104	15.9937
14.4599	6.88734	16.0164
14.4731	6.91293	16.0393
14.4875	6.93988	16.064
14.5031	6.96887	16.0906
14.5148	6.99686	16.1132
14.5314	7.02094	16.1386
14.5395	7.03535	16.1521
14.5529	7.04993	16.1706
14.563	7.07204	16.1893
14.5807	7.09333	16.2145
14.5941	7.11549	16.2363
14.6066	7.13024	16.254
14.6173	7.15323	16.2737
14.6328	7.17523	16.2973
14.6503	7.19636	16.3223
14.6629	7.21781	16.3431
14.6808	7.23734	16.3678
14.697	7.26549	16.3948
14.719	7.28789	16.4245
14.7411	7.30887	16.4536
14.7611	7.32749	16.4797
14.778	7.34578	16.503
14.7971	7.36365	16.5281
14.8185	7.38176	16.5553
14.8384	7.40159	16.582
14.8563	7.41459	16.6038
14.8741	7.43043	16.6267
14.8955	7.44593	16.6529
14.9216	7.4644	16.6845
14.9447	7.48525	16.7145
14.9697	7.50206	16.7443
14.9968	7.51128	16.7727
15.0219	7.5283	16.8027
15.0461	7.54442	16.8317
15.0688	7.56242	16.86
15.0951	7.57775	16.8903
15.1187	7.59332	16.9185
15.1466	7.60614	16.9491
15.1706	7.61862	16.9762
15.2009	7.62946	17.0081
15.23	7.64311	17.0402
15.2566	7.65745	17.0705
15.2861	7.67123	17.103
15.3155	7.68433	17.1352
15.3412	7.69689	17.1638
15.3662	7.70327	17.189
15.3909	7.71679	17.2171
15.421	7.72722	17.2487
15.4534	7.74338	17.2849
15.4838	7.75528	17.3174
15.5124	7.76477	17.3472
15.5431	7.77167	17.3778
15.5703	7.78378	17.4075
15.5972	7.79223	17.4354
15.6255	7.79888	17.4637
15.6544	7.80782	17.4935
15.6825	7.81649	17.5225
15.7178	7.82148	17.5563
15.7501	7.83213	17.59
15.7807	7.8383	17.6201
15.8107	7.84696	17.6508
15.8425	7.85232	17.6817
15.8784	7.85798	17.7164
15.9124	7.86395	17.7495
15.9434	7.87262	17.7811
15.9754	7.88021	17.8132
16.0046	7.88811	17.8429
16.0333	7.88595	17.8677
16.0649	7.90058	17.9025
16.096	7.90776	17.9336
16.1303	7.91283	17.9667
16.1624	7.9214	17.9992
16.1954	7.92633	18.031
16.2261	7.93227	18.0612
16.2614	7.9427	18.0975
16.2923	7.94797	18.1276
16.3194	7.95689	18.1559
16.3484	7.95832	18.1826
16.3766	7.95798	18.2077
16.4075	7.95753	18.2354
16.4387	7.96516	18.2668
16.4657	7.97101	18.2936
16.4952	7.97447	18.3217
16.5171	7.97321	18.3409
16.5447	7.9778	18.3677
16.5697	7.98068	18.3915
16.6021	7.99401	18.4264
16.6365	7.99863	18.4594
16.6673	8.00241	18.4889
16.6969	8.00579	18.517
16.7256	8.01272	18.5459
16.7559	8.01455	18.574
16.7832	8.02061	18.6012
16.8129	8.02431	18.6296
16.8428	8.02713	18.6579
16.8757	8.0309	18.6892
16.9072	8.03458	18.7192
16.9371	8.03773	18.7475
16.9712	8.0434	18.7808
17.0025	8.0468	18.8105
17.037	8.04749	18.842
17.0678	8.05165	18.8717
17.0969	8.058	18.9007
17.1275	8.06075	18.9295
17.1523	8.06596	18.9542
17.1734	8.07028	18.9751
17.1955	8.07029	18.9951
17.2198	8.08499	19.0234
17.2548	8.09415	19.059
17.2821	8.10234	19.0871
17.3081	8.11194	19.1147
17.3349	8.11775	19.1415
17.3621	8.12178	19.1678
17.3898	8.12605	19.1947
17.4199	8.12881	19.2232
17.4476	8.13543	19.2511
17.4773	8.141	19.2803
17.5103	8.14279	19.311
17.5405	8.15066	19.3417
17.5695	8.15576	19.3702
17.5965	8.16089	19.3969
17.6218	8.16806	19.4228
17.6487	8.17341	19.4494
17.6746	8.17444	19.4734
17.7	8.18033	19.4989
17.7273	8.18774	19.5268
17.7544	8.19518	19.5545
17.7785	8.20192	19.5792
17.8036	8.20455	19.6032
17.8328	8.21478	19.6339
17.8607	8.22453	19.6634
17.887	8.23215	19.6905
17.9172	8.24063	19.7215
17.9457	8.25191	19.7521
17.9736	8.26394	19.7824
17.9907	8.27774	19.8037
18.0111	8.28837	19.8267
18.0358	8.30311	19.8552
18.0592	8.3201	19.8836
18.0843	8.33346	19.912
18.1087	8.34553	19.9392
18.1333	8.35422	19.9652
18.1556	8.3775	19.9952
18.1816	8.3914	20.0246
18.2068	8.40473	20.0531
18.2322	8.41988	20.0826
18.2559	8.43672	20.1111
18.2711	8.45035	20.1306
18.2898	8.46282	20.1528
18.3036	8.48082	20.1729
18.3275	8.49932	20.2024
18.351	8.51673	20.231
18.3664	8.53299	20.2519
18.3835	8.54755	20.2735
18.4037	8.56176	20.2977
18.4197	8.58043	20.3202
18.4418	8.59669	20.347
18.4617	8.61919	20.3746
18.4838	8.63648	20.4019
18.5021	8.65518	20.4264
18.5218	8.67641	20.4533
18.5413	8.69714	20.4797
18.5651	8.72068	20.5113
18.5864	8.74302	20.5401
18.6006	8.76528	20.5624
18.6194	8.78854	20.5894
18.6438	8.81044	20.6207
18.6673	8.83181	20.6512
18.6857	8.85779	20.6789
18.7029	8.88257	20.7051
18.7243	8.90715	20.7349
18.7474	8.933	20.7669
18.7668	8.95955	20.7958
18.7832	8.98454	20.8214
18.7978	9.01069	20.8458
18.8145	9.0323	20.8703
18.828	9.05541	20.8924
18.8392	9.08389	20.9149
18.8502	9.11709	20.9392
18.8605	9.14316	20.9599
18.8716	9.16922	20.9812
18.8838	9.19843	21.0049
18.8937	9.22575	21.0259
18.8952	9.2535	21.0394
18.899	9.27986	21.0544
18.9041	9.30342	21.0694
18.9111	9.32301	21.0843
18.9169	9.34612	21.0998
18.9238	9.36659	21.115
18.9256	9.39292	21.1283
18.9308	9.42177	21.1458
18.9315	9.44755	21.1579
18.9341	9.47277	21.1715
18.9354	9.49917	21.1846
18.9346	9.52883	21.1971
18.9346	9.55815	21.2103
18.9335	9.58744	21.2225
18.9313	9.61657	21.2338
18.9245	9.64531	21.2407
18.9214	9.6692	21.2489
18.921	9.69349	21.2595
18.9158	9.72127	21.2676
18.9077	9.74874	21.2729
18.8969	9.77377	21.2748
18.8918	9.80196	21.2833
18.8806	9.82859	21.2857
18.8685	9.85371	21.2865
18.8555	9.87855	21.2865
18.8433	9.90317	21.2872
18.8279	9.92794	21.2851
18.8179	9.95557	21.2891
18.8028	9.97967	21.287
18.7811	10.0066	21.2805
18.7607	10.0367	21.2767
18.7423	10.0668	21.2747
18.7267	10.0913	21.2726
18.7085	10.113	21.2669
18.6914	10.1353	21.2625
18.6708	10.1519	21.2523
18.6486	10.1722	21.2425
18.6305	10.1963	21.2382
18.6155	10.2116	21.2324
18.5984	10.2295	21.226
18.5807	10.2502	21.2205
18.5633	10.2673	21.2135
18.5414	10.2851	21.203
18.5196	10.3042	21.1932
18.5036	10.3189	21.1864
18.4861	10.3351	21.179
18.4698	10.3545	21.1743
18.452	10.374	21.1683
18.4334	10.3938	21.1618
18.4101	10.4049	21.147
18.388	10.4214	21.1358
18.3691	10.4428	21.13
18.3452	10.4629	21.1192
18.3232	10.4846	21.1108
18.3055	10.5077	21.107
18.2781	10.5279	21.0933
18.2542	10.5471	21.0821
18.2249	10.565	21.0657
18.2028	10.5813	21.0548
18.1793	10.6009	21.0444
18.1544	10.6161	21.0305
18.1329	10.6283	21.0181
18.1075	10.6398	21.0021
18.0832	10.6489	20.9858
18.0601	10.6598	20.9714
18.035	10.6636	20.9517
18.0083	10.6651	20.9295
17.9805	10.6666	20.9063
17.9539	10.6694	20.8849
17.9276	10.6725	20.8639
17.9058	10.6707	20.8442
17.8756	10.6681	20.8169
17.843	10.6716	20.7908
17.8125	10.6744	20.7661
17.7831	10.6762	20.7417
17.7573	10.6795	20.7213
17.7304	10.683	20.7001
17.6993	10.6885	20.6763
17.6688	10.6929	20.6525
17.6398	10.6956	20.6291
17.6113	10.6942	20.604
17.583	10.6986	20.5821
17.5557	10.703	20.561
17.5284	10.7103	20.5416
17.5033	10.7206	20.5255
17.481	10.7255	20.5091
17.4557	10.7353	20.4926
17.4304	10.7479	20.4777
17.4057	10.766	20.4662
17.3793	10.7808	20.4515
17.3542	10.7955	20.438
17.3309	10.8103	20.426
17.3073	10.8238	20.4132
17.2827	10.8371	20.3994
17.2609	10.8516	20.3886
17.2382	10.8651	20.3766
17.2143	10.88	20.3644
17.1891	10.8964	20.3519
17.1649	10.9113	20.3394
17.1421	10.9226	20.3262
17.1168	10.9313	20.3095
17.0911	10.9412	20.2932
17.0609	10.9535	20.2744
17.0248	10.9658	20.2508
16.9907	10.9761	20.2277
16.9592	10.9859	20.2065
16.9272	11.0007	20.1878
16.898	11.0143	20.1707
16.8626	11.0261	20.1475
16.8295	11.0329	20.1236
16.7982	11.0412	20.1019
16.7739	11.0451	20.0838
16.7413	11.0483	20.0583
16.7111	11.0519	20.0351
16.6778	11.0543	20.0087
16.6479	11.0583	19.9859
16.6185	11.0624	19.9637
16.5929	11.0685	19.9458
16.5669	11.0745	19.9275
16.5393	11.0802	19.9078
16.5148	11.0878	19.8917
16.4852	11.0904	19.8685
16.4584	11.0982	19.8507
16.4376	11.1037	19.8365
16.4148	11.1107	19.8215
16.3903	11.1213	19.8072
16.3647	11.132	19.7921
16.3417	11.1403	19.7777
16.318	11.1482	19.7625
16.2917	11.1566	19.7456
16.2631	11.1648	19.7266
16.2334	11.1756	19.7083
16.2062	11.187	19.6924
16.1775	11.1992	19.6757
16.1509	11.2183	19.6648
16.127	11.2348	19.6545
16.1025	11.252	19.6443
16.0793	11.2682	19.6346
16.0576	11.2836	19.6257
16.0329	11.3005	19.6152
16.0101	11.3203	19.608
15.9876	11.3386	19.6002
15.9699	11.3643	19.6007
15.9527	11.3892	19.601
15.9362	11.4134	19.6017
15.9134	11.4377	19.5973
15.8912	11.459	19.5918
15.8668	11.4767	19.5824
15.844	11.4938	19.574
15.8213	11.511	19.5657
15.7986	11.5249	19.5555
15.7737	11.5372	19.5427
15.7531	11.5561	19.5372
15.737	11.5726	19.534
15.7242	11.5883	19.533
15.7092	11.6058	19.5314
15.6932	11.6274	19.5313
15.6783	11.6525	19.5344
15.6634	11.6762	19.5366
15.6501	11.6995	19.5398
15.6362	11.7235	19.5431
15.6206	11.7515	19.5474
15.6049	11.7771	19.5503
15.5886	11.8036	19.5532
15.5767	11.8328	19.5614
15.566	11.8625	19.5709
15.5531	11.8906	19.5777
15.5424	11.9193	19.5866
15.5306	11.9508	19.5964
15.522	11.9811	19.6082
15.5172	12.0095	19.6217
15.5179	12.0319	19.636
15.5177	12.0596	19.6528
15.5141	12.0885	19.6677
15.5105	12.1169	19.6823
15.5031	12.1406	19.6912
15.494	12.1677	19.7007
15.4843	12.1958	19.7104
15.4745	12.2236	19.7199
15.4635	12.2513	19.7285
15.4522	12.2801	19.7376
15.4414	12.3078	19.7463
15.4292	12.3345	19.7535
15.4194	12.3598	19.7617
15.4116	12.377	19.7663
15.4042	12.399	19.7743
15.3981	12.4232	19.7848
15.3915	12.4526	19.7981
15.3851	12.4808	19.8109
15.3791	12.5086	19.8237
15.3743	12.5343	19.8363
15.3695	12.5609	19.8494
15.3611	12.5876	19.8598
15.3487	12.6146	19.8673
15.3497	12.6475	19.889
15.3512	12.6727	19.9062
15.3591	12.6968	19.9276
15.3674	12.7226	19.9505
15.3753	12.7486	19.9732
15.3815	12.7764	19.9957
15.3855	12.7986	20.0129
15.3816	12.8239	20.0262
15.3772	12.8503	20.0397
15.3727	12.8775	20.0537
15.3616	12.9052	20.0629
15.3684	12.9396	20.0903
15.3734	12.9799	20.1202
15.3748	13.0142	20.1433
15.3778	13.046	20.1662
15.3752	13.0767	20.1841
15.3885	13.107	20.2138
15.4036	13.1356	20.2439
15.4144	13.1638	20.2704
15.426	13.1906	20.2967
15.4364	13.2163	20.3213
15.448	13.2482	20.3508
15.4685	13.2778	20.3856
15.4897	13.3057	20.4199
15.5093	13.3276	20.449
15.5272	13.3476	20.4756
15.5433	13.3708	20.503
15.5555	13.3942	20.5275
15.5662	13.4162	20.55
15.5756	13.4392	20.572
15.5902	13.4641	20.5994
15.5995	13.4861	20.6208
15.6217	13.505	20.65
15.6437	13.5196	20.6762
15.6688	13.535	20.7053
15.6914	13.5495	20.7318
15.7182	13.5711	20.7662
15.7392	13.5844	20.7908
15.7617	13.5993	20.8176
15.7886	13.6168	20.8494
15.8113	13.6308	20.8757
15.8333	13.6455	20.902
15.8582	13.6582	20.9291
15.8811	13.6733	20.9563
15.9081	13.6883	20.9866
15.9344	13.7007	21.0146
15.9608	13.7125	21.0424
15.9894	13.722	21.0702
16.0147	13.7329	21.0965
16.0422	13.742	21.1233
16.0705	13.7501	21.1501
16.0946	13.7554	21.1719
16.1188	13.7604	21.1934
16.14	13.7615	21.2104
16.1638	13.7642	21.2302
16.1901	13.7671	21.2521
16.2169	13.7738	21.2769
16.2429	13.7848	21.3038
16.2739	13.7918	21.3319
16.3032	13.7913	21.354
16.3298	13.7964	21.3776
16.3585	13.8041	21.4046
16.3876	13.812	21.4319
16.4139	13.8148	21.4537
16.4429	13.8118	21.4741
16.4683	13.8157	21.496
16.4928	13.8177	21.516
16.5161	13.8251	21.5387
16.5342	13.8355	21.5592
16.557	13.8442	21.5824
16.5824	13.8537	21.6079
16.6065	13.8616	21.6315
16.637	13.8673	21.6585
16.6703	13.8745	21.6887
16.7005	13.8815	21.7164
16.7287	13.8876	21.742
16.7554	13.8927	21.7658
16.7819	13.896	21.7883
16.8037	13.9015	21.8086
16.8265	13.9079	21.8302
16.8511	13.9139	21.853
16.8784	13.9244	21.8808
16.9055	13.9371	21.9098
16.9324	13.9484	21.9377
16.9591	13.9594	21.9653
16.9879	13.9674	21.9927
17.0215	13.9805	22.0269
17.0502	13.9919	22.0563
17.0778	14.0025	22.0844
17.1061	14.0107	22.1115
17.1337	14.0189	22.138
17.161	14.0271	22.1643
17.1881	14.0355	22.1907
17.2156	14.0435	22.2171
17.2422	14.0499	22.2418
17.2681	14.0542	22.2645
17.2944	14.0646	22.2915
17.3175	14.0745	22.3156
17.3417	14.0842	22.3405
17.372	14.0968	22.372
17.4	14.1055	22.3992
17.4286	14.1143	22.4269
17.461	14.1267	22.4599
17.4889	14.137	22.4882
17.5183	14.1405	22.5132
17.5414	14.1519	22.5384
17.5666	14.1626	22.5647
17.5927	14.1739	22.5921
17.6187	14.186	22.6199
17.6467	14.2	22.6505
17.667	14.2204	22.6791
17.6969	14.238	22.7135
17.7284	14.2485	22.7446
17.7572	14.2618	22.7754
17.7841	14.2797	22.8075
17.8136	14.2904	22.8372
17.8397	14.3039	22.866
17.8658	14.3154	22.8936
17.891	14.3255	22.9196
17.9161	14.3378	22.9469
17.9433	14.3492	22.9752
17.9694	14.3619	23.0036
17.9955	14.3758	23.0326
18.016	14.3924	23.059
18.0429	14.4024	23.0862
18.0717	14.4157	23.1171
18.0964	14.4305	23.1456
18.1233	14.4418	23.1736
18.149	14.4557	23.2025
18.1726	14.4667	23.2277
18.1942	14.4798	23.2528
18.2233	14.4905	23.2823
18.255	14.5032	23.315
18.289	14.5144	23.3486
18.3169	14.5284	23.3791
18.3455	14.5353	23.4059
18.3763	14.5497	23.4389
18.411	14.5593	23.472
18.4404	14.5745	23.5046
18.467	14.5793	23.5284
18.4944	14.5904	23.5568
18.5241	14.605	23.5891
18.5518	14.6184	23.6192
18.5781	14.6322	23.6484
18.6046	14.6464	23.678
18.6319	14.6571	23.7061
18.6588	14.6726	23.7367
18.6834	14.6863	23.7646
18.7093	14.6987	23.7927
18.7329	14.7149	23.8212
18.7642	14.7272	23.8534
18.7907	14.7441	23.8847
18.8167	14.7584	23.914
18.8417	14.7748	23.9438
18.8698	14.7873	23.9736
18.895	14.8075	24.0059
18.9192	14.8262	24.0365
18.9449	14.8423	24.0666
18.967	14.8585	24.0941
18.9902	14.8752	24.1225
19.0139	14.8896	24.1501
19.0351	14.9079	24.1781
19.0581	14.9244	24.2064
19.0781	14.9446	24.2346
19.1058	14.9593	24.2655
19.1251	14.9719	24.2884
19.1428	14.9875	24.312
19.1655	15.0103	24.3439
19.1896	15.0283	24.374
19.21	15.0509	24.404
19.2339	15.0683	24.4335
19.2514	15.0914	24.4615
19.2759	15.1062	24.49
19.3024	15.1359	24.5291
19.3224	15.1521	24.5548
19.3391	15.1743	24.5817
19.3613	15.1935	24.6111
19.3818	15.216	24.641
19.4027	15.241	24.673
19.425	15.268	24.7071
19.4464	15.2898	24.7374
19.4639	15.3187	24.7691
19.4803	15.3372	24.7934
19.4919	15.3596	24.8164
19.5155	15.3854	24.8508
19.5386	15.4072	24.8825
19.555	15.4322	24.9109
19.5786	15.4484	24.9394
19.5941	15.4692	24.9645
19.6125	15.4856	24.989
19.6247	15.5091	25.0132
19.6477	15.5282	25.0431
19.6637	15.5529	25.071
19.6853	15.5715	25.0995
19.7002	15.5985	25.1279
19.7256	15.6225	25.1626
19.7456	15.6479	25.1942
19.7739	15.6682	25.229
19.7962	15.695	25.2631
19.8185	15.7181	25.2949
19.8382	15.7416	25.325
19.859	15.7608	25.3531
19.8815	15.7806	25.3831
19.9022	15.8069	25.4157
19.9269	15.8268	25.4474
19.9545	15.8507	25.4839
19.9795	15.872	25.5167
20.0027	15.8921	25.5473
20.0272	15.9099	25.5776
20.0488	15.9313	25.6079
20.0736	15.9478	25.6376
20.0942	15.963	25.6631
20.1157	15.9757	25.6878
20.1384	16.0026	25.7224
20.168	16.025	25.7595
20.2035	16.0406	25.7969
20.2348	16.0617	25.8346
20.2695	16.0808	25.8736
20.2979	16.0996	25.9075
20.33	16.1178	25.944
20.3576	16.1323	25.9747
20.382	16.1421	25.9999
20.4064	16.1542	26.0265
20.4351	16.1648	26.0556
20.4631	16.1785	26.0861
20.4846	16.1826	26.1055
20.5054	16.192	26.1276
20.5294	16.2004	26.1516
20.5522	16.2133	26.1775
20.5786	16.2218	26.2036
20.609	16.2281	26.2313
20.6304	16.2408	26.256
20.6556	16.2491	26.2809
20.6819	16.2624	26.3098
20.7109	16.2726	26.3389
20.7396	16.2815	26.367
20.7695	16.2917	26.3969
20.7985	16.2998	26.4247
20.8255	16.3092	26.4517
20.8562	16.3171	26.4807
20.8864	16.3259	26.5099
20.9181	16.3339	26.5399
20.9437	16.3442	26.5663
20.9733	16.3505	26.5936
21.0001	16.3615	26.6215
21.0285	16.3674	26.6475
21.0533	16.376	26.6724
21.0775	16.381	26.6945
21.1039	16.3875	26.7194
21.1345	16.3882	26.7439
21.1618	16.3987	26.772
21.1863	16.4042	26.7947
21.21	16.4083	26.8159
21.2358	16.4103	26.8376
21.2611	16.4152	26.8606
21.286	16.4232	26.8852
21.3108	16.4298	26.9089
21.3402	16.4357	26.9358
21.3693	16.4428	26.9632
21.3972	16.4496	26.9894
21.4245	16.4551	27.0144
21.4573	16.4623	27.0448
21.4886	16.4686	27.0735
21.5166	16.4741	27.0991
21.5445	16.4814	27.1257
21.5723	16.4878	27.1516
21.5999	16.4908	27.1754
21.6265	16.5024	27.2036
21.6576	16.5081	27.2318
21.6854	16.5127	27.2567
21.713	16.518	27.2819
21.7409	16.5252	27.3085
21.7694	16.5309	27.3346
21.7967	16.5312	27.3564
21.8258	16.5375	27.3835
21.8529	16.5426	27.4082
21.8787	16.5435	27.4293
21.9051	16.5505	27.4545
21.9324	16.5561	27.4797
21.9571	16.5545	27.4985
21.9841	16.5626	27.5249
22.0145	16.5684	27.5527
22.045	16.5784	27.5831
22.0749	16.5859	27.6114
22.1039	16.5916	27.6381
22.1319	16.5968	27.6636
22.1652	16.6049	27.6951
22.1939	16.6097	27.721
22.2298	16.619	27.7553
22.263	16.6257	27.7859
22.293	16.6307	27.8129
22.3208	16.6376	27.8393
22.3479	16.6437	27.8647
22.3725	16.6483	27.8872
22.3994	16.6521	27.911
22.4279	16.6592	27.9382
22.4563	16.6644	27.964
22.4787	16.676	27.9889
22.507	16.6839	28.0164
22.5354	16.6876	28.0414
22.5648	16.6915	28.0674
22.594	16.6986	28.0951
22.6193	16.7067	28.1202
22.6502	16.7142	28.1495
22.6716	16.7127	28.1659
22.6952	16.7211	28.1898
22.7194	16.7276	28.2132
22.7437	16.7368	28.2383
22.7823	16.744	28.2736
22.8074	16.7521	28.2986
22.8333	16.7534	28.3202
22.8609	16.7559	28.344
22.8874	16.7652	28.3708
22.9197	16.7779	28.4044
22.9495	16.7891	28.4351
22.9808	16.7942	28.4633
23.0052	16.8038	28.4887
23.0311	16.8133	28.5152
23.0565	16.8185	28.5388
23.0864	16.8284	28.5688
23.1164	16.8397	28.5997
23.1401	16.8521	28.6262
23.1671	16.8606	28.653
23.1962	16.8683	28.6811
23.2237	16.8784	28.7093
23.2528	16.886	28.7373
23.2812	16.8966	28.7665
23.3098	16.9094	28.7971
23.338	16.9199	28.8261
23.3653	16.9306	28.8545
23.3888	16.9422	28.8804
23.4069	16.953	28.9013
23.4305	16.9617	28.9255
23.4574	16.9723	28.9536
23.4837	16.9833	28.9813
23.5062	16.9931	29.0053
23.5259	17.0011	29.0259
23.552	17.0103	29.0525
23.5766	17.0216	29.0791
23.5999	17.0358	29.1062
23.6233	17.0456	29.131
23.652	17.0587	29.1619
23.6785	17.0725	29.1915
23.7045	17.0853	29.2201
23.7339	17.0962	29.2503
23.761	17.1112	29.281
23.7865	17.125	29.3098
23.8123	17.1388	29.3388
23.8337	17.1501	29.3627
23.8559	17.1641	29.3889
23.8835	17.1749	29.4177
23.9092	17.1907	29.4478
23.9373	17.2093	29.4814
23.9634	17.2283	29.5137
23.9883	17.244	29.543
24.016	17.2675	29.5793
24.043	17.2927	29.6159
24.0689	17.3112	29.6477
24.0973	17.3281	29.6806
24.1187	17.3495	29.7105
24.1328	17.369	29.7334
24.1555	17.3866	29.7621
24.1795	17.3979	29.7882
24.1974	17.4172	29.814
24.2151	17.4374	29.8401
24.233	17.4592	29.8675
24.2562	17.4763	29.8962
24.2777	17.4989	29.9269
24.2973	17.519	29.9545
24.3164	17.5419	29.9834
24.3368	17.5603	30.0107
24.3568	17.5841	30.0409
24.3696	17.604	30.063
24.3832	17.6226	30.0848
24.398	17.6368	30.1051
24.4126	17.6566	30.1285
24.4267	17.6811	30.1543
24.4456	17.7031	30.1826
24.4614	17.7269	30.2093
24.4779	17.7505	30.2365
24.4923	17.7736	30.2617
24.5114	17.7958	30.2902
24.5263	17.8159	30.3141
24.5421	17.8376	30.3397
24.5573	17.8622	30.3664
24.574	17.8869	30.3945
24.5838	17.9089	30.4154
24.5963	17.9303	30.438
24.6052	17.9497	30.4566
24.6174	17.971	30.4791
24.6317	17.9967	30.5058
24.6457	18.0217	30.5318
24.6581	18.045	30.5556
24.6667	18.0692	30.5768
24.6738	18.0954	30.598
24.6852	18.119	30.6212
24.6963	18.1409	30.6431
24.7022	18.1655	30.6624
24.7082	18.1917	30.6828
24.7183	18.2185	30.7068
24.7282	18.2443	30.7301
24.7417	18.2693	30.7558
24.7581	18.2951	30.7843
24.7722	18.3173	30.8088
24.7855	18.343	30.8349
24.7973	18.3681	30.8593
24.8095	18.3932	30.884
24.8265	18.4184	30.9126
24.8426	18.4431	30.9403
24.8601	18.4647	30.9672
24.871	18.4975	30.9955
24.8804	18.5283	31.0214
24.8868	18.5533	31.0416
24.8961	18.5794	31.0647
24.9059	18.6063	31.0885
24.9175	18.6344	31.1146
24.9295	18.6635	31.1417
24.9389	18.6913	31.1659
24.949	18.7211	31.1919
24.9557	18.7432	31.2105
24.965	18.7687	31.2333
24.9737	18.7931	31.2548
24.9852	18.823	31.282
24.9966	18.8517	31.3084

-24.988	18.8839	31.321
-24.9636	18.9073	31.3156
-24.9281	18.9208	31.2955
-24.8933	18.9227	31.2689
-24.8626	18.9161	31.2405
-24.8344	18.907	31.2125
-24.81	18.8935	31.1849
-24.7827	18.8808	31.1555
-24.7557	18.8655	31.1248
-24.7268	18.8539	31.0948
-24.6977	18.8456	31.0666
-24.668	18.8388	31.0388
-24.6406	18.8319	31.0128
-24.612	18.8286	30.9882
-24.5842	18.823	30.9627
-24.5568	18.8173	30.9375
-24.5318	18.8075	30.9116
-24.5042	18.8017	30.8862
-24.4758	18.7974	30.8611
-24.4487	18.7911	30.8358
-24.4162	18.7901	30.8094
-24.3869	18.7872	30.7844
-24.3578	18.7843	30.7596
-24.3335	18.7861	30.7415
-24.3055	18.7802	30.7157
-24.2781	18.7794	30.6935
-24.2455	18.7762	30.6658
-24.2152	18.7729	30.6398
-24.1856	18.7721	30.6159
-24.156	18.7719	30.5924
-24.1266	18.7703	30.5682
-24.0982	18.7702	30.5457
-24.0722	18.7716	30.5261
-24.0475	18.7659	30.5031
-24.0203	18.7638	30.4804
-23.988	18.7561	30.4502
-23.9505	18.7623	30.4245
-23.913	18.765	30.3967
-23.882	18.7663	30.3731
-23.8522	18.7648	30.3487
-23.8218	18.7638	30.3242
-23.7917	18.7653	30.3015
-23.7624	18.7648	30.2782
-23.734	18.7636	30.2552
-23.7056	18.7529	30.2263
-23.6759	18.7484	30.2002
-23.6449	18.7453	30.1739
-23.611	18.7489	30.1496
-23.5781	18.7511	30.1252
-23.5508	18.7537	30.1055
-23.5254	18.7534	30.0855
-23.4978	18.7509	30.0623
-23.467	18.7497	30.0375
-23.4422	18.748	30.017
-23.4195	18.7441	29.997
-23.3893	18.7404	29.971
-23.359	18.7388	29.9464
-23.3295	18.7386	29.9232
-23.3013	18.7354	29.8993
-23.27	18.7334	29.8736
-23.2411	18.729	29.8484
-23.2017	18.7221	29.8133
-23.1687	18.7166	29.7842
-23.1411	18.7146	29.7615
-23.1132	18.7127	29.7386
-23.0826	18.7096	29.7129
-23.0531	18.7067	29.6882
-23.0245	18.7065	29.6658
-22.9934	18.7043	29.6403
-22.9637	18.7023	29.616
-22.9359	18.7041	29.5956
-22.9123	18.7064	29.5787
-22.8854	18.709	29.5595
-22.8592	18.7106	29.5403
-22.8325	18.7086	29.5184
-22.8051	18.7072	29.4963
-22.7758	18.7008	29.4696
-22.7451	18.696	29.4428
-22.7184	18.6933	29.4204
-22.6956	18.6817	29.3956
-22.6772	18.6733	29.376
-22.6558	18.6628	29.3527
-22.6321	18.6517	29.3274
-22.6072	18.641	29.3014
-22.5795	18.6289	29.2724
-22.5498	18.6194	29.2434
-22.5222	18.6098	29.216
-22.4953	18.6003	29.1892
-22.4693	18.5906	29.1629
-22.4419	18.582	29.1364
-22.4165	18.5685	29.1083
-22.3913	18.5552	29.0804
-22.3673	18.5429	29.054
-22.3428	18.5293	29.0265
-22.3136	18.5162	28.9956
-22.2877	18.5049	28.9685
-22.2632	18.4852	28.9371
-22.2393	18.4635	28.9048
-22.2125	18.4481	28.8743
-22.183	18.433	28.842
-22.158	18.4174	28.8129
-22.1386	18.4082	28.792
-22.1193	18.402	28.7732
-22.1013	18.39	28.7517
-22.0797	18.3771	28.7268
-22.0611	18.3704	28.7083
-22.0389	18.3618	28.6857
-22.0208	18.355	28.6674
-21.9993	18.3472	28.646
-21.9753	18.3382	28.6217
-21.9517	18.327	28.5965
-21.9247	18.3144	28.5676
-21.9045	18.3	28.5429
-21.8794	18.2873	28.5156
-21.8517	18.2797	28.4894
-21.8238	18.2759	28.4656
-21.7976	18.2736	28.4439
-21.7698	18.2715	28.4214
-21.7467	18.2727	28.4044
-21.7207	18.276	28.3866
-21.696	18.2776	28.3688
-21.6649	18.2846	28.3495
-21.6312	18.2918	28.3285
-21.5983	18.2983	28.3075
-21.571	18.3096	28.294
-21.5472	18.3237	28.285
-21.5262	18.3365	28.2772
-21.5032	18.3508	28.269
-21.48	18.3654	28.2609
-21.4554	18.3786	28.2508
-21.4313	18.3923	28.2414
-21.407	18.406	28.2319
-21.3824	18.4182	28.2212
-21.3562	18.4286	28.2082
-21.3263	18.4337	28.1889
-21.2969	18.4334	28.1664
-21.2678	18.4333	28.1444
-21.2443	18.4372	28.1292
-21.22	18.4393	28.1123
-21.1962	18.4422	28.0962
-21.1718	18.4467	28.0807
-21.1471	18.4487	28.0634
-21.12	18.4509	28.0445
-21.0901	18.4525	28.0229
-21.0583	18.4585	28.003
-21.0276	18.4664	27.9851
-20.9931	18.4741	27.9643
-20.9624	18.4803	27.9454
-20.933	18.4896	27.9295
-20.9055	18.495	27.9124
-20.8741	18.5018	27.8934
-20.8455	18.5093	27.877
-20.8204	18.516	27.8627
-20.7946	18.5234	27.8484
-20.7684	18.5303	27.8334
-20.739	18.5363	27.8155
-20.7149	18.5419	27.8013
-20.6919	18.5505	27.7898
-20.6651	18.5617	27.7774
-20.6394	18.573	27.7658
-20.6108	18.5809	27.7499
-20.5813	18.5859	27.7313
-20.558	18.591	27.7175
-20.533	18.5948	27.7015
-20.5053	18.5948	27.6809
-20.4805	18.5974	27.6644
-20.4505	18.6014	27.6448
-20.4213	18.6038	27.6248
-20.3945	18.6029	27.6045
-20.3636	18.6004	27.5799
-20.3342	18.5979	27.5565
-20.3079	18.5965	27.5362
-20.2732	18.5943	27.5091
-20.2427	18.5923	27.4853
-20.2127	18.5864	27.4591
-20.1887	18.5805	27.4375
-20.1643	18.5715	27.4135
-20.1404	18.5621	27.3896
-20.1201	18.5581	27.3719
-20.0968	18.555	27.3526
-20.0712	18.5506	27.3309
-20.0402	18.5437	27.3035
-20.0122	18.5354	27.2773
-19.9861	18.5282	27.2532
-19.9599	18.5205	27.2288
-19.9329	18.5118	27.2031
-19.9092	18.4988	27.1768
-19.8826	18.4863	27.1488
-19.8563	18.4744	27.1215
-19.83	18.4626	27.0942
-19.8062	18.4521	27.0697
-19.7776	18.4424	27.0421
-19.7486	18.4311	27.0132
-19.726	18.4186	26.9882
-19.7039	18.4035	26.9617
-19.6813	18.3877	26.9344
-19.6604	18.3735	26.9094
-19.637	18.3586	26.8821
-19.6136	18.3473	26.8573
-19.5904	18.3323	26.8301
-19.5664	18.317	26.8022
-19.5417	18.3016	26.7736
-19.5205	18.288	26.7489
-19.5036	18.2713	26.7251
-19.4848	18.2518	26.698
-19.4651	18.2314	26.6697
-19.4513	18.2124	26.6466
-19.4365	18.191	26.6213
-19.4204	18.167	26.5931
-19.406	18.1446	26.5673
-19.4005	18.1197	26.5463
-19.399	18.0901	26.5249
-19.3937	18.0596	26.5003
-19.3876	18.0292	26.4751
-19.3842	17.9993	26.4523
-19.3828	17.9659	26.4285
-19.3811	17.9373	26.4078
-19.3791	17.9085	26.3868
-19.3806	17.8796	26.3683
-19.3797	17.8507	26.3481
-19.3749	17.8199	26.3237
-19.3704	17.7897	26.2999
-19.3736	17.7698	26.2888
-19.3767	17.7487	26.2768
-19.3845	17.7214	26.2642
-19.3921	17.6953	26.2522
-19.3993	17.6734	26.2427
-19.4073	17.6492	26.2324
-19.4158	17.6218	26.2202
-19.4252	17.5951	26.2092
-19.4296	17.5684	26.1946
-19.4322	17.541	26.1782
-19.4342	17.5139	26.1615
-19.4402	17.4881	26.1487
-19.4478	17.4598	26.1354
-19.4555	17.4335	26.1237
-19.4644	17.4011	26.1086
-19.4729	17.3703	26.0945
-19.4692	17.3381	26.0703
-19.4657	17.3119	26.0502
-19.4607	17.2874	26.0302
-19.4582	17.259	26.0096
-19.4602	17.2316	25.9928
-19.4613	17.2049	25.976
-19.4688	17.174	25.9611
-19.4758	17.1467	25.9484
-19.4791	17.1167	25.931
-19.4834	17.0886	25.9157
-19.4833	17.059	25.8961
-19.4832	17.0305	25.8773
-19.4836	17.0028	25.8593
-19.4812	16.9775	25.8409
-19.4787	16.9506	25.8213
-19.4783	16.9253	25.8045
-19.4767	16.9003	25.7869
-19.4758	16.8745	25.7693
-19.472	16.8478	25.7489
-19.469	16.8205	25.7287
-19.4672	16.7921	25.7089
-19.4669	16.7631	25.6897
-19.469	16.7338	25.6722
-19.4722	16.7052	25.656
-19.4797	16.676	25.6427
-19.4944	16.651	25.6376
-19.516	16.6321	25.6417
-19.5368	16.6132	25.6454
-19.5588	16.5967	25.6515
-19.578	16.58	25.6553
-19.6049	16.5691	25.6688
-19.6236	16.5588	25.6764
-19.647	16.5496	25.6884
-19.6662	16.519	25.6834
-19.6993	16.4997	25.6964
-19.73	16.4862	25.7112
-19.7548	16.4673	25.7182
-19.7819	16.4601	25.7344
-19.8059	16.4411	25.7407
-19.8383	16.4325	25.7602
-19.867	16.4226	25.7759
-19.8973	16.418	25.7964
-19.9297	16.4292	25.8285
-19.9596	16.441	25.8591
-19.9865	16.4521	25.8869
-20.0129	16.4662	25.9163
-20.033	16.4777	25.939
-20.0552	16.4885	25.9631
-20.0824	16.4988	25.9907
-20.105	16.5184	26.0205
-20.1305	16.5332	26.0497
-20.1566	16.5472	26.0787
-20.1788	16.5675	26.1088
-20.2046	16.5805	26.137
-20.2271	16.6044	26.1695
-20.2472	16.628	26.2
-20.2704	16.6481	26.2307
-20.2942	16.6642	26.2593
-20.3117	16.6903	26.2894
-20.3259	16.7192	26.3187
-20.3466	16.7437	26.3503
-20.3668	16.7652	26.3795
-20.39	16.7863	26.4108
-20.4088	16.8052	26.4374
-20.4272	16.8257	26.4646
-20.4475	16.843	26.4913
-20.4712	16.8635	26.5226
-20.4896	16.8885	26.5527
-20.5051	16.9133	26.5805
-20.5206	16.9376	26.6078
-20.5389	16.959	26.6356
-20.558	16.9792	26.6632
-20.5818	17.0013	26.6956
-20.5984	17.0241	26.7229
-20.6125	17.0478	26.7489
-20.6297	17.0777	26.7812
-20.6484	17.1032	26.8119
-20.6677	17.1263	26.8415
-20.6857	17.1496	26.8702
-20.7059	17.1706	26.8991
-20.7231	17.1943	26.9275
-20.7428	17.2181	26.9578
-20.7582	17.2441	26.9864
-20.7761	17.2685	27.0157
-20.795	17.2986	27.0495
-20.8081	17.321	27.0739
-20.8182	17.3427	27.0955
-20.8331	17.3638	27.1205
-20.844	17.3941	27.1482
-20.8629	17.4236	27.1817
-20.8714	17.456	27.2089
-20.8868	17.4838	27.2386
-20.8934	17.5188	27.2661
-20.9066	17.5474	27.2947
-20.9175	17.5762	27.3215
-20.9317	17.6041	27.3503
-20.9391	17.6326	27.3743
-20.9463	17.6643	27.4003
-20.9607	17.6953	27.4313
-20.9647	17.7281	27.4555
-20.9784	17.7543	27.4829
-20.9837	17.7841	27.5062
-20.9879	17.8192	27.5321
-20.99	17.848	27.5523
-20.9901	17.8756	27.5703
-20.9887	17.9047	27.5881
-20.98	17.9322	27.5994
-20.9733	17.9597	27.6122
-20.9638	17.9891	27.624
-20.9513	18.0162	27.6322
-20.9359	18.042	27.6374
-20.9201	18.0643	27.64
-20.9001	18.091	27.6423
-20.8795	18.1143	27.642
-20.8611	18.1252	27.6353
-20.8478	18.1394	27.6346
-20.829	18.1586	27.633
-20.8057	18.1744	27.6258
-20.7845	18.1993	27.6263
-20.7563	18.2233	27.6208
-20.7221	18.2346	27.6027
-20.6953	18.2558	27.5966
-20.6621	18.2617	27.5756
-20.6339	18.279	27.5659
-20.5975	18.2892	27.5454
-20.5681	18.3081	27.536
-20.5335	18.3139	27.5141
-20.5033	18.3257	27.4994
-20.4711	18.327	27.4763
-20.4395	18.336	27.4588
-20.4111	18.3342	27.4364
-20.3833	18.3416	27.4207
-20.3519	18.3383	27.3951
-20.322	18.3398	27.3739
-20.2905	18.3308	27.3445
-20.2565	18.3342	27.3215
-20.2203	18.3238	27.2877
-20.1876	18.3181	27.2597
-20.1601	18.3045	27.2302
-20.1327	18.2938	27.2028
-20.1043	18.2871	27.1772
-20.0792	18.274	27.1498
-20.0538	18.266	27.1257
-20.0363	18.2472	27.1
-20.0078	18.2365	27.0718
-19.9816	18.217	27.0394
-19.9542	18.2016	27.0087
-19.93	18.1845	26.9793
-19.9063	18.1623	26.9469
-19.8817	18.1439	26.9162
-19.8655	18.1269	26.8928
-19.8477	18.1094	26.8679
-19.839	18.0794	26.8412
-19.8179	18.0511	26.8066
-19.7967	18.0271	26.7747
-19.7869	18.0046	26.7523
-19.7662	17.9849	26.7238
-19.7553	17.953	26.6943
-19.738	17.9267	26.6637
-19.7305	17.8987	26.6394
-19.7158	17.8729	26.6112
-19.7103	17.8428	26.5869
-19.6968	17.8142	26.5577
-19.6937	17.7822	26.5339
-19.6798	17.753	26.504
-19.6815	17.7169	26.4811
-19.6737	17.6843	26.4535
-19.6706	17.6538	26.4309
-19.6747	17.6237	26.4138
-19.674	17.5926	26.3926
-19.6703	17.561	26.3687
-19.6768	17.5317	26.3541
-19.6771	17.5026	26.335
-19.6841	17.4744	26.3214
-19.691	17.446	26.3077
-19.6975	17.4137	26.2912
-19.7075	17.3862	26.2805
-19.7176	17.3667	26.2752
-19.7294	17.3448	26.2695
-19.7382	17.317	26.2579
-19.7539	17.2832	26.2474
-19.771	17.2554	26.242
-19.7897	17.2311	26.2401
-19.8104	17.2093	26.2414
-19.8336	17.1914	26.2472
-19.8544	17.1713	26.2498
-19.8745	17.1555	26.2547
-19.8942	17.1403	26.2597
-19.9125	17.1222	26.2617
-19.9331	17.1046	26.2659
-19.9588	17.0918	26.2771
-19.9823	17.0754	26.2842
-20.0038	17.0563	26.2882
-20.0231	17.0351	26.2891
-20.0371	17.0126	26.2852
-20.0566	16.9913	26.2864
-20.0639	16.9671	26.2763
-20.0742	16.9441	26.2693
-20.0875	16.925	26.2671
-20.0985	16.9016	26.2605
-20.1103	16.878	26.2543
-20.1191	16.8581	26.2483
-20.1284	16.8318	26.2386
-20.1354	16.8058	26.2272
-20.1465	16.7786	26.2183
-20.154	16.7503	26.206
-20.1633	16.7226	26.1955
-20.1682	16.694	26.1811
-20.1748	16.667	26.1689
-20.1792	16.6397	26.1549
-20.1806	16.611	26.1377
-20.1828	16.5788	26.1191
-20.1848	16.5486	26.1014
-20.183	16.5211	26.0825
-20.187	16.4935	26.0682
-20.1744	16.4679	26.0423
-20.1706	16.4393	26.0212
-20.1684	16.4136	26.0032
-20.1679	16.3864	25.9858
-20.1632	16.358	25.9641
-20.1666	16.3306	25.9496
-20.1595	16.2999	25.9247
-20.1572	16.2688	25.9034
-20.145	16.2401	25.8759
-20.1423	16.208	25.8537
-20.1345	16.1775	25.8285
-20.1298	16.1478	25.8062
-20.1217	16.1166	25.7804
-20.1157	16.0869	25.7572
-20.1088	16.0582	25.7338
-20.0946	16.0316	25.7061
-20.0823	15.9962	25.6745
-20.0746	15.9596	25.6456
-20.0609	15.9276	25.615
-20.0543	15.8972	25.5909
-20.0482	15.8687	25.5685
-20.0335	15.84	25.5392
-20.0253	15.8114	25.515
-20.0133	15.7902	25.4924
-20.0062	15.7649	25.4712
-19.9908	15.741	25.4443
-19.9833	15.7122	25.4206
-19.968	15.688	25.3936
-19.957	15.659	25.367
-19.9442	15.6335	25.3412
-19.9313	15.607	25.3147
-19.9219	15.5835	25.2928
-19.9041	15.5587	25.2635
-19.8922	15.5303	25.2367
-19.8841	15.5068	25.2158
-19.8675	15.4846	25.1891
-19.8582	15.4513	25.1613
-19.8376	15.4276	25.1305
-19.8241	15.3986	25.102
-19.803	15.3706	25.0682
-19.7813	15.3463	25.0361
-19.7589	15.323	25.0042
-19.7443	15.2965	24.9764
-19.7293	15.2724	24.9498
-19.7144	15.2522	24.9257
-19.7002	15.2298	24.9007
-19.6795	15.2088	24.8715
-19.6646	15.1834	24.8442
-19.6439	15.1618	24.8146
-19.6301	15.1323	24.7856
-19.6127	15.1046	24.7549
-19.5931	15.0802	24.7245
-19.5788	15.0534	24.6968
-19.5595	15.0329	24.6691
-19.5508	15.0057	24.6456
-19.5335	14.981	24.6168
-19.524	14.9547	24.5933
-19.5053	14.9319	24.5646
-19.4973	14.898	24.5376
-19.4766	14.8726	24.5058
-19.4657	14.8451	24.4804
-19.4473	14.8213	24.4514
-19.4462	14.7901	24.4316
-19.4316	14.7617	24.4028
-19.4212	14.7332	24.3772
-19.4068	14.7071	24.35
-19.3989	14.6817	24.3283
-19.3832	14.6525	24.2982
-19.3763	14.6148	24.27
-19.3682	14.5791	24.242
-19.3563	14.5586	24.2202
-19.3512	14.5316	24.1999
-19.3421	14.5057	24.1771
-19.3439	14.4787	24.1623
-19.3358	14.4498	24.1386
-19.3352	14.416	24.1179
-19.3281	14.385	24.0936
-19.3302	14.3506	24.0748
-19.3247	14.3182	24.0511
-19.3275	14.2877	24.0352
-19.3235	14.2574	24.0139
-19.3387	14.2284	24.009
-19.3355	14.199	23.989
-19.3395	14.1672	23.9734
-19.3364	14.1272	23.9473
-19.3447	14.0879	23.9308
-19.345	14.053	23.9105
-19.3546	14.0151	23.8961
-19.3572	13.9838	23.8799
-19.3644	13.9549	23.8688
-19.3676	13.9254	23.8542
-19.3744	13.8954	23.8422
-19.377	13.8642	23.8261
-19.3903	13.8406	23.8233
-19.3951	13.8105	23.8097
-19.4012	13.7785	23.7961
-19.4147	13.7546	23.7932
-19.4212	13.7283	23.7834
-19.4267	13.7	23.7715
-19.4348	13.6687	23.7602
-19.4427	13.64	23.7502
-19.4551	13.6137	23.7452
-19.4617	13.5899	23.7369
-19.468	13.5643	23.7275
-19.4769	13.5348	23.718
-19.4906	13.5067	23.7131
-19.4944	13.4768	23.6992
-19.5046	13.4512	23.6931
-19.5065	13.4231	23.6787
-19.5206	13.3949	23.6744
-19.5245	13.3627	23.6594
-19.5332	13.3339	23.6503
-19.5412	13.3062	23.6414
-19.5473	13.2775	23.6303
-19.5545	13.2496	23.6206
-19.5619	13.2203	23.6103
-19.5687	13.193	23.6007
-19.5746	13.1654	23.5901
-19.5781	13.136	23.5766
-19.5863	13.1078	23.5677
-19.5897	13.0806	23.5554
-19.5927	13.0606	23.5468
-19.5943	13.0353	23.5342
-19.6033	13.0091	23.5271
-19.6055	12.9813	23.5136
-19.6208	12.9512	23.5098
-19.6266	12.919	23.4969
-19.6285	12.8864	23.4806
-19.6378	12.8579	23.4727
-19.641	12.8251	23.4574
-19.6407	12.7971	23.4418
-19.6559	12.7722	23.4411
-19.6631	12.7379	23.4284
-19.6689	12.715	23.4208
-19.67	12.6874	23.4068
-19.681	12.6556	23.3989
-19.6807	12.6226	23.3808
-19.6951	12.5916	23.3761
-19.7008	12.5604	23.3642
-19.6992	12.5345	23.3489
-19.7099	12.5057	23.3425
-19.7102	12.4739	23.3258
-19.7207	12.4402	23.3166
-19.7308	12.4055	23.3066
-19.734	12.3729	23.2921
-19.7472	12.3433	23.2875
-19.7525	12.3139	23.2765
-19.7597	12.2861	23.2678
-19.7629	12.2576	23.2556
-19.7703	12.2309	23.2478
-19.7742	12.2007	23.2353
-19.7829	12.1759	23.2296
-19.7856	12.1462	23.2164
-19.7998	12.1171	23.2133
-19.8029	12.0836	23.1984
-19.8171	12.0493	23.1928
-19.8214	12.009	23.1755
-19.8336	11.9765	23.1691
-19.8334	11.9402	23.1502
-19.8464	11.908	23.1447
-19.8528	11.8687	23.13
-19.8694	11.8358	23.1274
-19.8688	11.7982	23.1077
-19.882	11.7657	23.1025
-19.8924	11.7357	23.0962
-19.8963	11.7086	23.0858
-19.9124	11.6828	23.0866
-19.9232	11.649	23.0789
-19.9381	11.6185	23.0763
-19.9479	11.5882	23.0696
-19.9626	11.5618	23.069
-19.9697	11.5353	23.0619
-19.9869	11.5138	23.0661
-19.9952	11.4847	23.0588
-20.0117	11.4579	23.0597
-20.0175	11.4262	23.0491
-20.0342	11.3937	23.0475
-20.0449	11.3655	23.0429
-20.0649	11.3394	23.0474
-20.0762	11.3118	23.0436
-20.0914	11.2865	23.0445
-20.0965	11.2594	23.0357
-20.1124	11.2347	23.0375
-20.126	11.2035	23.0342
-20.1436	11.1775	23.037
-20.1514	11.1501	23.0305
-20.1706	11.1286	23.0369
-20.186	11.0966	23.035
-20.2001	11.0641	23.0317
-20.2187	11.0375	23.0352
-20.2318	11.0059	23.0317
-20.2517	10.9781	23.0359
-20.2665	10.9423	23.0319
-20.2891	10.9098	23.0363
-20.3077	10.8791	23.0382
-20.3252	10.8508	23.0403
-20.3402	10.8238	23.0408
-20.3547	10.7985	23.0417
-20.3656	10.7751	23.0404
-20.3834	10.7548	23.0466
-20.3952	10.723	23.0423
-20.4186	10.6965	23.0506
-20.4332	10.667	23.0499
-20.4545	10.6446	23.0585
-20.4698	10.6156	23.0587
-20.488	10.5925	23.0643
-20.5049	10.5683	23.0681
-20.5209	10.5465	23.0724
-20.536	10.5243	23.0757
-20.5548	10.5013	23.0819
-20.576	10.4808	23.0915
