#1 AntPos X	#2 AntPos Y	#3 Distance form nest	
0	0	0
0	0	0
0	0	0
0	0	0
0	0	0
0	0	0
0	0	0
0	0	0
0	0	0
0	0	0
0	0	0
0	0	0
0	0	0
0	0	0
0	0	0
0	0	0
0	0	0
0	0	0
0	0	0
0	0	0
0	0	0
0	0	0
0	0	0
0	0	0
0	0	0
0	0	0
0	0	0
0	0	0
0	0	0
0	0	0
0	0	0
0	0	0
0	0	0
0	0	0
0	0	0
0	0	0
0	0	0
0	0	0
0	0	0
0	0	0
0	0	0
0	0	0
0	0	0
0	0	0
0	0	0
0	0	0
0	0	0
0	0	0
0	0	0
0	0	0
0	0	0
0	0	0
0	0	0
0	0	0
0	0	0
0	0	0
0	0	0
0.0108406	-0.0196647	0.0224548
0.0283185	-0.0389631	0.048167
0.0455308	-0.0604496	0.0756783
0.0637921	-0.0832756	0.104901
0.0841298	-0.103965	0.133741
0.102948	-0.123115	0.160485
0.121253	-0.143233	0.187664
0.137988	-0.163155	0.213682
0.156856	-0.181598	0.239962
0.177745	-0.200388	0.267859
0.19772	-0.224204	0.298933
0.21803	-0.249612	0.331426
0.242963	-0.273187	0.365598
0.266154	-0.294568	0.396999
0.284413	-0.310818	0.421306
0.304204	-0.328389	0.447638
0.323712	-0.345699	0.473601
0.344788	-0.363262	0.500837
0.365553	-0.382137	0.528827
0.38887	-0.399274	0.55735
0.41045	-0.410137	0.580243
0.431815	-0.425272	0.60607
0.4528	-0.442695	0.633251
0.479941	-0.451013	0.658602
0.506291	-0.463542	0.686441
0.531688	-0.473294	0.711828
0.561889	-0.48295	0.740918
0.591527	-0.490785	0.768618
0.622567	-0.499577	0.798227
0.651461	-0.506695	0.825312
0.680292	-0.512913	0.851984
0.704148	-0.518928	0.874706
0.731014	-0.523865	0.899342
0.757467	-0.529342	0.924099
0.782851	-0.534763	0.948065
0.80815	-0.54411	0.97425
0.834304	-0.55361	1.00127
0.86082	-0.562775	1.02846
0.886593	-0.574771	1.0566
0.915094	-0.573302	1.07985
0.942426	-0.574137	1.10354
0.960409	-0.577026	1.12042
0.98445	-0.578197	1.14169
1.00976	-0.581129	1.16504
1.03348	-0.583027	1.1866
1.06052	-0.588886	1.21305
1.08147	-0.597816	1.2357
1.11016	-0.596118	1.26008
1.13844	-0.594353	1.28425
1.17073	-0.58919	1.31063
1.19862	-0.582416	1.33263
1.22554	-0.576547	1.35439
1.25037	-0.572391	1.37515
1.27201	-0.569524	1.39369
1.29623	-0.567498	1.41501
1.32488	-0.56583	1.44065
1.35739	-0.562988	1.46951
1.38376	-0.561712	1.49342
1.41073	-0.554793	1.5159
1.43983	-0.545848	1.53982
1.46603	-0.536231	1.56102
1.49208	-0.525358	1.58187
1.52011	-0.512447	1.60416
1.54876	-0.502409	1.62821
1.57747	-0.491661	1.65232
1.60873	-0.482718	1.6796
1.63424	-0.47934	1.70308
1.65969	-0.462209	1.72285
1.68216	-0.445606	1.74018
1.70512	-0.427064	1.75779
1.7296	-0.413188	1.77827
1.75582	-0.397765	1.80031
1.78058	-0.380303	1.82074
1.80347	-0.361561	1.83936
1.82543	-0.342823	1.85735
1.84949	-0.323803	1.87762
1.87269	-0.3056	1.89746
1.89213	-0.289028	1.91407
1.91327	-0.270199	1.93226
1.93989	-0.259264	1.95714
1.9665	-0.248169	1.9821
1.99279	-0.242559	2.00749
2.01772	-0.239623	2.0319
2.04415	-0.237273	2.05788
2.07093	-0.235136	2.08424
2.09646	-0.234099	2.10949
2.12342	-0.23123	2.13597
2.15048	-0.228816	2.16262
2.18134	-0.224504	2.19286
2.21177	-0.220878	2.22277
2.24067	-0.215902	2.25105
2.26657	-0.204579	2.27578
2.29153	-0.196286	2.29992
2.31411	-0.19017	2.32191
2.33881	-0.182407	2.34591
2.35889	-0.173428	2.36526
2.38218	-0.16075	2.3876
2.40619	-0.147666	2.41072
2.4226	-0.133556	2.42628
2.4463	-0.120062	2.44924
2.46926	-0.108842	2.47166
2.49313	-0.0972559	2.49502
2.51773	-0.0850296	2.51917
2.54043	-0.0699314	2.54139
2.56636	-0.0595592	2.56705
2.58998	-0.0504943	2.59047
2.61471	-0.0414972	2.61504
2.64482	-0.0275656	2.64497
2.67457	-0.0144978	2.67461
2.70135	-0.00324832	2.70136
2.72686	0.010386	2.72688
2.7573	0.0178868	2.75736
2.78124	0.02779	2.78138
2.81006	0.0363441	2.8103
2.83899	0.0451605	2.83935
2.86263	0.0532195	2.86313
2.88912	0.0587039	2.88972
2.91619	0.0642471	2.9169
2.94008	0.0739331	2.94101
2.97015	0.0826718	2.9713
2.99315	0.0824807	2.99428
3.01891	0.0817879	3.02002
3.04403	0.0838065	3.04519
3.07182	0.0827897	3.07294
3.10305	0.0837093	3.10418
3.13121	0.0857101	3.13239
3.16007	0.0868661	3.16126
3.1861	0.0903902	3.18738
3.21314	0.0883076	3.21435
3.24078	0.0846492	3.24189
3.2705	0.0808975	3.2715
3.30635	0.0708259	3.30711
3.33787	0.0641	3.33849
3.365	0.0566445	3.36548
3.38858	0.0460411	3.3889
3.41397	0.0327099	3.41413
3.44086	0.0226849	3.44094
3.45978	0.0179739	3.45983
3.48495	0.0134726	3.48498
3.51242	0.00760378	3.51243
3.5452	0.00278559	3.5452
3.57622	0.000492839	3.57622
3.59837	0.000666866	3.59837
3.62368	-0.00105466	3.62368
3.65068	-0.00262258	3.65069
3.68063	-0.00062075	3.68063
3.71114	-0.0100944	3.71115
3.74127	-0.0193896	3.74132
3.77075	-0.0278018	3.77085
3.80282	-0.0329095	3.80297
3.82907	-0.0382813	3.82926
3.85426	-0.0432625	3.8545
3.88163	-0.0524251	3.88198
3.90456	-0.064098	3.90509
3.92851	-0.0780715	3.92929
3.95149	-0.0910598	3.95254
3.97544	-0.104812	3.97682
4.00098	-0.121172	4.00282
4.0258	-0.140522	4.02825
4.05219	-0.156281	4.0552
4.07752	-0.170827	4.08109
4.10408	-0.185037	4.10825
4.13251	-0.198023	4.13726
4.15607	-0.21157	4.16146
4.1797	-0.225948	4.1858
4.20126	-0.235735	4.20787
4.22345	-0.250486	4.23087
4.25067	-0.264324	4.25888
4.27675	-0.275012	4.28558
4.29799	-0.29369	4.30802
4.32229	-0.309057	4.33332
4.34545	-0.325077	4.35759
4.36424	-0.33966	4.37744
4.38432	-0.354303	4.39861
4.40546	-0.3691	4.4209
4.42818	-0.386336	4.445
4.45051	-0.403792	4.46879
4.4737	-0.419667	4.49334
4.49575	-0.437124	4.51695
4.52146	-0.455737	4.54437
4.54483	-0.475705	4.56966
4.56831	-0.495717	4.59513
4.59161	-0.51386	4.62027
4.61603	-0.538223	4.6473
4.63974	-0.560095	4.67342
4.66213	-0.580234	4.6981
4.68742	-0.594172	4.72493
4.70809	-0.615428	4.74815
4.73192	-0.632878	4.77405
4.75158	-0.647181	4.79545
4.77229	-0.662488	4.81806
4.79386	-0.678304	4.84161
4.81662	-0.694411	4.86642
4.84004	-0.712229	4.89217
4.85961	-0.728058	4.91384
4.88447	-0.745476	4.94103
4.90703	-0.761166	4.96572
4.93319	-0.77919	4.99435
4.96037	-0.794697	5.02362
4.9838	-0.809356	5.04909
5.00643	-0.824698	5.0739
5.02942	-0.840344	5.09915
5.05448	-0.851885	5.12577
5.08001	-0.864358	5.15302
5.1056	-0.876796	5.18034
5.12703	-0.888047	5.20337
5.15089	-0.901476	5.22918
5.16931	-0.915196	5.2497
5.19305	-0.932091	5.27603
5.21624	-0.946907	5.30149
5.23698	-0.959957	5.32423
5.25905	-0.980814	5.34973
5.28113	-1.00091	5.37514
5.30253	-1.0248	5.40065
5.32596	-1.04454	5.42742
5.34849	-1.06246	5.453
5.3668	-1.0779	5.47397
5.38436	-1.09616	5.49481
5.41249	-1.10576	5.52429
5.4399	-1.11515	5.55303
5.46602	-1.1234	5.58027
5.49397	-1.13034	5.60904
5.52095	-1.13749	5.63691
5.55091	-1.14483	5.66773
5.57928	-1.1522	5.69701
5.60993	-1.16078	5.72876
5.63667	-1.1681	5.75644
5.66374	-1.17546	5.78443
5.69262	-1.18337	5.81432
5.71576	-1.19315	5.83896
5.74225	-1.19352	5.86498
5.76998	-1.19363	5.89215
5.80059	-1.20226	5.92387
5.83076	-1.20972	5.95493
5.85996	-1.22	5.98561
5.8866	-1.21677	6.01104
5.91312	-1.21206	6.03607
5.9419	-1.20824	6.0635
5.97314	-1.20307	6.09309
6.0027	-1.19818	6.12111
6.0328	-1.19357	6.14973
6.06395	-1.19027	6.17966
6.0959	-1.18254	6.20954
6.12342	-1.18013	6.2361
6.14885	-1.18137	6.26131
6.17777	-1.18628	6.29063
6.20702	-1.18909	6.31989
6.23244	-1.18999	6.34503
6.25862	-1.19467	6.37162
6.28839	-1.19731	6.40136
6.31604	-1.20021	6.42906
6.34539	-1.20109	6.45806
6.37896	-1.20873	6.49246
6.4061	-1.20569	6.51858
6.43396	-1.20654	6.54611
6.45896	-1.21265	6.5718
6.49087	-1.21358	6.60334
6.52796	-1.21452	6.63998
6.56137	-1.21478	6.67287
6.59039	-1.21467	6.70139
6.61743	-1.21447	6.72795
6.63965	-1.21379	6.74968
6.66581	-1.21553	6.77573
6.69148	-1.21573	6.80102
6.72046	-1.21694	6.82975
6.74935	-1.2178	6.85834
6.77914	-1.21736	6.88758
6.80715	-1.21719	6.91511
6.83183	-1.21612	6.93922
6.85719	-1.21544	6.96407
6.88302	-1.21798	6.98995
6.90896	-1.22197	7.01619
6.9334	-1.22471	7.04073
6.95764	-1.22629	7.06488
6.99055	-1.22958	7.09787
7.0202	-1.23406	7.12784
7.04842	-1.23809	7.15634
7.07562	-1.24271	7.18392
7.10647	-1.24875	7.21535
7.13388	-1.25126	7.24278
7.16459	-1.24671	7.27225
7.18956	-1.2464	7.2968
7.21261	-1.24194	7.31875
7.23982	-1.24766	7.34654
7.26782	-1.25434	7.37526
7.29538	-1.26053	7.40348
7.3231	-1.26688	7.43188
7.35016	-1.27758	7.46036
7.38169	-1.28723	7.49309
7.40584	-1.29807	7.51874
7.4311	-1.30971	7.54563
7.45708	-1.32076	7.57314
7.4839	-1.33332	7.60174
7.51133	-1.34313	7.63047
7.53764	-1.35018	7.65761
7.56695	-1.35572	7.68744
7.59468	-1.36288	7.716
7.62323	-1.36621	7.74469
7.65	-1.37544	7.77267
7.67855	-1.38521	7.8025
7.70512	-1.39738	7.83081
7.72997	-1.40854	7.85725
7.75997	-1.41299	7.88756
7.78939	-1.42121	7.91798
7.82128	-1.42958	7.95086
7.85121	-1.43626	7.9815
7.87972	-1.44279	8.01072
7.91034	-1.44957	8.04206
7.9402	-1.46071	8.07344
7.96793	-1.47072	8.10252
7.99442	-1.4799	8.13024
8.02511	-1.49429	8.16304
8.05242	-1.5069	8.19221
8.0787	-1.51901	8.22026
8.1062	-1.53665	8.25056
8.12948	-1.55427	8.27673
8.15427	-1.57327	8.30465
8.17479	-1.59226	8.32841
8.19527	-1.61229	8.35236
8.21575	-1.63436	8.37674
8.24137	-1.658	8.40649
8.2639	-1.67822	8.43258
8.28828	-1.69488	8.4598
8.30643	-1.71016	8.48065
8.32662	-1.72535	8.5035
8.34776	-1.74414	8.52802
8.36721	-1.76181	8.55068
8.38682	-1.78006	8.57364
8.40536	-1.79704	8.59531
8.42672	-1.81279	8.6195
8.44705	-1.83137	8.6433
8.46785	-1.85144	8.66789
8.48915	-1.86609	8.69183
8.51328	-1.8792	8.71822
8.53743	-1.89295	8.74477
8.56177	-1.90686	8.77155
8.58885	-1.91651	8.80008
8.61609	-1.92859	8.8293
8.64052	-1.94102	8.85585
8.66656	-1.95319	8.88393
8.68954	-1.96657	8.90929
8.71082	-1.97913	8.93282
8.73367	-1.99208	8.95798
8.75557	-2.00684	8.98262
8.77828	-2.02214	9.00817
8.80937	-2.03738	9.0419
8.83776	-2.05048	9.07252
8.86219	-2.06199	9.09892
8.88735	-2.07272	9.12586
8.90723	-2.0817	9.14725
8.93114	-2.09109	9.17267
8.95574	-2.09835	9.19828
8.98358	-2.10989	9.22802
9.0062	-2.11614	9.25147
9.03227	-2.125	9.27888
9.05888	-2.13408	9.30686
9.08613	-2.14411	9.33568
9.11359	-2.15624	9.36519
9.13571	-2.17259	9.39049
9.15311	-2.19406	9.4124
9.16803	-2.21637	9.43213
9.18244	-2.23475	9.45047
9.19829	-2.25566	9.47082
9.21809	-2.27455	9.49456
9.24021	-2.29605	9.5212
9.26153	-2.31653	9.54684
9.28079	-2.33702	9.57052
9.29855	-2.35846	9.59299
9.31484	-2.37981	9.61404
9.32924	-2.40712	9.63478
9.34279	-2.4352	9.65495
9.3557	-2.46209	9.67424
9.36636	-2.49069	9.69187
9.38111	-2.51375	9.71207
9.40216	-2.53222	9.73719
9.41537	-2.55075	9.75477
9.43015	-2.57152	9.77448
9.44778	-2.59446	9.79753
9.46576	-2.617	9.82086
9.48193	-2.64225	9.8432
9.4978	-2.66534	9.86469
9.51213	-2.68994	9.88516
9.52604	-2.71222	9.90462
9.54049	-2.73464	9.92468
9.55444	-2.75829	9.94463
9.57189	-2.78259	9.96814
9.59014	-2.80523	9.992
9.61118	-2.82698	10.0183
9.63303	-2.8504	10.0459
9.65485	-2.87765	10.0746
9.68084	-2.90646	10.1077
9.70238	-2.92598	10.134
9.72497	-2.94799	10.162
9.74697	-2.96479	10.1879
9.76916	-2.98177	10.2141
9.79297	-2.9973	10.2414
9.81261	-3.01491	10.2653
9.83284	-3.03305	10.29
9.85208	-3.05078	10.3136
9.87211	-3.06925	10.3382
9.89187	-3.08812	10.3627
9.91464	-3.10321	10.3889
9.93197	-3.13315	10.4144
9.94681	-3.16286	10.4376
9.96019	-3.18964	10.4584
9.9739	-3.21362	10.4788
9.98775	-3.23784	10.4995
10.0004	-3.26125	10.5187
10.0167	-3.28518	10.5417
10.0312	-3.30408	10.5613
10.0471	-3.32462	10.5828
10.0618	-3.34842	10.6044
10.0719	-3.37216	10.6214
10.0825	-3.39738	10.6395
10.0921	-3.42249	10.6566
10.0999	-3.45257	10.6737
10.1085	-3.48165	10.6913
10.1193	-3.50889	10.7104
10.1317	-3.53378	10.7303
10.1523	-3.55457	10.7565
10.1725	-3.57505	10.7824
10.194	-3.59825	10.8104
10.2144	-3.62049	10.837
10.2326	-3.64396	10.862
10.2522	-3.66847	10.8887
10.2629	-3.69153	10.9066
10.2736	-3.71507	10.9247
10.2853	-3.74627	10.9464
10.2965	-3.77466	10.9666
10.3133	-3.80541	10.993
10.3296	-3.83281	11.0177
10.3439	-3.85842	11.0401
10.3574	-3.88357	11.0616
10.376	-3.91216	11.089
10.3914	-3.93661	11.1121
10.4126	-3.9611	11.1406
10.4328	-3.98526	11.168
10.4528	-4.00831	11.195
10.4701	-4.03217	11.2196
10.4869	-4.05618	11.244
10.5049	-4.07775	11.2686
10.5212	-4.10069	11.2921
10.539	-4.12573	11.3178
10.5575	-4.15161	11.3445
10.5742	-4.18112	11.3708
10.5896	-4.20832	11.3951
10.605	-4.23162	11.4181
10.6202	-4.25583	11.4412
10.6355	-4.27843	11.4638
10.6488	-4.30781	11.4872
10.6628	-4.33618	11.5108
10.6765	-4.36262	11.5334
10.6956	-4.38444	11.5594
10.7051	-4.41139	11.5784
10.7143	-4.43876	11.5974
10.7236	-4.46476	11.6159
10.7336	-4.49293	11.636
10.748	-4.52257	11.6607
10.7606	-4.55117	11.6835
10.7723	-4.57867	11.705
10.7858	-4.60405	11.7274
10.7898	-4.63345	11.7426
10.7888	-4.66187	11.753
10.7896	-4.69144	11.7654
10.7917	-4.72028	11.7789
10.7938	-4.7489	11.7923
10.7973	-4.77796	11.8072
10.7992	-4.80711	11.8208
10.8002	-4.8362	11.8336
10.8043	-4.86297	11.8482
10.8123	-4.88787	11.8658
10.8195	-4.91311	11.8828
10.8277	-4.93782	11.9005
10.8302	-4.96237	11.913
10.8255	-4.99291	11.9214
10.8259	-5.01629	11.9316
10.8269	-5.04592	11.945
10.8273	-5.07434	11.9574
10.8274	-5.10184	11.9692
10.8335	-5.12444	11.9843
10.8403	-5.1494	12.0012
10.8451	-5.1748	12.0165
10.8513	-5.20384	12.0346
10.8578	-5.22872	12.0512
10.8663	-5.25511	12.0703
10.8759	-5.28178	12.0906
10.8851	-5.30996	12.1112
10.891	-5.33436	12.1272
10.9021	-5.35892	12.148
10.9128	-5.38021	12.167
10.9284	-5.40227	12.1908
10.9495	-5.41914	12.2171
10.974	-5.43744	12.2472
10.9971	-5.45474	12.2756
11.0219	-5.46771	12.3036
11.0483	-5.48045	12.3329
11.0741	-5.49105	12.3608
11.1004	-5.50048	12.3884
11.1263	-5.51078	12.4163
11.154	-5.52249	12.4463
11.1776	-5.53232	12.4717
11.2019	-5.54283	12.4983
11.2241	-5.55301	12.5227
11.245	-5.56317	12.5458
11.268	-5.57423	12.5714
11.2886	-5.58268	12.5936
11.3114	-5.59274	12.6185
11.3367	-5.60102	12.6449
11.3585	-5.6015	12.6646
11.3825	-5.60006	12.6855
11.4092	-5.60483	12.7116
11.4376	-5.60954	12.7392
11.4658	-5.61416	12.7665
11.4946	-5.61885	12.7944
11.5228	-5.62328	12.8217
11.5504	-5.62735	12.8483
11.5816	-5.6315	12.8782
11.6119	-5.63719	12.9079
11.6423	-5.64205	12.9374
11.6663	-5.64499	12.9603
11.6874	-5.6485	12.9808
11.7142	-5.64942	13.0054
11.7374	-5.65371	13.0281
11.7587	-5.66041	13.0501
11.7828	-5.66805	13.0752
11.8073	-5.67492	13.1003
11.8305	-5.68274	13.1245
11.8547	-5.6912	13.15
11.8792	-5.70014	13.176
11.9035	-5.70811	13.2014
11.9291	-5.71646	13.2281
11.9527	-5.72509	13.253
11.9736	-5.73627	13.2767
11.999	-5.75064	13.3058
12.0286	-5.76973	13.3408
12.055	-5.7869	13.3721
12.0803	-5.80155	13.4011
12.11	-5.82044	13.4361
12.1301	-5.82982	13.4583
12.1567	-5.83969	13.4866
12.1918	-5.85029	13.5228
12.2155	-5.86115	13.5489
12.2387	-5.8705	13.5738
12.2647	-5.8748	13.5991
12.2909	-5.88068	13.6253
12.3236	-5.8869	13.6575
12.3538	-5.89067	13.6864
12.3822	-5.89363	13.7133
12.4098	-5.90344	13.7424
12.4376	-5.91323	13.7717
12.4624	-5.92239	13.7981
12.4889	-5.9313	13.8258
12.5156	-5.9382	13.8529
12.5426	-5.94523	13.8803
12.571	-5.94968	13.9078
12.6031	-5.9553	13.9393
12.6338	-5.96155	13.9697
12.6615	-5.95652	13.9927
12.6958	-5.95161	14.0216
12.7255	-5.948	14.0469
12.7554	-5.94694	14.0736
12.7867	-5.9495	14.103
12.8143	-5.94105	14.1245
12.8417	-5.93262	14.1459
12.8688	-5.91974	14.1651
12.8963	-5.90609	14.1844
12.9215	-5.89553	14.2029
12.9506	-5.88454	14.2249
12.9784	-5.874	14.2458
13.0041	-5.864	14.2651
13.0301	-5.85427	14.2848
13.0564	-5.84343	14.3044
13.0809	-5.83202	14.3221
13.1076	-5.81919	14.3413
13.1334	-5.80584	14.3594
13.1588	-5.79113	14.3768
13.1821	-5.77623	14.3921
13.2156	-5.76449	14.4181
13.2461	-5.7428	14.4374
13.2754	-5.7225	14.4562
13.2937	-5.70506	14.4662
13.314	-5.69859	14.4823
13.3382	-5.67721	14.4961
13.3594	-5.65664	14.5076
13.3777	-5.63562	14.5163
13.3966	-5.6135	14.5252
13.418	-5.59274	14.5369
13.4363	-5.56834	14.5444
13.4546	-5.54689	14.5532
13.4736	-5.52631	14.5629
13.4927	-5.50581	14.5728
13.5124	-5.4847	14.5831
13.5317	-5.46365	14.5931
13.55	-5.4419	14.602
13.567	-5.4205	14.6098
13.5868	-5.39904	14.6202
13.604	-5.37382	14.6269
13.6203	-5.3507	14.6336
13.6368	-5.32772	14.6406
13.6474	-5.30538	14.6423
13.6588	-5.27973	14.6437
13.6665	-5.25347	14.6414
13.6742	-5.22992	14.6402
13.6828	-5.20562	14.6396
13.684	-5.17921	14.6313
13.686	-5.15368	14.6242
13.688	-5.12667	14.6166
13.6889	-5.09782	14.6073
13.6899	-5.06975	14.5985
13.6908	-5.04443	14.5905
13.6909	-5.01714	14.5812
13.6925	-4.98805	14.5728
13.6931	-4.95744	14.5628
13.6931	-4.92815	14.5529
13.6916	-4.89485	14.5402
13.6903	-4.86405	14.5287
13.6948	-4.82832	14.521
13.6991	-4.79518	14.5141
13.6999	-4.76484	14.5049
13.7048	-4.73304	14.4991
13.7098	-4.7005	14.4932
13.7155	-4.66974	14.4886
13.7212	-4.64071	14.4847
13.7292	-4.6075	14.4817
13.7358	-4.58019	14.4793
13.7423	-4.55291	14.4768
13.7474	-4.52537	14.4731
13.7519	-4.49789	14.4688
13.7571	-4.46941	14.4649
13.7622	-4.44128	14.4611
13.7702	-4.42232	14.4629
13.7767	-4.3968	14.4613
13.787	-4.36545	14.4617
13.7827	-4.34017	14.4499
13.7788	-4.31703	14.4393
13.774	-4.29164	14.4271
13.7657	-4.26671	14.4118
13.7594	-4.23578	14.3966
13.7539	-4.20633	14.3827
13.7508	-4.1788	14.3718
13.7525	-4.14974	14.365
13.7542	-4.12107	14.3583
13.7562	-4.09483	14.3527
13.7623	-4.07025	14.3516
13.7576	-4.03999	14.3385
13.7512	-4.0117	14.3245
13.7455	-3.98518	14.3115
13.7389	-3.95525	14.2969
13.7302	-3.92624	14.2805
13.7238	-3.90103	14.2675
13.7141	-3.87054	14.2498
13.7042	-3.84397	14.2331
13.6946	-3.81499	14.2161
13.6858	-3.78811	14.2004
13.678	-3.76462	14.1866
13.6694	-3.73822	14.1714
13.6671	-3.71626	14.1633
13.6578	-3.68529	14.1463
13.6489	-3.65429	14.1297
13.6437	-3.62627	14.1173
13.6349	-3.59958	14.102
13.6254	-3.57116	14.0856
13.6195	-3.54378	14.073
13.6051	-3.51803	14.0526
13.5911	-3.49275	14.0327
13.5763	-3.46856	14.0124
13.5607	-3.4443	13.9912
13.5475	-3.41661	13.9717
13.53	-3.39785	13.9502
13.5114	-3.3793	13.9275
13.4949	-3.35769	13.9063
13.4774	-3.33573	13.884
13.4564	-3.31338	13.8583
13.4282	-3.29139	13.8257
13.4032	-3.27086	13.7965
13.3792	-3.25077	13.7684
13.3589	-3.22833	13.7435
13.3411	-3.2075	13.7212
13.3276	-3.18685	13.7033
13.3149	-3.16465	13.6858
13.3001	-3.13846	13.6653
13.2845	-3.11311	13.6444
13.2714	-3.09478	13.6274
13.2563	-3.07708	13.6087
13.2341	-3.0551	13.5822
13.2138	-3.03236	13.5573
13.19	-3.00834	13.5287
13.1682	-2.98662	13.5026
13.1453	-2.9683	13.4763
13.1214	-2.94567	13.448
13.1025	-2.92608	13.4253
13.0822	-2.91282	13.4025
13.0607	-2.90264	13.3794
13.041	-2.89322	13.3581
13.0145	-2.88284	13.33
12.9907	-2.8688	13.3037
12.9666	-2.85547	13.2773
12.9388	-2.843	13.2475
12.9099	-2.83537	13.2176
12.8817	-2.8266	13.1881
12.8524	-2.81517	13.1571
12.8222	-2.80256	13.1249
12.7938	-2.79195	13.0949
12.7686	-2.77093	13.0658
12.7432	-2.7511	13.0368
12.7179	-2.73194	13.008
12.6933	-2.71451	12.9803
12.6681	-2.69733	12.9521
12.6447	-2.68005	12.9256
12.6202	-2.66407	12.8983
12.5966	-2.64802	12.8719
12.5756	-2.62635	12.8469
12.5553	-2.60536	12.8227
12.5365	-2.58418	12.8
12.5121	-2.56196	12.7717
12.4904	-2.54039	12.7462
12.4771	-2.52636	12.7303
12.4639	-2.50513	12.7132
12.4496	-2.48247	12.6947
12.438	-2.45958	12.6788
12.4276	-2.43794	12.6644
12.4185	-2.41712	12.6515
12.4105	-2.39944	12.6403
12.4013	-2.37794	12.6272
12.3911	-2.35773	12.6134
12.376	-2.33412	12.5942
12.3652	-2.31387	12.5798
12.3519	-2.29379	12.5631
12.3375	-2.27193	12.5449
12.331	-2.25342	12.5352
12.3226	-2.23307	12.5233
12.3138	-2.20985	12.5105
12.3055	-2.18778	12.4985
12.2968	-2.16293	12.4855
12.2867	-2.13666	12.4711
12.2747	-2.10177	12.4534
12.264	-2.07196	12.4378
12.2528	-2.04841	12.4229
12.241	-2.02321	12.4071
12.2292	-1.99696	12.3912
12.2176	-1.97115	12.3756
12.2127	-1.94538	12.3666
12.2075	-1.91877	12.3574
12.2012	-1.89208	12.347
12.1951	-1.86591	12.337
12.1887	-1.83933	12.3267
12.1827	-1.81396	12.317
12.1766	-1.78419	12.3066
12.1709	-1.75376	12.2966
12.1597	-1.72437	12.2814
12.1531	-1.69209	12.2703
12.1479	-1.66422	12.2614
12.1442	-1.63738	12.2541
12.1419	-1.6056	12.2476
12.1438	-1.57596	12.2457
12.1414	-1.54551	12.2393
12.1386	-1.51918	12.2333
12.1388	-1.49583	12.2306
12.1405	-1.47299	12.2295
12.1428	-1.44526	12.2285
12.1487	-1.41773	12.2311
12.1533	-1.38958	12.2325
12.1579	-1.36413	12.2342
12.1652	-1.34257	12.2391
12.1747	-1.31887	12.2459
12.1847	-1.29426	12.2533
12.1941	-1.26926	12.26
12.2091	-1.24742	12.2726
12.2111	-1.21882	12.2718
12.2168	-1.18668	12.2743
12.2202	-1.15571	12.2748
12.2231	-1.12611	12.2749
12.2271	-1.09888	12.2764
12.2318	-1.06918	12.2784
12.2365	-1.04484	12.2811
12.2431	-1.0143	12.2851
12.2487	-0.98667	12.2884
12.2551	-0.956127	12.2923
12.2547	-0.926816	12.2897
12.2567	-0.898281	12.2896
12.258	-0.870268	12.2888
12.2598	-0.845739	12.2889
12.257	-0.809633	12.2837
12.2536	-0.777696	12.2783
12.246	-0.741793	12.2684
12.2394	-0.709975	12.2599
12.2336	-0.678621	12.2524
12.2273	-0.648899	12.2445
12.2217	-0.62089	12.2374
12.2172	-0.592736	12.2316
12.2106	-0.567773	12.2238
12.2023	-0.541923	12.2144
12.1938	-0.515299	12.2046
12.1853	-0.48699	12.195
12.1766	-0.459076	12.1853
12.1706	-0.427316	12.1781
12.16	-0.403993	12.1667
12.1464	-0.378578	12.1523
12.132	-0.355331	12.1372
12.1178	-0.329396	12.1223
12.1001	-0.301763	12.1039
12.0843	-0.2757	12.0874
12.0633	-0.248725	12.0659
12.0442	-0.22412	12.0463
12.0263	-0.201597	12.0279
12.0085	-0.178339	12.0098
11.9917	-0.155671	11.9927
11.9727	-0.135182	11.9734
11.9537	-0.115195	11.9543
11.9297	-0.0910254	11.93
11.9094	-0.0650453	11.9095
11.8931	-0.042928	11.8931
11.8773	-0.0231168	11.8773
11.8623	-0.00530419	11.8623
11.8438	0.00754244	11.8438
11.8259	0.0200663	11.8259
11.8085	0.0361364	11.8085
11.789	0.0534318	11.7892
11.7685	0.0712929	11.7687
11.7477	0.0904531	11.748
11.7268	0.109924	11.7273
11.7058	0.129286	11.7065
11.6841	0.149101	11.6851
11.6644	0.167635	11.6656
11.6461	0.186985	11.6476
11.6299	0.206518	11.6317
11.6076	0.224559	11.6097
11.5882	0.24636	11.5908
11.5707	0.268554	11.5738
11.554	0.287539	11.5575
11.5445	0.30962	11.5486
11.5319	0.334486	11.5367
11.5163	0.35868	11.5218
11.4975	0.376929	11.5036
11.4862	0.414311	11.4937
11.4768	0.443	11.4853
11.4678	0.472385	11.4775
11.4607	0.498708	11.4715
11.4531	0.524539	11.4651
11.4455	0.549901	11.4587
11.4411	0.569306	11.4553
11.4361	0.591986	11.4514
11.4279	0.61928	11.4447
11.4202	0.647308	11.4385
11.4116	0.672866	11.4314
11.4025	0.699763	11.4239
11.3926	0.725357	11.4156
11.3822	0.75569	11.4072
11.3734	0.777999	11.4
11.3631	0.799909	11.3913
11.3532	0.822515	11.383
11.3411	0.843024	11.3724
11.3272	0.864895	11.3602
11.314	0.887318	11.3487
11.3017	0.909976	11.3382
11.2884	0.93396	11.327
11.2763	0.959915	11.317
11.2646	0.985862	11.3077
11.2546	1.00358	11.2993
11.2406	1.01949	11.2868
11.2296	1.03744	11.2774
11.2136	1.0568	11.2633
11.1935	1.07999	11.2455
11.1736	1.10428	11.228
11.1557	1.12688	11.2124
11.1391	1.14777	11.1981
11.1247	1.17025	11.1861
11.1101	1.19359	11.174
11.1	1.21854	11.1667
11.0889	1.24674	11.1588
11.0797	1.27132	11.1524
11.0702	1.29685	11.1459
11.061	1.3222	11.1397
11.0514	1.34797	11.1333
11.0366	1.37682	11.1221
11.0227	1.40365	11.1117
11.009	1.4316	11.1017
10.9957	1.45776	11.0919
10.9856	1.47748	11.0845
10.9753	1.49941	11.0773
10.9626	1.52502	11.0682
10.9455	1.55333	11.0552
10.9296	1.57778	11.0429
10.9157	1.605	11.0331
10.9035	1.62954	11.0246
10.8909	1.65459	11.0158
10.8783	1.68057	11.0074
10.8675	1.70673	11.0007
10.8527	1.73648	10.9908
10.8397	1.76433	10.9823
10.8296	1.78925	10.9764
10.8171	1.8153	10.9683
10.8064	1.8445	10.9627
10.7943	1.86729	10.9546
10.7917	1.90151	10.958
10.7877	1.93342	10.9596
10.7856	1.96233	10.9627
10.7802	1.99015	10.9624
10.7747	2.01887	10.9622
10.7702	2.04784	10.9631
10.7659	2.07595	10.9643
10.7593	2.10708	10.9637
10.7549	2.13612	10.965
10.7546	2.16363	10.9701
10.7551	2.18989	10.9757
10.7608	2.21634	10.9867
10.7668	2.24333	10.998
10.7726	2.2633	11.0078
10.78	2.29035	11.0207
10.7914	2.31518	11.037
10.8013	2.34282	11.0525
10.8113	2.36983	11.068
10.821	2.39555	11.083
10.8312	2.42164	11.0986
10.8417	2.44772	11.1145
10.8516	2.47193	11.1296
10.8634	2.49301	11.1458
10.8774	2.51627	11.1646
10.8881	2.53945	11.1803
10.8975	2.56131	11.1945
10.8993	2.58058	11.2006
10.9062	2.59891	11.2116
10.9139	2.62215	11.2244
10.9249	2.64206	11.2399
10.9359	2.66385	11.2557
10.9513	2.68829	11.2764
10.9684	2.71082	11.2984
10.9867	2.73273	11.3214
11.0042	2.75455	11.3437
11.0263	2.77871	11.371
11.0371	2.80893	11.389
11.0473	2.83976	11.4065
11.0546	2.86663	11.4202
11.0649	2.88878	11.4357
11.0753	2.91224	11.4518
11.0839	2.93524	11.4659
11.0857	2.96521	11.4754
11.086	2.99256	11.4829
11.0966	3.02047	11.5003
11.0963	3.05032	11.508
11.099	3.08	11.5184
11.0987	3.10929	11.526
11.0984	3.13795	11.5334
11.0985	3.1712	11.5427
11.0971	3.20196	11.5498
11.0947	3.23841	11.5577
11.0896	3.27015	11.5617
11.0854	3.30034	11.5663
11.0807	3.32947	11.5701
11.076	3.35786	11.5738
11.0732	3.38842	11.58
11.074	3.41577	11.5889
11.0721	3.44807	11.5966
11.0738	3.47762	11.607
11.0742	3.50532	11.6157
11.0751	3.53125	11.6244
11.078	3.56328	11.637
11.0808	3.5938	11.649
11.0829	3.62363	11.6603
11.0866	3.64863	11.6715
11.0899	3.67547	11.6831
11.094	3.70183	11.6953
11.0963	3.72797	11.7058
11.0958	3.75511	11.714
11.0955	3.78557	11.7235
11.0957	3.81691	11.7339
11.0932	3.84312	11.74
11.0901	3.87486	11.7476
11.0914	3.90368	11.7583
11.0939	3.93735	11.7719
11.0919	3.96858	11.7805
11.0898	3.99815	11.7885
11.0903	4.02997	11.7998
11.0812	4.05976	11.8015
11.0729	4.08778	11.8033
11.0614	4.1135	11.8015
11.0494	4.14045	11.7997
11.037	4.16897	11.7981
11.0264	4.20102	11.7996
11.0161	4.23124	11.8008
11.0058	4.25918	11.8012
10.9898	4.28477	11.7956
10.9788	4.3104	11.7946
10.9658	4.33415	11.7913
10.9532	4.35955	11.7889
10.9415	4.38716	11.7883
10.9263	4.41217	11.7835
10.9161	4.43868	11.7841
10.9038	4.46515	11.7826
10.8924	4.49375	11.783
10.8719	4.53223	11.7788
10.8554	4.56362	11.7757
10.8419	4.59003	11.7735
10.8242	4.61276	11.7661
10.8084	4.63751	11.7613
10.7958	4.66481	11.7605
10.7746	4.68893	11.7507
10.7515	4.70798	11.7371
10.7336	4.72635	11.7281
10.7153	4.74547	11.7191
10.6966	4.76518	11.71
10.6774	4.7853	11.7007
10.6578	4.80628	11.6915
10.6406	4.82507	11.6835
10.6175	4.84892	11.6723
10.5949	4.87546	11.6629
10.567	4.90467	11.6498
10.5386	4.93525	11.6369
10.5146	4.96368	11.6273
10.4953	4.99269	11.6223
10.4777	5.01919	11.6179
10.4607	5.04435	11.6134
10.4403	5.06858	11.6056
10.4214	5.09173	11.5988
10.4029	5.1146	11.5922
10.3821	5.13839	11.5841
10.3675	5.15789	11.5797
10.3512	5.17788	11.574
10.3345	5.19753	11.5679
10.3183	5.22184	11.5644
10.3009	5.24415	11.5589
10.2829	5.26716	11.5534
10.2602	5.28574	11.5417
10.2379	5.30426	11.5303
10.2144	5.32341	11.5184
10.1924	5.34232	11.5077
10.1701	5.36103	11.4966
10.147	5.37881	11.4845
10.1243	5.3962	11.4726
10.096	5.41119	11.4547
10.0699	5.42545	11.4384
10.0418	5.44382	11.4225
10.0192	5.46241	11.4115
9.99763	5.48269	11.4023
9.97654	5.50378	11.394
9.95187	5.51674	11.3787
9.92434	5.52863	11.3604
9.8981	5.54095	11.3435
9.86832	5.55361	11.3237
9.84133	5.56755	11.307
9.81744	5.57929	11.2921
9.79111	5.58338	11.2712
9.7631	5.58804	11.2492
9.73377	5.59496	11.2272
9.70752	5.60168	11.2078
9.68243	5.60767	11.1891
9.66421	5.61158	11.1753
9.64279	5.61222	11.1571
9.61779	5.61224	11.1355
9.59026	5.61305	11.1121
9.56155	5.61334	11.0875
9.53582	5.6178	11.0676
9.50683	5.6208	11.0442
9.47885	5.62503	11.0222
9.45021	5.63473	11.0026
9.41903	5.64538	10.9813
9.39062	5.6555	10.9621
9.36283	5.66549	10.9435
9.33557	5.67521	10.9252
9.31087	5.68506	10.9093
9.2839	5.69162	10.8897
9.25813	5.69727	10.8707
9.23093	5.70508	10.8516
9.20373	5.71447	10.8335
9.17806	5.72293	10.8161
9.1519	5.7255	10.7953
9.12577	5.72945	10.7753
9.09991	5.73762	10.7577
9.0748	5.74499	10.7404
9.0477	5.75237	10.7215
9.02265	5.7632	10.7062
8.99486	5.77399	10.6886
8.96751	5.78082	10.6693
8.94246	5.78823	10.6523
8.9203	5.79885	10.6395
8.89799	5.81131	10.6276
8.87537	5.81932	10.613
8.85062	5.82785	10.597
8.82248	5.83819	10.5793
8.79509	5.84821	10.562
8.77006	5.86359	10.5497
8.74388	5.87833	10.5361
8.71723	5.89394	10.5228
8.69002	5.90772	10.508
8.66216	5.92068	10.4923
8.63739	5.934	10.4794
8.61256	5.94736	10.4665
8.58824	5.95907	10.4531
8.55742	5.97577	10.4374
8.52915	5.99044	10.4227
8.49885	6.00199	10.4045
8.47372	6.00656	10.3867
8.44847	6.01585	10.3715
8.41793	6.02525	10.3521
8.38838	6.02792	10.3296
8.35535	6.03348	10.3061
8.32224	6.03918	10.2826
8.29252	6.04575	10.2624
8.26359	6.05176	10.2426
8.23289	6.05429	10.2193
8.20381	6.05681	10.1974
8.17516	6.06057	10.1766
8.1463	6.0639	10.1555
8.11888	6.06662	10.1351
8.08959	6.06949	10.1134
8.06109	6.07493	10.0939
8.02947	6.08104	10.0723
7.99412	6.09196	10.0508
7.96475	6.10064	10.0327
7.93369	6.1083	10.0127
7.90394	6.11699	9.99449
7.88177	6.12309	9.98071
7.85877	6.12947	9.96648
7.83419	6.13464	9.9503
7.81024	6.14758	9.93944
7.78695	6.15997	9.92884
7.76262	6.17231	9.91744
7.73705	6.18483	9.90526
7.71065	6.19373	9.89022
7.68563	6.20814	9.87977
7.65783	6.22365	9.86793
7.63389	6.23697	9.85779
7.61185	6.24893	9.84832
7.58542	6.26139	9.83583
7.56392	6.27749	9.82954
7.54215	6.29419	9.82349
7.52079	6.31024	9.8174
7.49858	6.32792	9.81179
7.47737	6.34836	9.8088
7.45683	6.36821	9.80603
7.43404	6.38982	9.8028
7.41786	6.41321	9.80581
7.4025	6.43563	9.80889
7.38617	6.45963	9.81235
7.36771	6.48443	9.81484
7.3475	6.50572	9.81377
7.32441	6.53069	9.8131
7.30572	6.55391	9.81465
7.28487	6.57652	9.81427
7.26228	6.59907	9.81267
7.24487	6.62714	9.81872
7.23027	6.65186	9.82467
7.21532	6.67539	9.82964
7.19856	6.69946	9.83372
7.17769	6.7286	9.83836
7.16404	6.75679	9.84772
7.15594	6.78384	9.86043
7.14526	6.81021	9.87085
7.13355	6.8353	9.87972
7.12137	6.85918	9.88749
7.10788	6.88317	9.89444
7.09995	6.90805	9.90608
7.08697	6.92854	9.9111
7.08466	6.95951	9.93112
7.08333	6.98881	9.95073
7.07771	7.02415	9.97159
7.06915	7.06169	9.99201
7.0569	7.0927	10.0053
7.05032	7.12358	10.0226
7.04597	7.14818	10.037
7.04063	7.17542	10.0527
7.03783	7.2019	10.0697
7.0334	7.23107	10.0875
7.02686	7.25796	10.1022
7.01837	7.28365	10.1148
7.02047	7.31469	10.1386
7.02223	7.34479	10.1616
7.02321	7.37494	10.1841
7.02328	7.40226	10.2039
7.0217	7.43474	10.2264
7.01746	7.46749	10.2474
7.0154	7.50055	10.2701
7.01069	7.52768	10.2867
7.01178	7.5567	10.3087
7.01251	7.58409	10.3293
7.01424	7.61226	10.3511
7.01608	7.64082	10.3734
7.01777	7.66995	10.396
7.01941	7.699	10.4186
7.0215	7.72881	10.442
7.02274	7.7571	10.4638
7.0217	7.78265	10.4821
7.02685	7.81058	10.5063
7.02876	7.83709	10.5273
7.02758	7.85724	10.5415
7.0321	7.88046	10.5618
7.04121	7.90767	10.5882
7.05152	7.93438	10.615
7.06338	7.95723	10.64
7.07199	7.98458	10.6661
7.08146	8.01254	10.6934
7.09408	8.03804	10.7208
7.10561	8.06558	10.7491
7.11195	8.09292	10.7738
7.11955	8.12041	10.7995
7.12657	8.14828	10.8251
7.13725	8.17677	10.8536
7.14652	8.2038	10.88
7.15369	8.23132	10.9055
7.16089	8.25922	10.9313
7.17075	8.28737	10.959
7.17938	8.31435	10.9851
7.18552	8.3416	11.0097
7.18525	8.36801	11.0296
7.18459	8.39614	11.0505
7.18475	8.42408	11.0718
7.18637	8.45277	11.0947
7.19007	8.4807	11.1184
7.18781	8.51006	11.1394
7.1896	8.53858	11.1623
7.18683	8.56485	11.1807
7.19125	8.59249	11.2047
7.1961	8.62006	11.2289
7.20212	8.64349	11.2508
7.20749	8.66791	11.273
7.21167	8.69419	11.2959
7.21616	8.7177	11.3169
7.221	8.74032	11.3374
7.22757	8.765	11.3606
7.23281	8.79359	11.386
7.23906	8.82374	11.4133
7.24546	8.85513	11.4416
7.25166	8.88451	11.4683
7.2594	8.91297	11.4952
7.26436	8.93879	11.5184
7.27097	8.96544	11.5432
7.27349	8.98758	11.562
7.27601	9.01436	11.5844
7.27305	9.04362	11.6054
7.27555	9.07257	11.6295
7.27503	9.09348	11.6455
7.27742	9.11616	11.6647
7.27793	9.14237	11.6855
7.2787	9.17174	11.709
7.28019	9.20022	11.7322
7.28488	9.22732	11.7564
7.28839	9.25557	11.7808
7.28811	9.28543	11.8041
7.2791	9.31032	11.8181
7.27997	9.34398	11.8452
7.28028	9.37614	11.8707
7.27923	9.40581	11.8935
7.28409	9.42974	11.9155
7.28987	9.45567	11.9395
7.29699	9.48225	11.9649
7.30473	9.5095	11.9912
7.30907	9.53236	12.012
7.3178	9.55862	12.0382
7.32115	9.58719	12.0629
7.32494	9.61668	12.0886
7.32893	9.64512	12.1137
7.33161	9.67177	12.1365
7.33473	9.69909	12.1602
7.33896	9.72658	12.1847
7.34308	9.75392	12.209
7.34602	9.78296	12.234
7.34414	9.81032	12.2547
7.35567	9.83725	12.2832
7.36729	9.85652	12.3056
7.38354	9.87552	12.3306
7.4002	9.89581	12.3568
7.41654	9.92199	12.3875
7.42725	9.94529	12.4126
7.44227	9.97468	12.4451
7.45242	9.998	12.4699
7.4611	10.0238	12.4958
7.46633	10.048	12.5184
7.47304	10.0764	12.5451
7.47884	10.1029	12.5699
7.48195	10.1292	12.5929
7.48843	10.1595	12.6211
7.49561	10.187	12.6475
7.5026	10.2146	12.6739
7.50791	10.2469	12.703
7.51694	10.274	12.7303
7.52763	10.294	12.7527
7.5398	10.3162	12.7778
7.55292	10.3394	12.8043
7.56675	10.3641	12.8324
7.57826	10.3897	12.8599
7.58874	10.4126	12.8845
7.59955	10.4374	12.911
7.61064	10.4628	12.938
7.61743	10.4885	12.9628
7.63	10.5196	12.9953
7.64159	10.5469	13.0242
7.65335	10.5732	13.0524
7.65938	10.5965	13.0748
7.66647	10.6213	13.0991
7.67384	10.6473	13.1245
7.68196	10.6741	13.151
7.69052	10.6999	13.177
7.70114	10.7304	13.2079
7.71142	10.7605	13.2384
7.71978	10.7891	13.2665
7.7281	10.8192	13.2958
7.73515	10.8464	13.322
7.74411	10.8723	13.3484
7.75306	10.8984	13.3748
7.76189	10.925	13.4016
7.77077	10.9517	13.4285
7.77808	10.9787	13.4547
7.79272	11.0036	13.4836
7.80529	11.0304	13.5127
7.82142	11.0536	13.5409
7.84431	11.0778	13.5739
7.86542	11.0999	13.6041
7.88236	11.1241	13.6336
7.89897	11.147	13.662
7.91826	11.1742	13.6953
7.93578	11.1963	13.7235
7.9531	11.2238	13.7559
7.96731	11.2517	13.7869
7.99185	11.2764	13.8213
8.00681	11.2981	13.8476
8.02565	11.3148	13.8721
8.04279	11.3325	13.8965
8.06589	11.3444	13.9195
8.08887	11.3538	13.9406
8.10716	11.366	13.9611
8.12049	11.3828	13.9825
8.1413	11.3975	14.0066
8.16194	11.413	14.0312
8.18062	11.4334	14.0587
8.19957	11.4515	14.0844
8.21384	11.4662	14.1047
8.23171	11.4795	14.1259
8.24787	11.4909	14.1446
8.26746	11.5048	14.1672
8.28956	11.5199	14.1924
8.31154	11.5291	14.2127
8.33606	11.5397	14.2357
8.36774	11.5535	14.2654
8.39706	11.5672	14.2937
8.42666	11.5788	14.3205
8.45369	11.5896	14.3451
8.47978	11.5994	14.3685
8.50451	11.6102	14.3918
8.53429	11.6144	14.4128
8.56303	11.6199	14.4343
8.58303	11.625	14.4502
8.6134	11.6285	14.4711
8.64241	11.6308	14.4903
8.66917	11.6305	14.506
8.69692	11.629	14.5214
8.72495	11.6276	14.5371
8.75649	11.6236	14.5528
8.78633	11.6177	14.566
8.81941	11.6252	14.592
8.84725	11.6333	14.6153
8.87138	11.6382	14.6338
8.89829	11.6456	14.656
8.92154	11.6555	14.678
8.94551	11.667	14.7017
8.97062	11.6796	14.727
8.99465	11.6905	14.7503
9.0172	11.7026	14.7736
9.04363	11.7189	14.8027
9.06992	11.7344	14.831
9.09899	11.749	14.8604
9.12928	11.762	14.8892
9.1595	11.7722	14.9158
9.1881	11.7819	14.941
9.21692	11.7941	14.9684
9.24353	11.808	14.9957
9.26668	11.8212	15.0204
9.28836	11.8384	15.0473
9.31296	11.8486	15.0705
9.34149	11.8584	15.0959
9.36933	11.8678	15.1205
9.39298	11.8762	15.1417
9.4146	11.8853	15.1623
9.43854	11.8961	15.1856
9.46503	11.9107	15.2135
9.49317	11.9265	15.2434
9.51992	11.9367	15.268
9.54574	11.9455	15.2911
9.57215	11.9587	15.3178
9.59955	11.9682	15.3424
9.62737	11.9769	15.3666
9.65229	11.9853	15.3887
9.67523	11.9969	15.4122
9.69762	12.0033	15.4312
9.71988	12.0051	15.4466
9.74431	12.0056	15.4624
9.7716	12.0049	15.4791
9.79942	12.0043	15.4962
9.83041	11.9987	15.5115
9.86136	11.9888	15.5234
9.89506	11.9942	15.549
9.92484	11.9981	15.5711
9.95244	11.9993	15.5895
9.97979	12	15.6076
10.0113	12.0015	15.6289
10.0449	12.0027	15.6514
10.0746	12.0019	15.6698
10.1024	12.001	15.6871
10.1319	12.0007	15.7058
10.1612	12.0007	15.7247
10.188	11.998	15.74
10.2207	11.9873	15.753
10.2563	11.9895	15.7778
10.2902	11.9913	15.8012
10.3231	11.9938	15.8246
10.3545	11.9924	15.844
10.3855	11.9879	15.8609
10.4164	11.9931	15.8851
10.4465	11.9965	15.9074
10.4754	12.0004	15.9294
10.5014	12.006	15.9507
10.5333	12.0099	15.9746
10.5634	12.0131	15.9969
10.5943	12.0206	16.0229
10.6213	12.0284	16.0466
10.6507	12.0361	16.0719
10.6815	12.0393	16.0947
10.7154	12.0433	16.1201
10.745	12.0471	16.1427
10.774	12.0452	16.1606
10.8022	12.0463	16.1803
10.8322	12.0486	16.202
10.8609	12.051	16.223
10.8888	12.0513	16.242
10.9165	12.0541	16.2626
10.9444	12.057	16.2835
10.9711	12.0628	16.3057
10.9976	12.069	16.3281
11.0301	12.0702	16.3509
11.0605	12.0712	16.3722
11.0914	12.07	16.3922
11.1249	12.0682	16.4136
11.1556	12.0743	16.4389
11.1911	12.0803	16.4674
11.2233	12.0856	16.4932
11.2456	12.0918	16.5129
11.2689	12.0954	16.5314
11.2959	12.0998	16.5531
11.3235	12.1043	16.5751
11.3508	12.1085	16.5969
11.374	12.1118	16.6151
11.3964	12.1182	16.6352
11.4302	12.1304	16.6672
11.4649	12.1346	16.6941
11.496	12.1381	16.718
11.525	12.1433	16.7417
11.5525	12.1492	16.7649
11.5808	12.1556	16.7891
11.6103	12.1572	16.8106
11.6402	12.1584	16.8321
11.6693	12.1596	16.8531
11.6989	12.1659	16.8782
11.7305	12.165	16.8995
11.7617	12.1666	16.9223
11.7943	12.1686	16.9464
11.8236	12.1723	16.9695
11.8516	12.1734	16.9897
11.8801	12.1744	17.0104
11.9066	12.1743	17.0288
11.9335	12.1754	17.0484
11.9626	12.1764	17.0695
11.9897	12.1781	17.0897
12.0152	12.1714	17.1028
12.0416	12.1643	17.1164
12.0675	12.1559	17.1286
12.0892	12.1526	17.1416
12.1144	12.1487	17.1566
12.1413	12.1447	17.1728
12.1675	12.1424	17.1897
12.1913	12.1423	17.2065
12.2144	12.1336	17.2168
12.2362	12.1228	17.2246
12.2591	12.112	17.2333
12.2798	12.1036	17.2421
12.3039	12.0957	17.2538
12.3231	12.0866	17.2611
12.3456	12.0725	17.2673
12.3733	12.0579	17.2769
12.3953	12.0437	17.2827
12.4179	12.0284	17.2883
12.4339	12.0042	17.283
12.4579	11.9905	17.2908
12.4884	11.9795	17.3052
12.5157	11.9698	17.3182
12.5426	11.9601	17.3309
12.5693	11.9509	17.3439
12.5987	11.9413	17.3586
12.6268	11.9285	17.3702
12.6594	11.9188	17.3873
12.6972	11.9126	17.4106
12.7302	11.9074	17.4311
12.7605	11.9025	17.45
12.7909	11.904	17.4732
12.8212	11.9037	17.4952
12.8449	11.9063	17.5143
12.8709	11.9105	17.5363
12.901	11.9126	17.5598
12.9302	11.9139	17.5821
12.9611	11.9115	17.6033
12.9941	11.9064	17.6241
13.0238	11.8973	17.6399
13.0551	11.8871	17.6561
13.0861	11.883	17.6763
13.116	11.8791	17.6958
13.1446	11.8753	17.7145
13.1734	11.8739	17.735
13.2023	11.8718	17.755
13.2293	11.8703	17.7741
13.2574	11.8713	17.7957
13.2853	11.8624	17.8105
13.3162	11.859	17.8314
13.3437	11.8594	17.8522
13.3731	11.8453	17.8648
13.3996	11.8363	17.8787
13.4307	11.8256	17.895
13.4498	11.8137	17.9014
13.4723	11.7995	17.909
13.4989	11.7855	17.9198
13.5277	11.7753	17.9348
13.5567	11.7651	17.95
13.5858	11.7472	17.9602
13.6108	11.7315	17.9689
13.6337	11.7186	17.9779
13.6602	11.7081	17.9911
13.6893	11.6985	18.007
13.7171	11.6921	18.024
13.7469	11.6904	18.0456
13.774	11.6773	18.0578
13.8007	11.6689	18.0727
13.8274	11.6604	18.0876
13.8535	11.6554	18.1043
13.8752	11.6502	18.1176
13.8934	11.6479	18.1301
13.9184	11.6278	18.1364
13.9459	11.6096	18.1458
13.9711	11.5932	18.1547
13.9935	11.576	18.161
14.0214	11.5544	18.1688
14.0467	11.534	18.1753
14.0699	11.5166	18.1823
14.0917	11.4996	18.1884
14.1121	11.4816	18.1928
14.1292	11.4662	18.1963
14.1475	11.4462	18.198
14.1669	11.4247	18.1995
14.1915	11.3994	18.2029
14.2163	11.3759	18.2075
14.2414	11.3572	18.2155
14.2631	11.3384	18.2208
14.2808	11.323	18.225
14.2919	11.3034	18.2215
14.3157	11.2869	18.23
14.3366	11.2704	18.2363
14.3572	11.2489	18.2391
14.3857	11.2358	18.2535
14.4158	11.2212	18.2683
14.4423	11.2053	18.2795
14.4704	11.191	18.2929
14.5025	11.1704	18.3057
14.5338	11.1507	18.3185
14.5672	11.1322	18.3338
14.5912	11.1126	18.341
14.6146	11.0918	18.347
14.6357	11.07	18.3508
14.6581	11.0519	18.3577
14.6822	11.0401	18.3698
14.7052	11.0321	18.3835
14.7324	11.0232	18.3999
14.7581	11.0134	18.4146
14.7888	11.0091	18.4366
14.8191	11.004	18.4579
14.8471	10.9994	18.4776
14.8744	10.998	18.4988
14.9016	10.9973	18.5202
14.9237	11.0008	18.5401
14.948	11.0051	18.5622
14.9732	11.008	18.5842
14.9968	11.0138	18.6067
15.0231	11.0186	18.6307
15.051	11.0239	18.6563
15.0785	11.027	18.6804
15.1068	11.0299	18.7049
15.1377	11.0351	18.733
15.1676	11.039	18.7594
15.2034	11.0438	18.7912
15.2366	11.0447	18.8186
15.2658	11.0451	18.8425
15.2938	11.0438	18.8644
15.3164	11.0405	18.8808
15.3369	11.0413	18.8979
15.3609	11.0431	18.9184
15.3855	11.0469	18.9406
15.4166	11.041	18.9624
15.4462	11.035	18.9831
15.4716	11.0265	18.9987
15.4965	11.0179	19.0141
15.5217	11.0084	19.0291
15.5485	11.001	19.0467
15.5761	10.9949	19.0658
15.6061	10.9889	19.0868
15.635	10.9789	19.1046
15.6633	10.9748	19.1255
15.6882	10.9704	19.1434
15.7157	10.9662	19.1635
15.7432	10.9613	19.1833
15.7706	10.9561	19.2028
15.7956	10.951	19.2205
15.8243	10.9436	19.2398
15.8543	10.9366	19.2606
15.8887	10.9318	19.2861
15.93	10.9262	19.317
15.9624	10.9216	19.3411
15.991	10.9183	19.3629
16.0219	10.9239	19.3916
16.0531	10.9183	19.4142
16.0779	10.9095	19.4298
16.1066	10.9012	19.4489
16.1262	10.8917	19.4598
16.1485	10.8835	19.4737
16.1717	10.8754	19.4884
16.1983	10.8603	19.5021
16.2241	10.8457	19.5154
16.2491	10.8327	19.5289
16.2802	10.8193	19.5474
16.3108	10.8031	19.564
16.339	10.7889	19.5797
16.3661	10.7734	19.5938
16.3923	10.7591	19.6078
16.4202	10.7468	19.6244
16.4466	10.7348	19.6399
16.4716	10.7233	19.6546
16.4965	10.7149	19.6709
16.5196	10.7088	19.687
16.5446	10.7018	19.7041
16.5657	10.6945	19.7179
16.5865	10.6885	19.7322
16.611	10.6796	19.7479
16.6373	10.6735	19.7667
16.6638	10.6674	19.7857
16.6924	10.6647	19.8084
16.7227	10.6558	19.8291
16.7527	10.6498	19.8512
16.7818	10.6454	19.8734
16.8139	10.6406	19.898
16.8423	10.633	19.9179
16.8718	10.6362	19.9446
16.8933	10.6353	19.9623
16.9185	10.6345	19.9832
16.9463	10.6353	20.0072
16.9765	10.6347	20.0324
17.0067	10.6335	20.0573
17.0379	10.632	20.0831
17.0653	10.6362	20.1085
17.0933	10.6483	20.1387
17.1201	10.6623	20.1688
17.1463	10.6774	20.1991
17.1684	10.6927	20.2259
17.1972	10.7087	20.2588
17.2247	10.7234	20.29
17.2534	10.739	20.3226
17.2822	10.7518	20.3537
17.3126	10.7633	20.3857
17.3387	10.7711	20.4119
17.3683	10.7802	20.4419
17.3938	10.785	20.466
17.4179	10.7925	20.4905
17.4494	10.8021	20.5223
17.4745	10.8137	20.5498
17.5019	10.8194	20.5761
17.5298	10.8248	20.6027
17.5574	10.8307	20.6293
17.5847	10.8422	20.6585
17.6175	10.8485	20.6898
17.6462	10.8517	20.7159
17.6721	10.8541	20.7392
17.7013	10.8536	20.7638
17.7333	10.8544	20.7915
17.7627	10.8557	20.8173
17.7932	10.857	20.844
17.8176	10.8622	20.8675
17.8426	10.8678	20.8918
17.8746	10.8767	20.9238
17.9049	10.8739	20.9482
17.9387	10.8733	20.9768
17.9695	10.8808	21.007
18.0006	10.8794	21.0329
18.0302	10.8773	21.0572
18.0598	10.8756	21.0816
18.0891	10.8732	21.1055
18.1178	10.8712	21.1291
18.1481	10.8679	21.1534
18.1776	10.8694	21.1795
18.2044	10.8744	21.205
18.2396	10.8657	21.2307
18.2732	10.8568	21.2551
18.3062	10.8475	21.2787
18.3351	10.8358	21.2977
18.3648	10.8275	21.3191
18.3915	10.8206	21.3386
18.4205	10.8107	21.3585
18.4489	10.8015	21.3784
18.4766	10.7924	21.3977
18.5052	10.7829	21.4176
18.5343	10.7721	21.4373
18.5614	10.757	21.4532
18.5917	10.7402	21.471
18.6192	10.725	21.4872
18.6469	10.7101	21.5038
18.6731	10.6964	21.5196
18.6955	10.6853	21.5336
18.7192	10.6734	21.5483
18.7415	10.6624	21.5623
18.7643	10.6513	21.5766
18.787	10.6435	21.5925
18.8153	10.634	21.6124
18.8433	10.6227	21.6312
18.871	10.6105	21.6494
18.8975	10.5972	21.666
18.9228	10.5832	21.6812
18.9486	10.5715	21.6981
18.9676	10.5538	21.706
18.9913	10.5377	21.7189
19.0142	10.5176	21.7293
19.0444	10.5012	21.7478
19.0633	10.4737	21.751
19.0807	10.4464	21.7531
19.0944	10.4165	21.7508
19.1083	10.3881	21.7494
19.1198	10.3644	21.7482
19.1339	10.3419	21.75
19.1512	10.3188	21.7542
19.1655	10.2996	21.7577
19.181	10.2789	21.7616
19.1984	10.2593	21.7676
19.2118	10.2276	21.7646
19.2241	10.1988	21.7619
19.234	10.1704	21.7574
19.2448	10.1419	21.7536
19.2556	10.1109	21.7487
19.2619	10.0838	21.7418
19.2652	10.0584	21.7329
19.2679	10.0318	21.723
19.2752	10.0083	21.7186
19.2843	9.98271	21.7149
19.2954	9.95647	21.7127
19.3082	9.93208	21.7129
19.3104	9.8987	21.6997
19.3129	9.86957	21.6886
19.3147	9.84094	21.6772
19.3134	9.81204	21.6629
19.3106	9.78251	21.6471
19.307	9.76525	21.6361
19.3037	9.7435	21.6233
19.2995	9.71945	21.6088
19.2951	9.69361	21.5932
19.2925	9.66745	21.5792
19.2901	9.64259	21.5659
19.288	9.61616	21.5522
19.2827	9.58611	21.5341
19.2778	9.56246	21.5192
19.2712	9.5384	21.5026
19.2642	9.51297	21.4851
19.2537	9.48562	21.4635
19.2429	9.46002	21.4425
19.2305	9.43627	21.4209
19.217	9.41207	21.3982
19.2064	9.38672	21.3774
19.197	9.3617	21.3581
19.1848	9.33699	21.3362
19.1737	9.31095	21.3149
19.1674	9.28118	21.2962
19.1652	9.25204	21.2815
19.1628	9.22642	21.2683
19.1595	9.19801	21.253
19.1559	9.16778	21.2367
19.1482	9.13536	21.2157
19.1368	9.10883	21.1941
19.1248	9.08235	21.1718
19.1062	9.0532	21.1425
19.0903	9.02874	21.1177
19.0757	9.00296	21.0935
19.0607	8.97834	21.0694
19.0454	8.95416	21.0453
19.0313	8.93016	21.0223
19.0169	8.90629	20.9992
19.0021	8.8751	20.9726
18.9844	8.84806	20.945
18.9616	8.82529	20.9147
18.9386	8.79929	20.8829
18.9191	8.77633	20.8556
18.8992	8.7585	20.83
18.8776	8.73841	20.802
18.8543	8.71856	20.7725
18.8341	8.69477	20.7442
18.8153	8.67191	20.7176
18.7952	8.65327	20.6915
18.7793	8.63486	20.6694
18.7631	8.61235	20.6453
18.7469	8.58966	20.6211
18.7343	8.56579	20.5997
18.722	8.54167	20.5785
18.714	8.5196	20.562
18.6953	8.50005	20.537
18.6801	8.48003	20.5148
18.6647	8.4578	20.4916
18.6508	8.43943	20.4714
18.634	8.42473	20.45
18.6156	8.40826	20.4265
18.5932	8.39153	20.3992
18.5683	8.38031	20.3718
18.5464	8.36568	20.3459
18.5232	8.34961	20.3181
18.4984	8.33574	20.2897
18.4806	8.32416	20.2688
18.4583	8.31062	20.2429
18.4353	8.29635	20.2161
18.4124	8.28758	20.1916
18.387	8.27822	20.1646
18.361	8.26868	20.137
18.3348	8.2591	20.1091
18.3083	8.24904	20.0809
18.283	8.23927	20.0537
18.2557	8.22439	20.0228
18.232	8.20538	19.9933
18.2104	8.18618	19.9658
18.1858	8.16673	19.9354
18.1612	8.15007	19.9061
18.1358	8.13622	19.8773
18.1117	8.11719	19.8474
18.0897	8.09998	19.8204
18.066	8.08651	19.7932
18.0444	8.0746	19.7686
18.0188	8.06076	19.7396
17.9941	8.04606	19.7111
17.9654	8.04615	19.6849
17.9355	8.0461	19.6576
17.9082	8.04416	19.6319
17.8799	8.04893	19.608
17.8524	8.05399	19.585
17.8224	8.05591	19.5585
17.7952	8.05782	19.5346
17.7723	8.06505	19.5166
17.7449	8.06839	19.4931
17.7181	8.06969	19.4692
17.6898	8.06755	19.4426
17.6625	8.06428	19.4164
17.6357	8.06224	19.3912
17.6097	8.0579	19.3657
17.5819	8.05726	19.3402
17.5497	8.05388	19.3095
17.5181	8.05464	19.2811
17.4812	8.05977	19.2497
17.4491	8.06584	19.2231
17.4196	8.06993	19.1981
17.3916	8.07401	19.1744
17.364	8.07714	19.1507
17.3367	8.08104	19.1275
17.3079	8.08477	19.103
17.2782	8.08703	19.0771
17.2459	8.09429	19.0509
17.2094	8.10795	19.0237
17.1778	8.11941	19.0001
17.1446	8.13269	18.9757
17.1129	8.13961	18.9501
17.0823	8.14419	18.9244
17.0471	8.14878	18.8946
17.0151	8.15008	18.8663
16.9865	8.15232	18.8415
16.9585	8.15345	18.8167
16.9266	8.15587	18.7891
16.8991	8.15369	18.7633
16.8698	8.15028	18.7355
16.8414	8.14851	18.7091
16.8174	8.15042	18.6883
16.8	8.15098	18.673
16.778	8.15437	18.6546
16.753	8.1582	18.6338
16.7248	8.16104	18.6097
16.6982	8.16566	18.5878
16.6743	8.16937	18.568
16.6465	8.16993	18.5433
16.6182	8.17038	18.5181
16.589	8.1687	18.4911
16.5607	8.16701	18.465
16.5321	8.16537	18.4386
16.5038	8.16526	18.4133
16.4728	8.1701	18.3876
16.437	8.16809	18.3546
16.4053	8.16598	18.3253
16.3783	8.1671	18.3017
16.3535	8.16724	18.2795
16.3245	8.16636	18.2532
16.2963	8.1701	18.2296
16.2678	8.17284	18.2054
16.2421	8.17792	18.1847
16.2157	8.17273	18.1588
16.1832	8.15902	18.1237
16.1488	8.14162	18.0851
16.1187	8.12681	18.0515
16.0912	8.11374	18.0211
16.0651	8.09679	17.9902
16.0402	8.08063	17.9607
16.0173	8.06534	17.9333
15.9923	8.05005	17.9041
15.9674	8.0312	17.8734
15.9427	8.01495	17.844
15.9182	7.99739	17.8142
15.8932	7.98003	17.7842
15.8618	7.95914	17.7467
15.8354	7.94024	17.7146
15.8083	7.92345	17.6828
15.7801	7.90517	17.6494
15.7525	7.88528	17.6159
15.7365	7.86622	17.5931
15.7145	7.85315	17.5675
15.6913	7.84001	17.5409
15.6645	7.8196	17.5078
15.6317	7.81171	17.4749
15.6023	7.80512	17.4457
15.5723	7.79759	17.4155
15.5478	7.79251	17.3913
15.5215	7.78644	17.365
15.496	7.78142	17.34
15.4695	7.77578	17.3138
15.4355	7.77973	17.2853
15.404	7.78328	17.2587
15.3718	7.79008	17.233
15.3413	7.79816	17.2095
15.3135	7.81152	17.1908
15.2807	7.81818	17.1646
15.2507	7.82046	17.139
15.2227	7.8231	17.1152
15.1924	7.82475	17.089
15.1629	7.82655	17.0636
15.1337	7.82226	17.0357
15.11	7.82026	17.0138
15.0835	7.82054	16.9903
15.056	7.81049	16.9613
15.0255	7.79959	16.9292
15.0001	7.7933	16.9038
14.974	7.78285	16.8759
14.9464	7.77063	16.8457
14.9193	7.76001	16.8167
14.8945	7.7505	16.7904
14.8692	7.74087	16.7635
14.8449	7.73087	16.7373
14.8241	7.71562	16.7118
14.8021	7.70105	16.6855
14.7837	7.68468	16.6617
14.7613	7.66313	16.6319
14.7417	7.63851	16.6032
14.7232	7.61524	16.576
14.7041	7.5931	16.5489
14.6826	7.5703	16.5193
14.6618	7.54886	16.491
14.6449	7.53101	16.4678
14.6282	7.51327	16.4449
14.6105	7.49434	16.4205
14.5926	7.47346	16.395
14.579	7.44903	16.3718
14.565	7.42385	16.3479
14.5511	7.3993	16.3243
14.539	7.37172	16.301
14.5285	7.34588	16.28
14.524	7.31981	16.2643
14.525	7.29031	16.2519
14.528	7.25806	16.2402
14.5253	7.22413	16.2226
14.5248	7.19062	16.2073
14.5243	7.15971	16.1931
14.5224	7.13008	16.1783
14.5246	7.09863	16.1665
14.526	7.06868	16.1546
14.5259	7.03952	16.1418
14.5283	7.00706	16.1298
14.528	6.97653	16.1163
14.5284	6.94748	16.1041
14.5275	6.91738	16.0903
14.5244	6.89199	16.0766
14.5243	6.86522	16.0651
14.5264	6.837	16.0549
14.5261	6.81009	16.0432
14.5256	6.78249	16.0311
14.5252	6.75492	16.019
14.5245	6.72863	16.0073
14.5269	6.70347	15.999
14.5255	6.67429	15.9855
14.5261	6.64396	15.9734
14.5298	6.61409	15.9643
14.5337	6.58704	15.9568
14.5368	6.55589	15.9467
14.5394	6.52526	15.9366
14.5442	6.50578	15.9329
14.547	6.47913	15.9246
14.5497	6.44979	15.9152
14.5525	6.42219	15.9066
14.558	6.39503	15.9007
14.5531	6.36659	15.8848
14.5309	6.34093	15.8541
14.5138	6.31756	15.8291
14.4894	6.2958	15.7981
14.4717	6.2722	15.7725
14.4543	6.24866	15.7471
14.4364	6.22458	15.7212
14.4204	6.20029	15.6969
14.4069	6.17689	15.6752
14.3949	6.15484	15.6555
14.379	6.13191	15.6319
14.3627	6.10795	15.6075
14.3552	6.08277	15.5907
14.3476	6.05651	15.5735
14.3416	6.02698	15.5566
14.3361	6.00006	15.5411
14.3317	5.97241	15.5263
14.3247	5.95136	15.5118
14.3169	5.92742	15.4954
14.3084	5.90153	15.4777
14.2999	5.87744	15.4606
14.2875	5.84994	15.4387
14.2749	5.8224	15.4166
14.2586	5.79869	15.3926
14.2413	5.77027	15.3659
14.2262	5.74409	15.3421
14.212	5.71922	15.3196
14.1948	5.69841	15.2959
14.1764	5.67578	15.2704
14.1641	5.64812	15.2487
14.1528	5.62356	15.2291
14.1419	5.59917	15.21
14.1296	5.57378	15.1892
14.118	5.54739	15.1687
14.1006	5.52228	15.1434
14.0888	5.4923	15.1215
14.0772	5.46401	15.1005
14.0653	5.43594	15.0792
14.0512	5.4094	15.0565
14.0406	5.38011	15.0361
14.0269	5.35074	15.0128
14.0143	5.32339	14.9913
14.0039	5.29811	14.9726
13.9926	5.27295	14.9531
13.9822	5.24493	14.9336
13.9737	5.21609	14.9155
13.9655	5.18721	14.8978
13.9611	5.16415	14.8856
13.9578	5.13847	14.8736
13.9591	5.11464	14.8667
13.9598	5.08973	14.8587
13.9612	5.0626	14.8508
13.9643	5.03275	14.8435
13.9662	5.00548	14.836
13.9679	4.97827	14.8286
13.9698	4.94978	14.8207
13.9692	4.92567	14.8122
13.9696	4.89964	14.8039
13.9699	4.87384	14.7957
13.967	4.84263	14.7827
13.9632	4.81258	14.7693
13.9602	4.78448	14.7573
13.9581	4.75602	14.7461
13.9546	4.72395	14.7325
13.9484	4.69095	14.7161
13.939	4.66038	14.6975
13.9411	4.63025	14.6899
13.9429	4.60087	14.6824
13.9485	4.57172	14.6786
13.9538	4.54151	14.6743
13.9592	4.51282	14.6706
13.9666	4.48366	14.6687
13.9685	4.45763	14.6625
13.972	4.43202	14.6581
13.9719	4.40245	14.6491
13.9671	4.37091	14.6351
13.9705	4.32725	14.6253
13.973	4.29152	14.6172
13.9758	4.2579	14.61
13.9793	4.23105	14.6056
13.9823	4.20713	14.6016
13.9827	4.18299	14.5949
13.9843	4.164	14.591
13.9859	4.14125	14.5861
13.9856	4.11445	14.5782
13.9866	4.08519	14.571
13.9895	4.05153	14.5644
13.9914	4.01796	14.5569
13.9928	3.9865	14.5496
13.9939	3.95671	14.5426
13.9948	3.92833	14.5356
13.9966	3.89938	14.5296
13.9993	3.86831	14.5239
14.0058	3.84068	14.5229
14.0145	3.81152	14.5236
14.0222	3.79018	14.5254
14.0378	3.76131	14.5329
14.0553	3.73703	14.5436
14.0628	3.69886	14.5411
14.0665	3.66804	14.5369
14.0687	3.64257	14.5326
14.0725	3.61674	14.5298
14.0749	3.59097	14.5258
14.0772	3.56413	14.5214
14.0793	3.53686	14.5168
14.0803	3.51025	14.5113
14.0815	3.48735	14.5069
14.0859	3.45726	14.504
14.0904	3.42861	14.5016
14.0903	3.39246	14.4929
14.0923	3.36018	14.4873
14.0953	3.32465	14.4821
14.0875	3.29327	14.4674
14.0768	3.26495	14.4505
14.0657	3.23535	14.433
14.0599	3.20845	14.4213
14.0537	3.17977	14.4089
14.0481	3.14904	14.3968
14.0441	3.12902	14.3884
14.0372	3.09939	14.3753
14.0316	3.07295	14.3641
14.0239	3.04875	14.3515
14.0186	3.02426	14.3411
14.0081	2.99509	14.3247
13.9959	2.96956	14.3075
13.9806	2.94554	14.2875
13.9634	2.92162	14.2658
13.9457	2.89783	14.2436
13.929	2.87419	14.2225
13.9156	2.84744	14.2039
13.8996	2.81659	14.1821
13.8845	2.78866	14.1618
13.8736	2.76594	14.1466
13.8595	2.73938	14.1276
13.8461	2.7138	14.1096
13.8327	2.68847	14.0915
13.8194	2.6644	14.0739
13.8061	2.63855	14.056
13.7997	2.61137	14.0446
13.7801	2.58643	14.0208
13.7598	2.56331	13.9965
13.7418	2.54883	13.9761
13.7199	2.5356	13.9522
13.6958	2.52471	13.9266
13.6701	2.51306	13.8992
13.6483	2.5024	13.8758
13.6245	2.49181	13.8505
13.6001	2.47979	13.8243
13.574	2.46455	13.7959
13.5492	2.44956	13.7688
13.5222	2.43069	13.7389
13.4957	2.41441	13.71
13.4706	2.40021	13.6828
13.4517	2.38207	13.661
13.4303	2.36004	13.6361
13.4099	2.3336	13.6115
13.3895	2.30987	13.5873
13.3679	2.29124	13.5628
13.3492	2.27319	13.5414
13.326	2.2504	13.5147
13.3019	2.23255	13.488
13.2818	2.21858	13.4658
13.2584	2.20671	13.4408
13.2342	2.19374	13.4148
13.2044	2.18311	13.3836
13.1787	2.17269	13.3566
13.1533	2.16084	13.3297
13.1241	2.14449	13.2982
13.0968	2.12907	13.2688
13.0697	2.11564	13.2398
13.0475	2.10258	13.2158
13.0246	2.08649	13.1906
13.0027	2.07509	13.1673
12.9807	2.06145	13.1434
12.9583	2.04734	13.1191
12.9361	2.03341	13.0949
12.9151	2.01954	13.0721
12.8922	2.00536	13.0473
12.8679	1.99158	13.0211
12.8465	1.97453	12.9973
12.8196	1.95518	12.9678
12.7931	1.94011	12.9394
12.7688	1.93093	12.914
12.7501	1.92252	12.8942
12.7277	1.91551	12.8711
12.7028	1.90788	12.8453
12.6695	1.89927	12.8111
12.6439	1.88259	12.7833
12.6142	1.86953	12.752
12.5849	1.85744	12.7212
12.5541	1.84499	12.6889
12.5243	1.8363	12.6582
12.5005	1.83101	12.6338
12.4751	1.82398	12.6077
12.4492	1.81769	12.5812
12.4232	1.81077	12.5545
12.3968	1.8027	12.5272
12.371	1.79439	12.5005
12.3473	1.78753	12.4761
12.3207	1.7787	12.4484
12.2934	1.76961	12.4201
12.2642	1.76024	12.3898
12.2375	1.75231	12.3623
12.2133	1.74518	12.3373
12.1836	1.73373	12.3063
12.1535	1.72524	12.2754
12.1302	1.71518	12.2508
12.0962	1.71991	12.2178
12.0645	1.71862	12.1863
12.0316	1.71317	12.1529
11.9985	1.70713	12.1193
11.9583	1.70958	12.0799
11.9245	1.70865	12.0463
11.8864	1.70558	12.0081
11.8501	1.71492	11.9736
11.8171	1.71914	11.9415
11.7859	1.71878	11.9105
11.7553	1.73147	11.8821
11.7258	1.73914	11.8541
11.6978	1.74552	11.8273
11.6704	1.75431	11.8016
11.6414	1.77254	11.7756
11.6164	1.78991	11.7535
11.5895	1.80438	11.7291
11.5644	1.8164	11.7061
11.5399	1.82911	11.684
11.517	1.84653	11.6641
11.4942	1.86347	11.6443
11.4712	1.88041	11.6243
11.4489	1.89848	11.6052
11.4268	1.91661	11.5864
11.4032	1.93797	11.5667
11.3781	1.94925	11.5439
11.3568	1.97096	11.5265
11.3374	1.98263	11.5094
11.3165	1.9968	11.4913
11.2946	2.01249	11.4725
11.2707	2.04011	11.4538
11.2525	2.06716	11.4408
11.2362	2.09157	11.4292
11.2225	2.11448	11.4199
11.2099	2.13675	11.4118
11.1984	2.1622	11.4052
11.1818	2.18781	11.3938
11.1677	2.20559	11.3835
11.1507	2.21913	11.3694
11.1411	2.24032	11.3642
11.1256	2.26146	11.3532
11.1057	2.28281	11.3379
11.0917	2.31399	11.3305
11.0697	2.33862	11.314
11.0573	2.37074	11.3086
11.0452	2.40149	11.3032
11.0339	2.42744	11.2978
11.0221	2.45533	11.2922
11.0155	2.48245	11.2917
11.0096	2.50266	11.2905
11.0026	2.52312	11.2882
10.9892	2.54014	11.279
10.9875	2.56701	11.2833
10.9831	2.59336	11.2852
10.9781	2.6207	11.2866
10.9746	2.64429	11.2886
10.9705	2.66932	11.2905
10.9652	2.69686	11.292
10.9563	2.72223	11.2895
10.9579	2.75567	11.2991
10.9633	2.78514	11.3116
10.9686	2.81466	11.3239
10.9781	2.84299	11.3402
10.9862	2.87011	11.3549
10.9973	2.8929	11.3714
11.0086	2.91613	11.3883
11.0222	2.93813	11.4071
11.0397	2.96375	11.4306
11.0537	2.99152	11.4513
11.0713	3.01982	11.4758
11.087	3.04656	11.498
11.0992	3.07183	11.5164
11.1098	3.09515	11.5329
11.1228	3.12349	11.553
11.1338	3.14672	11.57
11.1505	3.17746	11.5944
11.1664	3.20484	11.6172
11.182	3.23194	11.6397
11.1992	3.25951	11.6639
11.2152	3.27982	11.685
11.2324	3.29948	11.707
11.2468	3.32068	11.7268
11.2623	3.343	11.748
11.2798	3.36674	11.7715
11.2955	3.39333	11.7942
11.3117	3.41895	11.8171
11.3308	3.44378	11.8426
11.354	3.47104	11.8727
11.374	3.48637	11.8964
11.3913	3.50525	11.9184
11.4096	3.51958	11.9401
11.4229	3.53342	11.9569
11.4396	3.55286	11.9786
11.4546	3.57207	11.9986
11.4728	3.59232	12.022
11.4949	3.60917	12.0482
11.515	3.62728	12.0728
11.5382	3.64529	12.1004
11.5585	3.66635	12.1261
11.5894	3.6861	12.1615
11.6208	3.7052	12.1972
11.6498	3.72103	12.2296
11.6782	3.74082	12.2627
11.7013	3.75912	12.2903
11.7253	3.77701	12.3186
11.7482	3.79304	12.3453
11.7755	3.8176	12.3789
11.7976	3.83647	12.4057
11.8217	3.85668	12.4349
11.8422	3.87693	12.4607
11.8617	3.89729	12.4855
11.8781	3.92	12.5083
11.888	3.94996	12.5271
11.9096	3.97344	12.5549
11.93	3.99548	12.5813
11.9443	4.01448	12.6009
11.9619	4.03409	12.6239
11.9731	4.05586	12.6414
12.0007	4.06966	12.672
12.029	4.07638	12.701
12.0581	4.08698	12.7319
12.0868	4.09673	12.7622
12.1144	4.10615	12.7914
12.1471	4.11378	12.8248
12.1821	4.12332	12.861
12.2072	4.13197	12.8876
12.2321	4.14233	12.9145
12.2555	4.15298	12.94
12.2776	4.1602	12.9633
12.3011	4.17	12.9887
12.3292	4.17901	13.0182
12.3578	4.18496	13.0472
12.3872	4.19171	13.0772
12.4156	4.19985	13.1067
12.443	4.20683	13.1349
12.4694	4.21124	13.1613
12.4932	4.21462	13.1849
12.5183	4.21821	13.2099
12.5469	4.22193	13.2382
12.5746	4.22552	13.2656
12.6013	4.22305	13.2901
12.6269	4.22471	13.3149
12.6536	4.22834	13.3414
12.6784	4.23271	13.3663
12.7068	4.22431	13.3906
12.739	4.2282	13.4224
12.7741	4.22907	13.456
12.8064	4.23677	13.4891
12.8368	4.23595	13.5177
12.8618	4.24491	13.5442
12.8914	4.24013	13.5708
12.9192	4.24628	13.5991
12.9484	4.24053	13.6251
12.9796	4.24713	13.6568
13.0112	4.24502	13.6862
13.0439	4.25028	13.7189
13.0746	4.24995	13.748
13.1028	4.25493	13.7763
13.1325	4.25372	13.8043
13.1602	4.26085	13.8328
13.1917	4.25709	13.8616
13.2218	4.25935	13.891
13.2496	4.25988	13.9176
13.28	4.26041	13.9467
13.3094	4.26179	13.9751
13.3414	4.26368	14.0061
13.3707	4.26425	14.0343
13.3995	4.26805	14.0629
13.4335	4.27491	14.0973
13.464	4.27737	14.1271
13.4918	4.28489	14.1559
13.5216	4.28578	14.1846
13.551	4.28715	14.213
13.5797	4.29152	14.2417
13.6084	4.29607	14.2704
13.6385	4.3035	14.3013
13.6687	4.31562	14.3338
13.6936	4.33381	14.363
13.7173	4.35254	14.3913
13.7382	4.37815	14.4189
13.7611	4.40281	14.4482
13.7774	4.4212	14.4694
13.7959	4.44295	14.4936
13.8064	4.46938	14.5117
13.8223	4.48791	14.5327
13.8352	4.50975	14.5517
13.848	4.5334	14.5712
13.8608	4.55792	14.591
13.8723	4.58534	14.6105
13.8884	4.61248	14.6343
13.8969	4.64449	14.6525
13.9132	4.66933	14.6758
13.9224	4.69918	14.694
13.935	4.72323	14.7137
13.9413	4.75222	14.729
13.9512	4.77888	14.7469
13.9558	4.8055	14.76
13.9678	4.83068	14.7795
13.9712	4.86112	14.7927
13.9837	4.89174	14.8146
13.9892	4.92265	14.8301
13.9986	4.95062	14.8482
14.0004	4.98171	14.8603
14.0115	5.01008	14.8803
14.0185	5.04	14.897
14.0245	5.06837	14.9122
14.0235	5.09191	14.9193
14.032	5.11719	14.936
14.0356	5.15263	14.9515
14.0454	5.18467	14.9718
14.0489	5.21154	14.9843
14.0579	5.23401	15.0006
14.0572	5.2602	15.0091
14.066	5.29003	15.0279
14.0685	5.31938	15.0405
14.0776	5.34994	15.0599
14.0815	5.38004	15.0743
14.0886	5.4108	15.0919
14.0938	5.4407	15.1075
14.0997	5.4751	15.1254
14.108	5.50567	15.1443
14.1129	5.5349	15.1595
14.1166	5.56783	15.175
14.1174	5.59505	15.1857
14.1316	5.62383	15.2095
14.1353	5.65629	15.225
14.1455	5.68644	15.2457
14.1605	5.71495	15.2702
14.1674	5.74364	15.2874
14.1736	5.77117	15.3035
14.1774	5.79946	15.3177
14.1808	5.83153	15.333
14.1842	5.85889	15.3466
14.1957	5.88806	15.3684
14.2044	5.91567	15.387
14.2041	5.94265	15.3972
14.2126	5.96934	15.4153
14.2111	6.00038	15.4259
14.2183	6.03023	15.4442
14.2233	6.05976	15.4603
14.2282	6.08721	15.4757
14.2328	6.11595	15.4912
14.2445	6.14041	15.5117
14.2497	6.17104	15.5286
14.2545	6.19831	15.5438
14.2606	6.22576	15.5604
14.2648	6.25364	15.5754
14.2752	6.28486	15.5974
14.2868	6.31444	15.62
14.2902	6.34485	15.6354
14.2977	6.36896	15.6521
14.3065	6.3949	15.6707
14.3103	6.4234	15.6859
14.3183	6.45273	15.7051
14.3246	6.47681	15.7208
14.3314	6.50207	15.7374
14.3378	6.52865	15.7543
14.3462	6.55519	15.7729
14.3469	6.58197	15.7846
14.3578	6.61013	15.8064
14.364	6.63909	15.8241
14.3764	6.66418	15.8459
14.3865	6.69259	15.8671
14.395	6.72018	15.8863
14.4042	6.74418	15.9048
14.4135	6.7721	15.9251
14.4252	6.79768	15.9466
14.4322	6.82513	15.9646
14.4521	6.84595	15.9915
14.4651	6.87337	16.0151
14.48	6.8967	16.0385
14.4947	6.92723	16.065
14.51	6.95557	16.091
14.52	6.98064	16.1109
14.5367	7.00793	16.1378
14.5593	7.03424	16.1695
14.5747	7.06303	16.196
14.5874	7.08586	16.2174
14.6021	7.10827	16.2403
14.6162	7.13064	16.2629
14.6323	7.15287	16.2871
14.6527	7.17395	16.3146
14.6673	7.19249	16.3359
14.679	7.21666	16.357
14.6988	7.23212	16.3816
14.7124	7.24823	16.401
14.725	7.26868	16.4213
14.7436	7.29069	16.4477
14.759	7.30483	16.4678
14.7715	7.32032	16.4858
14.7888	7.33686	16.5087
14.802	7.35382	16.5281
14.821	7.37227	16.5533
14.8382	7.38737	16.5755
14.8622	7.40507	16.6049
14.8885	7.42896	16.639
14.914	7.44813	16.6704
14.9364	7.46576	16.6983
14.9573	7.48368	16.725
14.9824	7.50057	16.755
15.0096	7.51873	16.7875
15.0358	7.53702	16.8191
15.0586	7.55319	16.8467
15.0782	7.56605	16.87
15.103	7.58116	16.899
15.1278	7.59572	16.9277
15.1593	7.60346	16.9592
15.1923	7.61915	16.9958
15.2196	7.63447	17.027
15.2457	7.64872	17.0568
15.267	7.66675	17.0839
15.2943	7.6821	17.1152
15.3203	7.69427	17.1439
15.3472	7.70212	17.1715
15.3676	7.71851	17.197
15.3951	7.72781	17.2258
15.4263	7.73947	17.2589
15.4552	7.7502	17.2896
15.4823	7.76158	17.3189
15.5099	7.77132	17.3479
15.5416	7.7825	17.3812
15.5717	7.79298	17.4129
15.6047	7.80108	17.446
15.633	7.81007	17.4753
15.6612	7.8179	17.504
15.6852	7.82245	17.5275
15.7103	7.83096	17.5538
15.7316	7.83684	17.5756
15.7562	7.83853	17.5983
15.7842	7.84964	17.6283
15.8141	7.8592	17.6594
15.8472	7.86762	17.6927
15.8718	7.87807	17.7194
15.9094	7.88126	17.7545
15.9392	7.88962	17.7849
15.9619	7.89652	17.8084
15.9868	7.90298	17.8336
16.0146	7.90729	17.8604
16.0403	7.91133	17.8852
16.0722	7.91947	17.9174
16.1039	7.92584	17.9487
16.1396	7.93618	17.9853
16.175	7.93938	18.0185
16.2073	7.94482	18.0498
16.2418	7.95118	18.0836
16.2734	7.95612	18.1141
16.3031	7.96051	18.1428
16.3334	7.97226	18.1752
16.3644	7.97547	18.2045
16.3974	7.97626	18.2344
16.431	7.98244	18.2674
16.4601	7.98252	18.2936
16.4869	7.98804	18.3201
16.5134	7.98998	18.3448
16.5422	7.9952	18.373
16.571	7.99425	18.3985
16.5975	7.99708	18.4237
16.6231	7.99956	18.4478
16.6498	8.00221	18.473
16.678	8.00533	18.4998
16.7035	8.0082	18.524
16.732	8.01111	18.5509
16.7629	8.01725	18.5815
16.7925	8.0202	18.6094
16.8201	8.02615	18.6369
16.8497	8.02471	18.663
16.8807	8.02946	18.6931
16.9111	8.02964	18.7206
16.9418	8.02966	18.7483
16.9728	8.03334	18.778
17.001	8.03748	18.8052
17.021	8.03837	18.8236
17.0397	8.04326	18.8427
17.064	8.04466	18.8652
17.0865	8.04897	18.8874
17.1174	8.05193	18.9166
17.1463	8.05546	18.9443
17.1737	8.06245	18.9721
17.1986	8.06249	18.9947
17.2242	8.06773	19.02
17.2477	8.06887	19.0418
17.2734	8.07506	19.0677
17.3017	8.07813	19.0946
17.3316	8.08524	19.1247
17.357	8.08419	19.1473
17.3849	8.09542	19.1774
17.4126	8.10484	19.2064
17.4375	8.1116	19.2318
17.4647	8.11466	19.2578
17.4868	8.12267	19.2813
17.5158	8.12038	19.3066
17.5458	8.12882	19.3374
17.5745	8.13646	19.3666
17.6026	8.13912	19.3932
17.6314	8.14515	19.4219
17.6586	8.15194	19.4494
17.6792	8.16384	19.4731
17.7051	8.1741	19.501
17.7313	8.182	19.528
17.7559	8.18855	19.5531
17.7816	8.19611	19.5796
17.8087	8.20589	19.6083
17.8443	8.21613	19.6449
17.8783	8.23385	19.6832
17.9094	8.25063	19.7185
17.942	8.2601	19.7521
17.9717	8.27756	19.7864
18.0016	8.28953	19.8186
18.0295	8.30128	19.8488
18.059	8.30656	19.8778
18.0862	8.31893	19.9077
18.1118	8.33572	19.938
18.1324	8.35059	19.9629
18.1562	8.36287	19.9896
18.179	8.37632	20.016
18.2052	8.39006	20.0455
18.2232	8.40553	20.0684
18.2528	8.42049	20.1015
18.2795	8.43101	20.1301
18.298	8.44688	20.1536
18.3197	8.46201	20.1796
18.3451	8.47846	20.2096
18.3734	8.49171	20.2408
18.3988	8.51009	20.2716
18.4158	8.53334	20.2968
18.4403	8.55477	20.328
18.4658	8.57744	20.3607
18.484	8.59703	20.3854
18.5052	8.62143	20.415
18.5318	8.64116	20.4474
18.5583	8.66274	20.4806
18.5803	8.6864	20.5105
18.599	8.71023	20.5376
18.6197	8.73406	20.5664
18.6374	8.75571	20.5916
18.6559	8.77799	20.6178
18.6723	8.79962	20.6419
18.6892	8.82217	20.6668
18.6979	8.8429	20.6835
18.7142	8.86554	20.7079
18.7327	8.89016	20.7352
18.749	8.91438	20.7603
18.7597	8.93817	20.7802
18.7745	8.95979	20.8029
18.7874	8.98292	20.8244
18.8034	9.00706	20.8493
18.8151	9.02957	20.8696
18.822	9.05304	20.886
18.8339	9.07729	20.9073
18.8454	9.10318	20.9288
18.8523	9.13123	20.9473
18.8624	9.15848	20.9683
18.8728	9.18775	20.9904
18.8829	9.21431	21.0111
18.8907	9.24099	21.0298
18.8988	9.26013	21.0455
18.9058	9.28526	21.0629
18.9163	9.3107	21.0835
18.9298	9.34037	21.1088
18.9393	9.3687	21.1298
18.948	9.40651	21.1544
18.9508	9.44333	21.1733
18.9575	9.46971	21.191
18.9635	9.49402	21.2074
18.9625	9.5248	21.2202
18.9657	9.55467	21.2365
18.9675	9.58418	21.2514
18.9671	9.61535	21.2651
18.9671	9.64299	21.2777
18.9631	9.66665	21.2848
18.9584	9.69256	21.2924
18.952	9.71783	21.2982
18.9492	9.74325	21.3074
18.9426	9.76844	21.313
18.9352	9.79097	21.3168
18.9243	9.81482	21.3181
18.9138	9.84002	21.3204
18.9036	9.86599	21.3233
18.8925	9.89398	21.3264
18.8791	9.91575	21.3247
18.8651	9.93657	21.322
18.8527	9.96189	21.3228
18.8348	9.98069	21.3158
18.8194	10.0021	21.3123
18.8032	10.0234	21.308
18.7845	10.0398	21.2992
18.7647	10.0621	21.2923
18.7437	10.085	21.2846
18.7237	10.1073	21.2776
18.7027	10.1302	21.27
18.6837	10.1498	21.2626
18.6634	10.1721	21.2554
18.6439	10.1997	21.2515
18.6192	10.216	21.2378
18.6005	10.2416	21.2337
18.5802	10.267	21.2281
18.558	10.2893	21.2196
18.5363	10.3131	21.2121
18.513	10.3337	21.2018
18.4895	10.3527	21.1906
18.4696	10.373	21.1831
18.4453	10.3946	21.1726
18.4198	10.4143	21.16
18.4006	10.435	21.1535
18.3803	10.4506	21.1436
18.3564	10.4627	21.1287
18.3302	10.4866	21.1179
18.3039	10.5086	21.106
18.2857	10.5235	21.0976
18.2702	10.5443	21.0946
18.243	10.562	21.08
18.2161	10.5762	21.0638
18.194	10.5893	21.0512
18.1704	10.6042	21.0384
18.1475	10.6174	21.0253
18.126	10.6278	21.012
18.0995	10.6351	20.9928
18.0735	10.6411	20.9734
18.0443	10.6502	20.9528
18.0178	10.6589	20.9345
17.9904	10.6622	20.9126
17.9641	10.6697	20.8938
17.9392	10.6789	20.8772
17.9131	10.6868	20.8587
17.8861	10.6952	20.8399
17.8633	10.705	20.8253
17.8367	10.7196	20.81
17.8093	10.7338	20.7939
17.7833	10.7481	20.779
17.7584	10.7611	20.7645
17.7331	10.775	20.7501
17.706	10.7893	20.7343
17.6766	10.8028	20.7162
17.6513	10.8161	20.7016
17.626	10.8282	20.6864
17.6004	10.8406	20.671
17.5743	10.8525	20.6551
17.5486	10.8645	20.6396
17.5218	10.8764	20.623
17.4966	10.8893	20.6084
17.4725	10.9006	20.594
17.445	10.9121	20.5767
17.4135	10.9186	20.5534
17.3914	10.9256	20.5385
17.3671	10.9344	20.5226
17.3436	10.9381	20.5047
17.3178	10.9416	20.4847
17.2903	10.947	20.4644
17.2636	10.9462	20.4414
17.2357	10.945	20.4172
17.2105	10.9436	20.3952
17.1883	10.9427	20.376
17.1629	10.9411	20.3537
17.1357	10.9403	20.3303
17.1064	10.9386	20.3047
17.0815	10.9378	20.2833
17.0514	10.9355	20.2567
17.0249	10.9319	20.2325
16.9988	10.928	20.2084
16.9766	10.9272	20.1893
16.9567	10.9295	20.1739
16.9355	10.9283	20.1554
16.9101	10.9281	20.1339
16.8824	10.9266	20.1099
16.854	10.9225	20.0838
16.8252	10.9196	20.0581
16.7954	10.9179	20.0322
16.768	10.9179	20.0092
16.739	10.9187	19.9853
16.7136	10.917	19.9631
16.6913	10.9163	19.944
16.664	10.9157	19.9209
16.6348	10.912	19.8944
16.6043	10.9208	19.8738
16.5705	10.9334	19.8525
16.5408	10.9443	19.8337
16.5116	10.9549	19.8152
16.4828	10.9637	19.7961
16.4545	10.9694	19.7757
16.4293	10.9781	19.7596
16.4046	10.9897	19.7455
16.3777	11.0042	19.7312
16.3501	11.0188	19.7165
16.3211	11.0284	19.6978
16.2917	11.0358	19.6776
16.2651	11.0397	19.6578
16.2393	11.0546	19.6449
16.2052	11.0699	19.6253
16.1747	11.0816	19.6067
16.1463	11.0916	19.5889
16.1182	11.1045	19.5731
16.0919	11.113	19.5563
16.0658	11.1275	19.543
16.0426	11.1403	19.5313
16.0154	11.1515	19.5154
15.9859	11.1663	19.4997
15.962	11.1779	19.4867
15.9388	11.191	19.4752
15.9137	11.2032	19.4617
15.8902	11.2171	19.4505
15.8687	11.2297	19.4402
15.8469	11.2403	19.4285
15.8271	11.2608	19.4242
15.811	11.2814	19.4232
15.7977	11.3032	19.425
15.7826	11.3271	19.4267
15.7641	11.3506	19.4253
15.751	11.3655	19.4234
15.735	11.3838	19.4212
15.7206	11.4016	19.4199
15.7041	11.4248	19.4202
15.6876	11.4494	19.4214
15.6719	11.4723	19.4222
15.6577	11.4954	19.4244
15.6454	11.5134	19.4252
15.6311	11.5307	19.424
15.6099	11.5481	19.4172
15.6023	11.5774	19.4286
15.5912	11.6048	19.436
15.5821	11.6309	19.4443
15.5727	11.6552	19.4513
15.5635	11.6742	19.4553
15.5525	11.6963	19.4598
15.5395	11.7206	19.4641
15.5247	11.748	19.4687
15.5138	11.7721	19.4746
15.5007	11.8008	19.4816
15.4885	11.8282	19.4885
15.4796	11.8551	19.4977
15.4691	11.8807	19.5049
15.4628	11.902	19.513
15.4547	11.9271	19.5219
15.4443	11.956	19.5313
15.4273	11.9865	19.5366
15.4078	12.0139	19.538
15.3979	12.0468	19.5504
15.39	12.0801	19.5648
15.3834	12.1111	19.5788
15.3786	12.1385	19.592
15.37	12.1631	19.6005
15.3606	12.1895	19.6094
15.3517	12.2186	19.6206
15.3431	12.2467	19.6314
15.3347	12.2767	19.6435
15.3274	12.3059	19.6562
15.3201	12.3304	19.6658
15.3115	12.3543	19.6741
15.305	12.3774	19.6836
15.298	12.403	19.6942
15.2907	12.4298	19.7054
15.2837	12.4527	19.7145
15.2766	12.4777	19.7248
15.2703	12.5041	19.7366
15.2638	12.5313	19.7489
15.2603	12.558	19.7632
15.2567	12.5852	19.7776
15.255	12.611	19.7927
15.2535	12.6398	19.81
15.252	12.6691	19.8275
15.2506	12.6974	19.8446
15.2527	12.728	19.8657
15.2499	12.7577	19.8826
15.2485	12.7836	19.8982
15.2489	12.8101	19.9155
15.2487	12.8374	19.9329
15.2511	12.8697	19.9556
15.2517	12.9005	19.9759
15.2542	12.9302	19.997
15.2566	12.9594	20.0177
15.2598	12.9883	20.0389
15.2629	13.0186	20.0609
15.2701	13.0483	20.0857
15.2765	13.0751	20.108
15.2832	13.1002	20.1294
15.2906	13.1299	20.1543
15.297	13.1527	20.174
15.2987	13.1743	20.1894
15.3154	13.199	20.2182
15.3326	13.2225	20.2466
15.3532	13.2387	20.2727
15.3774	13.2512	20.2992
15.404	13.2585	20.3242
15.4283	13.2772	20.3548
15.4529	13.2957	20.3855
15.478	13.3153	20.4173
15.4996	13.3335	20.4455
15.5212	13.3516	20.4737
15.548	13.3728	20.5078
15.5745	13.3965	20.5434
15.5983	13.4204	20.577
15.6141	13.4446	20.6047
15.6285	13.4691	20.6317
15.6442	13.4926	20.6589
15.6603	13.5158	20.6863
15.6732	13.5304	20.7056
15.6908	13.5555	20.7352
15.7117	13.5728	20.7624
15.7336	13.5906	20.7907
15.7526	13.6105	20.818
15.7732	13.6299	20.8463
15.7943	13.6484	20.8744
15.8154	13.6654	20.9015
15.837	13.6817	20.9284
15.8588	13.6984	20.9559
15.8847	13.7174	20.9879
15.9122	13.7345	21.0198
15.9399	13.7526	21.0526
15.9675	13.7656	21.082
15.991	13.7743	21.1056
16.016	13.7811	21.1289
16.0382	13.7916	21.1526
16.0631	13.8011	21.1777
16.083	13.8016	21.1931
16.1072	13.8014	21.2113
16.129	13.7966	21.2248
16.1569	13.8002	21.2483
16.1833	13.8046	21.2713
16.2077	13.8091	21.2928
16.227	13.8131	21.3101
16.2524	13.8186	21.3329
16.2806	13.8212	21.3561
16.3117	13.8269	21.3835
16.3374	13.8299	21.405
16.3646	13.8333	21.428
16.3922	13.8373	21.4517
16.422	13.8393	21.4758
16.4513	13.8428	21.5004
16.4834	13.8474	21.528
16.5122	13.8488	21.551
16.5397	13.8525	21.5744
16.5692	13.856	21.5992
16.598	13.8615	21.6249
16.6276	13.8683	21.6519
16.6578	13.8747	21.6792
16.687	13.8883	21.7104
16.7168	13.8991	21.7402
16.7471	13.9056	21.7677
16.7724	13.9123	21.7914
16.7989	13.9192	21.8162
16.8259	13.9265	21.8416
16.8528	13.9386	21.8701
16.8816	13.9455	21.8967
16.909	13.9522	21.9221
16.9396	13.9587	21.9498
16.9681	13.9644	21.9755
16.9961	13.9701	22.0006
17.0281	13.975	22.0286
17.0596	13.9882	22.0613
17.0846	13.9962	22.0857
17.1064	14.005	22.1081
17.1309	14.0147	22.1332
17.1573	14.0252	22.1603
17.1781	14.0383	22.1847
17.2029	14.0477	22.2098
17.2282	14.0595	22.2369
17.254	14.0699	22.2635
17.282	14.0793	22.2911
17.3127	14.0856	22.319
17.3469	14.1013	22.3553
17.3759	14.1139	22.3858
17.4008	14.1234	22.4111
17.4274	14.1306	22.4363
17.4572	14.1428	22.4672
17.4853	14.1554	22.4969
17.5147	14.1715	22.5299
17.5457	14.1801	22.5595
17.5739	14.1907	22.588
17.6006	14.2007	22.6151
17.6285	14.2138	22.645
17.6558	14.2246	22.6731
17.6806	14.234	22.6982
17.7049	14.2418	22.722
17.7294	14.2537	22.7487
17.7507	14.2661	22.773
17.7746	14.277	22.7985
17.7953	14.2919	22.8239
17.8238	14.3008	22.8518
17.8539	14.3139	22.8833
17.8845	14.3225	22.9127
17.9091	14.334	22.939
17.9342	14.3463	22.9663
17.957	14.36	22.9926
17.9826	14.368	23.0177
18.0073	14.3847	23.0474
18.0352	14.3965	23.0765
18.0648	14.4117	23.1092
18.0918	14.429	23.1411
18.1164	14.4382	23.166
18.1376	14.4445	23.1865
18.1608	14.4554	23.2114
18.1837	14.4675	23.2369
18.2046	14.4799	23.261
18.2284	14.4889	23.2852
18.253	14.5023	23.3128
18.2772	14.518	23.3416
18.3044	14.5304	23.3706
18.3317	14.5433	23.4
18.3575	14.5551	23.4276
18.3817	14.566	23.4533
18.4013	14.5742	23.4737
18.4246	14.5839	23.498
18.4506	14.5942	23.5248
18.4743	14.609	23.5526
18.5032	14.6173	23.5804
18.5282	14.6413	23.6149
18.5595	14.6533	23.6469
18.5895	14.6697	23.6805
18.6186	14.682	23.7111
18.6474	14.6988	23.744
18.6765	14.7102	23.774
18.7025	14.7256	23.8039
18.7291	14.7348	23.8305
18.7532	14.7514	23.8597
18.7806	14.763	23.8884
18.8041	14.7805	23.9177
18.8305	14.7912	23.9451
18.8542	14.8096	23.9751
18.8797	14.8243	24.0042
18.9077	14.8409	24.0365
18.9337	14.8579	24.0674
18.9608	14.8759	24.0999
18.9862	14.8957	24.1321
19.0078	14.9198	24.164
19.0339	14.9346	24.1936
19.0501	14.9511	24.2165
19.0742	14.966	24.2447
19.0938	14.9897	24.2747
19.1198	15.0076	24.3063
19.1379	15.032	24.3356
19.1646	15.0498	24.3675
19.1872	15.0711	24.3985
19.215	15.0877	24.4306
19.2374	15.116	24.4657
19.2636	15.1362	24.4988
19.2908	15.1663	24.5388
19.3166	15.1902	24.5739
19.3378	15.2145	24.6055
19.3538	15.2309	24.6282
19.3722	15.249	24.6539
19.3935	15.268	24.6824
19.4115	15.2909	24.7107
19.4285	15.3106	24.7362
19.4485	15.3299	24.7639
19.463	15.3526	24.7893
19.4822	15.3714	24.816
19.4996	15.3923	24.8426
19.5227	15.4135	24.8739
19.5397	15.4371	24.9019
19.5617	15.455	24.9303
19.5815	15.4747	24.958
19.5936	15.496	24.9807
19.6151	15.5137	25.0085
19.6315	15.5366	25.0356
19.6526	15.554	25.0629
19.6693	15.5779	25.0909
19.6904	15.601	25.1218
19.7146	15.6273	25.1571
19.7426	15.6508	25.1936
19.7599	15.6785	25.2244
19.7842	15.6983	25.2557
19.8017	15.7232	25.2849
19.8253	15.7434	25.3159
19.8424	15.7622	25.341
19.8645	15.7801	25.3694
19.8829	15.803	25.3981
19.9044	15.8141	25.4219
19.923	15.8345	25.4491
19.9479	15.8508	25.4787
19.9698	15.8674	25.5063
19.9848	15.8851	25.529
20.0097	15.906	25.5615
20.0316	15.9208	25.5878
20.0586	15.9445	25.6237
20.0833	15.9652	25.6559
20.106	15.9821	25.6842
20.1294	15.9963	25.7113
20.1525	16.0133	25.74
20.1779	16.0265	25.7681
20.2069	16.0432	25.8012
20.2288	16.0611	25.8295
20.2556	16.0741	25.8586
20.2792	16.0882	25.8859
20.3046	16.1049	25.9161
20.332	16.1196	25.9467
20.3546	16.1308	25.9714
20.3792	16.1393	25.9959
20.403	16.1496	26.021
20.4275	16.1612	26.0474
20.4577	16.1734	26.0787
20.4822	16.1876	26.1067
20.5119	16.1981	26.1365
20.5405	16.2014	26.161
20.5676	16.214	26.1901
20.5943	16.2234	26.2169
20.6134	16.2314	26.2368
20.636	16.2392	26.2594
20.6593	16.2478	26.283
20.6873	16.2564	26.3103
20.717	16.263	26.3378
20.7409	16.2718	26.362
20.7675	16.2789	26.3873
20.7966	16.2868	26.4151
20.8297	16.2985	26.4484
20.8598	16.3085	26.4782
20.8857	16.3161	26.5033
20.9159	16.3231	26.5314
20.9454	16.3333	26.561
20.9706	16.3387	26.5842
20.9963	16.3471	26.6096
21.0237	16.3545	26.6358
21.0509	16.3642	26.6632
21.0786	16.371	26.6893
21.1021	16.3848	26.7163
21.1307	16.3927	26.7438
21.1627	16.397	26.7716
21.1927	16.4068	26.8014
21.2203	16.4133	26.8271
21.2464	16.4164	26.8497
21.2729	16.4246	26.8758
21.2989	16.4259	26.897
21.3265	16.438	26.9263
21.3533	16.4426	26.9504
21.3806	16.4501	26.9766
21.4082	16.4569	27.0026
21.4382	16.4615	27.0292
21.4673	16.4678	27.0561
21.4962	16.4753	27.0836
21.5243	16.4811	27.1094
21.5514	16.4896	27.1361
21.5791	16.4942	27.1609
21.6069	16.4997	27.1863
21.6358	16.5092	27.2151
21.6654	16.5134	27.2412
21.691	16.5221	27.2668
21.7195	16.529	27.2936
21.7472	16.5314	27.3171
21.7752	16.5398	27.3446
21.8022	16.544	27.3685
21.826	16.5462	27.3889
21.8556	16.5559	27.4183
21.8849	16.5585	27.4432
21.9118	16.5634	27.4677
21.9412	16.5735	27.4972
21.9688	16.5756	27.5206
21.9952	16.5844	27.5469
22.0231	16.5879	27.5713
22.0505	16.5916	27.5954
22.0774	16.5985	27.621
22.1034	16.606	27.6463
22.129	16.6077	27.6678
22.1582	16.6169	27.6968
22.1857	16.6224	27.722
22.213	16.627	27.7467
22.2406	16.63	27.7705
22.2673	16.6389	27.7972
22.2946	16.6412	27.8205
22.3192	16.6488	27.8447
22.3428	16.6497	27.8642
22.3689	16.6554	27.8885
22.4001	16.6564	27.9142
22.4291	16.6656	27.9429
22.46	16.669	27.9697
22.484	16.6823	27.9969
22.5101	16.6897	28.0223
22.5388	16.6952	28.0487
22.5685	16.7034	28.0775
22.5978	16.7088	28.1041
22.6274	16.7134	28.1307
22.6555	16.7198	28.1571
22.6829	16.7228	28.1809
22.7102	16.73	28.2072
22.7395	16.738	28.2355
22.763	16.7451	28.2587
22.7879	16.7534	28.2837
22.8164	16.7577	28.3092
22.8437	16.7642	28.335
22.8678	16.7679	28.3566
22.8887	16.7766	28.3787
22.9147	16.7836	28.4037
22.9408	16.7915	28.4294
22.9694	16.7946	28.4544
22.9958	16.8025	28.4804
23.0229	16.8066	28.5047
23.0504	16.8167	28.5328
23.0783	16.8263	28.5611
23.1107	16.8326	28.5909
23.1397	16.8426	28.6203
23.1665	16.8537	28.6484
23.1938	16.8594	28.6739
23.2193	16.869	28.7002
23.2457	16.8793	28.7276
23.2693	16.885	28.75
23.2977	16.8991	28.7813
23.323	16.9102	28.8083
23.347	16.9213	28.8342
23.3725	16.9301	28.86
23.4044	16.9395	28.8914
23.4359	16.9519	28.9242
23.4641	16.9636	28.9539
23.488	16.9782	28.9818
23.5119	16.9909	29.0087
23.5448	16.9998	29.0405
23.5753	17.0157	29.0745
23.6076	17.0265	29.107
23.6357	17.041	29.1383
23.6611	17.0544	29.1668
23.6866	17.069	29.196
23.7113	17.0816	29.2234
23.7365	17.0959	29.2522
23.7598	17.1077	29.278
23.7826	17.1265	29.3075
23.8087	17.1406	29.3369
23.8373	17.155	29.3685
23.8655	17.1713	29.401
23.8956	17.1894	29.4359
23.924	17.207	29.4693
23.9549	17.2305	29.5081
23.9782	17.2459	29.5359
24.0004	17.2638	29.5645
24.0233	17.2808	29.593
24.0443	17.2985	29.6204
24.0674	17.316	29.6493
24.0898	17.3352	29.6787
24.1036	17.3522	29.6998
24.1249	17.3681	29.7264
24.1439	17.3869	29.7529
24.1635	17.4052	29.7794
24.1845	17.4311	29.8116
24.2062	17.4531	29.8421
24.2295	17.4727	29.8725
24.2461	17.4957	29.8993
24.2622	17.5157	29.9241
24.2807	17.5354	29.9507
24.2929	17.5563	29.9728
24.3133	17.5736	29.9995
24.3311	17.5927	30.0251
24.3502	17.6066	30.0487
24.3697	17.63	30.0782
24.3807	17.6523	30.1002
24.3937	17.6724	30.1225
24.4107	17.6929	30.1483
24.433	17.7188	30.1815
24.45	17.7478	30.2123
24.4657	17.7736	30.2402
24.4812	17.799	30.2677
24.4982	17.8249	30.2967
24.5077	17.8505	30.3194
24.5251	17.8782	30.3499
24.5398	17.9047	30.3773
24.5508	17.9195	30.3949
24.5653	17.9385	30.4179
24.5781	17.9628	30.4425
24.5908	17.9853	30.466
24.6042	18.0078	30.4901
24.6187	18.0294	30.5146
24.6337	18.0504	30.5391
24.649	18.0712	30.5637
24.6631	18.0937	30.5884
24.6767	18.1183	30.6139
24.6919	18.1435	30.6411
24.7053	18.1653	30.6648
24.7214	18.1914	30.6932
24.7356	18.2184	30.7207
24.7489	18.2444	30.7468
24.76	18.2713	30.7717
24.7736	18.2964	30.7975
24.7917	18.3232	30.828
24.8072	18.3493	30.856
24.8213	18.3755	30.883
24.8334	18.4015	30.9081
24.8449	18.4265	30.9322
24.8598	18.453	30.9601
24.8746	18.4811	30.9887
24.8838	18.5166	31.0172
24.8962	18.5486	31.0462
24.9071	18.579	31.0732
24.9211	18.6037	31.0992
24.9219	18.634	31.118
24.9218	18.6643	31.1361
24.9223	18.6924	31.1533
24.9245	18.7238	31.1739
24.9259	18.7536	31.1929
24.9292	18.7832	31.2133
24.9324	18.8126	31.2336
24.9351	18.8462	31.256
24.9364	18.8757	31.2748
24.9382	18.9015	31.2919
24.9389	18.9296	31.3094
24.9394	18.9579	31.3269
24.9415	18.9856	31.3454
24.9472	19.0108	31.3651
24.954	19.0375	31.3868
24.9601	19.0614	31.4061
24.9657	19.0839	31.4243
24.9749	19.1107	31.4478
24.9838	19.1382	31.4716
24.9929	19.1711	31.4989

-24.9993	19.2008	31.5219
-24.9901	19.2283	31.5315
-24.978	19.2531	31.537
-24.9621	19.2764	31.5386
-24.9407	19.2947	31.5329
-24.9136	19.3058	31.5183
-24.8799	19.2989	31.4874
-24.8527	19.2863	31.4582
-24.8295	19.2619	31.4249
-24.811	19.2369	31.395
-24.7923	19.2114	31.3646
-24.7722	19.1882	31.3344
-24.7499	19.1689	31.3051
-24.7295	19.1525	31.2788
-24.709	19.1342	31.2514
-24.6869	19.1156	31.2226
-24.6646	19.0987	31.1945
-24.6432	19.082	31.1675
-24.6198	19.0656	31.1389
-24.5973	19.0477	31.1102
-24.5769	19.0356	31.0866
-24.5521	19.022	31.0587
-24.5277	19.0059	31.0296
-24.5052	18.9913	31.0029
-24.479	18.9775	30.9736
-24.453	18.9662	30.9462
-24.4303	18.9566	30.9224
-24.4067	18.9459	30.8972
-24.3815	18.9357	30.871
-24.352	18.9277	30.8428
-24.3286	18.9168	30.8176
-24.3033	18.907	30.7917
-24.2786	18.8965	30.7657
-24.2532	18.8871	30.7399
-24.2275	18.8759	30.7127
-24.2047	18.8673	30.6894
-24.1794	18.8599	30.665
-24.1542	18.8505	30.6393
-24.1287	18.8468	30.6169
-24.106	18.8465	30.5989
-24.0811	18.8414	30.5761
-24.0599	18.8348	30.5553
-24.0303	18.8288	30.5283
-23.9986	18.8229	30.4997
-23.9702	18.8154	30.4727
-23.9436	18.8109	30.449
-23.9149	18.8091	30.4254
-23.8855	18.7989	30.396
-23.8574	18.7906	30.3688
-23.8289	18.7844	30.3426
-23.7964	18.7796	30.3141
-23.7675	18.7767	30.2896
-23.7366	18.7723	30.2626
-23.7098	18.7683	30.2391
-23.6832	18.7647	30.216
-23.6573	18.7672	30.1973
-23.6337	18.7683	30.1795
-23.6045	18.7743	30.1604
-23.576	18.7798	30.1415
-23.5466	18.7887	30.1241
-23.5174	18.797	30.1064
-23.4914	18.809	30.0936
-23.4634	18.816	30.0761
-23.4357	18.8252	30.0603
-23.4116	18.8335	30.0467
-23.385	18.8438	30.0324
-23.3589	18.8526	30.0176
-23.3328	18.8614	30.0028
-23.302	18.8709	29.9849
-23.2744	18.8847	29.9721
-23.2456	18.8843	29.9496
-23.2104	18.8844	29.9223
-23.1786	18.8838	29.8972
-23.1486	18.8836	29.8739
-23.1186	18.8931	29.8567
-23.0828	18.8878	29.8256
-23.0613	18.8868	29.8083
-23.0382	18.8887	29.7917
-23.013	18.8936	29.7752
-22.9848	18.8862	29.7488
-22.9579	18.8804	29.7243
-22.9324	18.8714	29.6989
-22.9079	18.8656	29.6763
-22.8824	18.8642	29.6558
-22.8561	18.8666	29.637
-22.8262	18.8528	29.6052
-22.7975	18.8382	29.5737
-22.7673	18.8272	29.5434
-22.7442	18.8188	29.5202
-22.7191	18.8099	29.4953
-22.6912	18.8019	29.4687
-22.6721	18.7981	29.4515
-22.6464	18.7958	29.4303
-22.6204	18.7942	29.4093
-22.5935	18.7861	29.3834
-22.5707	18.7763	29.3596
-22.5488	18.7641	29.335
-22.5239	18.751	29.3074
-22.498	18.7334	29.2763
-22.4739	18.7146	29.2457
-22.4506	18.6964	29.2162
-22.4246	18.6789	29.185
-22.4009	18.6634	29.1568
-22.3739	18.6482	29.1264
-22.3439	18.6357	29.0954
-22.3162	18.6239	29.0665
-22.291	18.617	29.0427
-22.2661	18.609	29.0185
-22.2432	18.5981	28.994
-22.2208	18.5895	28.9712
-22.1931	18.5779	28.9426
-22.1568	18.5672	28.9078
-22.1293	18.5545	28.8786
-22.1019	18.5472	28.853
-22.0752	18.5387	28.827
-22.0502	18.5359	28.8061
-22.0242	18.5336	28.7847
-21.9965	18.5337	28.7636
-21.9701	18.5343	28.7438
-21.9446	18.5308	28.7221
-21.9183	18.5245	28.6979
-21.8911	18.5207	28.6747
-21.8615	18.5166	28.6495
-21.8327	18.5124	28.6248
-21.8053	18.5078	28.6009
-21.7712	18.5046	28.5728
-21.7442	18.499	28.5486
-21.7207	18.4967	28.5292
-21.6953	18.4904	28.5058
-21.6672	18.4837	28.4801
-21.6411	18.476	28.4552
-21.6147	18.4671	28.4293
-21.588	18.4566	28.4022
-21.563	18.4463	28.3765
-21.5379	18.4359	28.3507
-21.5124	18.4251	28.3244
-21.4851	18.4137	28.2962
-21.4655	18.3986	28.2714
-21.4415	18.3956	28.2513
-21.4213	18.3933	28.2345
-21.3934	18.3883	28.21
-21.3677	18.3853	28.1886
-21.3419	18.3823	28.1671
-21.3221	18.3906	28.1575
-21.3025	18.4009	28.1494
-21.2834	18.4132	28.1429
-21.2665	18.4246	28.1377
-21.2509	18.4377	28.1345
-21.2403	18.4526	28.1362
-21.2134	18.4636	28.1232
-21.1878	18.4724	28.1097
-21.1615	18.479	28.0942
-21.1359	18.484	28.0782
-21.1083	18.4891	28.0608
-21.0789	18.4949	28.0425
-21.0475	18.4969	28.0202
-21.0176	18.4983	27.9987
-20.9869	18.501	27.9775
-20.955	18.5037	27.9553
-20.9232	18.5075	27.934
-20.8932	18.511	27.9139
-20.8678	18.5207	27.9013
-20.84	18.5373	27.8915
-20.8132	18.555	27.8833
-20.7871	18.5716	27.8749
-20.7608	18.5943	27.8704
-20.7218	18.6008	27.8457
-20.6886	18.6057	27.8243
-20.6592	18.6089	27.8045
-20.6302	18.6102	27.7839
-20.6024	18.61	27.7632
-20.5731	18.6187	27.7473
-20.5449	18.6282	27.7327
-20.5199	18.6356	27.7191
-20.4963	18.6441	27.7075
-20.4692	18.6543	27.6943
-20.4412	18.6623	27.679
-20.4161	18.6626	27.6606
-20.3882	18.672	27.6464
-20.3547	18.6751	27.6238
-20.3216	18.6746	27.5991
-20.2923	18.6717	27.5755
-20.2625	18.6657	27.5496
-20.2267	18.6577	27.5178
-20.2004	18.6516	27.4943
-20.1737	18.6488	27.4728
-20.148	18.6461	27.4521
-20.1173	18.6435	27.4279
-20.0914	18.6372	27.4045
-20.0664	18.6398	27.388
-20.0375	18.6313	27.3611
-20.01	18.6219	27.3345
-19.9879	18.6135	27.3126
-19.9626	18.6039	27.2876
-19.9415	18.5911	27.2634
-19.9193	18.5773	27.2378
-19.8961	18.5627	27.2108
-19.8713	18.5492	27.1835
-19.8471	18.5408	27.16
-19.8233	18.529	27.1346
-19.7995	18.5189	27.1104
-19.7756	18.5073	27.0849
-19.7553	18.4958	27.0623
-19.7328	18.4831	27.0372
-19.7103	18.4688	27.011
-19.6856	18.4555	26.9839
-19.6607	18.436	26.9523
-19.6366	18.4191	26.9232
-19.613	18.4025	26.8946
-19.5968	18.3834	26.8698
-19.58	18.362	26.8429
-19.5675	18.3385	26.8177
-19.549	18.3138	26.7873
-19.5321	18.2954	26.7623
-19.5111	18.2772	26.7346
-19.4952	18.2441	26.7004
-19.4796	18.2132	26.6679
-19.4695	18.183	26.6399
-19.4598	18.1543	26.6132
-19.4492	18.1254	26.5857
-19.4402	18.0948	26.5583
-19.4332	18.0626	26.5312
-19.4325	18.0358	26.5125
-19.4324	18.0083	26.4937
-19.4328	17.9785	26.4737
-19.4318	17.9503	26.4539
-19.4308	17.9221	26.434
-19.4319	17.8954	26.4168
-19.4339	17.8699	26.4009
-19.4334	17.8432	26.3825
-19.436	17.8126	26.3638
-19.4415	17.7839	26.3485
-19.4466	17.7563	26.3336
-19.4521	17.7329	26.3219
-19.4557	17.7042	26.3052
-19.4607	17.6791	26.292
-19.4674	17.6485	26.2764
-19.4734	17.6197	26.2615
-19.482	17.5894	26.2476
-19.4905	17.5614	26.2351
-19.5069	17.5294	26.2259
-19.5252	17.5052	26.2234
-19.5333	17.4731	26.208
-19.5443	17.442	26.1954
-19.5543	17.4097	26.1815
-19.5662	17.3852	26.1741
-19.5748	17.3593	26.1633
-19.5773	17.33	26.1458
-19.5812	17.2977	26.1272
-19.5839	17.2661	26.1084
-19.5849	17.2408	26.0924
-19.5823	17.2125	26.0717
-19.5817	17.1849	26.0531
-19.5834	17.1598	26.0378
-19.5855	17.1329	26.0217
-19.5884	17.1056	26.006
-19.5887	17.0768	25.9872
-19.592	17.0564	25.9763
-19.5969	17.0315	25.9636
-19.6049	17.0022	25.9505
-19.619	16.9762	25.9441
-19.6438	16.9579	25.9509
-19.6724	16.9477	25.9659
-19.7021	16.9434	25.9856
-19.7319	16.932	26.0008
-19.7561	16.9247	26.0143
-19.7798	16.9114	26.0238
-19.811	16.9078	26.0451
-19.8394	16.8919	26.0564
-19.8691	16.883	26.0733
-19.8958	16.8701	26.0853
-19.9232	16.8567	26.0975
-19.9496	16.8422	26.1084
-19.9751	16.8278	26.1186
-19.9981	16.8122	26.1261
-20.0213	16.7964	26.1337
-20.0448	16.7768	26.1391
-20.0663	16.7566	26.1427
-20.0842	16.7377	26.1443
-20.0999	16.7148	26.1418
-20.1125	16.6932	26.1376
-20.1285	16.6718	26.1363
-20.1352	16.6434	26.1234
-20.1465	16.616	26.1146
-20.1518	16.5868	26.1002
-20.1593	16.5613	26.0898
-20.1672	16.5376	26.0808
-20.1724	16.5108	26.0678
-20.1776	16.484	26.0549
-20.1823	16.4582	26.0422
-20.1882	16.4309	26.0295
-20.1889	16.4047	26.0136
-20.1904	16.3775	25.9976
-20.1937	16.3473	25.9812
-20.1982	16.3207	25.9679
-20.197	16.2886	25.9468
-20.1971	16.2592	25.9285
-20.1944	16.2272	25.9063
-20.1919	16.1998	25.8872
-20.1868	16.1746	25.8674
-20.1833	16.1485	25.8484
-20.1782	16.1195	25.8263
-20.1728	16.0896	25.8034
-20.1682	16.0538	25.7775
-20.1636	16.0211	25.7536
-20.1647	15.9912	25.7358
-20.1553	15.9609	25.7096
-20.1489	15.9309	25.686
-20.1437	15.9026	25.6644
-20.137	15.8728	25.6407
-20.1334	15.8433	25.6196
-20.1269	15.8158	25.5975
-20.12	15.7907	25.5765
-20.1128	15.7616	25.5529
-20.1081	15.7347	25.5326
-20.0993	15.7121	25.5118
-20.0891	15.688	25.4889
-20.0757	15.6664	25.465
-20.0617	15.6433	25.4398
-20.0476	15.6202	25.4145
-20.0367	15.5956	25.3908
-20.0251	15.571	25.3665
-20.0187	15.5488	25.3478
-20.0092	15.5248	25.3256
-19.9992	15.4992	25.302
-19.9886	15.4735	25.2779
-19.9765	15.447	25.2521
-19.9662	15.4196	25.2272
-19.9499	15.3919	25.1974
-19.9327	15.3595	25.164
-19.9176	15.3322	25.1353
-19.9046	15.3033	25.1075
-19.8888	15.276	25.0782
-19.8718	15.2519	25.0501
-19.8568	15.2318	25.026
-19.8375	15.2106	24.9978
-19.8196	15.1915	24.972
-19.799	15.1768	24.9466
-19.778	15.1646	24.9226
-19.7576	15.1495	24.8972
-19.7362	15.134	24.8707
-19.7078	15.1194	24.8394
-19.6807	15.1043	24.8087
-19.6479	15.0875	24.7724
-19.6266	15.0684	24.7439
-19.6026	15.0478	24.7124
-19.5797	15.029	24.6827
-19.5507	15.0121	24.6494
-19.5268	14.9911	24.6176
-19.5054	14.9717	24.5888
-19.4937	14.9528	24.5681
-19.4809	14.9318	24.5451
-19.4703	14.9099	24.5234
-19.4604	14.8885	24.5025
-19.4466	14.8645	24.477
-19.4319	14.838	24.4493
-19.4165	14.8197	24.4259
-19.4012	14.7989	24.401
-19.383	14.7751	24.3722
-19.3689	14.7495	24.3455
-19.3568	14.7302	24.3242
-19.3441	14.7081	24.3006
-19.3337	14.686	24.279
-19.3201	14.6645	24.2552
-19.3137	14.6381	24.2341
-19.3032	14.6079	24.2076
-19.2911	14.5795	24.1807
-19.2745	14.55	24.1497
-19.2649	14.5185	24.1231
-19.2571	14.4902	24.0999
-19.2474	14.4556	24.0713
-19.2315	14.4276	24.0418
-19.2292	14.3977	24.022
-19.2267	14.3683	24.0024
-19.2279	14.3395	23.9862
-19.2229	14.3139	23.9669
-19.2218	14.2938	23.9539
-19.2255	14.2665	23.9406
-19.2255	14.2389	23.9241
-19.2235	14.2154	23.9086
-19.2224	14.1916	23.8935
-19.2217	14.1659	23.8777
-19.2229	14.1414	23.8642
-19.2249	14.1146	23.8499
-19.2206	14.0933	23.8339
-19.2269	14.0676	23.8237
-19.2331	14.041	23.8131
-19.2457	14.0158	23.8084
-19.2564	13.9863	23.7997
-19.2693	13.9558	23.7922
-19.2806	13.9304	23.7864
-19.2935	13.9014	23.78
-19.3076	13.8723	23.7744
-19.3252	13.8456	23.7732
-19.3415	13.8215	23.7724
-19.3591	13.804	23.7765
-19.3679	13.781	23.7705
-19.3769	13.7567	23.7636
-19.3855	13.7285	23.7544
-19.3941	13.7014	23.7458
-19.4027	13.6757	23.7379
-19.4127	13.6501	23.7314
-19.4229	13.6203	23.7226
-19.4337	13.5918	23.7151
-19.4444	13.5633	23.7076
-19.4584	13.5318	23.701
-19.4712	13.5009	23.6939
-19.4808	13.4732	23.6861
-19.4944	13.4522	23.6853
-19.509	13.4295	23.6844
-19.5243	13.4058	23.6836
-19.5393	13.3721	23.677
-19.5521	13.3384	23.6684
-19.5627	13.3088	23.6605
-19.5718	13.2793	23.6516
-19.5805	13.2549	23.6451
-19.5903	13.2326	23.6407
-19.6013	13.2079	23.6359
-19.6062	13.1812	23.6251
-19.6061	13.1496	23.6074
-19.6082	13.1195	23.5924
-19.6097	13.0915	23.5781
-19.6094	13.0624	23.5618
-19.6097	13.034	23.5463
-19.6101	13.0041	23.5301
-19.6097	12.9764	23.5144
-19.6106	12.9474	23.4992
-19.6106	12.9206	23.4844
-19.6068	12.8857	23.462
-19.6045	12.8503	23.4407
-19.605	12.8187	23.4238
-19.6076	12.7892	23.4099
-19.6103	12.7602	23.3963
-19.6127	12.7312	23.3825
-19.618	12.7037	23.372
-19.6243	12.6764	23.3624
-19.6362	12.6497	23.358
-19.6498	12.6237	23.3554
-19.6617	12.5986	23.3518
-19.6702	12.5712	23.3442
-19.6816	12.5428	23.3385
-19.6889	12.5189	23.3318
-19.6964	12.4882	23.3217
-19.7035	12.4576	23.3113
-19.7098	12.426	23.2999
-19.7163	12.3979	23.2903
-19.7265	12.3652	23.2816
-19.7319	12.3342	23.2698
-19.746	12.3051	23.2663
-19.7587	12.2715	23.2593
-19.7653	12.242	23.2494
-19.7719	12.2138	23.2402
-19.7767	12.1835	23.2284
-19.782	12.1515	23.2161
-19.7898	12.1194	23.2059
-19.7967	12.0897	23.1964
-19.7993	12.0683	23.1875
-19.8052	12.0448	23.1802
-19.8098	12.0178	23.1702
-19.8228	11.9871	23.1654
-19.8305	11.9622	23.1591
-19.8403	11.9396	23.1558
-19.8512	11.9128	23.1513
-19.8612	11.8864	23.1464
-19.8751	11.8611	23.1453
-19.8863	11.8343	23.1412
-19.8966	11.8075	23.1364
-19.9069	11.7816	23.1321
-19.9174	11.762	23.1311
-19.926	11.738	23.1263
-19.9349	11.7127	23.1211
-19.941	11.6865	23.1131
-19.9473	11.6603	23.1053
-19.9542	11.6326	23.0974
-19.9627	11.6066	23.0916
-19.9728	11.5813	23.0876
-19.9836	11.5555	23.0841
-19.994	11.5295	23.08
-20.005	11.5031	23.0765
-20.018	11.4753	23.0738
-20.0329	11.4523	23.0753
-20.0434	11.4271	23.072
-20.0559	11.3999	23.0694
-20.0695	11.3768	23.0698
-20.0815	11.3509	23.0675
-20.0934	11.325	23.0651
-20.1051	11.299	23.0625
-20.1175	11.2738	23.0611
-20.1326	11.2505	23.0628
-20.1499	11.2303	23.0681
-20.1614	11.2037	23.0652
-20.1729	11.1776	23.0626
-20.1848	11.1519	23.0606
-20.2025	11.1306	23.0658
-20.2107	11.1062	23.0612
-20.2257	11.0862	23.0648
-20.2314	11.0639	23.059
-20.2349	11.035	23.0482
-20.2516	11.0063	23.0492
-20.263	10.9811	23.0472
-20.2789	10.9548	23.0487
-20.2888	10.9262	23.0438
-20.3007	10.8998	23.0418
-20.3114	10.8725	23.0383
-20.3233	10.8469	23.0368
-20.339	10.8229	23.0393
-20.3556	10.7958	23.0412
-20.3676	10.7685	23.0391
-20.3779	10.7408	23.0353
-20.3931	10.7151	23.0367
-20.4071	10.6915	23.0382
-20.4201	10.6689	23.0392
-20.4349	10.6467	23.0421
-20.4466	10.6256	23.0427
-20.46	10.6022	23.0438
-20.4774	10.5804	23.0493
-20.4943	10.5589	23.0545
-20.5118	10.5373	23.0601
-20.5289	10.5143	23.0648
-20.5469	10.4917	23.0706
-20.5612	10.4698	23.0733
-20.5772	10.4435	23.0757
-20.5988	10.4198	23.0843
-20.6181	10.3969	23.0912
-20.6386	10.3791	23.1015
-20.6555	10.3564	23.1064
-20.6744	10.3311	23.1119
-20.6909	10.3056	23.1154
-20.7098	10.2805	23.1211
-20.7291	10.2583	23.1285
-20.7464	10.2299	23.1314
-20.7702	10.2067	23.1426
-20.789	10.1742	23.1451
-20.8118	10.1472	23.1537
-20.8332	10.1181	23.1603
-20.86	10.0923	23.1731
-20.879	10.0692	23.1802
-20.9024	10.0459	23.1912
-20.9229	10.0172	23.1973
-20.9429	9.98899	23.2031
-20.9631	9.9658	23.2114
-20.9799	9.93737	23.2144
-21.0021	9.91824	23.2263
-21.0131	9.89223	23.2252
-21.0319	9.86963	23.2325
-21.0475	9.8464	23.2368
-21.0677	9.82262	23.245
-21.0837	9.79643	23.2485
-21.1029	9.77483	23.2568
-21.1124	9.74804	23.2542
-21.1329	9.71839	23.2604
-21.1511	9.69054	23.2653
-21.1693	9.66562	23.2715
-21.182	9.6424	23.2734
-21.1977	9.6251	23.2806
-21.2096	9.60325	23.2823
-21.2217	9.58314	23.2851
-21.238	9.56226	23.2914
-21.2493	9.53626	23.2911
-21.2666	9.51074	23.2964
-21.2772	9.48224	23.2945
-21.2946	9.45448	23.2991
-21.3034	9.43066	23.2975
-21.3117	9.40993	23.2967
-21.3245	9.38429	23.2981
-21.3303	9.35539	23.2917
-21.344	9.31755	23.2891
-21.353	9.28137	23.2829
-21.3612	9.25013	23.278
-21.3657	9.2204	23.2703
-21.3736	9.19315	23.2669
-21.3729	9.16192	23.2538
-21.3788	9.13224	23.2476
-21.3701	9.09976	23.2269
-21.3704	9.06745	23.2145
-21.363	9.03815	23.1963
-21.3589	9.00922	23.1812
-21.3498	8.98299	23.1626
-21.3466	8.95015	23.147
-21.3341	8.92313	23.125
-21.3236	8.89685	23.1052
-21.3059	8.87061	23.0788
-21.2898	8.84789	23.0552
-21.2756	8.81901	23.031
-21.2534	8.79552	23.0014
-21.2397	8.77798	22.9822
-21.2217	8.76001	22.9587
-21.2015	8.74055	22.9325
-21.1842	8.71995	22.9087
-21.1644	8.69983	22.8827
-21.1422	8.68232	22.8555
-21.1194	8.66222	22.8268
-21.093	8.64929	22.7974
-21.0708	8.63006	22.7696
-21.0418	8.617	22.7379
-21.0158	8.6055	22.7095
-20.9905	8.59175	22.6808
-20.9616	8.58149	22.6502
-20.9353	8.5686	22.6209
-20.9094	8.56291	22.5949
-20.8839	8.55283	22.5674
-20.8563	8.5473	22.5398
-20.8296	8.54218	22.5131
-20.8018	8.53575	22.4849
-20.7731	8.53355	22.4576
-20.7458	8.532	22.4317
-20.7186	8.52975	22.4057
-20.6889	8.53056	22.3786
-20.6647	8.53058	22.3562
-20.6384	8.53782	22.3346
-20.609	8.54099	22.3087
-20.5804	8.54647	22.2844
-20.5524	8.5524	22.2608
-20.5246	8.55969	22.238
-20.4983	8.56574	22.216
-20.4721	8.57494	22.1955
-20.4431	8.58406	22.1722
-20.4143	8.59435	22.1496
-20.3872	8.60571	22.1291
-20.3599	8.61545	22.1077
-20.343	8.62753	22.0968
-20.3181	8.63508	22.0769
-20.2936	8.65025	22.0603
-20.2695	8.66313	22.0432
-20.2425	8.67343	22.0224
-20.2215	8.68678	22.0084
-20.1953	8.69022	21.9857
-20.1753	8.69779	21.9703
-20.1503	8.71307	21.9534
-20.1259	8.72329	21.9351
-20.1016	8.73616	21.9179
-20.077	8.75267	21.902
-20.0476	8.76175	21.8786
-20.0184	8.77326	21.8565
-19.9867	8.78725	21.8331
-19.9588	8.80275	21.8138
-19.9306	8.81325	21.7922
-19.9005	8.82532	21.7696
-19.8749	8.84288	21.7533
-19.8474	8.85323	21.7324
-19.8197	8.86626	21.7124
-19.7929	8.88165	21.6943
-19.7645	8.89549	21.674
