#1 AntVel X	#2 AntVel Y	#3 Speed	#4 Turning Angle Rad		#5 Turning Angle Deg	#6 Detected Phero Left	#7 Detected Phero Right	
1.00301	1.73149	2.00102	-0.0319608	-1.83122	2.97279	3.00251
0.529466	2.00568	2.07439	-0.266945	-15.2948	2.83503	3.08704
-0.21491	2.19449	2.20499	-0.355715	-20.381	2.62177	2.9548
-0.831069	2.11355	2.27108	-0.277018	-15.872	2.6071	2.87175
-0.998951	2.01841	2.25209	-0.0849363	-4.86649	2.80192	2.88644
-0.717404	2.12963	2.24722	0.134647	7.71468	2.97236	2.83609
-0.111324	2.30771	2.31039	0.276726	15.8552	2.95709	2.68035
0.53903	2.30801	2.37012	0.277638	15.9075	2.872	2.59577
0.880111	2.19034	2.36055	0.152635	8.74532	2.84973	2.69497
0.790107	2.18765	2.32596	-0.0354813	-2.03293	2.83031	2.86687
0.346669	2.31315	2.33898	-0.197827	-11.3346	2.72787	2.93015
-0.253149	2.36877	2.38225	-0.255228	-14.6235	2.62091	2.87811
-0.695869	2.28301	2.38671	-0.189392	-10.8514	2.64345	2.83488
-0.77369	2.21886	2.34988	-0.0396477	-2.27164	2.77972	2.82028
-0.493367	2.27955	2.33233	0.122361	7.01078	2.88392	2.759
0.00926152	2.35434	2.35435	0.217078	12.4376	2.87678	2.6585
0.485079	2.31703	2.36726	0.202439	11.5989	2.83121	2.6291
0.692365	2.23611	2.34085	0.0938944	5.37975	2.81048	2.71615
0.562992	2.24049	2.31014	-0.0540834	-3.09875	2.77503	2.82946
0.177634	2.30534	2.31218	-0.169283	-9.69919	2.69494	2.86332
-0.277428	2.3091	2.3257	-0.196474	-11.2571	2.63822	2.83133
-0.568897	2.24127	2.31235	-0.129005	-7.39147	2.67711	2.80391
-0.569825	2.20881	2.28113	-0.00389542	-0.223191	2.77674	2.78058
-0.305204	2.24804	2.26867	0.117534	6.7342	2.83848	2.72341
0.0931897	2.27502	2.27693	0.175879	10.0771	2.82941	2.65935
0.424206	2.23374	2.27367	0.146734	8.40724	2.801	2.65982
0.528556	2.18607	2.24906	0.0495575	2.83944	2.78082	2.73304
0.378034	2.19684	2.22913	-0.0668192	-3.82846	2.74222	2.80644
0.056191	2.22897	2.22968	-0.145208	-8.31978	2.68366	2.8218
-0.276261	2.21438	2.23155	-0.14932	-8.55542	2.65909	2.80003
-0.453601	2.16892	2.21585	-0.0820491	-4.70107	2.70218	2.7796
-0.40396	2.15725	2.19475	0.0210522	1.2062	2.77274	2.75288
-0.166388	2.18193	2.18826	0.109003	6.2454	2.8076	2.70553
0.138948	2.18633	2.19074	0.139578	7.99724	2.7984	2.66881
0.358648	2.15325	2.18292	0.101578	5.81998	2.77878	2.68473
0.39214	2.12913	2.16494	0.0170915	0.97927	2.7582	2.74237
0.23802	2.14075	2.15394	-0.0714063	-4.09128	2.72243	2.78829
-0.0215758	2.15412	2.15423	-0.120747	-6.91827	2.68338	2.79391
-0.255996	2.13635	2.15163	-0.109244	-6.25924	2.67883	2.77838
-0.352134	2.10956	2.13874	-0.0461382	-2.64352	2.71869	2.76073
-0.274736	2.10841	2.12623	0.0358237	2.05255	2.76671	2.73413
-0.0708537	2.12225	2.12343	0.0962007	5.5119	2.7856	2.69861
0.155838	2.11747	2.12319	0.106838	6.12135	2.77745	2.68134
0.293364	2.09499	2.11543	0.0656627	3.76219	2.76209	2.70309
0.281871	2.08494	2.10391	-0.00474792	-0.272036	2.74168	2.74595
0.13683	2.09407	2.09853	-0.0691295	-3.96083	2.71203	2.77387
-0.0657734	2.09743	2.09846	-0.0965979	-5.53465	2.68886	2.77486
-0.224613	2.0826	2.09468	-0.0760881	-4.35953	2.69525	2.76284
-0.265608	2.06866	2.08564	-0.0202609	-1.16087	2.72845	2.74644
-0.177383	2.07135	2.07893	0.0422699	2.42189	2.76012	2.72266
-0.00928538	2.07782	2.07784	0.0809592	4.63862	2.76996	2.69849
0.153529	2.07077	2.07645	0.0784744	4.49625	2.76281	2.69373
0.232411	2.05725	2.07034	0.0384892	2.20527	2.74946	2.7156
0.195232	2.05437	2.06363	-0.017747	-1.01683	2.73055	2.74615
0.0668652	2.06018	2.06127	-0.0623033	-3.56971	2.70818	2.76279
-0.0862435	2.05902	2.06083	-0.0743058	-4.25741	2.69661	2.76155
-0.188576	2.04865	2.05731	-0.0499291	-2.86073	2.70774	2.75133
-0.194136	2.04238	2.05159	-0.0029788	-0.170672	2.73358	2.73618
-0.106485	2.04553	2.0483	0.0427586	2.44989	2.75403	2.71678
0.0271855	2.04765	2.04783	0.0652862	3.74062	2.75875	2.70201
0.139835	2.04137	2.04616	0.0551181	3.15804	2.75218	2.70435
0.17839	2.0341	2.04191	0.019082	1.09332	2.74011	2.72356
0.129162	2.03421	2.03831	-0.024066	-1.37888	2.72384	2.7447
0.0208969	2.03725	2.03736	-0.0531528	-3.04543	2.7084	2.75439
-0.0910485	2.03466	2.0367	-0.0549759	-3.14989	2.70446	2.75195
-0.152425	2.02824	2.03396	-0.0302914	-1.73557	2.71659	2.74275
-0.136955	2.026	2.03062	0.00751422	0.430533	2.73584	2.72935
-0.0567538	2.02835	2.02915	0.0395231	2.26451	2.74881	2.71475
0.046001	2.02831	2.02883	0.0506486	2.90195	2.75054	2.70695
0.120472	2.02374	2.02732	0.0367839	2.10756	2.7443	2.71266
0.132567	2.02028	2.02463	0.00606459	0.347475	2.7335	2.72828
0.0803654	2.02124	2.02284	-0.0257845	-1.47734	2.72045	2.74261
-0.00733896	2.02244	2.02245	-0.0433683	-2.48482	2.71075	2.74798
-0.0862978	2.01991	2.02175	-0.0390689	-2.23848	2.71132	2.74483
-0.119012	2.01633	2.01984	-0.016258	-0.931513	2.72253	2.73647
-0.0926474	2.0159	2.01803	0.0130297	0.746545	2.73643	2.72526
-0.0233829	2.01728	2.01742	0.0343352	1.96726	2.74447	2.71507
0.0530129	2.01642	2.01712	0.0378753	2.17009	2.74437	2.71196
0.0993347	2.01349	2.01594	0.02301	1.31838	2.73843	2.71875
0.0951649	2.0121	2.01435	-0.00203351	-0.116512	2.72912	2.73086
0.0455702	2.01301	2.01353	-0.0246271	-1.41103	2.71932	2.74038
-0.0229747	2.01321	2.01334	-0.0340454	-1.95066	2.71392	2.74301
-0.076378	2.01127	2.01272	-0.0265453	-1.52094	2.7168	2.73947
-0.0898719	2.00948	2.01149	-0.00673734	-0.386021	2.7263	2.73206
-0.0594131	2.00969	2.01057	0.0151395	0.86743	2.7361	2.72318
-0.00223161	2.01033	2.01033	0.0284446	1.62975	2.74088	2.71661
0.0526147	2.00935	2.01004	0.0272889	1.56354	2.73967	2.7164
0.078883	2.00766	2.00921	0.0130919	0.75011	2.73415	2.72299
0.0656928	2.00726	2.00833	-0.0065548	-0.375562	2.72647	2.73206
0.021743	2.00786	2.00798	-0.0218875	-1.25406	2.71957	2.73822
-0.0300378	2.00763	2.00785	-0.0257892	-1.47761	2.71714	2.73911
-0.0642819	2.00633	2.00736	-0.0170679	-0.977917	2.72093	2.73547
-0.0655909	2.00555	2.00662	-0.000664416	-0.0380682	2.72856	2.72912
-0.0353227	2.00588	2.00619	0.0150853	0.864322	2.73531	2.72246
0.0101119	2.00606	2.00608	0.0226484	1.29766	2.73792	2.71864
0.0479724	2.00526	2.00583	0.0188781	1.08163	2.73607	2.72001
0.0605126	2.00438	2.00529	0.00626239	0.358808	2.73114	2.72581
0.0432378	2.00437	2.00483	-0.00861267	-0.49347	2.72509	2.73241
0.00622364	2.00468	2.00469	-0.0184639	-1.0579	2.72054	2.73625
-0.0315723	2.00433	2.00458	-0.0188553	-1.08033	2.72001	2.73604
-0.0519334	2.00355	2.00423	-0.0101641	-0.582361	2.72389	2.73253
-0.0461269	2.00328	2.00381	0.00289322	0.16577	2.72978	2.72732
-0.0185103	2.00353	2.00362	0.0137831	0.789712	2.7343	2.72258
0.0163524	2.00349	2.00356	0.0174003	0.996964	2.73548	2.72069
0.0412722	2.00294	2.00336	0.0124412	0.712826	2.73335	2.72278
0.0448702	2.00253	2.00303	0.00180014	0.10314	2.72912	2.72759
0.0266988	2.00263	2.00281	-0.00907198	-0.519786	2.72456	2.73227
-0.00321509	2.00275	2.00275	-0.0149364	-0.855794	2.72181	2.7345
-0.0297967	2.00243	2.00265	-0.0132738	-0.760535	2.72237	2.73365
-0.0404701	2.00201	2.00241	-0.00533286	-0.30555	2.72592	2.73045
-0.0310628	2.00195	2.0022	0.00469703	0.26912	2.73033	2.72634
-0.00729425	2.0021	2.00212	0.0118717	0.6802	2.73325	2.72316
0.0185596	2.00199	2.00207	0.0129136	0.739895	2.73351	2.72254
0.0339489	2.00164	2.00192	0.00768862	0.440525	2.73134	2.72481
0.0321068	2.00148	2.00173	-0.000918784	-0.0526425	2.72785	2.72863
0.01495	2.00158	2.00163	-0.0085712	-0.491093	2.72458	2.73186
-0.00836512	2.00159	2.00161	-0.0116482	-0.667392	2.72311	2.733
-0.0262669	2.00135	2.00152	-0.00894461	-0.512488	2.72422	2.73182
-0.0304771	2.00114	2.00138	-0.00210482	-0.120597	2.72725	2.72904
-0.0197933	2.00117	2.00127	0.00533809	0.30585	2.73046	2.72593
-0.000238014	2.00124	2.00124	0.00977162	0.559873	2.73224	2.72394
0.0182631	2.00111	2.0012	0.00924512	0.529706	2.73193	2.72408
0.0268823	2.00092	2.0011	0.00430801	0.246831	2.7299	2.72624
0.0220705	2.00087	2.00099	-0.00240422	-0.137752	2.72713	2.72917
0.00694241	2.00094	2.00095	-0.00756042	-0.43318	2.7249	2.73132
-0.0106174	2.0009	2.00093	-0.00877583	-0.502818	2.72429	2.73174
-0.0220257	2.00075	2.00087	-0.00570202	-0.326701	2.72561	2.73045
-0.022169	2.00066	2.00078	-7.21141e-05	-0.00413183	2.72807	2.72813
-0.0116526	2.0007	2.00073	0.0052562	0.301158	2.73034	2.72587
0.00383418	2.00072	2.00072	0.00774061	0.443504	2.73132	2.72475
0.0165529	2.00062	2.00069	0.00635731	0.364247	2.73071	2.72531
0.0205577	2.00052	2.00062	0.00200213	0.114713	2.72891	2.72721
0.0144459	2.00052	2.00057	-0.00305489	-0.175032	2.72679	2.72939
0.00175855	2.00055	2.00055	-0.00634192	-0.363365	2.72536	2.73074
-0.0110155	2.00051	2.00054	-0.00638531	-0.365851	2.7253	2.73072
-0.0177329	2.00042	2.0005	-0.0033581	-0.192405	2.7266	2.72945
-0.0155286	2.00039	2.00045	0.00110174	0.0631252	2.72854	2.7276
-0.00599505	2.00042	2.00043	0.00476574	0.273057	2.73008	2.72603
0.00584921	2.00041	2.00042	0.00592089	0.339242	2.73053	2.7255
0.0141749	2.00034	2.00039	0.00416213	0.238472	2.72978	2.72625
0.0151921	2.0003	2.00036	0.000508646	0.0291433	2.72826	2.72783
0.00884913	2.00031	2.00033	-0.00317092	-0.18168	2.72671	2.7294
-0.00136652	2.00032	2.00032	-0.005107	-0.29261	2.72585	2.73019
-0.0103149	2.00028	2.00031	-0.00447354	-0.256315	2.72611	2.7299
-0.0137722	2.00023	2.00028	-0.00172849	-0.0990351	2.72729	2.72876
-0.0104056	2.00023	2.00026	0.00168302	0.0964301	2.72876	2.72733
-0.00224061	2.00025	2.00025	0.00408198	0.23388	2.72976	2.72629
0.0065129	2.00023	2.00024	0.00437623	0.25074	2.72986	2.72615
0.0116138	2.00019	2.00022	0.00255019	0.146115	2.7291	2.72693
0.0108295	2.00017	2.0002	-0.000392026	-0.0224614	2.72787	2.7282
0.00488884	2.00018	2.00019	-0.00297004	-0.170171	2.72677	2.72929
-0.00304573	2.00019	2.00019	-0.00396691	-0.227287	2.72633	2.72969
-0.00904255	2.00016	2.00018	-0.00299816	-0.171782	2.72673	2.72928
-0.0103361	2.00013	2.00016	-0.000646761	-0.0370567	2.72775	2.7283
-0.00658605	2.00014	2.00015	0.00187486	0.107422	2.72882	2.72723
0.000104281	2.00014	2.00014	0.00334492	0.19165	2.72943	2.72659
0.00634458	2.00013	2.00014	0.00311994	0.178759	2.72933	2.72668
0.00916336	2.00011	2.00013	0.00140933	0.0807486	2.72861	2.72741
0.00741083	2.0001	2.00012	-0.000876192	-0.0502021	2.72765	2.72839
0.00220233	2.00011	2.00011	-0.00260411	-0.149204	2.72691	2.72912
-0.00375301	2.00011	2.00011	-0.00297751	-0.170599	2.72674	2.72927
-0.00754908	2.00009	2.0001	-0.00189795	-0.108745	2.7272	2.72881
-0.00749103	2.00008	2.00009	2.90049e-05	0.00166186	2.72803	2.728
-0.00383718	2.00008	2.00009	0.00182685	0.104671	2.72879	2.72724
0.00144196	2.00008	2.00008	0.00263946	0.15123	2.72913	2.72689
0.00571267	2.00007	2.00008	0.00213528	0.122342	2.72891	2.7271
0.00698325	2.00006	2.00007	0.000635278	0.0363988	2.72828	2.72774
0.00482256	2.00006	2.00007	-0.0010803	-0.0618967	2.72756	2.72847
0.000473894	2.00006	2.00006	-0.00217427	-0.124576	2.72709	2.72893
-0.00384252	2.00006	2.00006	-0.00215814	-0.123652	2.72709	2.72892
-0.00605464	2.00005	2.00006	-0.00110603	-0.0633711	2.72754	2.72848
-0.00522538	2.00005	2.00005	0.000414611	0.0237555	2.72819	2.72784
-0.001935	2.00005	2.00005	0.00164515	0.0942599	2.72871	2.72731
0.00208841	2.00005	2.00005	0.00201166	0.11526	2.72886	2.72715
0.00486787	2.00004	2.00005	0.0013897	0.0796239	2.7286	2.72742
0.00514225	2.00003	2.00004	0.000137193	0.0078606	2.72807	2.72795
0.00292948	2.00004	2.00004	-0.00110636	-0.0633899	2.72754	2.72848
-0.000558574	2.00004	2.00004	-0.00174399	-0.0999235	2.72727	2.72875
-0.00356973	2.00003	2.00004	-0.00150555	-0.0862619	2.72737	2.72864
-0.00468569	2.00003	2.00003	-0.000557976	-0.0319696	2.72777	2.72824
-0.00348356	2.00003	2.00003	0.000601056	0.034438	2.72826	2.72775
-0.000679503	2.00003	2.00003	0.00140201	0.0803291	2.7286	2.72741
0.00228342	2.00003	2.00003	0.00148144	0.0848803	2.72863	2.72738
0.00397208	2.00002	2.00003	0.000844321	0.048376	2.72836	2.72765
0.00365128	2.00002	2.00002	-0.000160394	-0.0091899	2.72794	2.72808
0.00159529	2.00002	2.00002	-0.00102798	-0.0588991	2.72757	2.72844
-0.0011043	2.00002	2.00002	-0.00134978	-0.0773369	2.72743	2.72858
-0.00311192	2.00002	2.00002	-0.0010038	-0.0575135	2.72758	2.72843
-0.00350431	2.00002	2.00002	-0.000196192	-0.011241	2.72792	2.72809
-0.00218948	2.00002	2.00002	0.000657406	0.0376666	2.72829	2.72773
9.87477e-05	2.00002	2.00002	0.00114411	0.0655524	2.72849	2.72752
0.00220275	2.00001	2.00002	0.00105199	0.0602746	2.72845	2.72756
0.00312259	2.00001	2.00001	0.00045992	0.0263515	2.7282	2.72781
0.0024871	2.00001	2.00001	-0.000317741	-0.0182052	2.72787	2.72814
0.000694596	2.00001	2.00001	-0.000896246	-0.0513511	2.72763	2.72839
-0.0013245	2.00001	2.00001	-0.00100954	-0.0578424	2.72758	2.72843
-0.00258649	2.00001	2.00001	-0.000630995	-0.0361534	2.72774	2.72827
-0.00253029	2.00001	2.00001	2.81019e-05	0.00161012	2.72802	2.72799
-0.00126169	2.00001	2.00001	0.000634297	0.0363425	2.72827	2.72774
0.000537296	2.00001	2.00001	0.000899487	0.0515368	2.72839	2.72762
0.00197058	2.00001	2.00001	0.000716637	0.0410603	2.72831	2.7277
0.00237135	2.00001	2.00001	0.000200387	0.0114813	2.72809	2.72792
0.00160878	2.00001	2.00001	-0.000381285	-0.021846	2.72784	2.72817
0.000118804	2.00001	2.00001	-0.000744985	-0.0426845	2.72769	2.72832
-0.00133919	2.00001	2.00001	-0.000728992	-0.0417682	2.7277	2.72831
-0.00206656	2.00001	2.00001	-0.000363688	-0.0208378	2.72785	2.72816
-0.00175751	2.00001	2.00001	0.000154524	0.00885356	2.72807	2.72794
-0.000622487	2.00001	2.00001	0.000567512	0.032516	2.72825	2.72776
0.000743783	2.00001	2.00001	0.000683133	0.0391406	2.72829	2.72771
0.001671	2	2.00001	0.00046361	0.0265629	2.7282	2.72781
0.00173991	2	2	3.44536e-05	0.00197405	2.72802	2.72799
0.000968705	2	2	-0.000385603	-0.0220934	2.72784	2.72817
-0.000221845	2	2	-0.000595274	-0.0341067	2.72775	2.72826
-0.00123463	2	2	-0.000506393	-0.0290142	2.72779	2.72822
-0.00159366	2	2	-0.000179513	-0.0102853	2.72793	2.72808
-0.0011655	2	2	0.000214079	0.0122658	2.7281	2.72791
-0.000202934	2	2	0.000481282	0.0275754	2.72821	2.7278
0.000799596	2	2	0.000501264	0.0287203	2.72822	2.72779
0.00135801	2	2	0.000279204	0.0159972	2.72812	2.72789
0.00123054	2	2	-6.3734e-05	-0.00365169	2.72798	2.72803
0.000519439	2	2	-0.000355549	-0.0203714	2.72785	2.72816
-0.000398732	2	2	-0.000459085	-0.0263036	2.72781	2.7282
-0.00107043	2	2	-0.00033585	-0.0192428	2.72786	2.72815
-0.00118766	2	2	-5.86119e-05	-0.00335822	2.72798	2.72803
-0.000727226	2	2	0.000230215	0.0131903	2.7281	2.72791
5.50989e-05	2	2	0.000391162	0.0224119	2.72817	2.72784
0.000764183	2	2	0.000354542	0.0203137	2.72815	2.72785
0.0010637	2	2	0.00014976	0.00858062	2.72807	2.72794
0.000834229	2	2	-0.000114737	-0.00657395	2.72796	2.72805
0.000217641	2	2	-0.000308294	-0.0176639	2.72787	2.72814
-0.000466661	2	2	-0.000342151	-0.0196038	2.72786	2.72815
-0.000885834	2	2	-0.000209586	-0.0120084	2.72792	2.72809
-0.000854322	2	2	1.57557e-05	0.000902734	2.72801	2.728
-0.000414209	2	2	0.000220057	0.0126083	2.7281	2.72791
0.000198615	2	2	0.000306412	0.0175561	2.72813	2.72787
0.000679374	2	2	0.000240379	0.0137727	2.72811	2.7279
0.000804967	2	2	6.27965e-05	0.00359798	2.72803	2.72798
0.000536281	2	2	-0.000134343	-0.0076973	2.72795	2.72806
2.59831e-05	2	2	-0.000255149	-0.0146189	2.7279	2.72811
-0.000466294	2	2	-0.000246138	-0.0141027	2.7279	2.72811
-0.000705098	2	2	-0.000119402	-0.00684122	2.72795	2.72806
-0.00059084	2	2	5.7129e-05	0.00327325	2.72803	2.72798
-0.000199524	2	2	0.000195658	0.0112104	2.72809	2.72792
0.000264266	2	2	0.000231895	0.0132866	2.7281	2.72791
0.000573357	2	2	0.000154545	0.00885479	2.72807	2.72794
0.000588483	2	2	7.56314e-06	0.000433336	2.72801	2.728
0.00031995	2	2	-0.000134267	-0.00769291	2.72795	2.72806
-8.62606e-05	2	2	-0.000203105	-0.0116371	2.72792	2.72809
-0.000426742	2	2	-0.000170241	-0.00975407	2.72793	2.72808
-0.000541828	2	2	-5.7543e-05	-0.00329697	2.72798	2.72803
-0.000389696	2	2	7.60659e-05	0.00435826	2.72804	2.72797
-5.94168e-05	2	2	0.00016514	0.0094618	2.72807	2.72793
0.000279667	2	2	0.000169542	0.00971405	2.72808	2.72793
0.000464107	2	2	9.22196e-05	0.00528379	2.72804	2.72797
0.000414526	2	2	-2.47905e-05	-0.00142039	2.72799	2.72802
0.000168737	2	2	-0.000122894	-0.00704133	2.72795	2.72806
-0.000143434	2	2	-0.000156085	-0.00894303	2.72794	2.72807
-0.000368026	2	2	-0.000112296	-0.00643409	2.72796	2.72805
-0.000402363	2	2	-1.71682e-05	-0.000983667	2.728	2.72801
-0.000241319	2	2	8.0522e-05	0.00461357	2.72804	2.72797
2.60473e-05	2	2	0.000133683	0.00765947	2.72806	2.72795
0.000264915	2	2	0.000119434	0.00684306	2.72806	2.72795
0.000362217	2	2	4.86509e-05	0.00278749	2.72803	2.72798
0.000279664	2	2	-4.12767e-05	-0.00236498	2.72799	2.72802
6.76721e-05	2	2	-0.000105996	-0.00607311	2.72796	2.72805
-0.000164162	2	2	-0.000115917	-0.00664156	2.72796	2.72805
-0.000303261	2	2	-6.95493e-05	-0.00398488	2.72798	2.72803
-0.000288333	2	2	7.46385e-06	0.000427647	2.72801	2.728
-0.000135759	2	2	7.6287e-05	0.00437092	2.72804	2.72797
7.2924e-05	2	2	0.000104342	0.00597833	2.72805	2.72796
0.000234094	2	2	8.05848e-05	0.00461717	2.72804	2.72797
0.000273151	2	2	1.95287e-05	0.00111891	2.72801	2.728
0.00017863	2	2	-4.72607e-05	-0.00270784	2.72798	2.72802
3.93047e-06	2	2	-8.73496e-05	-0.00500476	2.72797	2.72804
-0.000162214	2	2	-8.30722e-05	-0.00475969	2.72797	2.72804
-0.000240486	2	2	-3.91358e-05	-0.00224232	2.72799	2.72802
-0.000198529	2	2	2.09781e-05	0.00120196	2.72801	2.728
-6.36917e-05	2	2	6.74189e-05	0.00386282	2.72803	2.72798
9.36884e-05	2	2	7.869e-05	0.00450861	2.72804	2.72797
0.000196645	2	2	5.14783e-05	0.00294949	2.72803	2.72798
0.000198963	2	2	1.15884e-06	6.63968e-05	2.72801	2.728
0.000105544	2	2	-4.67093e-05	-0.00267625	2.72798	2.72802
-3.30022e-05	2	2	-6.9273e-05	-0.00396905	2.72798	2.72803
-0.000147409	2	2	-5.72035e-05	-0.00327752	2.72798	2.72803
-0.00018415	2	2	-1.83702e-05	-0.00105254	2.728	2.72801
-0.000130213	2	2	2.69682e-05	0.00154516	2.72802	2.72799
-1.69362e-05	2	2	5.66386e-05	0.00324515	2.72803	2.72798
9.77069e-05	2	2	5.73216e-05	0.00328428	2.72803	2.72798
0.00015855	2	2	3.04218e-05	0.00174304	2.72802	2.72799
0.000139576	2	2	-9.48709e-06	-0.00054357	2.728	2.72801
5.46726e-05	2	2	-4.24519e-05	-0.00243231	2.72799	2.72802
-5.14249e-05	2	2	-5.30487e-05	-0.00303947	2.72798	2.72803
-0.000126471	2	2	-3.75232e-05	-0.00214992	2.72799	2.72802
-0.000136264	2	2	-4.89655e-06	-0.000280551	2.728	2.72801
-7.99995e-05	2	2	2.81324e-05	0.00161187	2.72802	2.72799
1.13401e-05	2	2	4.56698e-05	0.00261669	2.72802	2.72799
9.17709e-05	2	2	4.02154e-05	0.00230417	2.72802	2.72799
0.000123299	2	2	1.57642e-05	0.000903225	2.72801	2.728
9.37001e-05	2	2	-1.47996e-05	-0.000847957	2.728	2.72801
2.0849e-05	2	2	-3.64255e-05	-0.00208703	2.72799	2.72802
