0.0510253	0.0860297	

0.0999567	0.173299	

0.146556	0.261869	

0.190601	0.351775	

0.23189	0.443017	

0.270241	0.535573	

0.305494	0.629393	

0.337524	0.724399	

0.36626	0.820488	

0.391635	0.917552	

0.413586	1.01548	

0.432061	1.11415	

0.44701	1.21344	

0.458416	1.31322	

0.46632	1.41336	

0.470786	1.51372	

0.471903	1.61419	

0.469783	1.71464	

0.464558	1.81499	

0.456378	1.91513	

0.445412	2.01499	

0.431842	2.11452	

0.415863	2.21368	

0.397681	2.31244	

0.377508	2.41079	

0.355563	2.50874	

0.332068	2.6063	

0.307248	2.7035	

0.281327	2.80039	

0.254527	2.89702	

0.227067	2.99343	

0.199159	3.08969	

0.171014	3.18586	

0.142831	3.282	

0.114805	3.37816	

0.0871185	3.4744	

0.0599477	3.57078	

0.033457	3.66734	

0.00780031	3.76411	

-0.0168797	3.86113	

-0.0404523	3.95842	

-0.0627989	4.05599	

-0.0838135	4.15386	

-0.103403	4.25203	

-0.121488	4.35048	

-0.138	4.44922	

-0.152887	4.54821	

-0.166109	4.64745	

-0.177638	4.7469	

-0.187459	4.84653	

-0.195573	4.94632	

-0.201988	5.04624	

-0.206727	5.14625	

-0.209824	5.24633	

-0.211322	5.34645	

-0.211275	5.44657	

-0.209746	5.54669	

-0.206806	5.64676	

-0.202532	5.74679	

-0.19701	5.84675	

-0.190329	5.94664	

-0.182584	6.04644	

-0.173874	6.14616	

-0.1643	6.2458	

-0.153964	6.34535	

-0.142971	6.44482	

-0.131427	6.54423	

-0.119434	6.64357	

-0.107096	6.74287	

-0.0945139	6.84213	

-0.0817865	6.94137	

-0.0690092	7.04059	

-0.0562739	7.13982	

-0.0436684	7.23906	

-0.031276	7.33832	

-0.0191752	7.43762	

-0.00743895	7.53695	

0.00386501	7.63634	

0.0146749	7.73578	

0.0249349	7.83527	

0.0345952	7.93483	

0.0436125	8.03444	

0.0519494	8.13412	

0.059575	8.23385	

0.0664648	8.33364	

0.0726002	8.43347	

0.0779689	8.53335	

0.0825644	8.63327	

0.0863861	8.73323	

0.0894387	8.8332	

0.0917323	8.9332	

0.0932819	9.03322	

0.0941073	9.13324	

0.0942325	9.23327	

0.0936856	9.33329	

0.0924983	9.43331	

0.0907054	9.53332	

0.0883448	9.63332	

0.0854567	9.7333	

0.0820834	9.83326	

0.078269	9.93321	

0.0740588	10.0331	

0.0694991	10.1331	

0.0646366	10.233	

0.0595184	10.3328	

0.0541914	10.4327	

0.0487019	10.5326	

0.0430955	10.6324	

0.0374168	10.7323	

0.0317091	10.8321	

0.0260138	10.932	

0.0203709	11.0318	

0.014818	11.1317	

0.00939086	11.2315	

0.00412256	11.3314	

-0.000956162	11.4313	

-0.0058172	11.5312	

-0.0104352	11.6311	

-0.0147875	11.731	

-0.0188542	11.8309	

-0.0226186	11.9308	

-0.0260663	12.0308	

-0.0291862	12.1307	

-0.0319696	12.2307	

-0.0344109	12.3307	

-0.036507	12.4306	

-0.0382572	12.5306	

-0.0396637	12.6306	

-0.0407305	12.7306	

-0.0414644	12.8306	

-0.0418738	12.9306	

-0.0419695	13.0306	

-0.0417637	13.1306	

-0.0412704	13.2307	

-0.040505	13.3307	

-0.0394843	13.4307	

-0.0382262	13.5306	

-0.0367494	13.6306	

-0.0350735	13.7306	

-0.0332186	13.8306	

-0.0312053	13.9306	

-0.0290546	14.0306	

-0.0267872	14.1306	

-0.0244243	14.2305	

-0.0219864	14.3305	

-0.0194941	14.4305	

-0.0169671	14.5304	

-0.014425	14.6304	

-0.0118862	14.7304	

-0.00936877	14.8304	

-0.00688956	14.9303	

-0.00446458	15.0303	

-0.00210876	15.1303	

0.000164067	15.2302	

0.00234124	15.3302	

0.00441131	15.4302	

0.00636404	15.5302	

0.00819048	15.6302	

0.00988291	15.7302	

0.0114349	15.8301	

0.0128413	15.9301	

0.0140982	16.0301	

0.0152029	16.1301	

0.0161539	16.2301	

0.0169508	16.3301	

0.0175944	16.4301	

0.0180864	16.5301	

0.0184298	16.6301	

0.0186282	16.7301	

0.0186863	16.8301	

0.0186095	16.9301	

0.0184039	17.0301	

0.0180764	17.1301	

0.0176344	17.2301	

0.0170856	17.3301	

0.0164386	17.4301	

0.0157019	17.5301	

0.0148845	17.6301	

0.0139955	17.7301	

0.0130443	17.8301	

0.0120401	17.9301	

0.0109923	18.0301	

0.00991017	18.1301	

0.00880275	18.2301	

0.00767895	18.3301	

0.00654744	18.4301	

0.00541656	18.5301	

0.00429429	18.6301	

0.00318824	18.7301	

0.00210558	18.8301	

0.00105301	18.93	

3.67356e-05	19.03	

-0.000937538	19.13	

-0.00186465	19.23	

-0.00273999	19.33	

-0.00355951	19.43	

-0.0043197	19.53	

-0.00501766	19.63	

-0.00565101	19.73	

-0.00621796	19.83	

-0.00671725	19.93	

-0.00714814	20.03	

-0.00751042	20.13	

-0.00780439	20.23	

-0.0080308	20.33	

-0.00819084	20.43	

-0.00828615	20.53	

-0.00831874	20.63	

-0.00829099	20.73	

-0.0082056	20.83	

-0.00806558	20.93	

-0.00787418	21.03	

-0.00763492	21.13	

-0.00735146	21.23	

-0.00702766	21.33	

-0.0066675	21.43	

-0.00627503	21.53	

-0.00585439	21.63	

-0.00540972	21.73	

-0.00494519	21.83	

-0.00446491	21.93	

-0.00397294	22.03	

-0.00347326	22.13	

-0.00296973	22.23	

-0.00246608	22.33	

-0.00196588	22.43	

-0.00147255	22.53	

-0.000989289	22.63	

-0.000519109	22.73	

-6.47998e-05	22.83	

0.000371077	22.93	

0.000786196	23.03	

0.00117848	23.13	

0.00154609	23.23	

0.00188746	23.33	

0.00220124	23.43	

0.00248637	23.53	

0.00274201	23.63	

0.00296757	23.73	

0.00316272	23.83	

0.00332732	23.93	

0.00346148	24.03	

0.00356552	24.13	

0.00363995	24.23	

0.00368547	24.33	

0.00370297	24.43	

0.00369348	24.53	

0.0036582	24.63	

0.00359844	24.73	

0.00351565	24.83	

0.00341138	24.93	

0.00328725	25.03	

0.00314497	25.13	

0.00298631	25.23	

0.00281307	25.33	

0.00262709	25.43	

0.00243022	25.53	

0.00222429	25.63	

0.00201116	25.73	

0.00179263	25.83	

0.00157048	25.93	

0.00134643	26.03	

0.00112214	26.13	

0.000899232	26.23	

0.000679212	26.33	

0.000463526	26.43	

0.000253522	26.53	

5.0453e-05	26.63	

-0.000144529	26.73	

-0.000330378	26.83	

-0.000506156	26.93	

-0.000671035	27.03	

-0.0008243	27.13	

-0.000965346	27.23	

-0.00109368	27.33	

-0.00120893	27.43	

-0.0013108	27.53	

-0.00139915	27.63	

-0.0014739	27.73	

-0.0015351	27.83	

-0.00158286	27.93	

-0.00161741	28.03	

-0.00163906	28.13	

-0.00164818	28.23	

-0.00164524	28.33	

-0.00163075	28.43	

-0.0016053	28.53	

-0.00156953	28.63	

-0.00152412	28.73	

-0.00146978	28.83	

-0.00140728	28.93	

-0.00133741	29.03	

-0.00126095	29.13	

-0.00117874	29.23	

-0.00109158	29.33	

-0.00100031	29.43	

-0.00090574	29.53	

-0.000808681	29.63	

-0.000709923	29.73	

-0.000610238	29.83	

